17 590
39953467 40074031 393003 20146 19479 65095 48732 16363 83 40140.485510
40080223 40199693 389462 30239 29179 64506 41526 22980 81 58952.359100
40204064 40324990 394191 43994 42060 65282 34716 30566 82 85866.376700
40329725 40450287 392951 59452 56467 65072 27640 37432 83 117381.870500
40453930 40575220 395245 76163 71619 65455 22105 43350 83 148061.754400
40579226 40700517 395346 87526 81828 65476 18722 46754 83 171267.025100
40704888 40825814 394222 92270 86084 65300 17351 47949 83 180892.422200
40829820 40950018 391778 88283 82577 64885 17938 46947 83 174113.586800
40955117 41074951 390557 75482 70915 64692 21797 42895 82 150991.480200
41080415 41200613 391718 58193 55159 64885 28004 36881 82 121870.489300
41206440 41325909 389403 43580 41604 64511 34095 30416 82 90919.047300
41331008 41451205 391687 30533 29381 64884 41697 23187 83 64413.460740
41456305 41576866 392933 20313 19692 65082 48511 16571 82 42320.588310
41581601 41701798 391584 13058 12694 64862 53737 11125 82 27023.541220
41706533 41826731 391688 7819 7590 64885 57982 6903 82 16552.508750
41831830 41950935 388181 4709 4592 64303 60043 4260 82 9880.710201
41957491 42077324 390497 2508 2440 64682 62390 2292 82 5429.971795
