21
39450086 39572471 398922 2888 2827 66068 63420 2648
39576842 39698134 395418 4767 4638 65491 61179 4312
39702141 39824162 397735 8163 7945 65870 58685 7185
39828168 39949096 394224 13083 12678 65290 54134 11156
39953467 40074031 393003 20146 19479 65095 48732 16363
40080223 40199693 389462 30239 29179 64506 41526 22980
40204064 40324990 394191 43994 42060 65282 34716 30566
40329725 40450287 392951 59452 56467 65072 27640 37432
40453930 40575220 395245 76163 71619 65455 22105 43350
40579226 40700517 395346 87526 81828 65476 18722 46754
40704888 40825814 394222 92270 86084 65300 17351 47949
40829820 40950018 391778 88283 82577 64885 17938 46947
40955117 41074951 390557 75482 70915 64692 21797 42895
41080415 41200613 391718 58193 55159 64885 28004 36881
41206440 41325909 389403 43580 41604 64511 34095 30416
41331008 41451205 391687 30533 29381 64884 41697 23187
41456305 41576866 392933 20313 19692 65082 48511 16571
41581601 41701798 391584 13058 12694 64862 53737 11125
41706533 41826731 391688 7819 7590 64885 57982 6903
41831830 41950935 388181 4709 4592 64303 60043 4260
41957491 42077324 390497 2508 2440 64682 62390 2292
