255
80561455 80861455 977609 750131 697024 556338 158215 398123
80861456 81161456 977663 788821 730836 556333 148097 408236
81161457 81461457 977558 581160 542924 556311 228598 327713
81461458 81761458 977536 689735 641628 556259 186220 370039
81761459 82061459 977602 782174 725393 556344 149476 406868
82061460 82361460 977717 777129 720621 556360 151318 405042
82361461 82661461 977629 772695 716555 556333 152343 403990
82661462 82961462 977657 769734 714213 556318 152344 403974
82961463 83261463 977695 767926 712604 556352 153535 402817
83261464 83561464 977583 765191 710564 556287 153706 402581
83561465 83861465 977647 760348 705965 556316 154956 401360
83861466 84161466 977583 757691 703624 556306 156383 399923
84161467 84461467 977608 754466 701074 556277 156199 400078
84461468 84761468 977689 753220 699506 556367 157268 399099
84761469 85061469 977595 740598 688083 556269 160635 395634
85061470 85361470 977585 751234 697816 556311 157533 398778
85361471 85661471 977694 749895 696515 556337 157858 398479
85661472 85961472 977659 746995 694118 556349 158278 398071
85961473 86261473 977601 744267 691809 556292 159396 396896
86261474 86561474 977716 742524 690287 556363 159939 396424
86561475 86861475 977632 738669 686891 556337 161067 395270
86861476 87161476 977653 735911 684400 556311 161716 394595
87161477 87461477 977644 734714 683313 556343 162010 394333
87461478 87761478 977625 730012 679312 556290 163037 393253
87761479 88061479 977673 727580 677194 556364 163614 392750
88061480 88361480 977645 725196 675216 556301 164472 391829
88361481 88661481 977647 717673 667985 556339 167255 389084
88661482 88961482 977608 716116 666522 556289 173223 383066
88961483 89261483 977656 715417 666083 556330 173623 382707
89261484 89561484 977576 712470 663225 556286 173851 382435
89561485 89861485 977634 710939 662024 556303 173886 382417
89861486 90161486 977627 707128 658768 556331 174753 381578
90161487 90461487 977615 707153 658538 556287 175766 380521
90461488 90761488 977637 705551 657890 556343 175094 381249
90761489 91061489 977653 703342 655612 556306 176517 379789
91061490 91361490 977691 699285 651893 556374 177890 378484
91361491 91661491 977622 697187 650020 556288 178591 377697
91661492 91961492 977631 692026 645707 556334 179274 377060
91961493 92261493 977693 691683 645126 556346 179555 376791
92261494 92561494 977640 686463 640594 556319 181449 374870
92561495 92861495 977629 686929 640788 556327 180875 375452
92861496 93161496 977612 684393 639080 556285 181783 374502
93161497 93461497 977685 683762 638795 556368 182486 373882
93461498 93761498 977611 680269 635286 556281 183137 373144
93761499 94061499 977631 678575 633820 556340 183303 373037
94061500 94361500 977581 677081 632806 556259 183834 372425
94361501 94661501 977653 673038 628885 556346 184952 371394
94661502 94961502 977609 669989 625698 556288 185659 370629
94961503 95261503 977642 669418 625370 556330 186604 369726
95261504 95561504 977611 664300 621178 556307 188005 368302
95561505 95861505 977629 664457 621297 556296 187273 369023
95861506 96161506 977658 661018 618128 556350 188598 367752
96161507 96461507 977624 660107 616970 556292 189503 366789
96461508 96761508 977571 652349 610143 556300 191473 364827
96761509 97061509 977655 667506 623586 556303 186937 369366
97061510 97361510 977643 669952 625882 556343 186553 369790
97361511 97661511 977609 668287 624380 556279 186711 369568
97661512 97961512 977595 665141 621390 556308 187310 368998
97961513 98261513 977614 663908 620431 556299 187954 368345
98261514 98561514 977590 661823 618302 556292 188935 367357
98561515 98861515 977679 659357 616231 556351 189023 367328
98861516 99161516 977586 657072 614309 556277 190327 365950
99161517 99461517 977606 655829 613215 556319 190688 365631
99461518 99761518 977679 653782 611580 556321 191141 365180
99761519 100061519 977611 650282 608469 556324 192576 363748
100061520 100361520 977562 649997 608466 556251 192039 364212
100361521 100661521 977566 649066 607583 556299 192202 364097
100661522 100961522 977550 645903 604538 556255 193705 362550
100961523 101261523 977665 645876 604651 556347 193600 362747
101261524 101561524 977537 642874 601527 556257 194675 361582
101561525 101861525 977623 642942 601964 556299 194436 361863
101861526 102161526 977637 639536 598620 556327 195268 361059
102161527 102461527 977621 639095 597739 556286 195306 360980
102461528 102761528 977581 637169 596142 556305 195955 360350
102761529 103061529 977677 633679 593048 556323 197496 358827
103061530 103361530 977539 632158 591692 556282 198077 358205
103361531 103661531 977624 632885 592214 556292 198214 358078
103661532 103961532 977673 630519 589957 556355 201540 354815
103961533 104261533 977620 628398 588321 556298 203068 353230
104261534 104561534 977665 625493 585792 556337 203914 352423
104561535 104861535 977582 624300 584349 556294 204444 351850
104861536 105161536 977595 622242 582877 556270 204849 351421
105161537 105461537 977712 613784 575269 556384 208056 348328
105461538 105761538 977576 475707 447675 556262 272653 283609
105761539 106061539 977653 521118 489715 556351 252309 304042
106061540 106361540 977620 617639 578592 556284 206897 349387
106361541 106661541 977682 616606 577671 556369 206827 349542
106661542 106961542 977643 612492 573714 556305 208203 348102
106961543 107261543 977604 612128 573348 556312 208278 348034
107261544 107561544 977612 610435 572180 556299 209033 347266
107561545 107861545 977690 610191 572134 556336 208996 347340
107861546 108161546 977658 604470 566850 556348 211025 345323
108161547 108461547 977637 603080 566172 556293 211264 345029
108461548 108761548 977674 601285 564124 556358 211584 344774
108761549 109061549 977595 599731 562574 556264 213018 343246
109061550 109361550 977492 594890 558191 556253 214596 341657
109361551 109661551 977689 595548 558867 556328 214252 342076
109661552 109961552 977672 594582 558243 556359 214456 341903
109961553 110261553 977628 593261 556828 556310 214804 341506
110261554 110561554 977632 590828 554340 556314 215926 340388
110561555 110861555 977655 590881 555072 556358 215328 341030
110861556 111161556 977761 587821 551916 556399 216260 340139
111161557 111461557 977499 584018 548130 556279 217712 338567
111461558 111761558 977701 586399 550531 556358 216938 339420
111761559 112061559 977660 586429 550793 556374 217192 339182
112061560 112361560 977731 583440 547837 556376 218378 337998
112361561 112661561 977733 582507 547410 556419 218660 337759
112661562 112961562 977633 581092 545697 556324 219086 337238
112961563 113261563 977736 580532 545166 556413 219259 337154
113261564 113561564 977702 578064 543182 556379 220374 336005
113561565 113861565 977757 575486 540700 556404 220596 335808
113861566 114161566 977760 575538 540922 556430 220976 335454
114161567 114461567 977592 573411 538903 556293 221519 334774
114461568 114761568 977669 571364 536887 556380 222256 334124
114761569 115061569 977598 563862 530439 556299 224784 331515
115061570 115361570 977720 570827 536426 556407 222934 333473
115361571 115661571 977700 570392 535930 556360 222925 333435
115661572 115961572 977529 568149 534062 556295 223189 333106
115961573 116261573 977630 566566 532870 556325 224258 332067
116261574 116561574 977598 565543 532175 556319 224553 331766
116561575 116861575 977732 565072 531354 556402 224715 331687
116861576 117161576 977721 562172 528612 556377 225378 330999
117161577 117461577 977797 562746 529023 556456 225436 331020
117461578 117761578 977732 559047 525950 556376 226650 329726
117761579 118061579 805753 486271 458255 458539 171771 286768
118061580 118361580 977909 598745 564465 556524 203756 352768
118361581 118661581 977983 595838 562020 556542 204204 352338
118661582 118961582 977984 595211 561442 556558 204543 352015
118961583 119261583 977955 593181 559353 556535 205556 350979
119261584 119561584 977945 591715 558402 556513 206000 350513
119561585 119861585 977952 591038 557765 556548 206397 350151
119861586 120161586 977989 591064 557336 556536 206306 350230
120161587 120461587 977979 587252 553996 556571 207377 349194
120461588 120761588 977934 585463 552187 556498 208271 348227
120761589 121061589 976148 582016 549401 555552 209149 346403
121061590 121361590 977984 583798 550818 556530 208613 347917
121361591 121661591 977988 582301 549574 556569 209308 347261
121661592 121961592 978021 579328 547051 556568 210508 346060
121961593 122261593 978006 578715 546017 556565 211073 345492
122261594 122561594 977954 577159 544910 556542 211570 344972
122561595 122861595 978049 575249 543310 556577 211850 344727
122861596 123161596 977954 574960 543208 556549 212034 344515
123161597 123461597 977982 573297 541688 556534 212386 344148
123461598 123761598 977980 571489 539706 556577 213116 343461
123761599 124061599 977954 568687 537136 556511 214232 342279
124061600 124361600 977987 566223 535032 556577 215430 341147
124361601 124661601 978015 563998 532949 556552 215751 340801
124661602 124961602 977953 562689 531925 556543 216177 340366
124961603 125261603 977918 558175 527556 556512 217884 338628
125261604 125561604 978009 563746 532438 556558 216495 340063
125561605 125861605 977945 562776 531823 556545 216181 340364
125861606 126161606 977975 561273 530325 556522 217046 339476
126161607 126461607 977991 560271 529710 556577 217160 339417
126461608 126761608 978025 559042 528561 556555 217787 338768
126761609 127061609 978011 556489 525884 556587 218648 337939
127061610 127361610 977985 555357 525221 556535 219059 337476
127361611 127661611 977986 553106 522936 556573 219868 336705
127661612 127961612 978013 551012 520890 556562 221112 335450
127961613 128261613 977957 550328 520252 556537 221144 335393
128261614 128561614 978020 549137 519348 556581 221307 335274
128561615 128861615 977975 547350 517788 556532 223817 332715
128861616 129161616 977919 546674 517394 556532 226773 329759
129161617 129461617 977976 545116 515779 556525 227732 328793
129461618 129761618 977988 542980 513489 556577 228277 328300
129761619 130061619 978019 543056 514022 556552 228594 327958
130061620 130361620 978016 541718 512719 556591 229031 327560
130361621 130661621 978012 539090 510032 556555 230091 326464
130661622 130961622 977987 537481 508928 556569 230441 326128
130961623 131261623 978015 535581 506937 556566 231730 324836
131261624 131561624 977953 534141 506109 556529 231640 324889
131561625 131861625 978021 531587 503514 556587 232922 323665
131861626 132161626 978050 530430 502339 556572 233426 323146
132161627 132461627 978019 530225 502048 556596 233320 323276
132461628 132761628 978046 529524 501503 556568 233638 322930
132761629 133061629 977988 528945 500904 556578 233558 323020
133061630 133361630 977988 526125 498199 556534 235336 321198
133361631 133661631 977983 527495 499664 556568 234066 322502
133661632 133961632 977915 523762 496067 556497 235769 320728
133961633 134261633 978028 521948 494425 556579 236471 320108
134261634 134561634 978049 521188 493861 556595 237094 319501
134561635 134861635 978027 517173 490222 556570 238234 318336
134861636 135161636 978024 517531 490405 556590 238248 318342
135161637 135461637 978045 516510 489794 556571 238409 318162
135461638 135761638 978026 515938 488923 556601 238837 317764
135761639 136061639 978049 516860 490098 556570 238566 318004
136061640 136361640 977992 514854 487996 556577 239111 317466
136361641 136661641 978025 317040 302334 556558 343977 212581
136661642 136961642 978054 494383 468969 556609 249373 307236
136961643 137261643 978029 513937 487209 556573 239563 317010
137261644 137561644 978024 512639 485922 556577 239769 316808
137561645 137861645 978053 510259 483780 556604 240931 315673
137861646 138161646 978024 510403 483862 556559 241247 315312
138161647 138461647 978022 509724 483328 556596 240973 315623
138461648 138761648 978055 508286 481967 556569 242033 314536
138761649 139061649 978026 507565 480889 556598 241808 314790
139061650 139361650 978049 506506 480521 556569 242492 314077
139361651 139661651 978024 504607 478655 556596 243446 313150
139661652 139961652 978025 501561 475720 556562 244157 312405
139961653 140261653 978049 500735 474904 556599 244577 312022
140261654 140561654 978020 499684 474253 556576 244746 311830
140561655 140861655 976414 498041 472317 555655 245638 310017
140861656 141161656 978052 498105 472446 556608 245997 310611
141161657 141461657 978025 496216 470765 556556 245850 310706
141461658 141761658 978025 496688 471513 556598 246616 309982
141761659 142061659 978046 494352 469398 556567 247062 309505
142061660 142361660 978024 493120 467869 556601 247973 308628
142361661 142661661 978025 492085 466811 556560 248630 307930
142661662 142961662 978046 490504 465698 556604 248828 307776
142961663 143261663 978023 490518 465610 556568 248622 307946
143261664 143561664 978047 487864 463050 556590 250383 306207
143561665 143861665 978026 487738 463350 556587 250515 306072
143861666 144161666 978026 486030 461331 556559 250692 305867
144161667 144461667 978049 485500 461170 556612 250838 305774
144461668 144761668 978026 484523 460294 556556 251259 305297
144761669 145061669 978026 483644 459532 556601 251573 305028
145061670 145361670 978052 482776 458649 556567 251882 304685
145361671 145661671 978028 481323 457287 556598 252950 303648
145661672 145961672 977989 480795 456888 556542 252989 303553
145961673 146261673 978053 479122 455454 556599 253649 302950
146261674 146561674 978028 478963 455086 556576 253521 303055
146561675 146861675 978053 477016 453341 556581 254879 301702
146861676 147161676 977990 475827 452330 556574 254471 302103
147161677 147461677 978028 475212 451565 556555 255293 301262
147461678 147761678 978045 472484 449189 556614 256087 300527
147761679 148061679 978021 471572 448312 556550 256856 299694
148061680 148361680 978023 471307 448213 556598 256855 299743
148361681 148661681 978051 471409 448431 556571 256705 299866
148661682 148961682 978021 468124 444943 556594 257951 298643
148961683 149261683 977993 468009 444801 556546 258087 298459
149261684 149561684 978048 466505 443650 556595 258761 297834
149561685 149861685 978026 465675 442895 556585 259217 297368
149861686 150161686 978052 465629 443000 556574 259316 297258
150161687 150461687 978025 463369 440470 556595 260496 296099
150461688 150761688 978024 463347 440925 556555 259917 296638
150761689 151061689 978044 461931 439526 556611 260513 296098
151061690 151361690 978030 459957 437265 556556 261720 294836
151361691 151661691 978028 460432 438172 556596 261303 295293
151661692 151961692 978053 458580 436321 556577 262012 294565
151961693 152261693 978032 457957 436101 556586 262437 294149
152261694 152561694 978030 455723 433693 556578 263321 293257
152561695 152861695 978051 454808 432868 556583 264017 292566
152861696 153161696 978025 453860 431851 556593 264269 292324
153161697 153461697 978045 453647 431878 556572 264131 292441
153461698 153761698 977982 452024 430302 556575 265049 291526
153761699 154061699 978021 450627 429003 556551 265874 290677
154061700 154361700 978053 444218 422591 556617 268312 288305
154361701 154661701 978025 450230 428303 556557 266041 290516
154661702 154961702 978027 447847 426160 556593 266803 289790
154961703 155261703 978057 446247 424794 556585 267475 289110
155261704 155561704 978014 444953 423586 556571 267907 288664
155561705 155861705 978023 444573 423311 556586 268205 288381
155861706 156161706 978051 443735 422320 556572 269172 287400
156161707 156461707 978005 210493 200557 556586 419698 136888
156461708 156761708 978054 0 0 556569 556569 0
156761709 156902521 459043 0 0 261240 261240 0
