23
39322054 39441513 389419 92220 85893 64495 18386 46109
39453147 39571161 384672 2775 2714 63707 61307 2400
39578458 39697906 389395 4687 4559 64502 60563 3939
39703780 39823269 389493 7974 7762 64497 57904 6593
39830538 39948588 384851 12740 12349 63742 53468 10274
39954362 40073813 389368 19965 19301 64497 49154 15343
40079695 40199101 389252 30206 29146 64459 42626 21833
40206416 40324409 384637 42946 41052 63704 35158 28546
40330275 40449770 389466 58891 55937 64511 28933 35578
40455554 40575069 389474 75045 70571 64492 23298 41194
40580883 40700372 389488 86162 80553 64505 19995 44510
40706151 40825595 389381 91118 85005 64500 18624 45876
40831464 40949444 384560 86709 81109 63690 19091 44599
40956754 41076228 389408 75174 70625 64494 22747 41747
41082101 41200103 384546 57106 54123 63698 27505 36193
41207319 41326847 389596 43577 41596 64534 34127 30407
41332606 41450642 384659 30001 28866 63720 40938 22782
41457919 41577399 389373 20088 19473 64510 48112 16398
41583268 41701283 384488 12798 12438 63686 52787 10899
41708582 41826549 384431 7666 7440 63681 56920 6761
41832324 41951806 389413 4711 4594 64498 60235 4263
41957687 42077168 389378 2501 2435 64498 62211 2287
42088837 42208284 389294 84719 78891 64485 18799 45686
