27 32
46817125 46844873 7246 5.642857 5.357143 7246 7240.643066 5.357143 22 15 8 13 0 0 0 0 0 0 0 0 0 17
46910401 46939487 7592 0.071429 0.000000 7592 7592.000000 0.000000 0 0 0 0 0 0 0 0 0 0 0 0 0 0
46949675 46977369 7227 0.000000 0.000000 7227 7227.000000 0.000000 0 0 0 0 0 0 0 0 0 0 0 0 0 0
46987562 47016766 7623 0.000000 0.000000 7623 7623.000000 0.000000 0 0 0 0 0 0 0 0 0 0 0 0 0 0
47026960 47054617 7221 0.000000 0.000000 7221 7221.000000 0.000000 0 0 0 0 0 0 0 0 0 0 0 0 0 0
47064814 47093972 7613 0.071429 0.071429 7613 7612.928711 0.071429 0 0 1 0 0 0 0 0 0 0 0 0 0 0
47102750 47131815 7587 0.000000 0.000000 7587 7587.000000 0.000000 0 0 0 0 0 0 0 0 0 0 0 0 0 0
47142012 47171171 7611 0.071429 0.071429 7611 7610.928711 0.071429 0 0 1 0 0 0 0 0 0 0 0 0 0 0
47179953 47209024 7589 0.714286 0.714286 7589 7588.285645 0.714286 3 0 1 2 1 0 0 0 0 0 0 0 0 3
47219218 47246903 7229 1.500000 1.428571 7229 7227.571289 1.428571 4 4 5 2 0 0 0 0 0 0 1 0 0 4
47257094 47286292 7623 1.928571 1.928571 7623 7621.071289 1.928571 7 7 6 2 0 0 0 0 0 0 0 0 0 5
47296481 47324135 7221 3.428571 3.357143 7221 7217.643066 3.357143 13 10 9 8 0 0 0 0 0 0 0 0 0 7
47334328 47363455 7603 5.714286 5.571429 7603 7597.428711 5.571429 15 16 17 14 0 0 1 0 0 0 0 0 0 15
47373650 47401342 7228 6.357143 5.928571 7228 7222.071289 5.928571 26 16 16 16 0 0 1 0 0 0 0 1 0 7
47411545 47440735 7619 5.500000 5.428571 7619 7613.571289 5.428571 18 21 12 12 0 0 0 1 0 0 0 0 2 10
47449417 47478586 7617 4.142857 3.857143 7617 7613.143066 3.857143 16 11 8 8 0 0 0 0 0 0 0 0 0 11
47488789 47517889 7598 3.571429 3.500000 7598 7594.500000 3.500000 8 14 9 11 0 0 0 0 0 0 0 0 0 7
47526683 47555781 7596 1.785714 1.714286 7596 7594.285645 1.714286 4 11 3 2 0 0 0 0 0 0 0 0 0 4
47565968 47595130 7613 0.785714 0.785714 7613 7612.214355 0.785714 3 2 0 3 0 0 0 0 0 1 0 0 0 2
47603916 47633070 7610 0.214286 0.214286 7610 7609.785645 0.214286 0 1 0 1 0 0 0 0 0 0 0 0 0 1
47643265 47672413 7609 0.071429 0.071429 7609 7608.928711 0.071429 0 0 0 0 0 0 0 0 0 0 0 0 0 1
47681123 47710209 7595 0.000000 0.000000 7595 7595.000000 0.000000 0 0 0 0 0 0 0 0 0 0 0 0 0 0
47720402 47748146 7244 0.071429 0.071429 7244 7243.928711 0.071429 0 0 0 1 0 0 0 0 0 0 0 0 0 0
47758342 47787421 7590 0.000000 0.000000 7590 7590.000000 0.000000 0 0 0 0 0 0 0 0 0 0 0 0 0 0
47797713 47825366 7217 0.142857 0.142857 7217 7216.856934 0.142857 1 0 0 0 0 0 0 0 0 0 0 0 0 1
47835558 47864726 7614 0.000000 0.000000 7614 7614.000000 0.000000 0 0 0 0 0 0 0 0 0 0 0 0 0 0
47927352 47956487 7605 6.071429 5.714286 7605 7599.285645 5.714286 18 16 22 11 0 0 1 0 0 0 0 0 1 11
