27 32
46817125 46844873 7244 12.642858 12.428572 7244 7231.571289 12.428572 29 10 15 7 14 23 19 9 18 24 0 0 0 6
46910401 46939487 7593 0.000000 0.000000 7593 7593.000000 0.000000 0 0 0 0 0 0 0 0 0 0 0 0 0 0
46949675 46977369 7225 0.000000 0.000000 7225 7225.000000 0.000000 0 0 0 0 0 0 0 0 0 0 0 0 0 0
46987562 47016766 7624 0.000000 0.000000 7624 7624.000000 0.000000 0 0 0 0 0 0 0 0 0 0 0 0 0 0
47026960 47054617 7221 0.000000 0.000000 7221 7221.000000 0.000000 0 0 0 0 0 0 0 0 0 0 0 0 0 0
47064814 47093972 7614 0.000000 0.000000 7614 7614.000000 0.000000 0 0 0 0 0 0 0 0 0 0 0 0 0 0
47102750 47131815 7587 0.142857 0.142857 7587 7586.856934 0.142857 0 0 0 0 0 1 0 1 0 0 0 0 0 0
47142012 47171171 7612 0.500000 0.500000 7612 7611.500000 0.500000 2 1 0 0 1 2 0 0 0 0 0 0 0 1
47179953 47209024 7589 1.142857 1.142857 7589 7587.856934 1.142857 1 2 3 1 1 1 0 1 2 3 0 0 0 1
47219218 47246903 7228 3.142857 3.000000 7228 7225.000000 3.000000 4 1 3 4 6 4 8 3 3 3 0 0 0 3
47257094 47286292 7624 5.714286 5.428571 7624 7618.571289 5.428571 3 6 6 9 6 6 6 6 13 12 0 0 0 3
47296481 47324135 7220 9.214286 9.071428 7220 7210.928711 9.071428 13 9 13 5 13 8 10 14 11 21 1 0 0 9
47334328 47363455 7603 13.214286 13.000000 7603 7590.000000 13.000000 17 14 12 15 21 19 12 15 21 19 0 0 0 17
47373650 47401342 7227 12.571428 12.285714 7227 7214.714355 12.285714 16 18 17 12 15 23 10 20 17 10 0 0 0 14
47411545 47440735 7620 11.571428 11.285714 7620 7608.714355 11.285714 11 16 17 12 17 17 16 14 16 15 0 0 0 7
47449417 47478586 7616 9.500000 9.357142 7616 7606.643066 9.357142 5 8 10 10 4 19 14 6 19 22 1 0 0 13
47488789 47517889 7598 5.142857 4.857143 7598 7593.143066 4.857143 4 1 6 4 9 8 9 7 6 9 0 0 0 5
47526683 47555781 7595 3.285714 3.214286 7595 7591.785645 3.214286 3 3 7 4 3 7 10 3 1 2 0 0 0 2
47565968 47595130 7612 1.285714 1.214286 7612 7610.785645 1.214286 0 0 3 2 2 1 0 2 3 1 1 0 0 2
47603916 47633070 7611 0.357143 0.285714 7611 7610.714355 0.285714 0 1 1 0 0 0 1 0 1 0 0 0 0 0
47643265 47672413 7608 0.142857 0.071429 7608 7607.928711 0.071429 0 0 0 1 0 0 0 0 0 0 0 0 0 0
47681123 47710209 7594 0.142857 0.142857 7594 7593.856934 0.142857 0 0 0 0 0 1 0 1 0 0 0 0 0 0
47720402 47748146 7244 0.000000 0.000000 7244 7244.000000 0.000000 0 0 0 0 0 0 0 0 0 0 0 0 0 0
47758342 47787421 7591 0.000000 0.000000 7591 7591.000000 0.000000 0 0 0 0 0 0 0 0 0 0 0 0 0 0
47797713 47825366 7218 0.071429 0.071429 7218 7217.928711 0.071429 1 0 0 0 0 0 0 0 0 0 0 0 0 0
47835558 47864726 7614 0.071429 0.000000 7614 7614.000000 0.000000 0 0 0 0 0 0 0 0 0 0 0 0 0 0
47927352 47956487 7606 13.285714 13.000000 7606 7593.000000 13.000000 14 15 17 14 16 23 14 18 22 14 0 1 0 14
