27 32
46817125 46844873 7243 13.642858 13.357142 7243 7229.643066 13.357142 11 10 12 14 13 18 15 16 8 16 20 14 9 11
46910401 46939487 7593 0.071429 0.071429 7593 7592.928711 0.071429 0 0 0 0 1 0 0 0 0 0 0 0 0 0
46949675 46977369 7225 0.000000 0.000000 7225 7225.000000 0.000000 0 0 0 0 0 0 0 0 0 0 0 0 0 0
46987562 47016766 7624 0.000000 0.000000 7624 7624.000000 0.000000 0 0 0 0 0 0 0 0 0 0 0 0 0 0
47026960 47054617 7221 0.000000 0.000000 7221 7221.000000 0.000000 0 0 0 0 0 0 0 0 0 0 0 0 0 0
47064814 47093972 7613 0.071429 0.071429 7613 7612.928711 0.071429 0 0 0 0 0 1 0 0 0 0 0 0 0 0
47102750 47131815 7587 0.500000 0.428571 7587 7586.571289 0.428571 0 0 0 0 0 1 1 0 0 1 1 1 0 1
47142012 47171171 7612 0.785714 0.785714 7612 7611.214355 0.785714 1 1 1 1 1 1 3 0 1 0 0 1 0 0
47179953 47209024 7588 1.428571 1.428571 7588 7586.571289 1.428571 3 2 0 0 4 1 0 2 0 1 2 3 1 1
47219218 47246903 7228 3.571429 3.500000 7228 7224.500000 3.500000 8 5 2 1 3 4 5 4 1 5 4 1 2 4
47257094 47286292 7624 7.785714 7.500000 7624 7616.500000 7.500000 5 4 9 4 11 10 6 5 5 10 16 9 6 5
47296481 47324135 7220 12.357142 11.785714 7220 7208.214355 11.785714 13 15 16 10 13 17 13 8 14 10 10 8 7 11
47334328 47363455 7603 16.500000 16.214285 7603 7586.785645 16.214285 17 13 11 11 15 21 16 14 22 19 22 9 19 18
47373650 47401342 7227 13.642858 13.285714 7227 7213.714355 13.285714 20 7 13 13 20 15 12 16 11 13 15 14 7 10
47411545 47440735 7620 16.000000 15.357142 7620 7604.643066 15.357142 17 18 8 13 16 19 13 10 18 16 14 27 11 15
47449417 47478586 7616 11.785714 11.714286 7616 7604.285645 11.714286 10 13 9 9 12 7 13 13 17 17 14 6 12 12
47488789 47517889 7598 6.500000 6.214286 7598 7591.785645 6.214286 7 10 0 3 8 4 4 7 11 6 9 7 8 3
47526683 47555781 7596 3.571429 3.500000 7596 7592.500000 3.500000 1 0 6 5 3 5 7 4 3 6 2 4 1 2
47565968 47595130 7612 2.214286 2.142857 7612 7609.856934 2.142857 1 3 0 3 4 2 2 3 3 2 3 2 1 1
47603916 47633070 7611 0.928571 0.928571 7611 7610.071289 0.928571 0 0 1 1 0 0 1 2 0 3 2 0 2 1
47643265 47672413 7609 0.214286 0.214286 7609 7608.785645 0.214286 0 0 1 0 0 0 0 0 1 0 0 0 1 0
47681123 47710209 7594 0.142857 0.142857 7594 7593.856934 0.142857 0 0 0 0 0 0 0 0 0 0 0 2 0 0
47720402 47748146 7244 0.000000 0.000000 7244 7244.000000 0.000000 0 0 0 0 0 0 0 0 0 0 0 0 0 0
47758342 47787421 7591 0.000000 0.000000 7591 7591.000000 0.000000 0 0 0 0 0 0 0 0 0 0 0 0 0 0
47797713 47825366 7218 0.071429 0.071429 7218 7217.928711 0.071429 0 0 0 1 0 0 0 0 0 0 0 0 0 0
47835558 47864726 7613 0.000000 0.000000 7613 7613.000000 0.000000 0 0 0 0 0 0 0 0 0 0 0 0 0 0
47927352 47956487 7606 16.357143 15.928572 7606 7590.071289 15.928572 17 17 6 11 17 18 18 16 21 18 22 9 14 19
