27 32
46817125 46844873 7243 17.357143 17.000000 7243 7226.000000 17.000000 21 20 15 13 13 18 11 15 23 21 17 17 18 16
46910401 46939487 7592 0.142857 0.071429 7592 7591.928711 0.071429 0 0 0 0 1 0 0 0 0 0 0 0 0 0
46949675 46977369 7226 0.000000 0.000000 7226 7226.000000 0.000000 0 0 0 0 0 0 0 0 0 0 0 0 0 0
46987562 47016766 7623 0.142857 0.142857 7623 7622.856934 0.142857 1 0 0 0 0 0 1 0 0 0 0 0 0 0
47026960 47054617 7221 0.214286 0.142857 7221 7220.856934 0.142857 0 0 0 0 0 0 0 0 1 0 0 1 0 0
47064814 47093972 7613 0.000000 0.000000 7613 7613.000000 0.000000 0 0 0 0 0 0 0 0 0 0 0 0 0 0
47102750 47131815 7587 0.214286 0.142857 7587 7586.856934 0.142857 0 0 0 0 1 0 0 0 0 0 1 0 0 0
47142012 47171171 7612 0.571429 0.571429 7612 7611.428711 0.571429 1 1 0 0 2 0 1 1 1 0 0 0 0 1
47179953 47209024 7588 1.428571 1.428571 7588 7586.571289 1.428571 2 2 0 0 3 1 4 1 0 0 4 2 0 1
47219218 47246903 7228 3.642857 3.571429 7228 7224.428711 3.571429 5 4 2 4 3 4 3 4 4 3 3 3 3 5
47257094 47286292 7624 8.000000 7.785714 7624 7616.214355 7.785714 7 10 5 8 9 9 8 20 6 2 5 4 8 8
47296481 47324135 7220 10.928572 10.500000 7220 7209.500000 10.500000 14 9 17 11 10 13 13 6 9 11 6 11 11 6
47334328 47363455 7603 16.500000 15.785714 7603 7587.214355 15.785714 9 15 14 12 12 17 15 15 12 22 27 16 19 16
47373650 47401342 7227 15.714286 15.000000 7227 7212.000000 15.000000 20 12 14 13 10 13 11 22 19 17 21 12 15 11
47411545 47440735 7620 16.071428 15.571428 7620 7604.428711 15.571428 16 12 11 13 20 22 14 15 14 19 19 20 14 9
47449417 47478586 7616 12.500000 12.000000 7616 7604.000000 12.000000 11 13 16 19 7 10 14 14 13 10 16 8 8 9
47488789 47517889 7598 8.071428 7.785714 7598 7590.214355 7.785714 9 6 7 4 8 7 8 7 15 11 3 4 7 13
47526683 47555781 7596 3.785714 3.642857 7596 7592.356934 3.642857 4 4 3 2 8 5 0 6 3 2 1 5 6 2
47565968 47595130 7612 2.000000 1.928571 7612 7610.071289 1.928571 1 0 1 2 3 5 0 1 0 3 1 2 4 4
47603916 47633070 7611 0.928571 0.928571 7611 7610.071289 0.928571 0 1 0 1 2 1 1 1 0 3 1 0 1 1
47643265 47672413 7609 0.428571 0.357143 7609 7608.643066 0.357143 1 2 0 0 0 0 0 0 0 0 0 1 1 0
47681123 47710209 7594 0.142857 0.142857 7594 7593.856934 0.142857 0 0 0 0 1 0 0 1 0 0 0 0 0 0
47720402 47748146 7244 0.071429 0.000000 7244 7244.000000 0.000000 0 0 0 0 0 0 0 0 0 0 0 0 0 0
47758342 47787421 7591 0.000000 0.000000 7591 7591.000000 0.000000 0 0 0 0 0 0 0 0 0 0 0 0 0 0
47797713 47825366 7217 0.000000 0.000000 7217 7217.000000 0.000000 0 0 0 0 0 0 0 0 0 0 0 0 0 0
47835558 47864726 7614 0.000000 0.000000 7614 7614.000000 0.000000 0 0 0 0 0 0 0 0 0 0 0 0 0 0
47927352 47956487 7606 17.142857 16.785715 7606 7589.214355 16.785715 18 11 15 12 11 19 10 27 20 20 21 24 13 14
