27 32
46817125 46844873 7244 16.928572 16.285715 7244 7227.714355 16.285715 22 21 15 13 18 21 14 10 17 15 23 12 11 16
46910401 46939487 7593 0.000000 0.000000 7593 7593.000000 0.000000 0 0 0 0 0 0 0 0 0 0 0 0 0 0
46949675 46977369 7225 0.071429 0.000000 7225 7225.000000 0.000000 0 0 0 0 0 0 0 0 0 0 0 0 0 0
46987562 47016766 7623 0.000000 0.000000 7623 7623.000000 0.000000 0 0 0 0 0 0 0 0 0 0 0 0 0 0
47026960 47054617 7221 0.142857 0.071429 7221 7220.928711 0.071429 0 0 0 0 0 0 0 0 0 0 0 0 0 1
47064814 47093972 7614 0.071429 0.071429 7614 7613.928711 0.071429 0 1 0 0 0 0 0 0 0 0 0 0 0 0
47102750 47131815 7587 0.642857 0.642857 7587 7586.356934 0.642857 3 0 0 0 0 1 0 0 0 1 1 2 0 1
47142012 47171171 7612 0.714286 0.642857 7612 7611.356934 0.642857 0 1 1 1 0 0 1 0 0 1 1 2 1 0
47179953 47209024 7589 2.142857 2.142857 7589 7586.856934 2.142857 0 2 3 4 2 1 1 0 2 2 6 2 3 2
47219218 47246903 7228 4.214286 4.071429 7228 7223.928711 4.071429 7 2 4 1 3 5 4 3 7 4 5 4 5 3
47257094 47286292 7624 7.214286 6.714286 7624 7617.285645 6.714286 9 8 5 7 7 7 3 4 4 9 11 6 8 6
47296481 47324135 7220 11.714286 11.357142 7220 7208.643066 11.357142 9 13 12 8 15 13 13 15 14 7 15 9 5 11
47334328 47363455 7604 15.571428 14.928572 7604 7589.071289 14.928572 19 9 13 16 21 12 9 19 18 11 20 17 16 9
47373650 47401342 7227 17.642857 17.428572 7227 7209.571289 17.428572 19 17 17 19 12 16 11 14 14 19 30 26 17 13
47411545 47440735 7620 16.285715 16.000000 7620 7604.000000 16.000000 22 14 13 16 13 14 13 21 13 22 12 25 11 15
47449417 47478586 7616 11.642858 11.214286 7616 7604.785645 11.214286 12 9 7 8 8 9 8 11 14 17 16 15 10 13
47488789 47517889 7598 7.428571 6.928571 7598 7591.071289 6.928571 9 8 7 7 4 10 3 3 11 8 4 7 8 8
47526683 47555781 7595 4.357143 4.214286 7595 7590.785645 4.214286 6 5 2 6 3 4 3 1 10 4 3 7 2 3
47565968 47595130 7612 1.714286 1.642857 7612 7610.356934 1.642857 4 2 1 2 2 0 2 1 4 1 0 3 1 0
47603916 47633070 7610 0.500000 0.500000 7610 7609.500000 0.500000 0 1 1 1 0 1 0 1 0 0 0 1 1 0
47643265 47672413 7608 0.357143 0.357143 7608 7607.643066 0.357143 1 0 0 1 0 0 1 0 0 1 1 0 0 0
47681123 47710209 7594 0.071429 0.071429 7594 7593.928711 0.071429 0 0 0 0 0 0 0 1 0 0 0 0 0 0
47720402 47748146 7243 0.071429 0.071429 7243 7242.928711 0.071429 0 0 0 0 0 0 0 0 0 1 0 0 0 0
47758342 47787421 7591 0.071429 0.071429 7591 7590.928711 0.071429 0 0 0 0 0 0 1 0 0 0 0 0 0 0
47797713 47825366 7218 0.000000 0.000000 7218 7218.000000 0.000000 0 0 0 0 0 0 0 0 0 0 0 0 0 0
47835558 47864726 7614 0.000000 0.000000 7614 7614.000000 0.000000 0 0 0 0 0 0 0 0 0 0 0 0 0 0
47927352 47956487 7605 16.071428 15.857142 7605 7589.143066 15.857142 18 12 10 21 12 20 17 11 9 19 24 17 17 15
