27 32
46817125 46844873 7245 19.714285 19.357143 7245 7225.643066 19.357143 16 17 27 15 26 22 21 21 17 17 31 18 12 11
46910401 46939487 7593 0.000000 0.000000 7593 7593.000000 0.000000 0 0 0 0 0 0 0 0 0 0 0 0 0 0
46949675 46977369 7225 0.000000 0.000000 7225 7225.000000 0.000000 0 0 0 0 0 0 0 0 0 0 0 0 0 0
46987562 47016766 7623 0.000000 0.000000 7623 7623.000000 0.000000 0 0 0 0 0 0 0 0 0 0 0 0 0 0
47026960 47054617 7221 0.000000 0.000000 7221 7221.000000 0.000000 0 0 0 0 0 0 0 0 0 0 0 0 0 0
47064814 47093972 7613 0.214286 0.214286 7613 7612.785645 0.214286 0 0 0 0 0 0 0 0 1 1 0 0 1 0
47102750 47131815 7587 0.285714 0.285714 7587 7586.714355 0.285714 0 0 0 1 0 0 1 0 0 1 0 0 1 0
47142012 47171171 7612 0.428571 0.428571 7612 7611.571289 0.428571 0 0 0 0 0 1 0 1 0 1 1 0 1 1
47179953 47209024 7589 1.428571 1.357143 7589 7587.643066 1.357143 2 1 0 2 2 1 1 0 1 1 1 2 3 2
47219218 47246903 7229 3.285714 3.214286 7229 7225.785645 3.214286 5 2 3 5 1 6 3 1 4 2 7 3 3 0
47257094 47286292 7624 7.785714 7.642857 7624 7616.356934 7.642857 6 4 12 9 8 6 6 10 3 10 10 9 5 9
47296481 47324135 7220 12.214286 11.500000 7220 7208.500000 11.500000 10 10 12 6 15 13 14 7 21 13 11 12 11 6
47334328 47363455 7603 17.357143 17.000000 7603 7586.000000 17.000000 13 12 16 13 20 23 17 19 23 22 19 11 20 10
47373650 47401342 7227 16.785715 16.357143 7227 7210.643066 16.357143 23 14 11 13 14 27 12 16 18 23 18 11 17 12
47411545 47440735 7620 19.000000 18.285715 7620 7601.714355 18.285715 13 29 16 17 18 19 16 18 14 15 20 19 19 23
47449417 47478586 7616 12.142858 11.642858 7616 7604.356934 11.642858 15 13 9 12 10 12 13 10 9 9 12 13 13 13
47488789 47517889 7598 7.785714 7.500000 7598 7590.500000 7.500000 10 8 5 6 7 13 5 6 7 15 7 6 6 4
47526683 47555781 7595 3.142857 2.928571 7595 7592.071289 2.928571 3 3 2 0 5 3 6 5 2 3 3 3 0 3
47565968 47595130 7612 1.785714 1.785714 7612 7610.214355 1.785714 3 1 3 1 2 4 0 4 0 1 2 2 1 1
47603916 47633070 7610 0.785714 0.714286 7610 7609.285645 0.714286 1 0 0 1 2 1 0 2 0 0 0 1 2 0
47643265 47672413 7609 0.571429 0.571429 7609 7608.428711 0.571429 1 1 0 0 1 1 0 1 1 0 1 0 0 1
47681123 47710209 7595 0.071429 0.000000 7595 7595.000000 0.000000 0 0 0 0 0 0 0 0 0 0 0 0 0 0
47720402 47748146 7243 0.000000 0.000000 7243 7243.000000 0.000000 0 0 0 0 0 0 0 0 0 0 0 0 0 0
47758342 47787421 7591 0.071429 0.071429 7591 7590.928711 0.071429 0 0 0 0 0 1 0 0 0 0 0 0 0 0
47797713 47825366 7218 0.000000 0.000000 7218 7218.000000 0.000000 0 0 0 0 0 0 0 0 0 0 0 0 0 0
47835558 47864726 7614 0.000000 0.000000 7614 7614.000000 0.000000 0 0 0 0 0 0 0 0 0 0 0 0 0 0
47927352 47956487 7605 17.214285 16.785715 7605 7588.214355 16.785715 16 18 10 12 14 13 19 21 23 20 18 21 13 17
