27 32
46817125 46844873 7245 12.857142 12.357142 7245 7232.643066 12.357142 22 15 12 14 11 23 16 1 0 0 19 18 9 13
46910401 46939487 7592 0.000000 0.000000 7592 7592.000000 0.000000 0 0 0 0 0 0 0 0 0 0 0 0 0 0
46949675 46977369 7225 0.071429 0.000000 7225 7225.000000 0.000000 0 0 0 0 0 0 0 0 0 0 0 0 0 0
46987562 47016766 7623 0.000000 0.000000 7623 7623.000000 0.000000 0 0 0 0 0 0 0 0 0 0 0 0 0 0
47026960 47054617 7220 0.142857 0.142857 7220 7219.856934 0.142857 0 0 0 0 0 1 0 0 0 0 1 0 0 0
47064814 47093972 7613 0.000000 0.000000 7613 7613.000000 0.000000 0 0 0 0 0 0 0 0 0 0 0 0 0 0
47102750 47131815 7587 0.142857 0.142857 7587 7586.856934 0.142857 0 1 0 0 0 0 0 0 0 0 0 0 1 0
47142012 47171171 7611 0.500000 0.428571 7611 7610.571289 0.428571 0 0 0 0 2 0 0 0 0 0 0 1 1 2
47179953 47209024 7589 1.714286 1.714286 7589 7587.285645 1.714286 1 4 3 3 2 5 0 0 0 0 1 3 0 2
47219218 47246903 7228 2.571429 2.214286 7228 7225.785645 2.214286 3 2 7 6 2 3 1 0 0 0 1 1 3 2
47257094 47286292 7624 5.071429 5.000000 7624 7619.000000 5.000000 8 12 2 7 5 6 10 0 0 0 3 6 5 6
47296481 47324135 7220 10.428572 10.000000 7220 7210.000000 10.000000 15 17 7 9 17 14 8 0 0 0 19 11 8 15
47334328 47363455 7603 12.500000 11.571428 7603 7591.428711 11.571428 16 18 19 12 14 15 12 1 0 2 17 9 14 13
47373650 47401342 7228 14.142858 14.000000 7228 7214.000000 14.000000 22 15 20 15 9 23 18 1 0 0 17 23 22 11
47411545 47440735 7619 11.142858 10.928572 7619 7608.071289 10.928572 27 17 13 13 16 11 10 1 0 0 16 12 9 8
47449417 47478586 7617 8.571428 8.500000 7617 7608.500000 8.500000 8 18 8 13 9 9 8 0 0 0 18 15 9 4
47488789 47517889 7598 5.357143 5.285714 7598 7592.714355 5.285714 6 8 7 4 7 5 8 0 0 0 12 10 3 4
47526683 47555781 7596 3.214286 3.071429 7596 7592.928711 3.071429 3 6 3 5 4 2 4 0 0 0 5 4 3 4
47565968 47595130 7613 0.857143 0.857143 7613 7612.143066 0.857143 0 1 0 2 1 2 1 0 0 0 2 0 2 1
47603916 47633070 7610 0.428571 0.357143 7610 7609.643066 0.357143 0 0 0 2 1 0 0 0 0 0 0 1 1 0
47643265 47672413 7609 0.000000 0.000000 7609 7609.000000 0.000000 0 0 0 0 0 0 0 0 0 0 0 0 0 0
47681123 47710209 7595 0.000000 0.000000 7595 7595.000000 0.000000 0 0 0 0 0 0 0 0 0 0 0 0 0 0
47720402 47748146 7243 0.071429 0.071429 7243 7242.928711 0.071429 0 1 0 0 0 0 0 0 0 0 0 0 0 0
47758342 47787421 7590 0.000000 0.000000 7590 7590.000000 0.000000 0 0 0 0 0 0 0 0 0 0 0 0 0 0
47797713 47825366 7218 0.071429 0.071429 7218 7217.928711 0.071429 1 0 0 0 0 0 0 0 0 0 0 0 0 0
47835558 47864726 7614 0.071429 0.000000 7614 7614.000000 0.000000 0 0 0 0 0 0 0 0 0 0 0 0 0 0
47927352 47956487 7605 14.785714 14.357142 7605 7590.643066 14.357142 17 20 21 24 14 14 13 0 0 1 26 10 22 19
