27 32
46817125 46844873 7243 16.285715 16.071428 7243 7226.928711 16.071428 16 15 16 15 11 11 16 17 18 29 15 18 15 13
46910401 46939487 7592 0.071429 0.000000 7592 7592.000000 0.000000 0 0 0 0 0 0 0 0 0 0 0 0 0 0
46949675 46977369 7226 0.000000 0.000000 7226 7226.000000 0.000000 0 0 0 0 0 0 0 0 0 0 0 0 0 0
46987562 47016766 7623 0.000000 0.000000 7623 7623.000000 0.000000 0 0 0 0 0 0 0 0 0 0 0 0 0 0
47026960 47054617 7221 0.000000 0.000000 7221 7221.000000 0.000000 0 0 0 0 0 0 0 0 0 0 0 0 0 0
47064814 47093972 7613 0.000000 0.000000 7613 7613.000000 0.000000 0 0 0 0 0 0 0 0 0 0 0 0 0 0
47102750 47131815 7587 0.571429 0.428571 7587 7586.571289 0.428571 0 0 0 2 0 1 0 1 2 0 0 0 0 0
47142012 47171171 7612 0.500000 0.428571 7612 7611.571289 0.428571 1 0 0 0 0 0 0 0 1 1 1 0 2 0
47179953 47209024 7588 1.642857 1.571429 7588 7586.428711 1.571429 0 3 3 1 1 2 3 1 3 3 0 1 1 0
47219218 47246903 7228 2.857143 2.785714 7228 7225.214355 2.785714 2 1 4 2 1 5 6 5 3 2 2 2 2 2
47257094 47286292 7624 8.500000 8.285714 7624 7615.714355 8.285714 9 9 9 1 12 11 6 9 15 8 8 7 5 7
47296481 47324135 7220 11.428572 11.000000 7220 7209.000000 11.000000 7 11 7 10 19 17 3 9 12 16 10 14 9 10
47334328 47363455 7603 16.642857 16.071428 7603 7586.928711 16.071428 13 16 9 16 17 21 20 24 19 14 12 15 12 17
47373650 47401342 7227 18.214285 17.571428 7227 7209.428711 17.571428 11 15 11 14 17 29 17 26 20 19 19 17 14 17
47411545 47440735 7620 16.142857 15.714286 7620 7604.285645 15.714286 14 21 16 12 18 23 15 16 13 13 16 12 20 11
47449417 47478586 7616 12.428572 12.285714 7616 7603.714355 12.285714 11 11 12 11 9 12 14 10 14 16 14 15 12 11
47488789 47517889 7598 7.142857 6.928571 7598 7591.071289 6.928571 5 5 4 5 10 8 11 9 10 8 6 6 2 8
47526683 47555781 7596 3.500000 3.428571 7596 7592.571289 3.428571 4 0 1 2 5 3 3 3 7 5 5 4 4 2
47565968 47595130 7612 1.928571 1.857143 7612 7610.143066 1.857143 1 4 4 1 0 2 3 3 2 1 2 0 0 3
47603916 47633070 7611 0.714286 0.714286 7611 7610.285645 0.714286 0 0 1 2 1 0 0 1 0 0 3 2 0 0
47643265 47672413 7609 0.357143 0.285714 7609 7608.714355 0.285714 0 0 1 0 0 0 1 0 0 0 1 1 0 0
47681123 47710209 7594 0.071429 0.000000 7594 7594.000000 0.000000 0 0 0 0 0 0 0 0 0 0 0 0 0 0
47720402 47748146 7244 0.071429 0.071429 7244 7243.928711 0.071429 0 0 0 0 0 0 0 1 0 0 0 0 0 0
47758342 47787421 7589 0.000000 0.000000 7589 7589.000000 0.000000 0 0 0 0 0 0 0 0 0 0 0 0 0 0
47797713 47825366 7217 0.000000 0.000000 7217 7217.000000 0.000000 0 0 0 0 0 0 0 0 0 0 0 0 0 0
47835558 47864726 7614 0.000000 0.000000 7614 7614.000000 0.000000 0 0 0 0 0 0 0 0 0 0 0 0 0 0
47927352 47956487 7606 18.357143 17.928572 7606 7588.071289 17.928572 16 25 21 15 21 23 18 20 21 14 19 14 12 12
