27 32
46817125 46844873 7245 18.785715 18.357143 7245 7226.643066 18.357143 18 17 15 11 16 18 21 20 21 20 22 20 17 21
46910401 46939487 7592 0.000000 0.000000 7592 7592.000000 0.000000 0 0 0 0 0 0 0 0 0 0 0 0 0 0
46949675 46977369 7226 0.000000 0.000000 7226 7226.000000 0.000000 0 0 0 0 0 0 0 0 0 0 0 0 0 0
46987562 47016766 7623 0.000000 0.000000 7623 7623.000000 0.000000 0 0 0 0 0 0 0 0 0 0 0 0 0 0
47026960 47054617 7221 0.000000 0.000000 7221 7221.000000 0.000000 0 0 0 0 0 0 0 0 0 0 0 0 0 0
47064814 47093972 7613 0.142857 0.071429 7613 7612.928711 0.071429 0 0 0 0 0 0 0 1 0 0 0 0 0 0
47102750 47131815 7587 0.071429 0.071429 7587 7586.928711 0.071429 0 0 0 0 0 0 0 0 1 0 0 0 0 0
47142012 47171171 7611 1.071429 1.071429 7611 7609.928711 1.071429 1 0 0 0 0 0 2 1 4 4 0 1 2 0
47179953 47209024 7588 1.714286 1.714286 7588 7586.285645 1.714286 2 2 1 0 2 1 2 4 4 1 1 2 1 1
47219218 47246903 7228 3.785714 3.714286 7228 7224.285645 3.714286 4 2 4 1 4 5 4 2 5 6 6 2 3 4
47257094 47286292 7624 6.857143 6.785714 7624 7617.214355 6.785714 14 6 7 3 9 11 4 7 3 9 7 3 7 5
47296481 47324135 7220 11.285714 10.785714 7220 7209.214355 10.785714 12 14 11 11 9 8 9 8 17 11 12 16 9 4
47334328 47363455 7603 13.571428 13.000000 7603 7590.000000 13.000000 14 14 11 9 7 16 15 19 9 12 18 11 13 14
47373650 47401342 7228 15.071428 14.785714 7228 7213.214355 14.785714 25 13 15 15 15 19 11 9 8 10 13 18 18 18
47411545 47440735 7619 16.571428 15.714286 7619 7603.285645 15.714286 16 21 18 17 18 10 20 14 10 13 21 8 19 15
47449417 47478586 7617 12.357142 11.928572 7617 7605.071289 11.928572 18 11 8 8 9 14 19 10 12 13 14 11 11 9
47488789 47517889 7599 7.428571 7.428571 7599 7591.571289 7.428571 11 7 8 6 3 7 10 13 1 8 12 2 10 6
47526683 47555781 7596 3.928571 3.714286 7596 7592.285645 3.714286 5 2 2 1 3 1 4 4 7 11 3 4 3 2
47565968 47595130 7613 2.571429 2.500000 7613 7610.500000 2.500000 5 1 0 1 6 4 1 4 3 2 4 2 1 1
47603916 47633070 7610 0.785714 0.785714 7610 7609.214355 0.785714 1 1 1 1 0 0 0 0 1 2 0 2 2 0
47643265 47672413 7609 0.571429 0.500000 7609 7608.500000 0.500000 0 1 0 1 2 0 0 2 1 0 0 0 0 0
47681123 47710209 7595 0.142857 0.142857 7595 7594.856934 0.142857 0 0 0 1 0 1 0 0 0 0 0 0 0 0
47720402 47748146 7244 0.214286 0.214286 7244 7243.785645 0.214286 0 0 0 1 0 0 0 0 0 0 0 0 1 1
47758342 47787421 7590 0.000000 0.000000 7590 7590.000000 0.000000 0 0 0 0 0 0 0 0 0 0 0 0 0 0
47797713 47825366 7218 0.000000 0.000000 7218 7218.000000 0.000000 0 0 0 0 0 0 0 0 0 0 0 0 0 0
47835558 47864726 7614 0.000000 0.000000 7614 7614.000000 0.000000 0 0 0 0 0 0 0 0 0 0 0 0 0 0
47927352 47956487 7605 16.428572 16.142857 7605 7588.856934 16.142857 18 19 6 23 10 13 19 15 12 11 26 20 17 17
