27 32
46817125 46844873 7245 17.285715 16.857143 7245 7228.143066 16.857143 20 15 18 10 14 16 16 20 15 19 26 15 19 13
46910401 46939487 7592 0.000000 0.000000 7592 7592.000000 0.000000 0 0 0 0 0 0 0 0 0 0 0 0 0 0
46949675 46977369 7226 0.000000 0.000000 7226 7226.000000 0.000000 0 0 0 0 0 0 0 0 0 0 0 0 0 0
46987562 47016766 7623 0.000000 0.000000 7623 7623.000000 0.000000 0 0 0 0 0 0 0 0 0 0 0 0 0 0
47026960 47054617 7220 0.000000 0.000000 7220 7220.000000 0.000000 0 0 0 0 0 0 0 0 0 0 0 0 0 0
47064814 47093972 7613 0.214286 0.214286 7613 7612.785645 0.214286 0 1 0 0 0 0 0 0 1 1 0 0 0 0
47102750 47131815 7587 0.000000 0.000000 7587 7587.000000 0.000000 0 0 0 0 0 0 0 0 0 0 0 0 0 0
47142012 47171171 7611 0.571429 0.571429 7611 7610.428711 0.571429 0 1 1 1 2 0 0 1 0 0 1 0 1 0
47179953 47209024 7589 1.500000 1.428571 7589 7587.571289 1.428571 1 0 0 3 1 1 1 1 1 2 1 2 5 1
47219218 47246903 7228 3.857143 3.714286 7228 7224.285645 3.714286 2 3 2 5 3 6 3 4 5 4 7 3 2 3
47257094 47286292 7624 7.214286 7.000000 7624 7617.000000 7.000000 6 7 4 4 6 5 7 12 8 7 7 7 9 9
47296481 47324135 7220 10.285714 9.785714 7220 7210.214355 9.785714 5 7 7 10 9 14 8 15 13 10 11 8 12 8
47334328 47363455 7603 15.714286 15.214286 7603 7587.785645 15.214286 10 11 11 11 21 17 16 18 24 16 13 11 17 17
47373650 47401342 7228 16.928572 16.642857 7228 7211.356934 16.642857 17 17 13 16 17 19 14 24 17 18 15 15 18 13
47411545 47440735 7619 16.500000 15.857142 7619 7603.143066 15.857142 21 5 14 7 14 18 15 23 21 19 17 18 17 13
47449417 47478586 7617 11.000000 10.785714 7617 7606.214355 10.785714 11 14 8 10 7 6 18 12 8 14 10 11 12 10
47488789 47517889 7599 8.285714 8.142858 7599 7590.856934 8.142858 7 7 7 6 6 7 11 12 10 6 14 6 7 8
47526683 47555781 7596 4.000000 3.857143 7596 7592.143066 3.857143 2 3 6 2 3 7 10 6 2 3 2 2 4 2
47565968 47595130 7613 1.500000 1.500000 7613 7611.500000 1.500000 0 1 4 3 2 1 3 2 2 0 1 1 1 0
47603916 47633070 7610 0.785714 0.642857 7610 7609.356934 0.642857 1 2 0 0 0 0 2 0 0 2 0 1 0 1
47643265 47672413 7609 0.285714 0.214286 7609 7608.785645 0.214286 1 0 1 0 0 0 0 0 0 0 0 0 0 1
47681123 47710209 7595 0.142857 0.142857 7595 7594.856934 0.142857 0 0 0 0 0 0 0 0 0 0 0 1 1 0
47720402 47748146 7244 0.000000 0.000000 7244 7244.000000 0.000000 0 0 0 0 0 0 0 0 0 0 0 0 0 0
47758342 47787421 7590 0.000000 0.000000 7590 7590.000000 0.000000 0 0 0 0 0 0 0 0 0 0 0 0 0 0
47797713 47825366 7218 0.000000 0.000000 7218 7218.000000 0.000000 0 0 0 0 0 0 0 0 0 0 0 0 0 0
47835558 47864726 7614 0.000000 0.000000 7614 7614.000000 0.000000 0 0 0 0 0 0 0 0 0 0 0 0 0 0
47927352 47956487 7605 17.785715 17.357143 7605 7587.643066 17.357143 19 23 12 22 12 18 14 19 24 14 20 17 13 16
