27 32
46817125 46844873 7243 16.642857 16.214285 7243 7226.785645 16.214285 17 15 18 15 22 19 11 22 15 17 13 9 17 17
46910401 46939487 7593 0.000000 0.000000 7593 7593.000000 0.000000 0 0 0 0 0 0 0 0 0 0 0 0 0 0
46949675 46977369 7225 0.000000 0.000000 7225 7225.000000 0.000000 0 0 0 0 0 0 0 0 0 0 0 0 0 0
46987562 47016766 7624 0.000000 0.000000 7624 7624.000000 0.000000 0 0 0 0 0 0 0 0 0 0 0 0 0 0
47026960 47054617 7221 0.000000 0.000000 7221 7221.000000 0.000000 0 0 0 0 0 0 0 0 0 0 0 0 0 0
47064814 47093972 7613 0.071429 0.000000 7613 7613.000000 0.000000 0 0 0 0 0 0 0 0 0 0 0 0 0 0
47102750 47131815 7587 0.142857 0.142857 7587 7586.856934 0.142857 0 0 0 0 0 1 0 0 0 1 0 0 0 0
47142012 47171171 7612 0.500000 0.428571 7612 7611.571289 0.428571 1 0 0 0 1 1 0 0 0 1 0 0 2 0
47179953 47209024 7588 1.500000 1.500000 7588 7586.500000 1.500000 1 3 2 2 1 0 1 2 2 3 0 2 0 2
47219218 47246903 7228 3.571429 3.571429 7228 7224.428711 3.571429 7 7 3 2 2 1 1 2 3 4 4 4 5 5
47257094 47286292 7624 6.571429 6.357143 7624 7617.643066 6.357143 7 5 8 8 5 7 2 12 7 6 5 9 2 6
47296481 47324135 7220 11.000000 10.571428 7220 7209.428711 10.571428 10 7 12 11 8 7 5 13 11 18 12 10 12 12
47334328 47363455 7603 15.571428 14.785714 7603 7588.214355 14.785714 17 14 16 12 10 11 20 16 15 14 20 14 14 14
47373650 47401342 7227 15.500000 15.071428 7227 7211.928711 15.071428 18 14 15 16 15 12 14 18 15 14 16 11 7 26
47411545 47440735 7620 16.142857 15.642858 7620 7604.356934 15.642858 19 20 22 15 8 10 14 17 15 15 18 16 14 16
47449417 47478586 7616 11.071428 10.928572 7616 7605.071289 10.928572 12 17 11 9 7 12 7 12 12 16 13 6 10 9
47488789 47517889 7598 6.714286 6.642857 7598 7591.356934 6.642857 6 12 4 5 9 6 5 8 9 8 9 4 6 2
47526683 47555781 7596 3.571429 3.428571 7596 7592.571289 3.428571 4 7 4 1 1 6 3 2 3 5 4 6 1 1
47565968 47595130 7612 1.285714 1.285714 7612 7610.714355 1.285714 0 2 1 1 3 2 1 0 1 3 2 0 1 1
47603916 47633070 7611 0.500000 0.500000 7611 7610.500000 0.500000 1 1 0 0 0 0 0 0 2 0 0 1 0 2
47643265 47672413 7609 0.285714 0.285714 7609 7608.714355 0.285714 0 0 0 1 0 0 0 0 1 0 1 0 0 1
47681123 47710209 7594 0.214286 0.142857 7594 7593.856934 0.142857 0 0 0 0 0 0 0 0 1 0 1 0 0 0
47720402 47748146 7244 0.000000 0.000000 7244 7244.000000 0.000000 0 0 0 0 0 0 0 0 0 0 0 0 0 0
47758342 47787421 7591 0.000000 0.000000 7591 7591.000000 0.000000 0 0 0 0 0 0 0 0 0 0 0 0 0 0
47797713 47825366 7217 0.000000 0.000000 7217 7217.000000 0.000000 0 0 0 0 0 0 0 0 0 0 0 0 0 0
47835558 47864726 7613 0.000000 0.000000 7613 7613.000000 0.000000 0 0 0 0 0 0 0 0 0 0 0 0 0 0
47927352 47956487 7606 19.357143 18.928572 7606 7587.071289 18.928572 22 23 12 24 19 21 16 25 24 23 12 16 9 19
