27 32
46817125 46844873 7244 7.428571 7.142857 7244 7236.856934 7.142857 19 9 0 0 0 0 0 25 14 19 0 0 0 14
46910401 46939487 7593 0.000000 0.000000 7593 7593.000000 0.000000 0 0 0 0 0 0 0 0 0 0 0 0 0 0
46949675 46977369 7225 0.000000 0.000000 7225 7225.000000 0.000000 0 0 0 0 0 0 0 0 0 0 0 0 0 0
46987562 47016766 7624 0.000000 0.000000 7624 7624.000000 0.000000 0 0 0 0 0 0 0 0 0 0 0 0 0 0
47026960 47054617 7221 0.071429 0.071429 7221 7220.928711 0.071429 0 1 0 0 0 0 0 0 0 0 0 0 0 0
47064814 47093972 7614 0.285714 0.285714 7614 7613.714355 0.285714 1 2 0 0 0 0 0 0 0 0 0 0 0 1
47102750 47131815 7587 0.142857 0.142857 7587 7586.856934 0.142857 0 2 0 0 0 0 0 0 0 0 0 0 0 0
47142012 47171171 7612 0.214286 0.214286 7612 7611.785645 0.214286 0 2 0 0 0 0 0 0 0 1 0 0 0 0
47179953 47209024 7589 0.928571 0.857143 7589 7588.143066 0.857143 3 0 0 0 0 0 0 3 1 3 0 0 0 2
47219218 47246903 7228 1.642857 1.642857 7228 7226.356934 1.642857 3 7 0 0 0 0 0 2 5 5 0 0 0 1
47257094 47286292 7624 3.428571 3.285714 7624 7620.714355 3.285714 5 10 1 0 0 0 0 6 12 4 1 0 0 7
47296481 47324135 7220 4.928571 4.928571 7220 7215.071289 4.928571 16 8 0 0 0 0 0 13 7 14 0 0 0 11
47334328 47363455 7604 5.857143 5.785714 7604 7598.214355 5.785714 10 14 0 0 0 0 0 17 17 11 0 0 0 12
47373650 47401342 7227 6.285714 5.928571 7227 7221.071289 5.928571 12 14 0 0 1 0 0 15 12 19 1 0 0 9
47411545 47440735 7620 5.857143 5.571429 7620 7614.428711 5.571429 9 13 1 1 0 0 0 13 12 13 1 1 0 14
47449417 47478586 7616 4.785714 4.571429 7616 7611.428711 4.571429 10 11 0 0 0 0 0 8 17 5 0 1 0 12
47488789 47517889 7598 2.428571 2.428571 7598 7595.571289 2.428571 5 3 0 0 0 0 1 6 8 7 0 0 0 4
47526683 47555781 7595 1.714286 1.714286 7595 7593.285645 1.714286 2 8 0 0 0 0 0 2 5 3 0 0 0 4
47565968 47595130 7612 0.714286 0.714286 7612 7611.285645 0.714286 3 4 0 0 0 0 0 1 1 1 0 0 0 0
47603916 47633070 7610 0.285714 0.285714 7610 7609.714355 0.285714 3 0 0 0 0 0 0 0 0 0 0 0 0 1
47643265 47672413 7608 0.071429 0.071429 7608 7607.928711 0.071429 1 0 0 0 0 0 0 0 0 0 0 0 0 0
47681123 47710209 7594 0.000000 0.000000 7594 7594.000000 0.000000 0 0 0 0 0 0 0 0 0 0 0 0 0 0
47720402 47748146 7243 0.071429 0.071429 7243 7242.928711 0.071429 0 1 0 0 0 0 0 0 0 0 0 0 0 0
47758342 47787421 7591 0.000000 0.000000 7591 7591.000000 0.000000 0 0 0 0 0 0 0 0 0 0 0 0 0 0
47797713 47825366 7218 0.000000 0.000000 7218 7218.000000 0.000000 0 0 0 0 0 0 0 0 0 0 0 0 0 0
47835558 47864726 7614 0.000000 0.000000 7614 7614.000000 0.000000 0 0 0 0 0 0 0 0 0 0 0 0 0 0
47927352 47956487 7605 6.285714 6.000000 7605 7599.000000 6.000000 12 7 0 1 0 0 1 14 18 19 0 1 1 10
