27 32
46817125 46844873 7245 16.642857 16.000000 7245 7229.000000 16.000000 19 23 16 15 14 18 14 22 17 18 15 12 13 8
46910401 46939487 7592 0.071429 0.000000 7592 7592.000000 0.000000 0 0 0 0 0 0 0 0 0 0 0 0 0 0
46949675 46977369 7225 0.000000 0.000000 7225 7225.000000 0.000000 0 0 0 0 0 0 0 0 0 0 0 0 0 0
46987562 47016766 7623 0.000000 0.000000 7623 7623.000000 0.000000 0 0 0 0 0 0 0 0 0 0 0 0 0 0
47026960 47054617 7220 0.000000 0.000000 7220 7220.000000 0.000000 0 0 0 0 0 0 0 0 0 0 0 0 0 0
47064814 47093972 7613 0.000000 0.000000 7613 7613.000000 0.000000 0 0 0 0 0 0 0 0 0 0 0 0 0 0
47102750 47131815 7587 0.428571 0.285714 7587 7586.714355 0.285714 0 0 0 0 1 0 2 0 0 1 0 0 0 0
47142012 47171171 7611 0.357143 0.357143 7611 7610.643066 0.357143 0 0 0 2 0 0 1 0 1 0 1 0 0 0
47179953 47209024 7589 1.642857 1.500000 7589 7587.500000 1.500000 2 3 1 1 2 1 0 3 1 1 2 1 1 2
47219218 47246903 7229 3.142857 3.000000 7229 7226.000000 3.000000 3 2 4 5 3 5 2 4 1 3 2 4 1 3
47257094 47286292 7624 7.928571 7.785714 7624 7616.214355 7.785714 9 8 9 10 4 8 4 5 16 6 7 9 7 7
47296481 47324135 7220 11.428572 10.857142 7220 7209.143066 10.857142 12 6 9 5 13 12 13 12 12 14 13 12 8 11
47334328 47363455 7603 16.714285 16.500000 7603 7586.500000 16.500000 16 9 13 12 17 24 13 16 21 26 19 20 14 11
47373650 47401342 7227 16.428572 15.571428 7227 7211.428711 15.571428 14 10 12 14 13 22 13 26 19 20 12 18 13 12
47411545 47440735 7620 14.785714 14.285714 7620 7605.714355 14.285714 17 17 8 8 14 19 7 13 19 21 17 16 13 11
47449417 47478586 7616 13.928572 13.357142 7616 7602.643066 13.357142 8 9 17 16 16 13 8 13 18 24 17 8 11 9
47488789 47517889 7598 8.214286 7.785714 7598 7590.214355 7.785714 10 7 8 7 7 9 7 5 8 7 11 7 6 10
47526683 47555781 7596 4.000000 3.785714 7596 7592.214355 3.785714 5 2 4 6 4 9 2 3 3 4 2 3 4 2
47565968 47595130 7613 2.000000 2.000000 7613 7611.000000 2.000000 3 1 1 2 1 1 3 1 5 4 1 4 0 1
47603916 47633070 7610 0.928571 0.857143 7610 7609.143066 0.857143 0 1 1 1 1 0 0 3 0 0 1 2 1 1
47643265 47672413 7609 0.357143 0.357143 7609 7608.643066 0.357143 0 0 0 1 0 0 2 0 0 1 0 0 1 0
47681123 47710209 7595 0.142857 0.142857 7595 7594.856934 0.142857 1 0 0 0 0 0 0 0 0 0 1 0 0 0
47720402 47748146 7243 0.071429 0.071429 7243 7242.928711 0.071429 0 0 0 0 1 0 0 0 0 0 0 0 0 0
47758342 47787421 7590 0.000000 0.000000 7590 7590.000000 0.000000 0 0 0 0 0 0 0 0 0 0 0 0 0 0
47797713 47825366 7218 0.000000 0.000000 7218 7218.000000 0.000000 0 0 0 0 0 0 0 0 0 0 0 0 0 0
47835558 47864726 7614 0.000000 0.000000 7614 7614.000000 0.000000 0 0 0 0 0 0 0 0 0 0 0 0 0 0
47927352 47956487 7605 17.642857 17.071428 7605 7587.928711 17.071428 17 12 14 13 13 18 16 17 15 37 18 14 21 14
