27 32
46817125 46844873 7243 7.428571 7.357143 7243 7235.643066 7.357143 0 0 12 7 1 0 0 11 17 17 14 10 13 1
46910401 46939487 7586 0.000000 0.000000 7586 7586.000000 0.000000 0 0 0 0 0 0 0 0 0 0 0 0 0 0
46949675 46977369 7221 0.000000 0.000000 7221 7221.000000 0.000000 0 0 0 0 0 0 0 0 0 0 0 0 0 0
46987562 47016766 7616 0.000000 0.000000 7616 7616.000000 0.000000 0 0 0 0 0 0 0 0 0 0 0 0 0 0
47026960 47054617 7216 0.000000 0.000000 7216 7216.000000 0.000000 0 0 0 0 0 0 0 0 0 0 0 0 0 0
47064814 47093972 7610 0.142857 0.142857 7610 7609.856934 0.142857 0 0 0 0 0 0 0 0 1 0 1 0 0 0
47102750 47131815 7580 0.214286 0.214286 7580 7579.785645 0.214286 0 0 2 0 0 0 0 0 0 1 0 0 0 0
47142012 47171171 7607 0.071429 0.071429 7607 7606.928711 0.071429 0 0 0 0 0 0 0 0 0 0 1 0 0 0
47179953 47209024 7583 0.428571 0.428571 7583 7582.571289 0.428571 0 0 1 1 0 0 0 0 1 0 2 0 1 0
47219218 47246903 7223 1.428571 1.428571 7223 7221.571289 1.428571 0 0 1 4 0 0 0 4 2 2 4 1 2 0
47257094 47286292 7620 4.642857 4.642857 7620 7615.356934 4.642857 0 0 8 7 0 0 0 10 6 8 9 7 10 0
47296481 47324135 7217 7.928571 7.785714 7217 7209.214355 7.785714 0 0 23 15 0 0 0 9 17 17 10 9 8 1
47334328 47363455 7597 7.714286 7.500000 7597 7589.500000 7.500000 0 0 15 8 0 0 0 20 9 15 10 16 12 0
47373650 47401342 7222 10.785714 10.285714 7222 7211.714355 10.285714 0 0 25 14 2 0 0 15 17 23 20 16 12 0
47411545 47440735 7614 9.571428 9.571428 7614 7604.428711 9.571428 0 0 17 11 0 0 0 13 25 17 14 19 18 0
47449417 47478586 7612 7.142857 6.928571 7612 7605.071289 6.928571 0 0 7 14 0 0 0 12 12 21 10 8 13 0
47488789 47517889 7595 4.000000 4.000000 7595 7591.000000 4.000000 0 0 3 8 0 0 0 10 8 7 5 9 6 0
47526683 47555781 7589 1.928571 1.928571 7589 7587.071289 1.928571 0 0 2 1 0 1 0 1 4 6 6 4 2 0
47565968 47595130 7607 1.142857 1.142857 7607 7605.856934 1.142857 0 0 0 1 0 0 1 4 2 2 3 1 2 0
47603916 47633070 7605 0.214286 0.142857 7605 7604.856934 0.142857 0 0 0 0 0 0 0 1 0 0 0 1 0 0
47643265 47672413 7603 0.142857 0.142857 7603 7602.856934 0.142857 0 0 0 1 0 0 0 0 1 0 0 0 0 0
47681123 47710209 7590 0.071429 0.071429 7590 7589.928711 0.071429 0 0 0 0 0 0 0 0 0 0 1 0 0 0
47720402 47748146 7240 0.071429 0.071429 7240 7239.928711 0.071429 0 0 0 0 0 0 0 0 0 0 1 0 0 0
47758342 47787421 7585 0.071429 0.000000 7585 7585.000000 0.000000 0 0 0 0 0 0 0 0 0 0 0 0 0 0
47797713 47825366 7212 0.000000 0.000000 7212 7212.000000 0.000000 0 0 0 0 0 0 0 0 0 0 0 0 0 0
47835558 47864726 7608 0.000000 0.000000 7608 7608.000000 0.000000 0 0 0 0 0 0 0 0 0 0 0 0 0 0
47927352 47956487 7598 9.857142 9.500000 7598 7588.500000 9.500000 0 0 14 14 0 0 0 17 20 22 13 23 10 0
