27 32
46817125 46844873 7243 16.857143 16.428572 7243 7226.571289 16.428572 11 16 15 14 15 21 16 25 17 13 20 15 24 8
46910401 46939487 7593 0.000000 0.000000 7593 7593.000000 0.000000 0 0 0 0 0 0 0 0 0 0 0 0 0 0
46949675 46977369 7225 0.071429 0.071429 7225 7224.928711 0.071429 0 0 0 1 0 0 0 0 0 0 0 0 0 0
46987562 47016766 7624 0.071429 0.071429 7624 7623.928711 0.071429 0 0 1 0 0 0 0 0 0 0 0 0 0 0
47026960 47054617 7221 0.000000 0.000000 7221 7221.000000 0.000000 0 0 0 0 0 0 0 0 0 0 0 0 0 0
47064814 47093972 7613 0.071429 0.071429 7613 7612.928711 0.071429 0 0 0 0 0 0 0 0 0 1 0 0 0 0
47102750 47131815 7587 0.071429 0.071429 7587 7586.928711 0.071429 0 0 1 0 0 0 0 0 0 0 0 0 0 0
47142012 47171171 7612 0.357143 0.285714 7612 7611.714355 0.285714 0 0 0 0 3 0 0 0 0 0 0 0 0 1
47179953 47209024 7588 1.571429 1.571429 7588 7586.428711 1.571429 1 1 2 0 2 1 4 2 2 1 1 2 2 1
47219218 47246903 7228 3.785714 3.500000 7228 7224.500000 3.500000 5 3 3 4 5 5 1 3 1 9 3 3 2 2
47257094 47286292 7624 6.714286 6.428571 7624 7617.571289 6.428571 7 3 7 8 3 7 9 5 8 9 8 8 7 1
47296481 47324135 7220 11.642858 11.214286 7220 7208.785645 11.214286 12 9 16 11 18 9 10 6 13 11 8 13 9 12
47334328 47363455 7603 14.357142 13.714286 7603 7589.285645 13.714286 11 12 14 12 9 15 17 17 20 18 17 10 10 10
47373650 47401342 7227 16.071428 15.928572 7227 7211.071289 15.928572 14 14 10 16 9 17 19 21 19 29 13 12 21 9
47411545 47440735 7620 16.071428 15.857142 7620 7604.143066 15.857142 11 12 9 11 9 22 11 17 28 21 16 25 21 9
47449417 47478586 7616 12.500000 12.000000 7616 7604.000000 12.000000 6 6 9 13 13 18 7 16 18 12 17 13 10 10
47488789 47517889 7598 9.071428 8.642858 7598 7589.356934 8.642858 7 6 11 8 11 5 11 8 8 11 9 11 10 5
47526683 47555781 7596 3.285714 3.214286 7596 7592.785645 3.214286 3 0 4 0 3 6 6 3 7 2 3 2 3 3
47565968 47595130 7612 1.785714 1.785714 7612 7610.214355 1.785714 1 1 0 4 0 1 2 6 4 0 3 1 1 1
47603916 47633070 7611 1.071429 1.000000 7611 7610.000000 1.000000 1 1 2 0 1 4 1 1 1 0 1 0 1 0
47643265 47672413 7609 0.071429 0.071429 7609 7608.928711 0.071429 0 0 0 0 0 0 1 0 0 0 0 0 0 0
47681123 47710209 7594 0.071429 0.071429 7594 7593.928711 0.071429 0 0 0 0 1 0 0 0 0 0 0 0 0 0
47720402 47748146 7244 0.000000 0.000000 7244 7244.000000 0.000000 0 0 0 0 0 0 0 0 0 0 0 0 0 0
47758342 47787421 7591 0.000000 0.000000 7591 7591.000000 0.000000 0 0 0 0 0 0 0 0 0 0 0 0 0 0
47797713 47825366 7218 0.000000 0.000000 7218 7218.000000 0.000000 0 0 0 0 0 0 0 0 0 0 0 0 0 0
47835558 47864726 7613 0.071429 0.071429 7613 7612.928711 0.071429 0 1 0 0 0 0 0 0 0 0 0 0 0 0
47927352 47956487 7606 17.142857 16.857143 7606 7589.143066 16.857143 19 8 17 17 11 20 14 26 24 17 13 19 18 13
