27 32
46817125 46844873 7244 8.642858 8.500000 7244 7235.500000 8.500000 0 0 0 0 15 12 10 22 29 15 0 0 0 16
46910401 46939487 7593 0.000000 0.000000 7593 7593.000000 0.000000 0 0 0 0 0 0 0 0 0 0 0 0 0 0
46949675 46977369 7225 0.071429 0.000000 7225 7225.000000 0.000000 0 0 0 0 0 0 0 0 0 0 0 0 0 0
46987562 47016766 7624 0.000000 0.000000 7624 7624.000000 0.000000 0 0 0 0 0 0 0 0 0 0 0 0 0 0
47026960 47054617 7221 0.142857 0.142857 7221 7220.856934 0.142857 0 0 0 0 1 1 0 0 0 0 0 0 0 0
47064814 47093972 7614 0.000000 0.000000 7614 7614.000000 0.000000 0 0 0 0 0 0 0 0 0 0 0 0 0 0
47102750 47131815 7587 0.357143 0.357143 7587 7586.643066 0.357143 0 0 0 0 0 1 2 0 1 0 0 0 0 1
47142012 47171171 7612 0.571429 0.571429 7612 7611.428711 0.571429 0 0 0 0 0 0 3 0 2 2 0 0 0 1
47179953 47209024 7589 1.071429 1.071429 7589 7587.928711 1.071429 0 0 0 0 1 4 3 1 3 3 0 0 0 0
47219218 47246903 7228 1.857143 1.857143 7228 7226.143066 1.857143 0 0 0 0 5 5 1 4 7 1 0 0 0 3
47257094 47286292 7624 3.142857 2.928571 7624 7621.071289 2.928571 0 0 0 0 10 6 4 6 4 8 0 0 0 3
47296481 47324135 7220 4.214286 3.928571 7220 7216.071289 3.928571 0 0 0 0 3 4 8 7 12 14 0 0 0 7
47334328 47363455 7604 8.357142 8.142858 7604 7595.856934 8.142858 0 1 0 0 20 10 8 19 16 28 0 0 0 12
47373650 47401342 7227 7.928571 7.785714 7227 7219.214355 7.785714 0 0 0 1 6 16 13 19 11 30 0 0 0 13
47411545 47440735 7620 7.642857 7.357143 7620 7612.643066 7.357143 0 0 0 0 17 16 11 20 14 19 0 0 0 6
47449417 47478586 7616 6.214286 5.928571 7616 7610.071289 5.928571 0 0 0 0 12 16 7 13 14 10 0 0 0 11
47488789 47517889 7598 3.428571 3.428571 7598 7594.571289 3.428571 0 0 0 0 6 5 10 5 10 7 0 0 0 5
47526683 47555781 7595 2.214286 2.214286 7595 7592.785645 2.214286 0 0 0 0 4 5 3 3 7 5 0 0 0 4
47565968 47595130 7612 0.928571 0.857143 7612 7611.143066 0.857143 0 0 0 0 3 1 2 4 0 1 0 0 0 1
47603916 47633070 7610 0.500000 0.500000 7610 7609.500000 0.500000 0 0 0 0 0 1 1 1 0 3 0 0 0 1
47643265 47672413 7608 0.142857 0.142857 7608 7607.856934 0.142857 0 0 0 0 0 0 0 0 1 1 0 0 0 0
47681123 47710209 7594 0.000000 0.000000 7594 7594.000000 0.000000 0 0 0 0 0 0 0 0 0 0 0 0 0 0
47720402 47748146 7243 0.000000 0.000000 7243 7243.000000 0.000000 0 0 0 0 0 0 0 0 0 0 0 0 0 0
47758342 47787421 7591 0.000000 0.000000 7591 7591.000000 0.000000 0 0 0 0 0 0 0 0 0 0 0 0 0 0
47797713 47825366 7218 0.000000 0.000000 7218 7218.000000 0.000000 0 0 0 0 0 0 0 0 0 0 0 0 0 0
47835558 47864726 7614 0.000000 0.000000 7614 7614.000000 0.000000 0 0 0 0 0 0 0 0 0 0 0 0 0 0
47927352 47956487 7605 7.500000 7.285714 7605 7597.714355 7.285714 0 0 0 0 8 8 16 18 20 19 0 0 0 13
