27 32
46817125 46844873 7245 16.071428 15.428572 7245 7229.571289 15.428572 28 17 16 11 20 15 13 11 15 16 15 16 9 14
46910401 46939487 7592 0.071429 0.071429 7592 7591.928711 0.071429 0 0 0 1 0 0 0 0 0 0 0 0 0 0
46949675 46977369 7225 0.000000 0.000000 7225 7225.000000 0.000000 0 0 0 0 0 0 0 0 0 0 0 0 0 0
46987562 47016766 7623 0.000000 0.000000 7623 7623.000000 0.000000 0 0 0 0 0 0 0 0 0 0 0 0 0 0
47026960 47054617 7220 0.000000 0.000000 7220 7220.000000 0.000000 0 0 0 0 0 0 0 0 0 0 0 0 0 0
47064814 47093972 7613 0.071429 0.071429 7613 7612.928711 0.071429 0 0 0 0 0 0 0 1 0 0 0 0 0 0
47102750 47131815 7587 0.285714 0.214286 7587 7586.785645 0.214286 1 0 0 0 0 0 0 0 1 0 0 0 0 1
47142012 47171171 7611 0.928571 0.928571 7611 7610.071289 0.928571 1 0 0 3 2 1 1 0 3 0 1 0 0 1
47179953 47209024 7589 2.071429 2.000000 7589 7587.000000 2.000000 2 3 4 1 2 2 2 2 4 2 1 1 2 0
47219218 47246903 7228 4.000000 3.785714 7228 7224.214355 3.785714 9 7 5 6 0 1 2 5 5 1 3 7 1 1
47257094 47286292 7624 6.785714 6.642857 7624 7617.356934 6.642857 9 9 7 5 7 6 6 7 9 4 7 7 3 7
47296481 47324135 7220 10.071428 9.928572 7220 7210.071289 9.928572 13 8 12 10 9 12 8 13 15 9 6 8 7 9
47334328 47363455 7603 14.357142 14.071428 7603 7588.928711 14.071428 19 18 15 10 7 8 11 14 20 15 18 18 11 13
47373650 47401342 7228 15.928572 15.428572 7228 7212.571289 15.428572 20 8 9 13 15 17 14 21 12 21 29 16 14 7
47411545 47440735 7620 15.142858 14.857142 7620 7605.143066 14.857142 8 13 10 14 10 14 19 15 22 19 20 17 9 18
47449417 47478586 7617 12.071428 11.928572 7617 7605.071289 11.928572 15 14 13 11 11 12 10 20 18 10 9 7 7 10
47488789 47517889 7598 7.071429 6.857143 7598 7591.143066 6.857143 6 9 8 6 4 7 9 9 3 10 11 3 4 7
47526683 47555781 7596 2.785714 2.785714 7596 7593.214355 2.785714 1 4 6 3 2 5 2 1 3 2 4 5 0 1
47565968 47595130 7613 1.642857 1.642857 7613 7611.356934 1.642857 4 0 2 0 0 2 2 1 4 2 0 2 2 2
47603916 47633070 7610 0.571429 0.500000 7610 7609.500000 0.500000 0 0 1 2 0 0 1 0 1 0 1 1 0 0
47643265 47672413 7609 0.214286 0.142857 7609 7608.856934 0.142857 0 0 0 0 0 0 0 0 0 0 0 0 1 1
47681123 47710209 7595 0.000000 0.000000 7595 7595.000000 0.000000 0 0 0 0 0 0 0 0 0 0 0 0 0 0
47720402 47748146 7243 0.071429 0.000000 7243 7243.000000 0.000000 0 0 0 0 0 0 0 0 0 0 0 0 0 0
47758342 47787421 7590 0.000000 0.000000 7590 7590.000000 0.000000 0 0 0 0 0 0 0 0 0 0 0 0 0 0
47797713 47825366 7218 0.071429 0.071429 7218 7217.928711 0.071429 0 0 0 0 0 1 0 0 0 0 0 0 0 0
47835558 47864726 7614 0.071429 0.071429 7614 7613.928711 0.071429 0 0 0 0 0 1 0 0 0 0 0 0 0 0
47927352 47956487 7605 18.071428 17.357143 7605 7587.643066 17.357143 17 16 17 18 16 28 14 12 14 18 22 16 16 19
