27 32
46817125 46844873 7246 14.500000 14.071428 7246 7231.928711 14.071428 21 11 0 0 19 13 13 18 20 19 20 10 17 16
46910401 46939487 7592 0.000000 0.000000 7592 7592.000000 0.000000 0 0 0 0 0 0 0 0 0 0 0 0 0 0
46949675 46977369 7227 0.000000 0.000000 7227 7227.000000 0.000000 0 0 0 0 0 0 0 0 0 0 0 0 0 0
46987562 47016766 7623 0.000000 0.000000 7623 7623.000000 0.000000 0 0 0 0 0 0 0 0 0 0 0 0 0 0
47026960 47054617 7221 0.071429 0.000000 7221 7221.000000 0.000000 0 0 0 0 0 0 0 0 0 0 0 0 0 0
47064814 47093972 7614 0.071429 0.071429 7614 7613.928711 0.071429 0 0 0 0 0 0 0 0 0 0 0 0 1 0
47102750 47131815 7588 0.285714 0.285714 7588 7587.714355 0.285714 0 0 0 0 1 1 0 0 2 0 0 0 0 0
47142012 47171171 7611 0.285714 0.285714 7611 7610.714355 0.285714 0 1 0 0 0 0 0 2 0 1 0 0 0 0
47179953 47209024 7589 1.857143 1.714286 7589 7587.285645 1.714286 3 3 0 0 2 1 1 2 4 3 0 2 1 2
47219218 47246903 7229 2.785714 2.714286 7229 7226.285645 2.714286 8 1 0 0 2 3 2 0 7 2 3 5 3 2
47257094 47286292 7623 7.857143 7.642857 7623 7615.356934 7.642857 12 4 0 0 6 9 8 8 8 13 8 15 10 6
47296481 47324135 7221 9.571428 9.428572 7221 7211.571289 9.428572 6 10 0 0 12 13 9 11 14 14 14 9 14 6
47334328 47363455 7603 12.714286 12.071428 7603 7590.928711 12.071428 13 12 0 0 14 18 13 14 19 18 16 11 11 10
47373650 47401342 7228 14.928572 14.428572 7228 7213.571289 14.428572 19 12 0 0 14 28 9 19 22 25 10 17 14 13
47411545 47440735 7620 13.857142 13.642858 7620 7606.356934 13.642858 20 22 0 0 11 22 10 15 25 14 22 8 11 11
47449417 47478586 7617 10.428572 10.214286 7617 7606.785645 10.214286 8 10 0 0 16 10 10 7 11 23 16 7 15 10
47488789 47517889 7598 6.357143 6.071429 7598 7591.928711 6.071429 3 6 0 0 4 10 7 5 15 9 6 7 9 4
47526683 47555781 7596 3.000000 2.928571 7596 7593.071289 2.928571 3 4 0 0 4 1 4 2 2 6 4 5 4 2
47565968 47595130 7614 1.071429 1.071429 7614 7612.928711 1.071429 1 1 0 0 1 2 0 0 3 1 2 1 2 1
47603916 47633070 7610 0.714286 0.642857 7610 7609.356934 0.642857 1 1 0 0 0 0 1 0 1 2 1 1 1 0
47643265 47672413 7609 0.357143 0.357143 7609 7608.643066 0.357143 1 1 0 0 0 1 0 2 0 0 0 0 0 0
47681123 47710209 7596 0.071429 0.071429 7596 7595.928711 0.071429 0 0 0 0 0 0 0 1 0 0 0 0 0 0
47720402 47748146 7245 0.000000 0.000000 7245 7245.000000 0.000000 0 0 0 0 0 0 0 0 0 0 0 0 0 0
47758342 47787421 7591 0.000000 0.000000 7591 7591.000000 0.000000 0 0 0 0 0 0 0 0 0 0 0 0 0 0
47797713 47825366 7217 0.000000 0.000000 7217 7217.000000 0.000000 0 0 0 0 0 0 0 0 0 0 0 0 0 0
47835558 47864726 7614 0.000000 0.000000 7614 7614.000000 0.000000 0 0 0 0 0 0 0 0 0 0 0 0 0 0
47927352 47956487 7605 14.142858 13.785714 7605 7591.214355 13.785714 14 20 1 1 10 20 8 13 19 17 24 23 14 9
