27 32
46817125 46844873 7243 16.857143 16.500000 7243 7226.500000 16.500000 25 20 14 11 16 16 15 14 26 18 16 13 16 11
46910401 46939487 7593 0.000000 0.000000 7593 7593.000000 0.000000 0 0 0 0 0 0 0 0 0 0 0 0 0 0
46949675 46977369 7225 0.000000 0.000000 7225 7225.000000 0.000000 0 0 0 0 0 0 0 0 0 0 0 0 0 0
46987562 47016766 7624 0.142857 0.071429 7624 7623.928711 0.071429 0 0 0 0 0 0 0 0 0 0 0 0 0 1
47026960 47054617 7221 0.071429 0.071429 7221 7220.928711 0.071429 1 0 0 0 0 0 0 0 0 0 0 0 0 0
47064814 47093972 7614 0.000000 0.000000 7614 7614.000000 0.000000 0 0 0 0 0 0 0 0 0 0 0 0 0 0
47102750 47131815 7587 0.142857 0.142857 7587 7586.856934 0.142857 0 0 0 0 0 0 0 1 0 1 0 0 0 0
47142012 47171171 7612 0.642857 0.642857 7612 7611.356934 0.642857 0 0 0 1 0 1 0 0 1 1 2 1 1 1
47179953 47209024 7589 1.000000 1.000000 7589 7588.000000 1.000000 3 1 2 1 0 1 0 1 3 0 0 0 2 0
47219218 47246903 7228 2.857143 2.857143 7228 7225.143066 2.857143 4 5 3 1 3 4 3 2 3 2 3 1 4 2
47257094 47286292 7624 6.857143 6.428571 7624 7617.571289 6.428571 5 7 7 5 7 7 3 4 10 7 9 4 8 7
47296481 47324135 7220 11.357142 11.285714 7220 7208.714355 11.285714 16 12 15 7 15 6 6 9 15 13 16 13 8 7
47334328 47363455 7603 14.071428 13.500000 7603 7589.500000 13.500000 17 11 12 7 21 11 11 21 18 18 8 14 11 9
47373650 47401342 7227 16.000000 15.785714 7227 7211.214355 15.785714 14 15 18 7 16 19 10 20 27 20 13 10 14 18
47411545 47440735 7620 15.571428 15.071428 7620 7604.928711 15.071428 20 11 10 20 8 17 13 16 32 16 18 14 10 6
47449417 47478586 7616 12.285714 12.000000 7616 7604.000000 12.000000 10 13 9 9 12 14 11 12 18 20 14 7 8 11
47488789 47517889 7598 8.714286 8.571428 7598 7589.428711 8.571428 6 15 7 8 3 10 8 9 12 8 10 9 4 11
47526683 47555781 7596 4.428571 4.357143 7596 7591.643066 4.357143 5 3 7 3 3 5 4 7 3 4 7 8 0 2
47565968 47595130 7612 1.785714 1.785714 7612 7610.214355 1.785714 1 3 0 3 0 2 4 2 4 0 2 3 1 0
47603916 47633070 7611 0.714286 0.714286 7611 7610.285645 0.714286 1 1 1 0 0 0 0 1 1 1 0 1 2 1
47643265 47672413 7609 0.071429 0.071429 7609 7608.928711 0.071429 0 1 0 0 0 0 0 0 0 0 0 0 0 0
47681123 47710209 7594 0.000000 0.000000 7594 7594.000000 0.000000 0 0 0 0 0 0 0 0 0 0 0 0 0 0
47720402 47748146 7244 0.071429 0.071429 7244 7243.928711 0.071429 0 0 0 0 0 0 0 0 0 0 0 1 0 0
47758342 47787421 7591 0.071429 0.071429 7591 7590.928711 0.071429 1 0 0 0 0 0 0 0 0 0 0 0 0 0
47797713 47825366 7218 0.000000 0.000000 7218 7218.000000 0.000000 0 0 0 0 0 0 0 0 0 0 0 0 0 0
47835558 47864726 7613 0.000000 0.000000 7613 7613.000000 0.000000 0 0 0 0 0 0 0 0 0 0 0 0 0 0
47927352 47956487 7606 17.214285 16.714285 7606 7589.285645 16.714285 18 16 22 14 12 24 22 13 16 25 12 10 15 15
