27 32
46817125 46844873 7246 15.500000 15.142858 7246 7230.856934 15.142858 15 11 7 15 19 19 9 23 18 18 20 20 9 9
46910401 46939487 7592 0.000000 0.000000 7592 7592.000000 0.000000 0 0 0 0 0 0 0 0 0 0 0 0 0 0
46949675 46977369 7227 0.000000 0.000000 7227 7227.000000 0.000000 0 0 0 0 0 0 0 0 0 0 0 0 0 0
46987562 47016766 7623 0.000000 0.000000 7623 7623.000000 0.000000 0 0 0 0 0 0 0 0 0 0 0 0 0 0
47026960 47054617 7221 0.000000 0.000000 7221 7221.000000 0.000000 0 0 0 0 0 0 0 0 0 0 0 0 0 0
47064814 47093972 7613 0.214286 0.142857 7613 7612.856934 0.142857 0 0 0 0 0 0 0 0 0 0 0 0 1 1
47102750 47131815 7587 0.357143 0.357143 7587 7586.643066 0.357143 0 2 1 0 0 1 1 0 0 0 0 0 0 0
47142012 47171171 7611 0.785714 0.785714 7611 7610.214355 0.785714 0 1 1 4 0 0 0 0 0 1 1 1 0 2
47179953 47209024 7589 2.285714 2.285714 7589 7586.714355 2.285714 5 3 0 2 0 1 2 1 1 4 3 3 3 4
47219218 47246903 7229 3.928571 3.785714 7229 7225.214355 3.785714 6 3 5 5 2 5 5 4 5 5 2 3 2 1
47257094 47286292 7623 6.714286 6.428571 7623 7616.571289 6.428571 6 13 5 1 3 6 3 4 12 12 8 9 5 3
47296481 47324135 7221 11.071428 10.928572 7221 7210.071289 10.928572 15 11 8 7 14 9 4 10 19 17 12 10 6 11
47334328 47363455 7603 16.785715 16.071428 7603 7586.928711 16.071428 22 23 12 13 18 16 8 10 23 17 16 19 14 14
47373650 47401342 7228 15.714286 15.071428 7228 7212.928711 15.071428 24 16 5 13 6 14 15 16 15 28 17 12 16 14
47411545 47440735 7619 13.857142 13.285714 7619 7605.714355 13.285714 13 13 10 9 4 18 11 14 18 16 11 13 17 19
47449417 47478586 7617 12.214286 12.000000 7617 7605.000000 12.000000 17 14 11 5 13 12 17 13 18 12 14 9 8 5
47488789 47517889 7598 7.928571 7.785714 7598 7590.214355 7.785714 13 5 4 4 11 5 10 12 11 7 9 8 4 6
47526683 47555781 7596 4.285714 4.071429 7596 7591.928711 4.071429 10 3 4 6 1 3 3 5 4 6 0 4 4 4
47565968 47595130 7613 2.285714 2.071429 7613 7610.928711 2.071429 5 4 3 3 0 1 3 1 3 2 1 2 1 0
47603916 47633070 7610 0.857143 0.785714 7610 7609.214355 0.785714 2 2 1 1 0 0 0 1 2 1 0 0 1 0
47643265 47672413 7609 0.214286 0.214286 7609 7608.785645 0.214286 0 0 1 0 1 0 0 0 0 0 0 0 1 0
47681123 47710209 7595 0.142857 0.142857 7595 7594.856934 0.142857 1 0 0 0 1 0 0 0 0 0 0 0 0 0
47720402 47748146 7244 0.142857 0.142857 7244 7243.856934 0.142857 0 0 1 0 1 0 0 0 0 0 0 0 0 0
47758342 47787421 7590 0.142857 0.071429 7590 7589.928711 0.071429 0 0 0 0 0 0 0 0 0 0 0 0 1 0
47797713 47825366 7217 0.071429 0.000000 7217 7217.000000 0.000000 0 0 0 0 0 0 0 0 0 0 0 0 0 0
47835558 47864726 7614 0.071429 0.071429 7614 7613.928711 0.071429 0 0 0 0 0 0 0 1 0 0 0 0 0 0
47927352 47956487 7605 15.714286 15.357142 7605 7589.643066 15.357142 17 17 12 10 23 12 16 24 16 14 16 12 13 13
