27 32
46817125 46844873 7243 15.428572 15.000000 7243 7228.000000 15.000000 15 16 15 13 15 15 19 22 11 23 16 8 8 14
46910401 46939487 7592 0.000000 0.000000 7592 7592.000000 0.000000 0 0 0 0 0 0 0 0 0 0 0 0 0 0
46949675 46977369 7226 0.000000 0.000000 7226 7226.000000 0.000000 0 0 0 0 0 0 0 0 0 0 0 0 0 0
46987562 47016766 7623 0.000000 0.000000 7623 7623.000000 0.000000 0 0 0 0 0 0 0 0 0 0 0 0 0 0
47026960 47054617 7221 0.000000 0.000000 7221 7221.000000 0.000000 0 0 0 0 0 0 0 0 0 0 0 0 0 0
47064814 47093972 7613 0.071429 0.000000 7613 7613.000000 0.000000 0 0 0 0 0 0 0 0 0 0 0 0 0 0
47102750 47131815 7587 0.214286 0.214286 7587 7586.785645 0.214286 0 0 0 0 0 0 0 1 0 0 0 1 0 1
47142012 47171171 7611 0.714286 0.642857 7611 7610.356934 0.642857 1 1 1 0 0 1 0 2 0 0 1 1 0 1
47179953 47209024 7587 1.642857 1.642857 7587 7585.356934 1.642857 7 2 0 2 3 1 1 3 0 1 2 1 0 0
47219218 47246903 7227 3.571429 3.571429 7227 7223.428711 3.571429 3 1 5 3 1 5 2 5 3 5 1 7 6 3
47257094 47286292 7623 8.285714 8.071428 7623 7614.928711 8.071428 10 12 7 6 8 8 5 2 5 8 9 12 13 8
47296481 47324135 7219 10.785714 10.500000 7219 7208.500000 10.500000 11 10 12 11 9 8 11 9 8 14 13 7 11 13
47334328 47363455 7603 14.714286 14.428572 7603 7588.571289 14.428572 14 11 15 10 15 17 6 14 19 20 20 14 16 11
47373650 47401342 7227 15.714286 15.071428 7227 7211.928711 15.071428 21 13 10 11 7 21 24 8 15 16 10 17 17 21
47411545 47440735 7619 16.714285 16.214285 7619 7602.785645 16.214285 17 19 14 15 11 17 13 20 22 14 24 16 11 14
47449417 47478586 7616 10.928572 10.428572 7616 7605.571289 10.428572 10 15 9 4 6 17 7 19 12 14 8 10 5 10
47488789 47517889 7598 7.000000 6.857143 7598 7591.143066 6.857143 5 10 5 5 5 6 6 9 11 4 8 8 4 10
47526683 47555781 7596 3.571429 3.428571 7596 7592.571289 3.428571 3 1 2 5 2 4 1 5 1 7 4 4 5 4
47565968 47595130 7612 1.500000 1.428571 7612 7610.571289 1.428571 0 1 2 0 0 1 1 3 1 4 1 5 1 0
47603916 47633070 7610 0.642857 0.642857 7610 7609.356934 0.642857 0 0 1 0 0 1 1 0 2 0 2 1 0 1
47643265 47672413 7609 0.071429 0.071429 7609 7608.928711 0.071429 0 0 0 0 0 0 0 0 0 0 1 0 0 0
47681123 47710209 7595 0.142857 0.142857 7595 7594.856934 0.142857 0 0 0 0 0 0 0 0 0 0 1 0 0 1
47720402 47748146 7243 0.071429 0.071429 7243 7242.928711 0.071429 0 0 0 0 0 1 0 0 0 0 0 0 0 0
47758342 47787421 7589 0.000000 0.000000 7589 7589.000000 0.000000 0 0 0 0 0 0 0 0 0 0 0 0 0 0
47797713 47825366 7217 0.000000 0.000000 7217 7217.000000 0.000000 0 0 0 0 0 0 0 0 0 0 0 0 0 0
47835558 47864726 7614 0.000000 0.000000 7614 7614.000000 0.000000 0 0 0 0 0 0 0 0 0 0 0 0 0 0
47927352 47956487 7605 15.500000 15.142858 7605 7589.856934 15.142858 18 18 14 16 19 14 14 16 18 16 11 12 15 11
