27 32
46817125 46844873 7244 13.357142 13.071428 7244 7230.928711 13.071428 25 21 7 11 12 19 14 1 0 0 17 23 15 18
46910401 46939487 7593 0.000000 0.000000 7593 7593.000000 0.000000 0 0 0 0 0 0 0 0 0 0 0 0 0 0
46949675 46977369 7225 0.000000 0.000000 7225 7225.000000 0.000000 0 0 0 0 0 0 0 0 0 0 0 0 0 0
46987562 47016766 7624 0.000000 0.000000 7624 7624.000000 0.000000 0 0 0 0 0 0 0 0 0 0 0 0 0 0
47026960 47054617 7221 0.000000 0.000000 7221 7221.000000 0.000000 0 0 0 0 0 0 0 0 0 0 0 0 0 0
47064814 47093972 7614 0.000000 0.000000 7614 7614.000000 0.000000 0 0 0 0 0 0 0 0 0 0 0 0 0 0
47102750 47131815 7587 0.142857 0.142857 7587 7586.856934 0.142857 0 1 0 0 0 1 0 0 0 0 0 0 0 0
47142012 47171171 7612 0.428571 0.357143 7612 7611.643066 0.357143 1 0 2 0 0 0 0 0 0 0 0 2 0 0
47179953 47209024 7589 1.142857 1.142857 7589 7587.856934 1.142857 1 1 2 2 2 1 0 0 0 0 1 0 2 4
47219218 47246903 7228 2.571429 2.285714 7228 7225.714355 2.285714 6 4 7 4 0 3 2 0 0 0 2 0 3 1
47257094 47286292 7624 4.857143 4.571429 7624 7619.428711 4.571429 6 5 2 9 7 8 5 0 0 0 8 3 2 9
47296481 47324135 7220 7.000000 6.857143 7220 7213.143066 6.857143 10 7 5 5 6 13 12 0 0 0 8 9 9 12
47334328 47363455 7603 12.571428 12.285714 7603 7590.714355 12.285714 20 14 14 10 14 24 17 0 0 0 17 14 16 12
47373650 47401342 7227 13.357142 13.071428 7227 7213.928711 13.071428 18 11 14 11 11 24 21 1 0 1 19 17 18 17
47411545 47440735 7620 11.214286 10.785714 7620 7609.214355 10.785714 22 12 17 16 18 12 8 0 0 0 15 12 10 9
47449417 47478586 7616 8.357142 7.928571 7616 7608.071289 7.928571 15 14 12 12 6 10 8 0 0 0 7 7 9 11
47488789 47517889 7598 5.642857 5.428571 7598 7592.571289 5.428571 7 5 9 5 10 8 7 0 0 0 6 5 9 5
47526683 47555781 7595 2.071429 2.000000 7595 7593.000000 2.000000 3 3 5 1 1 1 3 0 0 0 7 0 0 4
47565968 47595130 7612 1.357143 1.285714 7612 7610.714355 1.285714 1 3 5 0 1 0 0 0 0 0 1 3 2 2
47603916 47633070 7610 0.357143 0.285714 7610 7609.714355 0.285714 1 0 0 0 0 1 1 0 0 0 0 0 0 1
47643265 47672413 7608 0.214286 0.214286 7608 7607.785645 0.214286 1 0 0 0 0 0 1 0 0 0 1 0 0 0
47681123 47710209 7594 0.071429 0.071429 7594 7593.928711 0.071429 0 0 0 1 0 0 0 0 0 0 0 0 0 0
47720402 47748146 7243 0.071429 0.071429 7243 7242.928711 0.071429 0 0 0 0 0 0 0 0 0 0 0 1 0 0
47758342 47787421 7591 0.071429 0.000000 7591 7591.000000 0.000000 0 0 0 0 0 0 0 0 0 0 0 0 0 0
47797713 47825366 7218 0.000000 0.000000 7218 7218.000000 0.000000 0 0 0 0 0 0 0 0 0 0 0 0 0 0
47835558 47864726 7614 0.000000 0.000000 7614 7614.000000 0.000000 0 0 0 0 0 0 0 0 0 0 0 0 0 0
47927352 47956487 7605 11.642858 11.428572 7605 7593.571289 11.428572 20 16 8 11 15 11 9 0 1 0 16 16 16 21
