27 32
46817125 46844873 7245 15.571428 15.071428 7245 7229.928711 15.071428 19 17 13 15 18 15 14 17 16 15 10 16 16 10
46910401 46939487 7592 0.071429 0.071429 7592 7591.928711 0.071429 0 0 0 0 0 0 0 0 1 0 0 0 0 0
46949675 46977369 7225 0.000000 0.000000 7225 7225.000000 0.000000 0 0 0 0 0 0 0 0 0 0 0 0 0 0
46987562 47016766 7623 0.000000 0.000000 7623 7623.000000 0.000000 0 0 0 0 0 0 0 0 0 0 0 0 0 0
47026960 47054617 7220 0.000000 0.000000 7220 7220.000000 0.000000 0 0 0 0 0 0 0 0 0 0 0 0 0 0
47064814 47093972 7613 0.000000 0.000000 7613 7613.000000 0.000000 0 0 0 0 0 0 0 0 0 0 0 0 0 0
47102750 47131815 7587 0.142857 0.142857 7587 7586.856934 0.142857 0 0 0 0 1 0 0 0 0 0 0 0 1 0
47142012 47171171 7611 0.857143 0.714286 7611 7610.285645 0.714286 0 0 0 1 1 2 0 1 2 2 1 0 0 0
47179953 47209024 7589 1.571429 1.500000 7589 7587.500000 1.500000 0 1 1 2 2 2 1 4 3 3 2 0 0 0
47219218 47246903 7229 3.428571 3.285714 7229 7225.714355 3.285714 5 4 4 1 2 5 4 4 0 3 4 4 1 5
47257094 47286292 7624 7.500000 7.214286 7624 7616.785645 7.214286 8 4 5 2 6 8 7 14 10 11 8 10 4 4
47296481 47324135 7220 8.714286 8.500000 7220 7211.500000 8.500000 15 9 11 9 6 11 6 15 4 11 10 3 5 4
47334328 47363455 7603 15.571428 15.214286 7603 7587.785645 15.214286 19 22 11 13 17 15 17 13 15 12 17 7 13 22
47373650 47401342 7227 16.142857 15.571428 7227 7211.428711 15.571428 19 22 8 20 21 15 15 16 14 18 12 14 12 12
47411545 47440735 7620 15.428572 15.142858 7620 7604.856934 15.142858 23 17 8 15 14 18 18 16 18 12 14 15 12 12
47449417 47478586 7616 12.571428 12.214286 7616 7603.785645 12.214286 15 11 1 8 14 12 12 15 21 17 13 14 11 7
47488789 47517889 7598 7.928571 7.785714 7598 7590.214355 7.785714 11 9 7 6 10 14 4 4 6 10 9 8 4 7
47526683 47555781 7595 3.071429 2.928571 7595 7592.071289 2.928571 3 3 3 1 3 1 5 1 1 3 6 5 2 4
47565968 47595130 7613 1.714286 1.571429 7613 7611.428711 1.571429 1 0 0 1 1 4 2 1 2 2 2 3 2 1
47603916 47633070 7610 0.571429 0.500000 7610 7609.500000 0.500000 2 1 1 0 0 0 0 0 1 0 1 0 0 1
47643265 47672413 7609 0.571429 0.428571 7609 7608.571289 0.428571 0 0 2 0 0 1 1 0 0 1 0 1 0 0
47681123 47710209 7595 0.071429 0.071429 7595 7594.928711 0.071429 0 0 1 0 0 0 0 0 0 0 0 0 0 0
47720402 47748146 7243 0.214286 0.214286 7243 7242.785645 0.214286 0 1 0 0 0 1 0 0 0 0 0 1 0 0
47758342 47787421 7591 0.000000 0.000000 7591 7591.000000 0.000000 0 0 0 0 0 0 0 0 0 0 0 0 0 0
47797713 47825366 7218 0.000000 0.000000 7218 7218.000000 0.000000 0 0 0 0 0 0 0 0 0 0 0 0 0 0
47835558 47864726 7614 0.071429 0.000000 7614 7614.000000 0.000000 0 0 0 0 0 0 0 0 0 0 0 0 0 0
47927352 47956487 7605 18.142857 17.642857 7605 7587.356934 17.642857 21 20 16 11 22 18 20 18 18 21 18 14 16 14
