27 32
46817125 46844873 7244 12.285714 11.857142 7244 7232.143066 11.857142 14 19 9 17 16 11 17 0 0 1 22 14 14 12
46910401 46939487 7593 0.000000 0.000000 7593 7593.000000 0.000000 0 0 0 0 0 0 0 0 0 0 0 0 0 0
46949675 46977369 7225 0.071429 0.071429 7225 7224.928711 0.071429 0 0 0 0 0 0 1 0 0 0 0 0 0 0
46987562 47016766 7624 0.000000 0.000000 7624 7624.000000 0.000000 0 0 0 0 0 0 0 0 0 0 0 0 0 0
47026960 47054617 7221 0.142857 0.071429 7221 7220.928711 0.071429 0 0 0 1 0 0 0 0 0 0 0 0 0 0
47064814 47093972 7614 0.000000 0.000000 7614 7614.000000 0.000000 0 0 0 0 0 0 0 0 0 0 0 0 0 0
47102750 47131815 7587 0.285714 0.285714 7587 7586.714355 0.285714 0 1 1 0 0 0 0 0 0 0 0 1 1 0
47142012 47171171 7612 0.571429 0.571429 7612 7611.428711 0.571429 1 2 1 0 0 3 0 0 0 0 1 0 0 0
47179953 47209024 7589 0.714286 0.714286 7589 7588.285645 0.714286 3 2 0 0 0 1 0 0 0 0 2 1 0 1
47219218 47246903 7228 1.714286 1.714286 7228 7226.285645 1.714286 2 1 2 4 3 4 0 0 0 0 1 2 4 1
47257094 47286292 7624 4.785714 4.785714 7624 7619.214355 4.785714 7 3 5 7 7 6 3 0 0 0 11 5 4 9
47296481 47324135 7220 7.500000 7.071429 7220 7212.928711 7.071429 6 9 9 13 10 8 5 0 0 0 7 13 15 4
47334328 47363455 7603 11.000000 10.357142 7603 7592.643066 10.357142 12 15 11 16 11 14 11 0 0 0 20 12 13 10
47373650 47401342 7227 12.428572 12.142858 7227 7214.856934 12.142858 17 19 15 10 19 12 13 0 1 0 20 13 16 15
47411545 47440735 7620 12.428572 12.357142 7620 7607.643066 12.357142 16 22 14 13 8 17 14 0 0 0 21 20 16 12
47449417 47478586 7616 10.000000 9.714286 7616 7606.285645 9.714286 14 7 16 8 7 13 10 0 0 0 13 11 22 15
47488789 47517889 7598 5.928571 5.857143 7598 7592.143066 5.857143 10 7 6 10 7 11 5 0 0 0 10 7 6 3
47526683 47555781 7595 2.785714 2.571429 7595 7592.428711 2.571429 4 4 4 4 5 3 2 0 0 0 2 1 4 3
47565968 47595130 7612 1.000000 0.928571 7612 7611.071289 0.928571 3 0 0 1 1 4 0 0 0 0 1 2 1 0
47603916 47633070 7610 0.857143 0.857143 7610 7609.143066 0.857143 1 2 1 2 0 1 2 0 0 0 0 1 0 2
47643265 47672413 7608 0.071429 0.071429 7608 7607.928711 0.071429 0 0 1 0 0 0 0 0 0 0 0 0 0 0
47681123 47710209 7594 0.000000 0.000000 7594 7594.000000 0.000000 0 0 0 0 0 0 0 0 0 0 0 0 0 0
47720402 47748146 7244 0.071429 0.071429 7244 7243.928711 0.071429 0 0 0 0 0 0 0 0 0 0 0 1 0 0
47758342 47787421 7591 0.000000 0.000000 7591 7591.000000 0.000000 0 0 0 0 0 0 0 0 0 0 0 0 0 0
47797713 47825366 7218 0.000000 0.000000 7218 7218.000000 0.000000 0 0 0 0 0 0 0 0 0 0 0 0 0 0
47835558 47864726 7614 0.000000 0.000000 7614 7614.000000 0.000000 0 0 0 0 0 0 0 0 0 0 0 0 0 0
47927352 47956487 7606 12.285714 12.000000 7606 7594.000000 12.000000 12 15 27 14 17 19 7 1 0 1 18 11 13 13
