27 32
46817125 46844873 7244 12.142858 11.714286 7244 7232.285645 11.714286 14 18 16 13 0 0 0 16 21 15 18 15 9 9
46910401 46939487 7593 0.071429 0.000000 7593 7593.000000 0.000000 0 0 0 0 0 0 0 0 0 0 0 0 0 0
46949675 46977369 7225 0.000000 0.000000 7225 7225.000000 0.000000 0 0 0 0 0 0 0 0 0 0 0 0 0 0
46987562 47016766 7624 0.000000 0.000000 7624 7624.000000 0.000000 0 0 0 0 0 0 0 0 0 0 0 0 0 0
47026960 47054617 7221 0.000000 0.000000 7221 7221.000000 0.000000 0 0 0 0 0 0 0 0 0 0 0 0 0 0
47064814 47093972 7614 0.285714 0.214286 7614 7613.785645 0.214286 0 0 0 1 0 0 0 0 1 0 1 0 0 0
47102750 47131815 7587 0.214286 0.142857 7587 7586.856934 0.142857 0 0 0 0 0 0 0 0 0 0 2 0 0 0
47142012 47171171 7612 0.428571 0.428571 7612 7611.571289 0.428571 0 1 0 0 0 0 0 0 0 0 2 1 0 2
47179953 47209024 7589 1.071429 1.000000 7589 7588.000000 1.000000 0 2 0 0 0 0 0 3 1 2 5 1 0 0
47219218 47246903 7228 2.928571 2.928571 7228 7225.071289 2.928571 2 7 0 3 0 0 0 5 1 4 11 3 1 4
47257094 47286292 7624 6.642857 6.500000 7624 7617.500000 6.500000 10 10 9 6 1 0 0 7 7 9 15 4 7 6
47296481 47324135 7220 9.500000 9.142858 7220 7210.856934 9.142858 15 8 8 15 0 0 0 15 19 13 8 8 11 8
47334328 47363455 7603 11.214286 11.000000 7603 7592.000000 11.000000 24 15 11 16 0 0 0 21 17 14 15 8 6 7
47373650 47401342 7227 12.500000 12.285714 7227 7214.714355 12.285714 15 12 10 14 0 0 0 17 16 21 17 16 16 18
47411545 47440735 7620 10.714286 10.357142 7620 7609.643066 10.357142 16 13 14 14 0 0 1 8 23 13 10 11 9 13
47449417 47478586 7616 9.785714 9.500000 7616 7606.500000 9.500000 10 20 12 14 0 0 0 13 5 12 12 15 6 14
47488789 47517889 7598 5.642857 5.500000 7598 7592.500000 5.500000 10 7 4 4 0 0 0 13 7 13 8 6 1 4
47526683 47555781 7595 3.785714 3.714286 7595 7591.285645 3.714286 7 4 4 3 0 0 0 3 1 8 5 6 7 4
47565968 47595130 7612 2.285714 2.214286 7612 7609.785645 2.214286 2 5 2 7 0 0 0 2 3 3 2 1 3 1
47603916 47633070 7610 0.785714 0.714286 7610 7609.285645 0.714286 0 0 0 2 0 1 0 1 1 2 0 1 2 0
47643265 47672413 7608 0.214286 0.142857 7608 7607.856934 0.142857 0 0 0 0 1 0 0 0 0 0 0 1 0 0
47681123 47710209 7594 0.071429 0.071429 7594 7593.928711 0.071429 0 0 0 0 0 0 0 0 0 0 0 1 0 0
47720402 47748146 7243 0.142857 0.142857 7243 7242.856934 0.142857 0 0 1 0 0 0 0 0 0 0 0 0 0 1
47758342 47787421 7591 0.071429 0.071429 7591 7590.928711 0.071429 0 0 0 0 0 0 0 0 0 1 0 0 0 0
47797713 47825366 7218 0.000000 0.000000 7218 7218.000000 0.000000 0 0 0 0 0 0 0 0 0 0 0 0 0 0
47835558 47864726 7614 0.000000 0.000000 7614 7614.000000 0.000000 0 0 0 0 0 0 0 0 0 0 0 0 0 0
47927352 47956487 7605 15.142858 14.928572 7605 7590.071289 14.928572 19 17 26 19 0 0 2 23 20 25 15 10 12 21
