27 32
46817125 46844873 7245 17.428572 17.000000 7245 7228.000000 17.000000 19 18 14 14 17 17 10 23 20 23 19 16 13 15
46910401 46939487 7593 0.071429 0.071429 7593 7592.928711 0.071429 0 0 0 1 0 0 0 0 0 0 0 0 0 0
46949675 46977369 7225 0.000000 0.000000 7225 7225.000000 0.000000 0 0 0 0 0 0 0 0 0 0 0 0 0 0
46987562 47016766 7623 0.071429 0.000000 7623 7623.000000 0.000000 0 0 0 0 0 0 0 0 0 0 0 0 0 0
47026960 47054617 7220 0.000000 0.000000 7220 7220.000000 0.000000 0 0 0 0 0 0 0 0 0 0 0 0 0 0
47064814 47093972 7613 0.000000 0.000000 7613 7613.000000 0.000000 0 0 0 0 0 0 0 0 0 0 0 0 0 0
47102750 47131815 7587 0.214286 0.214286 7587 7586.785645 0.214286 0 0 0 0 1 0 0 0 0 1 0 0 1 0
47142012 47171171 7612 0.714286 0.642857 7612 7611.356934 0.642857 0 0 0 1 0 2 0 0 4 1 0 0 1 0
47179953 47209024 7589 1.785714 1.642857 7589 7587.356934 1.642857 1 0 5 2 0 0 2 0 0 2 2 4 4 1
47219218 47246903 7229 3.928571 3.857143 7229 7225.143066 3.857143 3 4 6 2 4 2 3 3 6 4 5 7 4 1
47257094 47286292 7624 6.928571 6.857143 7624 7617.143066 6.857143 3 10 7 6 8 5 6 6 7 13 5 6 9 5
47296481 47324135 7220 9.857142 9.642858 7220 7210.356934 9.642858 4 10 12 8 11 10 7 13 7 10 13 6 11 13
47334328 47363455 7603 14.928572 14.285714 7603 7588.714355 14.285714 18 9 17 9 16 19 10 12 15 20 16 16 10 13
47373650 47401342 7227 13.285714 12.928572 7227 7214.071289 12.928572 20 14 9 14 7 6 16 13 16 19 15 9 15 8
47411545 47440735 7620 15.857142 15.357142 7620 7604.643066 15.357142 12 15 11 6 9 15 13 13 18 29 19 24 17 14
47449417 47478586 7616 13.000000 12.785714 7616 7603.214355 12.785714 10 10 13 10 17 13 13 18 12 11 17 8 12 15
47488789 47517889 7598 8.142858 7.928571 7598 7590.071289 7.928571 12 6 10 4 5 17 8 9 5 6 8 8 6 7
47526683 47555781 7595 2.857143 2.714286 7595 7592.285645 2.714286 4 4 3 4 1 1 5 5 3 1 0 3 2 2
47565968 47595130 7613 1.571429 1.500000 7613 7611.500000 1.500000 0 1 0 3 2 3 2 1 1 0 4 1 2 1
47603916 47633070 7610 0.571429 0.571429 7610 7609.428711 0.571429 0 3 0 1 1 1 1 0 0 0 1 0 0 0
47643265 47672413 7609 0.357143 0.357143 7609 7608.643066 0.357143 1 0 0 0 0 0 2 1 1 0 0 0 0 0
47681123 47710209 7595 0.000000 0.000000 7595 7595.000000 0.000000 0 0 0 0 0 0 0 0 0 0 0 0 0 0
47720402 47748146 7243 0.000000 0.000000 7243 7243.000000 0.000000 0 0 0 0 0 0 0 0 0 0 0 0 0 0
47758342 47787421 7591 0.000000 0.000000 7591 7591.000000 0.000000 0 0 0 0 0 0 0 0 0 0 0 0 0 0
47797713 47825366 7218 0.000000 0.000000 7218 7218.000000 0.000000 0 0 0 0 0 0 0 0 0 0 0 0 0 0
47835558 47864726 7614 0.000000 0.000000 7614 7614.000000 0.000000 0 0 0 0 0 0 0 0 0 0 0 0 0 0
47927352 47956487 7605 19.428572 19.071428 7605 7585.928711 19.071428 19 16 20 10 16 19 19 19 19 19 24 20 22 25
