27 32
46817125 46844873 7246 9.571428 9.500000 7246 7236.500000 9.500000 16 17 14 22 21 22 20 0 0 0 0 0 0 1
46910401 46939487 7592 0.000000 0.000000 7592 7592.000000 0.000000 0 0 0 0 0 0 0 0 0 0 0 0 0 0
46949675 46977369 7226 0.000000 0.000000 7226 7226.000000 0.000000 0 0 0 0 0 0 0 0 0 0 0 0 0 0
46987562 47016766 7623 0.000000 0.000000 7623 7623.000000 0.000000 0 0 0 0 0 0 0 0 0 0 0 0 0 0
47026960 47054617 7221 0.071429 0.071429 7221 7220.928711 0.071429 0 0 0 0 0 1 0 0 0 0 0 0 0 0
47064814 47093972 7613 0.142857 0.071429 7613 7612.928711 0.071429 0 0 1 0 0 0 0 0 0 0 0 0 0 0
47102750 47131815 7587 0.285714 0.285714 7587 7586.714355 0.285714 2 0 1 0 0 0 1 0 0 0 0 0 0 0
47142012 47171171 7611 0.285714 0.285714 7611 7610.714355 0.285714 0 1 0 1 0 1 1 0 0 0 0 0 0 0
47179953 47209024 7588 0.500000 0.500000 7588 7587.500000 0.500000 1 1 1 0 2 0 1 0 0 0 1 0 0 0
47219218 47246903 7228 2.071429 2.000000 7228 7226.000000 2.000000 3 7 4 5 2 3 4 0 0 0 0 0 0 0
47257094 47286292 7623 3.357143 3.214286 7623 7619.785645 3.214286 10 5 5 1 10 11 3 0 0 0 0 0 0 0
47296481 47324135 7221 6.071429 5.785714 7221 7215.214355 5.785714 15 7 12 7 14 13 13 0 0 0 0 0 0 0
47334328 47363455 7603 8.928572 8.357142 7603 7594.643066 8.357142 12 15 11 15 16 24 23 0 0 0 0 0 1 0
47373650 47401342 7228 9.785714 9.642858 7228 7218.356934 9.642858 24 19 24 16 7 23 18 1 2 0 0 0 1 0
47411545 47440735 7619 7.857143 7.714286 7619 7611.285645 7.714286 14 12 16 17 10 18 21 0 0 0 0 0 0 0
47449417 47478586 7617 7.000000 6.928571 7617 7610.071289 6.928571 14 14 13 15 14 11 16 0 0 0 0 0 0 0
47488789 47517889 7598 4.214286 4.142857 7598 7593.856934 4.142857 10 7 4 9 9 8 9 0 0 1 0 0 1 0
47526683 47555781 7596 2.142857 2.000000 7596 7594.000000 2.000000 4 5 2 2 7 1 7 0 0 0 0 0 0 0
47565968 47595130 7613 0.857143 0.857143 7613 7612.143066 0.857143 1 1 1 1 2 3 3 0 0 0 0 0 0 0
47603916 47633070 7610 0.357143 0.357143 7610 7609.643066 0.357143 1 0 1 1 0 2 0 0 0 0 0 0 0 0
47643265 47672413 7609 0.071429 0.071429 7609 7608.928711 0.071429 0 0 0 1 0 0 0 0 0 0 0 0 0 0
47681123 47710209 7595 0.000000 0.000000 7595 7595.000000 0.000000 0 0 0 0 0 0 0 0 0 0 0 0 0 0
47720402 47748146 7244 0.000000 0.000000 7244 7244.000000 0.000000 0 0 0 0 0 0 0 0 0 0 0 0 0 0
47758342 47787421 7590 0.000000 0.000000 7590 7590.000000 0.000000 0 0 0 0 0 0 0 0 0 0 0 0 0 0
47797713 47825366 7218 0.000000 0.000000 7218 7218.000000 0.000000 0 0 0 0 0 0 0 0 0 0 0 0 0 0
47835558 47864726 7614 0.000000 0.000000 7614 7614.000000 0.000000 0 0 0 0 0 0 0 0 0 0 0 0 0 0
47927352 47956487 7605 9.785714 9.500000 7605 7595.500000 9.500000 16 14 22 21 20 22 18 0 0 0 0 0 0 0
