27 32
46817125 46844873 7244 16.142857 16.000000 7244 7228.000000 16.000000 19 17 19 10 12 26 11 13 23 28 14 16 16 0
46910401 46939487 7593 0.000000 0.000000 7593 7593.000000 0.000000 0 0 0 0 0 0 0 0 0 0 0 0 0 0
46949675 46977369 7225 0.000000 0.000000 7225 7225.000000 0.000000 0 0 0 0 0 0 0 0 0 0 0 0 0 0
46987562 47016766 7624 0.000000 0.000000 7624 7624.000000 0.000000 0 0 0 0 0 0 0 0 0 0 0 0 0 0
47026960 47054617 7221 0.000000 0.000000 7221 7221.000000 0.000000 0 0 0 0 0 0 0 0 0 0 0 0 0 0
47064814 47093972 7614 0.285714 0.214286 7614 7613.785645 0.214286 1 0 0 0 0 1 0 0 0 1 0 0 0 0
47102750 47131815 7587 0.214286 0.214286 7587 7586.785645 0.214286 0 1 0 0 0 0 0 1 0 0 0 1 0 0
47142012 47171171 7612 0.285714 0.285714 7612 7611.714355 0.285714 0 0 1 0 0 0 0 1 0 1 1 0 0 0
47179953 47209024 7589 0.928571 0.928571 7589 7588.071289 0.928571 1 2 0 0 2 0 1 0 3 0 2 1 1 0
47219218 47246903 7228 3.142857 3.142857 7228 7224.856934 3.142857 7 5 1 2 5 7 5 1 3 1 1 2 4 0
47257094 47286292 7624 6.857143 6.642857 7624 7617.356934 6.642857 6 6 8 11 7 7 5 11 7 10 2 7 6 0
47296481 47324135 7220 11.642858 11.357142 7220 7208.643066 11.357142 14 12 12 9 8 13 14 18 17 12 10 11 9 0
47334328 47363455 7604 13.500000 13.428572 7604 7590.571289 13.428572 20 16 10 13 16 13 12 16 14 20 13 12 13 0
47373650 47401342 7227 14.928572 14.357142 7227 7212.643066 14.357142 30 20 12 17 11 13 11 19 12 14 10 16 16 0
47411545 47440735 7620 16.071428 15.285714 7620 7604.714355 15.285714 17 15 17 10 12 18 17 19 24 20 12 17 16 0
47449417 47478586 7616 11.071428 10.714286 7616 7605.285645 10.714286 9 8 12 11 5 11 11 13 16 20 17 12 5 0
47488789 47517889 7598 8.142858 7.642857 7598 7590.356934 7.642857 11 4 7 5 7 7 6 10 17 7 10 9 7 0
47526683 47555781 7595 3.642857 3.500000 7595 7591.500000 3.500000 5 2 3 2 2 5 3 4 6 4 6 3 4 0
47565968 47595130 7612 1.857143 1.714286 7612 7610.285645 1.714286 4 3 3 2 0 2 2 3 0 0 1 1 3 0
47603916 47633070 7610 0.928571 0.928571 7610 7609.071289 0.928571 0 2 0 0 0 2 0 2 2 0 0 4 1 0
47643265 47672413 7608 0.142857 0.142857 7608 7607.856934 0.142857 0 0 1 0 0 0 0 0 0 0 0 1 0 0
47681123 47710209 7594 0.071429 0.071429 7594 7593.928711 0.071429 0 0 0 0 0 0 0 0 0 0 0 1 0 0
47720402 47748146 7243 0.000000 0.000000 7243 7243.000000 0.000000 0 0 0 0 0 0 0 0 0 0 0 0 0 0
47758342 47787421 7591 0.000000 0.000000 7591 7591.000000 0.000000 0 0 0 0 0 0 0 0 0 0 0 0 0 0
47797713 47825366 7218 0.000000 0.000000 7218 7218.000000 0.000000 0 0 0 0 0 0 0 0 0 0 0 0 0 0
47835558 47864726 7614 0.000000 0.000000 7614 7614.000000 0.000000 0 0 0 0 0 0 0 0 0 0 0 0 0 0
47927352 47956487 7605 16.357143 15.928572 7605 7589.071289 15.928572 17 20 20 15 12 14 13 23 18 16 24 20 11 0
