27 32
46817125 46844873 7244 16.357143 15.928572 7244 7228.071289 15.928572 22 22 17 6 13 17 13 18 26 14 20 24 11 0
46910401 46939487 7593 0.000000 0.000000 7593 7593.000000 0.000000 0 0 0 0 0 0 0 0 0 0 0 0 0 0
46949675 46977369 7225 0.071429 0.071429 7225 7224.928711 0.071429 1 0 0 0 0 0 0 0 0 0 0 0 0 0
46987562 47016766 7624 0.000000 0.000000 7624 7624.000000 0.000000 0 0 0 0 0 0 0 0 0 0 0 0 0 0
47026960 47054617 7221 0.000000 0.000000 7221 7221.000000 0.000000 0 0 0 0 0 0 0 0 0 0 0 0 0 0
47064814 47093972 7614 0.000000 0.000000 7614 7614.000000 0.000000 0 0 0 0 0 0 0 0 0 0 0 0 0 0
47102750 47131815 7587 0.071429 0.071429 7587 7586.928711 0.071429 0 0 0 0 0 0 0 0 0 1 0 0 0 0
47142012 47171171 7612 0.428571 0.428571 7612 7611.571289 0.428571 1 0 0 0 0 1 0 1 1 0 1 0 1 0
47179953 47209024 7589 1.714286 1.714286 7589 7587.285645 1.714286 1 1 2 3 2 3 2 1 1 1 3 2 2 0
47219218 47246903 7228 2.857143 2.857143 7228 7225.143066 2.857143 4 2 5 2 6 4 2 0 4 4 4 3 0 0
47257094 47286292 7624 6.214286 6.142857 7624 7617.856934 6.142857 10 6 2 4 9 8 4 2 7 13 12 4 5 0
47296481 47324135 7220 12.928572 12.357142 7220 7207.643066 12.357142 18 13 12 12 8 12 7 11 17 18 18 16 11 0
47334328 47363455 7604 16.214285 16.071428 7604 7587.928711 16.071428 20 21 18 18 9 14 8 21 18 24 28 21 5 0
47373650 47401342 7227 15.714286 15.142858 7227 7211.856934 15.142858 19 16 17 19 14 17 13 21 13 21 13 13 16 0
47411545 47440735 7620 15.285714 15.000000 7620 7605.000000 15.000000 14 14 17 10 15 15 11 18 31 19 17 14 15 0
47449417 47478586 7616 12.714286 12.571428 7616 7603.428711 12.571428 8 13 11 11 11 20 14 11 11 21 21 14 10 0
47488789 47517889 7598 6.928571 6.785714 7598 7591.214355 6.785714 10 4 12 3 5 8 6 9 11 2 11 7 7 0
47526683 47555781 7595 3.285714 3.142857 7595 7591.856934 3.142857 4 4 2 2 5 2 3 2 4 6 5 2 2 1
47565968 47595130 7612 1.571429 1.571429 7612 7610.428711 1.571429 3 2 4 1 0 2 2 4 2 0 2 0 0 0
47603916 47633070 7610 0.357143 0.357143 7610 7609.643066 0.357143 0 0 0 2 0 0 0 3 0 0 0 0 0 0
47643265 47672413 7608 0.142857 0.142857 7608 7607.856934 0.142857 0 0 0 0 0 0 0 1 0 0 1 0 0 0
47681123 47710209 7594 0.071429 0.071429 7594 7593.928711 0.071429 0 0 0 0 0 0 1 0 0 0 0 0 0 0
47720402 47748146 7243 0.000000 0.000000 7243 7243.000000 0.000000 0 0 0 0 0 0 0 0 0 0 0 0 0 0
47758342 47787421 7591 0.071429 0.071429 7591 7590.928711 0.071429 0 0 0 0 0 0 0 0 0 1 0 0 0 0
47797713 47825366 7218 0.071429 0.071429 7218 7217.928711 0.071429 0 0 0 0 1 0 0 0 0 0 0 0 0 0
47835558 47864726 7614 0.071429 0.000000 7614 7614.000000 0.000000 0 0 0 0 0 0 0 0 0 0 0 0 0 0
47927352 47956487 7605 14.214286 13.642858 7605 7591.356934 13.642858 13 14 17 13 13 12 9 14 18 19 14 16 19 0
