27 32
46817125 46844873 7244 14.357142 14.071428 7244 7229.928711 14.071428 0 0 17 14 13 25 9 20 26 20 23 15 14 1
46910401 46939487 7592 0.000000 0.000000 7592 7592.000000 0.000000 0 0 0 0 0 0 0 0 0 0 0 0 0 0
46949675 46977369 7226 0.000000 0.000000 7226 7226.000000 0.000000 0 0 0 0 0 0 0 0 0 0 0 0 0 0
46987562 47016766 7623 0.000000 0.000000 7623 7623.000000 0.000000 0 0 0 0 0 0 0 0 0 0 0 0 0 0
47026960 47054617 7221 0.000000 0.000000 7221 7221.000000 0.000000 0 0 0 0 0 0 0 0 0 0 0 0 0 0
47064814 47093972 7612 0.142857 0.142857 7612 7611.856934 0.142857 0 0 0 0 0 0 0 0 2 0 0 0 0 0
47102750 47131815 7586 0.214286 0.214286 7586 7585.785645 0.214286 0 0 0 0 0 0 1 1 1 0 0 0 0 0
47142012 47171171 7611 0.642857 0.571429 7611 7610.428711 0.571429 0 0 0 0 1 0 1 0 2 2 1 0 1 0
47179953 47209024 7587 1.000000 1.000000 7587 7586.000000 1.000000 0 0 3 2 1 1 2 1 0 1 0 3 0 0
47219218 47246903 7227 2.928571 2.785714 7227 7224.214355 2.785714 0 0 4 4 2 6 3 4 5 3 2 1 5 0
47257094 47286292 7623 4.714286 4.714286 7623 7618.285645 4.714286 0 0 7 4 9 4 1 12 8 4 9 6 2 0
47296481 47324135 7219 8.214286 7.714286 7219 7211.285645 7.714286 0 0 7 11 8 6 8 15 12 14 6 12 9 0
47334328 47363455 7602 11.928572 11.642858 7602 7590.356934 11.642858 0 0 19 12 12 13 19 16 17 11 16 15 13 0
47373650 47401342 7227 12.285714 12.071428 7227 7214.928711 12.071428 0 0 14 10 13 14 12 14 24 17 16 22 13 0
47411545 47440735 7618 15.857142 15.071428 7618 7602.928711 15.071428 0 0 13 17 21 18 18 20 29 19 25 20 11 0
47449417 47478586 7615 9.500000 9.357142 7615 7605.643066 9.357142 0 0 10 11 8 5 11 17 12 15 19 14 9 0
47488789 47517889 7598 6.071429 6.071429 7598 7591.928711 6.071429 0 0 3 11 10 9 8 4 10 12 11 5 2 0
47526683 47555781 7596 2.785714 2.785714 7596 7593.214355 2.785714 0 0 4 2 6 2 3 2 5 3 2 4 6 0
47565968 47595130 7611 1.357143 1.285714 7611 7609.714355 1.285714 0 0 1 0 0 2 2 4 2 3 1 2 1 0
47603916 47633070 7610 0.428571 0.428571 7610 7609.571289 0.428571 0 0 1 0 1 1 0 1 0 1 0 1 0 0
47643265 47672413 7609 0.285714 0.285714 7609 7608.714355 0.285714 0 0 0 0 0 0 0 2 1 0 0 0 1 0
47681123 47710209 7595 0.071429 0.000000 7595 7595.000000 0.000000 0 0 0 0 0 0 0 0 0 0 0 0 0 0
47720402 47748146 7243 0.000000 0.000000 7243 7243.000000 0.000000 0 0 0 0 0 0 0 0 0 0 0 0 0 0
47758342 47787421 7589 0.000000 0.000000 7589 7589.000000 0.000000 0 0 0 0 0 0 0 0 0 0 0 0 0 0
47797713 47825366 7217 0.000000 0.000000 7217 7217.000000 0.000000 0 0 0 0 0 0 0 0 0 0 0 0 0 0
47835558 47864726 7613 0.000000 0.000000 7613 7613.000000 0.000000 0 0 0 0 0 0 0 0 0 0 0 0 0 0
47927352 47956487 7605 14.142858 13.785714 7605 7591.214355 13.785714 0 0 15 19 14 20 14 18 23 22 19 19 10 0
