27 32
46817125 46844873 7244 13.857142 13.500000 7244 7230.500000 13.500000 0 0 13 19 17 18 21 13 15 16 12 17 16 12
46910401 46939487 7593 0.000000 0.000000 7593 7593.000000 0.000000 0 0 0 0 0 0 0 0 0 0 0 0 0 0
46949675 46977369 7225 0.142857 0.000000 7225 7225.000000 0.000000 0 0 0 0 0 0 0 0 0 0 0 0 0 0
46987562 47016766 7623 0.000000 0.000000 7623 7623.000000 0.000000 0 0 0 0 0 0 0 0 0 0 0 0 0 0
47026960 47054617 7221 0.000000 0.000000 7221 7221.000000 0.000000 0 0 0 0 0 0 0 0 0 0 0 0 0 0
47064814 47093972 7613 0.000000 0.000000 7613 7613.000000 0.000000 0 0 0 0 0 0 0 0 0 0 0 0 0 0
47102750 47131815 7587 0.142857 0.142857 7587 7586.856934 0.142857 0 0 0 0 1 0 0 0 0 1 0 0 0 0
47142012 47171171 7612 0.357143 0.357143 7612 7611.643066 0.357143 0 0 0 0 0 2 1 0 0 1 1 0 0 0
47179953 47209024 7589 1.714286 1.642857 7589 7587.356934 1.642857 0 0 2 2 0 2 4 2 2 2 2 2 3 0
47219218 47246903 7228 2.857143 2.857143 7228 7225.143066 2.857143 0 0 3 2 5 3 5 8 5 2 1 3 3 0
47257094 47286292 7624 6.142857 5.857143 7624 7618.143066 5.857143 0 0 7 7 7 9 0 6 12 15 6 4 6 3
47296481 47324135 7220 10.214286 9.928572 7220 7210.071289 9.928572 0 0 10 9 13 12 17 13 13 12 7 12 12 9
47334328 47363455 7604 14.857142 14.357142 7604 7589.643066 14.357142 0 0 17 8 15 17 17 22 12 24 21 21 12 15
47373650 47401342 7226 14.571428 14.071428 7226 7211.928711 14.071428 0 0 20 9 15 14 16 16 18 18 28 14 14 15
47411545 47440735 7620 14.285714 13.928572 7620 7606.071289 13.928572 0 0 19 14 15 14 15 17 16 19 17 15 18 16
47449417 47478586 7616 10.285714 10.142858 7616 7605.856934 10.142858 1 0 9 12 9 13 7 20 11 16 14 6 15 9
47488789 47517889 7598 5.214286 5.142857 7598 7592.856934 5.142857 0 0 6 5 8 7 5 3 7 2 13 7 7 2
47526683 47555781 7595 3.500000 3.428571 7595 7591.571289 3.428571 0 0 5 3 2 3 4 3 3 6 5 6 4 4
47565968 47595130 7612 1.642857 1.571429 7612 7610.428711 1.571429 0 0 0 2 6 2 2 1 3 1 0 3 1 1
47603916 47633070 7610 0.714286 0.714286 7610 7609.285645 0.714286 0 0 1 2 0 1 0 1 1 2 2 0 0 0
47643265 47672413 7608 0.285714 0.214286 7608 7607.785645 0.214286 0 0 0 0 1 0 0 1 0 0 0 0 1 0
47681123 47710209 7594 0.214286 0.142857 7594 7593.856934 0.142857 0 0 0 0 0 0 0 0 0 1 0 1 0 0
47720402 47748146 7243 0.071429 0.071429 7243 7242.928711 0.071429 0 0 0 0 0 0 0 0 0 0 0 1 0 0
47758342 47787421 7591 0.071429 0.000000 7591 7591.000000 0.000000 0 0 0 0 0 0 0 0 0 0 0 0 0 0
47797713 47825366 7218 0.000000 0.000000 7218 7218.000000 0.000000 0 0 0 0 0 0 0 0 0 0 0 0 0 0
47835558 47864726 7614 0.000000 0.000000 7614 7614.000000 0.000000 0 0 0 0 0 0 0 0 0 0 0 0 0 0
47927352 47956487 7605 15.142858 14.785714 7605 7590.214355 14.785714 0 0 18 14 26 20 17 12 20 16 13 17 21 13
