27 32
46817125 46844873 7243 18.285715 18.000000 7243 7225.000000 18.000000 22 12 18 15 17 28 18 16 13 22 24 18 17 12
46910401 46939487 7592 0.000000 0.000000 7592 7592.000000 0.000000 0 0 0 0 0 0 0 0 0 0 0 0 0 0
46949675 46977369 7226 0.000000 0.000000 7226 7226.000000 0.000000 0 0 0 0 0 0 0 0 0 0 0 0 0 0
46987562 47016766 7623 0.000000 0.000000 7623 7623.000000 0.000000 0 0 0 0 0 0 0 0 0 0 0 0 0 0
47026960 47054617 7221 0.071429 0.071429 7221 7220.928711 0.071429 0 0 1 0 0 0 0 0 0 0 0 0 0 0
47064814 47093972 7613 0.000000 0.000000 7613 7613.000000 0.000000 0 0 0 0 0 0 0 0 0 0 0 0 0 0
47102750 47131815 7587 0.428571 0.357143 7587 7586.643066 0.357143 1 0 0 0 0 0 1 1 2 0 0 0 0 0
47142012 47171171 7611 0.500000 0.500000 7611 7610.500000 0.500000 0 0 0 1 0 0 0 4 0 0 2 0 0 0
47179953 47209024 7587 1.857143 1.714286 7587 7585.285645 1.714286 0 1 1 1 1 4 2 1 2 4 1 3 1 2
47219218 47246903 7227 3.500000 3.500000 7227 7223.500000 3.500000 5 5 4 5 3 2 3 2 6 6 5 2 0 1
47257094 47286292 7623 7.642857 7.500000 7623 7615.500000 7.500000 8 5 6 10 10 8 12 4 4 9 13 4 3 9
47296481 47324135 7219 11.071428 10.928572 7219 7208.071289 10.928572 9 16 7 11 9 7 6 18 7 11 12 17 15 8
47334328 47363455 7603 17.500000 17.142857 7603 7585.856934 17.142857 26 19 11 13 20 29 20 16 19 13 12 14 13 15
47373650 47401342 7227 15.214286 14.857142 7227 7212.143066 14.857142 26 9 13 14 10 16 14 14 15 25 18 14 11 9
47411545 47440735 7619 17.500000 16.857143 7619 7602.143066 16.857143 12 19 16 9 22 19 15 15 25 24 13 14 17 16
47449417 47478586 7616 12.642858 12.428572 7616 7603.571289 12.428572 14 9 11 8 10 17 15 9 11 15 13 14 15 13
47488789 47517889 7598 7.000000 6.857143 7598 7591.143066 6.857143 8 6 7 6 8 5 7 5 6 5 10 7 8 8
47526683 47555781 7596 5.142857 4.928571 7596 7591.071289 4.928571 6 3 3 1 6 8 3 7 8 4 8 8 1 3
47565968 47595130 7612 1.857143 1.714286 7612 7610.285645 1.714286 2 2 1 0 2 1 2 2 2 2 3 1 3 1
47603916 47633070 7611 0.928571 0.857143 7611 7610.143066 0.857143 3 1 0 1 0 2 1 0 1 0 1 2 0 0
47643265 47672413 7609 0.357143 0.357143 7609 7608.643066 0.357143 1 0 0 0 0 1 2 1 0 0 0 0 0 0
47681123 47710209 7595 0.142857 0.142857 7595 7594.856934 0.142857 0 0 0 1 0 0 0 0 0 1 0 0 0 0
47720402 47748146 7244 0.071429 0.071429 7244 7243.928711 0.071429 0 0 0 0 0 0 0 0 0 0 0 1 0 0
47758342 47787421 7589 0.214286 0.071429 7589 7588.928711 0.071429 0 0 0 0 1 0 0 0 0 0 0 0 0 0
47797713 47825366 7217 0.000000 0.000000 7217 7217.000000 0.000000 0 0 0 0 0 0 0 0 0 0 0 0 0 0
47835558 47864726 7614 0.000000 0.000000 7614 7614.000000 0.000000 0 0 0 0 0 0 0 0 0 0 0 0 0 0
47927352 47956487 7605 18.857143 18.500000 7605 7586.500000 18.500000 21 17 17 18 22 17 17 24 22 19 15 14 14 22
