27 32
69900796 69928515 51864 92.000000 89.538460 51864 51774.460938 89.538460 99 99 0 0 0 127 133 91 112 138 142 104 119
69991118 70018853 51895 0.307692 0.307692 51895 51894.691406 0.307692 0 1 0 0 0 0 0 1 0 0 0 1 1
70030449 70059602 54552 0.076923 0.076923 54552 54551.921875 0.076923 0 0 0 0 0 1 0 0 0 0 0 0 0
70071247 70100463 54655 0.692308 0.307692 54655 54654.691406 0.307692 1 0 0 0 0 0 0 0 0 0 1 2 0
70110608 70139793 54577 0.538462 0.538462 54577 54576.460938 0.538462 1 0 0 0 0 1 0 2 1 0 1 0 1
70151437 70179130 51800 1.384615 1.230769 51800 51798.769531 1.230769 1 1 0 0 0 1 2 2 0 4 3 0 2
70190781 70218390 51623 3.153846 3.076923 51623 51619.921875 3.076923 1 2 0 0 0 6 4 3 3 8 7 4 2
70230040 70259209 54568 9.153846 9.000000 54568 54559.000000 9.000000 11 13 0 0 0 10 14 8 10 9 12 15 15
70269425 70298560 54503 17.846153 17.384615 54503 54485.617188 17.384615 18 18 0 0 0 26 21 17 22 28 27 24 25
70308791 70337881 54419 32.769230 31.923077 54419 54387.078125 31.923077 43 47 0 0 0 39 36 40 44 47 50 47 22
70349525 70377237 51851 49.461540 48.461540 51851 51802.539062 48.461540 68 49 1 0 0 68 62 59 57 71 76 68 51
70388865 70418039 54591 77.230766 76.153847 54591 54514.847656 76.153847 86 73 0 0 0 100 104 87 100 120 129 112 79
70428259 70457379 54471 90.307693 88.384613 54471 54382.617188 88.384613 130 121 0 1 0 127 124 99 98 122 128 89 110
70467608 70496732 54498 101.461540 99.846153 54498 54398.152344 99.846153 116 114 1 0 0 149 140 124 131 156 141 124 102
70508408 70536033 51682 90.538460 87.846153 51682 51594.152344 87.846153 118 101 0 0 0 121 129 108 104 126 140 100 95
70547702 70576883 54590 80.769234 79.615387 54590 54510.382812 79.615387 100 93 0 0 0 106 108 97 111 111 120 98 91
70587067 70616149 54402 57.000000 55.846153 54402 54346.152344 55.846153 70 68 0 0 0 66 79 69 82 75 77 75 65
70626379 70655472 54425 37.153847 36.230770 54425 54388.769531 36.230770 43 37 0 0 0 47 49 53 44 34 63 53 48
70667219 70694876 51732 19.153847 18.769230 51732 51713.230469 18.769230 29 28 0 0 0 24 20 21 24 21 35 23 19
70706468 70735664 54618 8.923077 8.615385 54618 54609.382812 8.615385 8 11 0 0 0 7 14 11 11 12 13 15 10
70745821 70774996 54578 4.461538 4.230769 54578 54573.769531 4.230769 7 2 0 0 0 4 6 6 9 6 5 6 4
70786675 70814312 51711 1.384615 1.307692 51711 51709.691406 1.307692 2 1 0 0 0 3 2 0 2 3 2 1 1
70825941 70853682 51905 0.692308 0.615385 51905 51904.382812 0.615385 0 0 0 0 0 2 0 1 0 2 0 2 1
70865317 70894442 54480 0.384615 0.230769 54480 54479.769531 0.230769 0 0 0 0 0 0 0 0 0 1 0 1 1
70904652 70933792 54528 0.384615 0.153846 54528 54527.847656 0.153846 0 0 0 0 0 0 0 0 0 0 1 1 0
70945462 70973122 51735 0.230769 0.153846 51735 51734.847656 0.153846 0 1 0 0 0 1 0 0 0 0 0 0 0
71035809 71063438 51695 94.230766 91.846153 51695 51603.152344 91.846153 122 90 0 0 0 126 133 126 116 125 134 110 112
