27 32
69900796 69928515 51864 113.615387 110.769234 51864 51753.230469 110.769234 121 105 98 84 95 93 109 90 124 131 166 125 99
69991118 70018853 51894 0.230769 0.230769 51894 51893.769531 0.230769 0 0 0 0 0 0 0 0 0 1 0 2 0
70030449 70059602 54552 0.384615 0.384615 54552 54551.617188 0.384615 1 0 1 0 0 0 0 0 0 0 0 2 1
70071247 70100463 54655 0.615385 0.615385 54655 54654.382812 0.615385 1 0 0 1 0 0 3 0 1 0 0 1 1
70110608 70139793 54578 0.846154 0.846154 54578 54577.152344 0.846154 0 0 1 3 0 0 2 0 0 2 1 1 1
70151437 70179130 51801 2.153846 2.076923 51801 51798.921875 2.076923 4 0 2 0 1 0 4 5 2 2 3 3 1
70190781 70218390 51623 4.461538 4.307693 51623 51618.691406 4.307693 7 2 1 2 2 12 4 1 5 6 3 8 3
70230040 70259209 54568 9.846154 9.384615 54568 54558.617188 9.384615 4 7 8 7 9 14 17 8 10 16 6 10 6
70269425 70298560 54503 24.230770 23.923077 54503 54479.078125 23.923077 29 13 23 16 17 29 26 25 25 29 27 32 20
70308791 70337881 54419 40.000000 39.384617 54419 54379.617188 39.384617 33 39 36 40 37 33 38 42 44 51 51 38 30
70349525 70377237 51851 63.692307 62.000000 51851 51789.000000 62.000000 79 54 39 53 59 67 56 49 48 79 100 61 62
70388865 70418039 54592 94.615387 92.615387 54592 54499.382812 92.615387 103 83 77 80 90 79 95 83 95 98 115 108 98
70428259 70457379 54471 109.000000 106.615387 54471 54364.382812 106.615387 109 100 88 75 95 105 107 80 123 142 140 125 97
70467608 70496732 54498 112.692307 110.076920 54498 54387.921875 110.076920 126 109 89 85 106 89 102 97 109 146 149 124 100
70508408 70536033 51681 106.384613 103.615387 51681 51577.382812 103.615387 109 92 85 83 83 79 114 91 109 136 147 114 105
70547702 70576883 54589 100.307693 97.846153 54589 54491.152344 97.846153 78 91 85 81 85 96 109 80 113 132 140 87 95
70587067 70616149 54405 69.538460 68.230766 54405 54336.769531 68.230766 79 70 65 59 55 66 71 60 68 73 83 68 70
70626379 70655472 54425 43.076923 42.461540 54425 54382.539062 42.461540 50 31 41 33 29 28 50 38 55 47 67 43 40
70667219 70694876 51733 21.538462 21.076923 51733 51711.921875 21.076923 16 18 14 18 14 24 39 21 23 24 31 15 17
70706468 70735664 54618 11.923077 11.692307 54618 54606.308594 11.692307 11 9 10 8 7 11 16 9 15 8 15 23 10
70745821 70774996 54578 5.153846 4.846154 54578 54573.152344 4.846154 6 5 5 2 3 7 4 7 4 5 6 5 4
70786675 70814312 51711 1.769231 1.615385 51711 51709.382812 1.615385 2 0 2 1 1 4 4 0 1 3 2 1 0
70825941 70853682 51905 0.538462 0.384615 51905 51904.617188 0.384615 0 1 0 2 0 0 0 0 0 0 0 2 0
70865317 70894442 54482 0.153846 0.076923 54482 54481.921875 0.076923 0 0 0 1 0 0 0 0 0 0 0 0 0
70904652 70933792 54528 0.538462 0.384615 54528 54527.617188 0.384615 0 1 0 0 0 0 1 0 0 2 0 1 0
70945462 70973122 51735 0.230769 0.230769 51735 51734.769531 0.230769 0 0 1 0 0 0 0 0 0 0 1 0 1
71035809 71063438 51695 115.307693 113.153847 51695 51581.847656 113.153847 124 120 85 90 95 86 124 91 129 143 154 140 90
