27 32
69900796 69928515 51866 114.846153 112.153847 51866 51753.847656 112.153847 112 128 87 93 117 82 121 112 107 120 120 143 116
69991118 70018853 51896 0.307692 0.153846 51896 51895.847656 0.153846 0 0 0 0 0 0 0 0 1 1 0 0 0
70030449 70059602 54553 0.153846 0.153846 54553 54552.847656 0.153846 0 0 0 1 0 1 0 0 0 0 0 0 0
70071247 70100463 54659 0.307692 0.230769 54659 54658.769531 0.230769 1 0 0 1 0 0 0 0 1 0 0 0 0
70110608 70139793 54581 0.923077 0.615385 54581 54580.382812 0.615385 1 1 0 0 0 0 2 0 0 1 2 0 1
70151437 70179130 51801 1.615385 1.615385 51801 51799.382812 1.615385 2 2 2 1 1 3 0 1 4 4 0 1 0
70190781 70218390 51625 4.307693 3.923077 51625 51621.078125 3.923077 1 4 1 1 4 8 5 4 6 3 6 6 2
70230040 70259209 54574 10.307693 10.076923 54574 54563.921875 10.076923 11 8 8 4 8 14 10 12 7 10 13 11 15
70269425 70298560 54509 19.384615 18.846153 54509 54490.152344 18.846153 27 21 11 15 13 18 28 13 15 29 13 25 17
70308791 70337881 54421 41.307693 40.461540 54421 54380.539062 40.461540 55 52 38 22 27 39 35 41 46 39 48 48 36
70349525 70377237 51853 61.692307 60.923077 51853 51792.078125 60.923077 64 62 73 60 57 53 49 50 49 69 72 66 68
70388865 70418039 54595 91.615387 89.461540 54595 54505.539062 89.461540 88 85 73 68 87 93 77 68 98 110 105 116 95
70428259 70457379 54475 118.076920 115.769234 54475 54359.230469 115.769234 147 107 110 86 106 113 127 92 115 112 145 141 104
70467608 70496732 54497 115.692307 113.076920 54497 54383.921875 113.076920 149 102 97 93 112 106 119 82 111 111 142 141 105
70508408 70536033 51683 107.384613 105.153847 51683 51577.847656 105.153847 129 119 88 90 116 83 95 79 90 115 142 105 116
70547702 70576883 54593 97.615387 95.461540 54593 54497.539062 95.461540 131 97 90 86 92 83 88 80 87 96 102 115 94
70587067 70616149 54408 69.384613 68.307693 54408 54339.691406 68.307693 78 63 57 49 73 65 82 60 76 72 87 64 62
70626379 70655472 54426 45.923077 44.692307 54426 54381.308594 44.692307 55 43 41 30 45 41 35 35 51 58 58 54 35
70667219 70694876 51739 21.538462 21.153847 51739 51717.847656 21.153847 14 21 21 19 31 26 17 19 17 24 30 25 11
70706468 70735664 54621 12.923077 12.538462 54621 54608.460938 12.538462 11 12 13 6 6 12 12 19 15 16 17 13 11
70745821 70774996 54579 5.769231 5.538462 54579 54573.460938 5.538462 5 5 4 4 4 5 7 2 8 6 11 7 4
70786675 70814312 51712 1.615385 1.615385 51712 51710.382812 1.615385 1 0 1 1 0 4 1 1 2 2 2 4 2
70825941 70853682 51909 0.692308 0.692308 51909 51908.308594 0.692308 0 0 0 1 0 3 1 0 2 1 1 0 0
70865317 70894442 54484 0.384615 0.230769 54484 54483.769531 0.230769 1 0 0 1 0 0 1 0 0 0 0 0 0
70904652 70933792 54529 0.307692 0.230769 54529 54528.769531 0.230769 0 0 0 0 0 0 1 1 0 0 1 0 0
70945462 70973122 51737 0.153846 0.153846 51737 51736.847656 0.153846 1 0 0 0 0 0 0 0 0 0 1 0 0
71035809 71063438 51697 114.153847 111.307693 51697 51585.691406 111.307693 132 91 105 87 85 108 118 88 101 132 147 134 119
