27 32
69900796 69928515 51864 87.153847 85.461540 51864 51778.539062 85.461540 118 117 102 93 98 0 0 0 103 103 144 115 118
69991118 70018853 51895 0.153846 0.000000 51895 51895.000000 0.000000 0 0 0 0 0 0 0 0 0 0 0 0 0
70030449 70059602 54552 0.307692 0.153846 54552 54551.847656 0.153846 0 0 0 0 0 0 0 0 0 0 1 1 0
70071247 70100463 54655 0.153846 0.153846 54655 54654.847656 0.153846 0 0 0 0 0 0 0 0 0 1 0 1 0
70110608 70139793 54578 1.000000 0.769231 54578 54577.230469 0.769231 0 0 1 2 1 0 0 0 1 1 2 1 1
70151437 70179130 51801 1.615385 1.538462 51801 51799.460938 1.538462 3 2 0 2 1 0 0 0 5 3 2 0 2
70190781 70218390 51623 3.000000 2.846154 51623 51620.152344 2.846154 4 5 3 2 3 0 0 0 3 3 7 4 3
70230040 70259209 54568 11.000000 10.692307 54568 54557.308594 10.692307 12 11 11 10 9 0 0 0 15 18 14 18 21
70269425 70298560 54503 18.076923 17.615385 54503 54485.382812 17.615385 28 17 13 17 22 0 0 0 30 26 27 25 24
70308791 70337881 54419 29.923077 29.153847 54419 54389.847656 29.153847 34 39 24 31 36 0 0 0 44 39 39 42 51
70349525 70377237 51851 51.461540 50.461540 51851 51800.539062 50.461540 64 63 63 39 64 0 0 0 69 61 94 78 61
70388865 70418039 54591 75.846153 75.076920 54591 54515.921875 75.076920 99 93 80 71 96 0 0 0 105 119 113 114 86
70428259 70457379 54471 89.615387 87.692307 54471 54383.308594 87.692307 117 107 96 102 102 0 0 0 110 148 136 121 101
70467608 70496732 54498 97.076920 95.538460 54498 54402.460938 95.538460 139 125 118 95 112 1 0 0 118 151 140 131 112
70508408 70536033 51682 90.307693 88.307693 51682 51593.691406 88.307693 117 104 107 88 108 0 0 0 107 138 140 133 106
70547702 70576883 54589 79.692307 77.692307 54589 54511.308594 77.692307 133 87 88 82 91 0 0 1 101 96 131 107 93
70587067 70616149 54402 55.615383 54.153847 54402 54347.847656 54.153847 74 73 55 51 59 0 0 0 81 75 86 81 69
70626379 70655472 54425 36.153847 35.615383 54425 54389.382812 35.615383 39 42 28 42 43 0 0 0 41 56 63 59 50
70667219 70694876 51732 18.000000 17.461538 51732 51714.539062 17.461538 22 18 20 19 19 0 0 0 19 25 28 34 23
70706468 70735664 54618 10.384615 10.076923 54618 54607.921875 10.076923 11 16 11 12 10 0 0 0 11 12 11 22 15
70745821 70774996 54578 3.615385 3.461539 54578 54574.539062 3.461539 10 3 2 2 2 0 0 0 4 3 5 8 6
70786675 70814312 51711 1.384615 1.384615 51711 51709.617188 1.384615 1 0 1 1 0 0 1 0 3 3 2 2 4
70825941 70853682 51905 0.769231 0.538462 51905 51904.460938 0.538462 0 0 0 0 1 0 0 0 1 0 3 1 1
70865317 70894442 54481 0.307692 0.076923 54481 54480.921875 0.076923 0 0 0 0 0 0 0 0 0 0 1 0 0
70904652 70933792 54528 0.384615 0.230769 54528 54527.769531 0.230769 0 1 1 0 0 0 0 0 0 1 0 0 0
70945462 70973122 51735 0.230769 0.076923 51735 51734.921875 0.076923 1 0 0 0 0 0 0 0 0 0 0 0 0
71035809 71063438 51695 90.307693 88.230766 51695 51606.769531 88.230766 148 112 78 85 106 0 0 0 125 122 137 122 112
