27 32
69900796 69928515 51865 123.461540 120.307693 51865 51744.691406 120.307693 109 88 130 117 125 120 120 99 111 103 136 173 133
69991118 70018853 51895 0.230769 0.076923 51895 51894.921875 0.076923 0 0 0 0 0 0 0 0 0 0 1 0 0
70030449 70059602 54552 0.153846 0.076923 54552 54551.921875 0.076923 0 0 0 0 0 0 0 0 1 0 0 0 0
70071247 70100463 54656 0.230769 0.230769 54656 54655.769531 0.230769 1 0 0 0 0 0 0 0 0 0 1 1 0
70110608 70139793 54578 0.769231 0.615385 54578 54577.382812 0.615385 1 1 1 1 0 1 0 0 0 1 0 2 0
70151437 70179130 51801 2.000000 1.846154 51801 51799.152344 1.846154 0 1 2 1 3 0 1 1 2 4 4 2 3
70190781 70218390 51622 4.538462 4.461538 51622 51617.539062 4.461538 3 5 6 1 3 5 5 4 5 3 3 9 6
70230040 70259209 54568 12.923077 12.769231 54568 54555.230469 12.769231 13 5 4 9 11 12 21 12 12 22 15 21 9
70269425 70298560 54503 24.000000 23.615385 54503 54479.382812 23.615385 18 22 18 19 23 25 23 22 24 36 30 23 24
70308791 70337881 54419 43.692307 42.615383 54419 54376.382812 42.615383 40 41 32 36 45 37 31 36 50 47 53 64 42
70349525 70377237 51852 68.153847 66.538460 51852 51785.460938 66.538460 74 56 72 50 84 64 56 47 66 53 75 88 80
70388865 70418039 54592 98.461540 96.615387 54592 54495.382812 96.615387 108 76 99 97 112 82 104 80 92 84 100 109 113
70428259 70457379 54471 117.384613 115.000000 54471 54356.000000 115.000000 99 111 114 115 120 114 106 97 113 115 122 145 124
70467608 70496732 54498 123.461540 121.230766 54498 54376.769531 121.230766 122 97 124 116 132 117 99 88 108 133 125 162 153
70508408 70536033 51681 112.923080 110.076920 51681 51570.921875 110.076920 91 96 119 85 124 108 91 89 111 107 135 141 134
70547702 70576883 54589 103.076920 101.230766 54589 54487.769531 101.230766 119 65 94 108 102 90 110 79 87 92 106 134 130
70587067 70616149 54407 76.615387 75.000000 54407 54332.000000 75.000000 67 61 74 79 75 75 81 57 86 62 89 95 74
70626379 70655472 54425 46.153847 45.076923 54425 54379.921875 45.076923 44 36 38 26 38 48 48 29 40 50 53 78 58
70667219 70694876 51734 22.846153 22.615385 51734 51711.382812 22.615385 29 16 21 22 17 18 25 8 19 36 30 23 30
70706468 70735664 54618 11.307693 11.230769 54618 54606.769531 11.230769 14 6 8 11 9 9 13 11 13 12 13 16 11
70745821 70774996 54578 5.538462 5.230769 54578 54572.769531 5.230769 7 5 2 3 5 4 3 4 3 4 11 11 6
70786675 70814312 51711 1.615385 1.384615 51711 51709.617188 1.384615 0 2 2 1 0 0 1 2 2 1 1 4 2
70825941 70853682 51907 0.461538 0.461538 51907 51906.539062 0.461538 1 0 1 0 2 0 0 1 0 1 0 0 0
70865317 70894442 54481 0.230769 0.076923 54481 54480.921875 0.076923 0 0 0 0 0 0 0 0 0 1 0 0 0
70904652 70933792 54528 0.384615 0.230769 54528 54527.769531 0.230769 0 0 0 1 1 0 0 0 0 0 1 0 0
70945462 70973122 51734 0.307692 0.230769 51734 51733.769531 0.230769 0 0 0 0 0 0 1 0 0 1 1 0 0
71035809 71063438 51696 114.076920 112.076920 51696 51583.921875 112.076920 137 77 120 108 129 107 100 91 104 128 106 130 120
