27 32
69900796 69928515 51867 125.076920 123.307693 51867 51743.691406 123.307693 109 105 119 161 131 118 140 92 107 123 125 145 128
69991118 70018853 51896 0.153846 0.153846 51896 51895.847656 0.153846 0 1 0 0 0 0 0 0 0 1 0 0 0
70030449 70059602 54554 0.076923 0.000000 54554 54554.000000 0.000000 0 0 0 0 0 0 0 0 0 0 0 0 0
70071247 70100463 54659 0.384615 0.307692 54659 54658.691406 0.307692 0 0 0 1 0 0 1 0 2 0 0 0 0
70110608 70139793 54582 1.000000 0.923077 54582 54581.078125 0.923077 4 0 2 0 0 1 1 1 1 0 1 1 0
70151437 70179130 51802 1.384615 1.307692 51802 51800.691406 1.307692 0 1 1 4 3 0 1 1 1 2 1 1 1
70190781 70218390 51626 4.538462 4.307693 51626 51621.691406 4.307693 9 5 5 7 6 3 3 4 1 1 5 2 5
70230040 70259209 54574 10.769231 10.384615 54574 54563.617188 10.384615 10 10 8 8 13 8 10 8 17 16 6 11 10
70269425 70298560 54509 22.230770 21.538462 54509 54487.460938 21.538462 20 21 20 28 20 24 24 21 16 18 25 26 17
70308791 70337881 54423 43.384617 42.307693 54423 54380.691406 42.307693 48 36 32 40 47 44 43 34 46 35 49 47 49
70349525 70377237 51854 62.153847 60.846153 51854 51793.152344 60.846153 57 42 67 64 65 65 69 55 57 60 61 75 54
70388865 70418039 54595 103.615387 101.923080 54595 54493.078125 101.923080 103 92 94 112 105 107 103 98 88 111 103 108 101
70428259 70457379 54475 111.846153 109.384613 54475 54365.617188 109.384613 100 110 105 120 120 102 122 80 108 113 118 116 108
70467608 70496732 54499 121.461540 118.923080 54499 54380.078125 118.923080 106 107 125 125 138 113 111 105 108 117 132 132 127
70508408 70536033 51683 113.384613 111.000000 51683 51572.000000 111.000000 113 90 117 116 124 99 113 91 101 120 137 107 115
70547702 70576883 54594 104.153847 101.615387 54594 54492.382812 101.615387 85 104 98 88 115 106 97 81 104 107 128 112 96
70587067 70616149 54408 72.692307 71.230766 54408 54336.769531 71.230766 68 75 71 55 83 76 71 73 68 54 86 87 59
70626379 70655472 54427 47.307693 46.076923 54427 54380.921875 46.076923 43 32 47 48 48 55 51 43 44 42 49 56 41
70667219 70694876 51739 22.230770 21.461538 51739 51717.539062 21.461538 22 19 22 25 23 24 23 16 25 23 19 22 16
70706468 70735664 54623 11.923077 11.769231 54623 54611.230469 11.769231 9 10 10 13 8 15 13 11 13 11 13 18 9
70745821 70774996 54579 4.615385 4.615385 54579 54574.382812 4.615385 5 8 5 7 7 5 2 4 3 5 3 1 5
70786675 70814312 51713 2.153846 2.076923 51713 51710.921875 2.076923 4 2 3 4 1 3 4 1 2 0 1 1 1
70825941 70853682 51909 0.769231 0.769231 51909 51908.230469 0.769231 0 0 1 1 0 0 0 0 1 0 3 3 1
70865317 70894442 54484 0.461538 0.384615 54484 54483.617188 0.384615 0 1 0 0 0 1 1 0 1 0 0 0 1
70904652 70933792 54529 0.153846 0.153846 54529 54528.847656 0.153846 0 0 0 0 0 0 0 0 1 0 1 0 0
70945462 70973122 51738 0.307692 0.230769 51738 51737.769531 0.230769 0 2 0 0 0 0 0 0 0 0 0 0 1
71035809 71063438 51697 119.000000 116.230766 51697 51580.769531 116.230766 115 99 123 124 143 99 123 100 91 131 137 113 113
