27 32
69900796 69928515 51865 108.692307 106.000000 51865 51759.000000 106.000000 138 112 96 91 102 108 119 114 95 112 98 91 102
69991118 70018853 51895 0.230769 0.076923 51895 51894.921875 0.076923 0 0 0 0 0 0 0 0 0 0 0 0 1
70030449 70059602 54553 0.307692 0.153846 54553 54552.847656 0.153846 1 0 1 0 0 0 0 0 0 0 0 0 0
70071247 70100463 54656 0.538462 0.384615 54656 54655.617188 0.384615 0 0 1 0 1 1 0 0 0 1 0 1 0
70110608 70139793 54580 0.461538 0.461538 54580 54579.539062 0.461538 0 0 2 0 0 0 1 0 0 2 0 0 1
70151437 70179130 51801 2.000000 1.846154 51801 51799.152344 1.846154 0 1 1 1 3 1 1 3 3 1 2 3 4
70190781 70218390 51624 4.384615 4.076923 51624 51619.921875 4.076923 3 2 4 3 3 5 5 4 2 10 3 4 5
70230040 70259209 54569 11.153846 10.769231 54569 54558.230469 10.769231 16 11 9 8 7 8 12 2 12 10 14 17 14
70269425 70298560 54505 22.384615 21.384615 54505 54483.617188 21.384615 25 11 15 15 28 15 20 21 26 35 22 25 20
70308791 70337881 54421 39.000000 38.461540 54421 54382.539062 38.461540 39 48 30 30 44 38 46 23 44 40 47 41 30
70349525 70377237 51852 62.692307 61.000000 51852 51791.000000 61.000000 78 78 35 55 69 57 74 61 51 64 68 51 52
70388865 70418039 54594 91.307693 89.307693 54594 54504.691406 89.307693 126 96 64 60 78 90 97 97 72 100 103 102 76
70428259 70457379 54474 107.461540 105.615387 54474 54368.382812 105.615387 143 119 79 82 84 108 119 104 94 108 115 117 101
70467608 70496732 54497 121.153847 118.923080 54497 54378.078125 118.923080 156 134 110 105 99 122 124 100 112 126 135 111 112
70508408 70536033 51683 109.692307 107.615387 51683 51575.382812 107.615387 145 132 76 77 103 98 120 94 83 139 140 111 81
70547702 70576883 54591 95.230766 92.615387 54591 54498.382812 92.615387 137 92 83 82 82 109 98 83 71 86 97 95 89
70587067 70616149 54407 67.538460 66.384613 54407 54340.617188 66.384613 68 68 50 68 55 73 64 64 53 76 77 78 69
70626379 70655472 54424 46.153847 45.384617 54424 54378.617188 45.384617 57 34 40 35 40 40 49 38 42 51 61 54 49
70667219 70694876 51735 22.461538 21.923077 51735 51713.078125 21.923077 20 17 19 11 22 18 18 20 31 38 22 28 21
70706468 70735664 54618 11.538462 11.153846 54618 54606.847656 11.153846 9 14 4 7 11 12 10 8 9 16 18 15 12
70745821 70774996 54579 6.153846 5.923077 54579 54573.078125 5.923077 9 2 3 9 3 6 8 3 5 7 8 12 2
70786675 70814312 51712 2.846154 2.846154 51712 51709.152344 2.846154 3 1 1 1 2 4 2 3 6 4 4 4 2
70825941 70853682 51908 0.923077 0.846154 51908 51907.152344 0.846154 0 1 1 2 0 0 0 1 2 1 3 0 0
70865317 70894442 54483 0.307692 0.307692 54483 54482.691406 0.307692 0 0 1 0 1 0 0 0 1 0 0 0 1
70904652 70933792 54529 0.230769 0.153846 54529 54528.847656 0.153846 0 0 0 1 1 0 0 0 0 0 0 0 0
70945462 70973122 51735 0.153846 0.076923 51735 51734.921875 0.076923 1 0 0 0 0 0 0 0 0 0 0 0 0
71035809 71063438 51696 108.538460 106.307693 51696 51589.691406 106.307693 136 118 86 97 107 86 123 101 94 100 108 127 99
