27 32
69900796 69928515 51864 93.076920 90.769234 51864 51773.230469 90.769234 148 92 0 2 1 100 128 89 121 133 133 117 116
69991118 70018853 51895 0.000000 0.000000 51895 51895.000000 0.000000 0 0 0 0 0 0 0 0 0 0 0 0 0
70030449 70059602 54552 0.384615 0.307692 54552 54551.691406 0.307692 0 1 0 0 0 0 0 0 0 0 1 1 1
70071247 70100463 54656 0.384615 0.230769 54656 54655.769531 0.230769 0 0 0 0 0 0 0 1 1 0 0 0 1
70110608 70139793 54578 0.461538 0.384615 54578 54577.617188 0.384615 0 0 0 0 0 2 0 1 0 1 1 0 0
70151437 70179130 51801 1.230769 1.153846 51801 51799.847656 1.153846 2 1 0 0 0 2 2 0 2 0 4 1 1
70190781 70218390 51622 4.307693 4.153846 51622 51617.847656 4.153846 10 7 0 0 0 3 5 3 7 8 7 2 2
70230040 70259209 54568 6.923077 6.538462 54568 54561.460938 6.538462 15 8 0 0 0 6 8 5 5 13 10 7 8
70269425 70298560 54503 17.846153 17.615385 54503 54485.382812 17.615385 15 18 0 0 0 29 19 12 23 35 29 30 19
70308791 70337881 54419 30.846153 30.153847 54419 54388.847656 30.153847 52 31 0 0 0 30 46 31 43 48 37 41 33
70349525 70377237 51852 49.846153 48.615383 51852 51803.382812 48.615383 64 50 0 0 0 70 60 56 49 78 72 61 72
70388865 70418039 54592 68.461540 67.384613 54592 54524.617188 67.384613 96 84 0 0 0 79 79 82 76 111 100 80 89
70428259 70457379 54471 84.384613 81.692307 54471 54389.308594 81.692307 117 86 0 0 0 95 121 103 103 116 121 117 83
70467608 70496732 54498 94.461540 92.769234 54498 54405.230469 92.769234 119 123 0 0 0 121 127 90 99 131 135 135 126
70508408 70536033 51681 83.615387 81.230766 51681 51599.769531 81.230766 101 116 0 0 0 113 119 79 86 112 127 108 95
70547702 70576883 54589 77.846153 76.461540 54589 54512.539062 76.461540 108 87 2 0 1 101 110 84 96 110 111 88 96
70587067 70616149 54406 57.307693 56.153847 54406 54349.847656 56.153847 64 62 1 0 0 73 80 55 68 91 76 96 64
70626379 70655472 54425 35.000000 34.769230 54425 54390.230469 34.769230 45 46 0 0 0 53 47 38 31 53 49 55 35
70667219 70694876 51733 17.923077 17.384615 51733 51715.617188 17.384615 17 29 0 0 0 29 25 22 19 21 26 21 17
70706468 70735664 54618 8.538462 8.384615 54618 54609.617188 8.384615 14 3 0 0 0 14 12 12 12 11 10 10 11
70745821 70774996 54578 3.230769 3.076923 54578 54574.921875 3.076923 5 2 0 0 0 4 3 2 3 7 6 7 1
70786675 70814312 51710 1.692308 1.461538 51710 51708.539062 1.461538 1 2 0 0 0 4 1 1 3 0 0 4 3
70825941 70853682 51907 0.692308 0.538462 51907 51906.460938 0.538462 0 0 0 0 0 1 1 0 2 2 1 0 0
70865317 70894442 54481 0.307692 0.230769 54481 54480.769531 0.230769 0 0 0 0 0 0 0 0 0 0 1 2 0
70904652 70933792 54528 0.153846 0.153846 54528 54527.847656 0.153846 0 0 0 0 0 0 0 0 0 0 1 1 0
70945462 70973122 51734 0.076923 0.000000 51734 51734.000000 0.000000 0 0 0 0 0 0 0 0 0 0 0 0 0
71035809 71063438 51695 91.000000 88.769234 51695 51606.230469 88.769234 110 100 0 0 1 112 84 108 129 118 136 141 115
