27 32
69900796 69928515 51864 82.230766 80.461540 51864 51783.539062 80.461540 0 0 95 108 91 110 129 91 124 157 141 0 0
69991118 70018853 51894 0.461538 0.153846 51894 51893.847656 0.153846 0 0 0 0 0 0 0 1 0 0 1 0 0
70030449 70059602 54552 0.307692 0.230769 54552 54551.769531 0.230769 0 0 0 0 0 0 0 1 0 1 1 0 0
70071247 70100463 54655 0.153846 0.076923 54655 54654.921875 0.076923 0 0 0 0 0 0 1 0 0 0 0 0 0
70110608 70139793 54577 0.538462 0.538462 54577 54576.460938 0.538462 0 0 0 1 1 0 0 0 1 0 4 0 0
70151437 70179130 51800 1.538462 1.538462 51800 51798.460938 1.538462 0 0 1 1 1 2 3 2 3 1 6 0 0
70190781 70218390 51623 3.615385 3.461539 51623 51619.539062 3.461539 0 0 5 4 9 6 2 8 5 2 4 0 0
70230040 70259209 54568 7.615385 7.538462 54568 54560.460938 7.538462 0 0 4 10 10 12 11 16 10 10 14 0 1
70269425 70298560 54503 17.076923 16.692308 54503 54486.308594 16.692308 1 0 21 20 31 22 25 17 31 29 20 0 0
70308791 70337881 54419 28.923077 28.692308 54419 54390.308594 28.692308 0 0 36 34 44 44 47 35 44 41 48 0 0
70349525 70377237 51851 40.692307 40.000000 51851 51811.000000 40.000000 0 0 53 58 59 33 75 55 49 71 67 0 0
70388865 70418039 54591 62.384617 61.384617 54591 54529.617188 61.384617 0 0 91 72 84 68 85 76 102 99 121 0 0
70428259 70457379 54471 82.923080 81.153847 54471 54389.847656 81.153847 0 0 114 99 113 100 109 102 111 164 143 0 0
70467608 70496732 54498 85.000000 83.000000 54498 54415.000000 83.000000 0 0 110 112 122 106 116 111 128 122 152 0 0
70508408 70536033 51682 78.230766 76.692307 51682 51605.308594 76.692307 0 0 112 91 99 105 121 78 120 129 142 0 0
70547702 70576883 54590 68.384613 67.230766 54590 54522.769531 67.230766 0 0 85 78 107 112 94 76 94 100 127 0 1
70587067 70616149 54401 48.846153 47.769230 54401 54353.230469 47.769230 1 0 49 49 74 68 79 60 74 79 88 0 0
70626379 70655472 54425 29.538462 28.923077 54425 54396.078125 28.923077 1 1 50 33 35 36 58 32 32 36 62 0 0
70667219 70694876 51732 17.076923 16.769230 51732 51715.230469 16.769230 0 1 21 19 29 31 24 23 18 21 31 0 0
70706468 70735664 54617 9.307693 9.076923 54617 54607.921875 9.076923 0 0 9 15 10 9 12 10 10 25 18 0 0
70745821 70774996 54579 3.538461 3.307692 54579 54575.691406 3.307692 0 0 2 3 8 6 6 4 3 5 6 0 0
70786675 70814312 51711 1.153846 1.076923 51711 51709.921875 1.076923 0 0 2 1 1 1 5 2 0 0 2 0 0
70825941 70853682 51905 0.769231 0.615385 51905 51904.382812 0.615385 0 0 0 1 0 3 1 0 1 1 1 0 0
70865317 70894442 54480 0.769231 0.692308 54480 54479.308594 0.692308 0 0 0 2 0 2 2 0 1 1 1 0 0
70904652 70933792 54528 0.384615 0.230769 54528 54527.769531 0.230769 0 0 1 0 0 0 0 0 1 0 1 0 0
70945462 70973122 51735 0.076923 0.000000 51735 51735.000000 0.000000 0 0 0 0 0 0 0 0 0 0 0 0 0
71035809 71063438 51695 82.384613 80.461540 51695 51614.539062 80.461540 0 0 114 106 109 101 102 94 140 130 149 1 0
