27 32
69900796 69928515 51862 113.153847 111.230766 51862 51750.769531 111.230766 114 104 110 97 104 106 116 84 126 128 119 135 103
69991118 70018853 51891 0.076923 0.000000 51891 51891.000000 0.000000 0 0 0 0 0 0 0 0 0 0 0 0 0
70030449 70059602 54550 0.230769 0.153846 54550 54549.847656 0.153846 1 0 0 0 1 0 0 0 0 0 0 0 0
70071247 70100463 54653 0.230769 0.230769 54653 54652.769531 0.230769 0 0 0 1 0 0 0 0 2 0 0 0 0
70110608 70139793 54576 0.692308 0.461538 54576 54575.539062 0.461538 0 0 0 2 0 0 0 0 0 1 0 1 2
70151437 70179130 51798 1.846154 1.615385 51798 51796.382812 1.615385 2 4 2 1 1 1 1 0 0 4 1 2 2
70190781 70218390 51620 4.153846 3.923077 51620 51616.078125 3.923077 3 5 2 6 3 2 3 5 5 4 6 1 6
70230040 70259209 54567 9.384615 9.153846 54567 54557.847656 9.153846 10 9 6 8 5 4 14 6 12 11 11 10 13
70269425 70298560 54503 19.846153 19.307692 54503 54483.691406 19.307692 26 25 15 13 21 14 17 14 20 26 24 20 16
70308791 70337881 54418 40.230770 39.384617 54418 54378.617188 39.384617 47 46 25 44 36 27 38 30 39 41 48 48 43
70349525 70377237 51850 64.076920 62.923077 51850 51787.078125 62.923077 69 55 56 50 69 44 46 41 80 79 83 75 71
70388865 70418039 54589 92.846153 90.692307 54589 54498.308594 90.692307 104 76 81 87 75 68 90 68 90 126 109 117 88
70428259 70457379 54470 113.230766 110.692307 54470 54359.308594 110.692307 113 108 95 98 107 91 90 114 107 127 125 143 121
70467608 70496732 54496 121.230766 118.769234 54496 54377.230469 118.769234 111 128 115 108 102 92 123 90 103 160 136 149 127
70508408 70536033 51677 108.230766 106.384613 51677 51570.617188 106.384613 136 112 108 94 103 83 119 74 103 103 126 116 106
70547702 70576883 54588 92.846153 90.692307 54588 54497.308594 90.692307 103 84 78 81 94 81 78 72 88 100 119 113 88
70587067 70616149 54401 69.230766 67.846153 54401 54333.152344 67.846153 98 96 67 49 69 56 60 56 61 84 78 63 45
70626379 70655472 54422 40.923077 40.076923 54422 54381.921875 40.076923 52 35 37 38 39 40 39 42 38 44 40 44 33
70667219 70694876 51732 22.538462 22.153847 51732 51709.847656 22.153847 27 23 26 17 12 19 29 13 30 19 21 25 27
70706468 70735664 54616 12.000000 11.692307 54616 54604.308594 11.692307 9 13 12 8 15 13 15 4 7 11 15 15 15
70745821 70774996 54577 5.076923 5.000000 54577 54572.000000 5.000000 9 3 3 4 2 10 8 3 7 3 5 5 3
70786675 70814312 51709 1.153846 1.153846 51709 51707.847656 1.153846 0 0 2 1 1 2 0 3 2 1 1 2 0
70825941 70853682 51904 0.615385 0.615385 51904 51903.382812 0.615385 0 1 0 0 2 0 0 2 0 1 1 0 1
70865317 70894442 54479 0.384615 0.230769 54479 54478.769531 0.230769 0 0 1 0 0 0 0 1 1 0 0 0 0
70904652 70933792 54526 0.230769 0.153846 54526 54525.847656 0.153846 0 0 0 0 0 0 0 0 1 1 0 0 0
70945462 70973122 51735 0.384615 0.230769 51735 51734.769531 0.230769 1 0 0 1 0 0 0 0 0 0 1 0 0
71035809 71063438 51693 114.076920 112.153847 51693 51580.847656 112.153847 133 110 90 98 109 106 99 80 122 126 130 131 124
