27 32
69900796 69928515 51862 103.153847 101.076920 51862 51760.921875 101.076920 0 0 101 97 112 102 126 93 119 140 167 143 114
69991118 70018853 51892 0.153846 0.076923 51892 51891.921875 0.076923 0 0 0 0 0 1 0 0 0 0 0 0 0
70030449 70059602 54551 0.307692 0.230769 54551 54550.769531 0.230769 0 0 0 1 0 0 1 0 0 0 1 0 0
70071247 70100463 54654 0.461538 0.307692 54654 54653.691406 0.307692 0 0 1 0 0 0 1 0 0 0 1 1 0
70110608 70139793 54575 0.538462 0.461538 54575 54574.539062 0.461538 0 0 1 1 0 0 2 0 1 0 1 0 0
70151437 70179130 51800 1.769231 1.384615 51800 51798.617188 1.384615 0 0 2 2 1 2 6 1 1 0 1 2 0
70190781 70218390 51622 3.230769 3.230769 51622 51618.769531 3.230769 0 0 1 5 4 3 3 4 4 3 7 3 5
70230040 70259209 54567 9.153846 8.769231 54567 54558.230469 8.769231 0 0 17 10 11 5 9 3 6 11 11 19 12
70269425 70298560 54503 17.923077 17.615385 54503 54485.382812 17.615385 0 0 23 12 22 19 16 14 18 30 25 32 18
70308791 70337881 54419 33.615383 32.461540 54419 54386.539062 32.461540 0 0 39 25 26 41 45 39 34 40 54 38 41
70349525 70377237 51849 51.153847 50.461540 51849 51798.539062 50.461540 0 0 34 48 62 64 68 44 74 73 65 72 52
70388865 70418039 54590 81.461540 80.076920 54590 54509.921875 80.076920 0 0 79 72 83 95 95 75 81 119 113 113 116
70428259 70457379 54470 98.692307 96.769234 54470 54373.230469 96.769234 0 0 97 85 98 129 131 103 111 131 133 133 107
70467608 70496732 54497 112.769234 110.769234 54497 54386.230469 110.769234 0 0 112 83 126 146 119 88 121 153 194 155 143
70508408 70536033 51679 99.538460 97.461540 51679 51581.539062 97.461540 0 0 103 89 115 113 113 93 112 129 142 148 110
70547702 70576883 54588 88.692307 86.692307 54588 54501.308594 86.692307 0 0 99 73 90 107 109 86 104 125 118 117 99
70587067 70616149 54401 63.769230 62.923077 54401 54338.078125 62.923077 0 0 56 61 68 69 87 58 71 93 93 86 76
70626379 70655472 54422 39.307693 38.769230 54422 54383.230469 38.769230 0 0 43 33 36 45 35 49 40 67 48 62 46
70667219 70694876 51732 20.000000 19.384615 51732 51712.617188 19.384615 0 0 15 20 18 25 33 12 24 27 24 30 24
70706468 70735664 54616 9.307693 9.230769 54616 54606.769531 9.230769 0 0 15 7 14 11 13 8 14 9 11 12 6
70745821 70774996 54579 4.615385 4.307693 54579 54574.691406 4.307693 0 0 4 6 7 5 4 2 5 9 2 9 3
70786675 70814312 51711 1.615385 1.461538 51711 51709.539062 1.461538 0 0 2 0 1 2 2 0 0 1 3 5 3
70825941 70853682 51904 0.461538 0.461538 51904 51903.539062 0.461538 0 0 1 0 2 0 0 1 0 2 0 0 0
70865317 70894442 54480 0.230769 0.153846 54480 54479.847656 0.153846 0 0 0 0 0 0 0 0 1 0 0 0 1
70904652 70933792 54528 0.307692 0.153846 54528 54527.847656 0.153846 0 0 0 0 0 0 0 0 0 0 1 1 0
70945462 70973122 51735 0.153846 0.153846 51735 51734.847656 0.153846 0 0 0 1 0 0 0 0 0 1 0 0 0
71035809 71063438 51695 106.076920 104.076920 51695 51590.921875 104.076920 0 0 101 105 104 124 114 103 126 152 157 146 121
