27 32
69900796 69928515 51863 89.846153 87.538460 51863 51775.460938 87.538460 152 131 94 81 79 0 1 0 115 122 143 123 97
69991118 70018853 51894 0.384615 0.153846 51894 51893.847656 0.153846 0 1 0 0 0 0 0 0 1 0 0 0 0
70030449 70059602 54553 0.307692 0.230769 54553 54552.769531 0.230769 0 0 1 0 1 1 0 0 0 0 0 0 0
70071247 70100463 54655 0.153846 0.076923 54655 54654.921875 0.076923 0 1 0 0 0 0 0 0 0 0 0 0 0
70110608 70139793 54577 0.615385 0.538462 54577 54576.460938 0.538462 1 0 1 0 0 0 0 0 3 0 0 2 0
70151437 70179130 51800 1.461538 1.384615 51800 51798.617188 1.384615 5 0 0 2 1 0 0 0 1 1 2 3 3
70190781 70218390 51623 3.769231 3.538461 51623 51619.460938 3.538461 3 8 4 0 4 0 0 0 7 9 2 6 3
70230040 70259209 54568 7.000000 6.846154 54568 54561.152344 6.846154 13 5 5 8 6 0 0 0 9 9 15 11 8
70269425 70298560 54503 15.923077 15.384615 54503 54487.617188 15.384615 26 21 11 22 11 0 0 0 19 26 20 27 17
70308791 70337881 54419 32.076923 31.076923 54419 54387.921875 31.076923 52 40 27 25 35 1 1 0 29 51 44 53 46
70349525 70377237 51850 46.692307 45.538460 51850 51804.460938 45.538460 66 62 42 48 55 0 0 0 45 67 67 74 66
70388865 70418039 54590 72.000000 70.846153 54590 54519.152344 70.846153 122 84 66 75 72 0 0 0 91 105 100 118 88
70428259 70457379 54470 86.769234 84.692307 54470 54385.308594 84.692307 137 109 90 88 81 0 0 0 113 137 131 108 107
70467608 70496732 54498 94.076920 92.076920 54498 54405.921875 92.076920 144 143 91 82 88 0 0 0 109 114 153 148 125
70508408 70536033 51681 83.615387 82.076920 51681 51598.921875 82.076920 132 113 72 79 88 0 0 0 89 126 132 137 99
70547702 70576883 54590 72.230766 70.461540 54590 54519.539062 70.461540 101 88 73 70 73 0 0 0 90 111 110 103 97
70587067 70616149 54401 52.615383 51.538460 54401 54349.460938 51.538460 71 64 53 66 51 0 1 0 65 71 79 77 72
70626379 70655472 54424 37.076923 36.307693 54424 54387.691406 36.307693 68 41 46 25 43 0 0 0 47 51 54 56 41
70667219 70694876 51732 17.000000 16.538462 51732 51715.460938 16.538462 26 17 9 15 17 0 0 0 22 28 26 28 27
70706468 70735664 54617 8.230769 7.923077 54617 54609.078125 7.923077 7 10 7 10 12 0 1 0 9 15 10 8 14
70745821 70774996 54579 3.846154 3.615385 54579 54575.382812 3.615385 2 3 4 6 3 0 0 0 7 7 7 5 3
70786675 70814312 51711 1.000000 0.923077 51711 51710.078125 0.923077 2 0 0 2 0 0 0 0 0 3 3 0 2
70825941 70853682 51905 0.153846 0.153846 51905 51904.847656 0.153846 0 1 1 0 0 0 0 0 0 0 0 0 0
70865317 70894442 54480 0.692308 0.307692 54480 54479.691406 0.307692 0 1 0 1 1 0 0 0 1 0 0 0 0
70904652 70933792 54528 0.076923 0.076923 54528 54527.921875 0.076923 0 0 0 0 0 1 0 0 0 0 0 0 0
70945462 70973122 51735 0.153846 0.000000 51735 51735.000000 0.000000 0 0 0 0 0 0 0 0 0 0 0 0 0
71035809 71063438 51695 91.692307 89.384613 51695 51605.617188 89.384613 128 140 85 88 112 0 1 0 100 132 138 127 111
