27 32
69900796 69928515 51862 97.615387 96.000000 51862 51766.000000 96.000000 153 116 73 81 115 0 0 0 125 113 147 195 130
69991118 70018853 51892 0.000000 0.000000 51892 51892.000000 0.000000 0 0 0 0 0 0 0 0 0 0 0 0 0
70030449 70059602 54551 0.307692 0.153846 54551 54550.847656 0.153846 0 1 0 0 0 0 0 0 1 0 0 0 0
70071247 70100463 54654 0.461538 0.153846 54654 54653.847656 0.153846 0 0 0 0 0 0 0 0 0 0 1 1 0
70110608 70139793 54575 0.692308 0.538462 54575 54574.460938 0.538462 2 1 0 0 0 0 0 0 1 1 2 0 0
70151437 70179130 51800 1.923077 1.692308 51800 51798.308594 1.692308 4 1 1 2 2 0 0 0 1 1 6 3 1
70190781 70218390 51621 3.076923 3.000000 51621 51618.000000 3.000000 3 4 3 3 5 0 0 0 2 4 8 3 4
70230040 70259209 54567 7.538462 7.153846 54567 54559.847656 7.153846 8 15 2 8 10 0 0 0 6 9 12 12 11
70269425 70298560 54503 18.153847 18.000000 54503 54485.000000 18.000000 28 22 25 22 20 0 0 0 25 19 22 24 27
70308791 70337881 54419 34.384617 33.615383 54419 54385.382812 33.615383 52 39 41 45 29 0 0 0 33 48 45 54 51
70349525 70377237 51849 51.692307 50.692307 51849 51798.308594 50.692307 72 67 48 57 48 0 0 0 58 74 73 83 79
70388865 70418039 54590 77.153847 75.692307 54590 54514.308594 75.692307 92 94 85 70 78 0 0 0 84 110 107 138 126
70428259 70457379 54470 90.000000 88.307693 54470 54381.691406 88.307693 132 124 71 83 91 0 0 0 101 123 135 163 125
70467608 70496732 54496 100.769234 98.307693 54496 54397.691406 98.307693 151 100 97 83 98 0 0 0 121 138 142 199 149
70508408 70536033 51678 87.076920 85.076920 51678 51592.921875 85.076920 128 105 83 84 93 0 0 0 115 104 129 143 122
70547702 70576883 54588 74.846153 73.230766 54588 54514.769531 73.230766 117 101 72 71 78 0 0 0 90 92 105 120 106
70587067 70616149 54401 55.000000 53.615383 54401 54347.382812 53.615383 65 75 50 61 55 0 0 0 49 94 74 89 85
70626379 70655472 54422 31.153847 30.076923 54422 54391.921875 30.076923 45 41 27 38 35 0 0 0 31 42 38 52 42
70667219 70694876 51732 17.923077 17.461538 51732 51714.539062 17.461538 17 22 16 24 26 0 0 0 21 16 27 32 26
70706468 70735664 54616 8.692307 8.384615 54616 54607.617188 8.384615 11 16 11 10 12 0 0 0 4 18 6 11 10
70745821 70774996 54578 4.692307 4.615385 54578 54573.382812 4.615385 6 7 6 6 7 0 0 0 6 4 10 5 3
70786675 70814312 51711 1.615385 1.384615 51711 51709.617188 1.384615 3 1 4 0 1 0 0 0 2 2 2 2 1
70825941 70853682 51904 0.923077 0.692308 51904 51903.308594 0.692308 1 2 2 0 0 0 0 0 1 0 1 2 0
70865317 70894442 54479 0.538462 0.230769 54479 54478.769531 0.230769 2 0 0 0 0 0 0 0 0 1 0 0 0
70904652 70933792 54526 0.538462 0.076923 54526 54525.921875 0.076923 0 0 1 0 0 0 0 0 0 0 0 0 0
70945462 70973122 51735 0.538462 0.384615 51735 51734.617188 0.384615 0 1 1 1 0 0 0 0 0 0 0 1 1
71035809 71063438 51694 87.000000 85.461540 51694 51608.539062 85.461540 125 103 89 90 78 0 0 0 108 120 132 150 116
