27 32
69900796 69928515 51863 93.692307 91.692307 51863 51771.308594 91.692307 115 92 87 81 89 124 117 94 128 116 149 0 0
69991118 70018853 51893 0.307692 0.230769 51893 51892.769531 0.230769 0 0 0 1 0 0 0 1 0 1 0 0 0
70030449 70059602 54552 0.461538 0.461538 54552 54551.539062 0.461538 0 0 0 2 0 0 0 0 2 0 2 0 0
70071247 70100463 54655 0.384615 0.307692 54655 54654.691406 0.307692 0 0 1 0 1 0 0 1 1 0 0 0 0
70110608 70139793 54576 0.153846 0.153846 54576 54575.847656 0.153846 0 0 0 0 0 0 0 0 0 2 0 0 0
70151437 70179130 51800 0.538462 0.461538 51800 51799.539062 0.461538 2 0 0 0 1 0 0 0 2 0 1 0 0
70190781 70218390 51623 3.230769 3.076923 51623 51619.921875 3.076923 8 3 3 3 5 3 5 3 2 1 4 0 0
70230040 70259209 54567 9.076923 8.615385 54567 54558.382812 8.615385 14 9 4 12 14 8 12 8 12 8 11 0 0
70269425 70298560 54503 20.000000 19.538462 54503 54483.460938 19.538462 22 18 26 19 25 35 11 17 21 31 29 0 0
70308791 70337881 54419 35.846153 34.615383 54419 54384.382812 34.615383 40 42 41 36 36 37 32 42 44 50 50 0 0
70349525 70377237 51849 52.615383 51.307693 51849 51797.691406 51.307693 58 49 55 49 61 52 75 49 64 83 72 0 0
70388865 70418039 54590 78.076920 76.384613 54590 54513.617188 76.384613 101 92 78 73 78 89 104 78 85 92 123 0 0
70428259 70457379 54470 94.538460 92.461540 54470 54377.539062 92.461540 121 99 97 97 94 109 101 100 114 120 150 0 0
70467608 70496732 54498 101.384613 98.461540 54498 54399.539062 98.461540 136 113 110 87 99 119 115 72 135 150 144 0 0
70508408 70536033 51680 98.307693 96.769234 51680 51583.230469 96.769234 140 124 87 81 101 113 113 110 115 150 124 0 0
70547702 70576883 54589 84.307693 82.692307 54589 54506.308594 82.692307 117 82 77 61 114 101 97 84 108 111 123 0 0
70587067 70616149 54401 58.923077 57.153847 54401 54343.847656 57.153847 83 69 44 69 60 56 66 49 66 86 95 0 0
70626379 70655472 54423 36.461540 35.153847 54423 54387.847656 35.153847 43 29 38 37 32 42 55 32 34 57 58 0 0
70667219 70694876 51731 20.538462 20.307692 51731 51710.691406 20.307692 23 24 22 11 20 31 24 18 26 26 39 0 0
70706468 70735664 54616 9.153846 9.000000 54616 54607.000000 9.000000 11 11 14 11 9 11 8 7 10 15 10 0 0
70745821 70774996 54579 3.307692 3.153846 54579 54575.847656 3.153846 3 4 3 2 4 4 6 4 4 5 2 0 0
70786675 70814312 51711 0.461538 0.461538 51711 51710.539062 0.461538 0 2 1 0 1 0 0 1 1 0 0 0 0
70825941 70853682 51905 0.307692 0.307692 51905 51904.691406 0.307692 0 0 1 0 1 0 0 2 0 0 0 0 0
70865317 70894442 54480 0.230769 0.076923 54480 54479.921875 0.076923 0 0 0 0 0 0 0 0 1 0 0 0 0
70904652 70933792 54528 0.307692 0.153846 54528 54527.847656 0.153846 0 0 0 0 0 1 0 1 0 0 0 0 0
70945462 70973122 51735 0.230769 0.153846 51735 51734.847656 0.153846 0 1 0 0 1 0 0 0 0 0 0 0 0
71035809 71063438 51695 97.461540 95.230766 51695 51599.769531 95.230766 115 116 97 99 98 108 109 107 122 131 136 0 0
