27 32
69900796 69928515 51864 111.923080 109.384613 51864 51754.617188 109.384613 125 97 103 77 102 91 99 110 126 138 125 114 115
69991118 70018853 51894 0.230769 0.076923 51894 51893.921875 0.076923 0 0 0 0 0 0 0 0 1 0 0 0 0
70030449 70059602 54552 0.461538 0.307692 54552 54551.691406 0.307692 0 0 1 0 0 0 0 0 0 1 0 2 0
70071247 70100463 54655 0.461538 0.307692 54655 54654.691406 0.307692 1 1 1 0 0 0 1 0 0 0 0 0 0
70110608 70139793 54578 0.692308 0.461538 54578 54577.539062 0.461538 0 1 3 0 0 1 0 0 0 0 1 0 0
70151437 70179130 51801 2.000000 1.923077 51801 51799.078125 1.923077 2 1 2 2 2 4 1 2 2 1 2 1 3
70190781 70218390 51623 4.461538 4.230769 51623 51618.769531 4.230769 5 9 2 2 0 4 3 6 4 4 5 6 5
70230040 70259209 54568 10.384615 10.076923 54568 54557.921875 10.076923 9 9 3 8 10 11 9 12 10 11 17 10 12
70269425 70298560 54503 21.769230 21.461538 54503 54481.539062 21.461538 21 19 20 14 19 24 27 14 26 27 28 25 15
70308791 70337881 54419 41.923077 41.461540 54419 54377.539062 41.461540 41 43 38 30 48 38 48 43 44 42 50 42 32
70349525 70377237 51852 62.461540 61.153847 51852 51790.847656 61.153847 71 61 47 60 43 71 58 51 62 58 84 65 64
70388865 70418039 54592 84.307693 83.000000 54592 54509.000000 83.000000 75 85 78 66 72 67 80 74 87 101 118 93 83
70428259 70457379 54471 106.153847 104.076920 54471 54366.921875 104.076920 121 91 86 75 83 97 120 88 102 149 137 105 99
70467608 70496732 54498 119.461540 116.307693 54498 54381.691406 116.307693 113 101 87 107 71 112 123 101 144 166 143 135 109
70508408 70536033 51681 103.538460 101.846153 51681 51579.152344 101.846153 118 82 77 77 82 100 101 107 99 125 124 131 101
70547702 70576883 54589 87.692307 86.076920 54589 54502.921875 86.076920 93 111 77 64 65 78 80 64 83 110 117 98 79
70587067 70616149 54405 68.000000 66.769234 54405 54338.230469 66.769234 74 73 51 59 54 48 61 62 74 71 104 74 63
70626379 70655472 54425 45.538460 44.307693 54425 54380.691406 44.307693 59 40 36 42 42 43 51 44 48 39 52 40 40
70667219 70694876 51733 24.000000 23.076923 51733 51709.921875 23.076923 19 20 16 18 26 24 27 24 27 35 28 17 19
70706468 70735664 54618 12.769231 12.153846 54618 54605.847656 12.153846 18 12 9 10 9 10 13 9 12 13 21 14 8
70745821 70774996 54578 5.461538 5.307693 54578 54572.691406 5.307693 8 5 4 3 7 6 5 7 3 2 8 5 6
70786675 70814312 51710 2.000000 2.000000 51710 51708.000000 2.000000 2 0 4 0 0 4 1 2 0 4 2 4 3
70825941 70853682 51905 0.538462 0.384615 51905 51904.617188 0.384615 0 0 1 0 1 0 1 0 1 1 0 0 0
70865317 70894442 54482 0.384615 0.384615 54482 54481.617188 0.384615 1 0 0 1 0 0 0 0 2 0 0 0 1
70904652 70933792 54528 0.076923 0.000000 54528 54528.000000 0.000000 0 0 0 0 0 0 0 0 0 0 0 0 0
70945462 70973122 51735 0.307692 0.000000 51735 51735.000000 0.000000 0 0 0 0 0 0 0 0 0 0 0 0 0
71035809 71063438 51695 103.769234 101.538460 51695 51593.460938 101.538460 100 85 92 82 72 103 116 76 107 125 155 99 108
