27 32
69900796 69928515 51864 87.153847 85.461540 51864 51778.539062 85.461540 111 75 0 0 0 92 117 97 112 136 115 132 124
69991118 70018853 51895 0.153846 0.153846 51895 51894.847656 0.153846 0 0 1 0 1 0 0 0 0 0 0 0 0
70030449 70059602 54552 0.307692 0.307692 54552 54551.691406 0.307692 0 0 0 0 0 0 0 2 1 0 0 1 0
70071247 70100463 54655 0.384615 0.230769 54655 54654.769531 0.230769 0 1 0 0 0 0 1 0 1 0 0 0 0
70110608 70139793 54578 0.384615 0.307692 54578 54577.691406 0.307692 1 1 0 0 0 0 0 1 0 0 1 0 0
70151437 70179130 51801 1.538462 1.307692 51801 51799.691406 1.307692 5 1 0 0 0 1 3 0 3 0 1 2 1
70190781 70218390 51623 4.384615 4.307693 51623 51618.691406 4.307693 7 5 0 0 0 6 7 5 6 4 5 5 6
70230040 70259209 54568 8.615385 8.461538 54568 54559.539062 8.461538 14 11 0 0 0 11 16 10 9 9 8 13 9
70269425 70298560 54503 15.846154 15.307693 54503 54487.691406 15.307693 27 23 0 0 0 24 25 27 10 18 15 19 11
70308791 70337881 54419 31.076923 30.307692 54419 54388.691406 30.307692 33 25 0 0 1 50 43 53 32 36 34 50 37
70349525 70377237 51851 51.923077 50.923077 51851 51800.078125 50.923077 63 66 0 0 0 67 68 73 69 67 76 59 54
70388865 70418039 54591 72.538460 70.692307 54591 54520.308594 70.692307 91 72 0 0 0 87 85 77 87 107 114 107 92
70428259 70457379 54471 88.230766 85.769234 54471 54385.230469 85.769234 111 100 0 0 0 93 108 90 92 146 138 123 114
70467608 70496732 54498 96.692307 94.769234 54498 54403.230469 94.769234 123 101 1 1 0 117 119 104 131 132 136 145 122
70508408 70536033 51681 85.461540 83.769234 51681 51597.230469 83.769234 99 105 0 1 1 100 134 78 87 141 113 134 96
70547702 70576883 54589 74.461540 73.307693 54589 54515.691406 73.307693 97 82 0 0 0 82 96 97 93 91 108 117 90
70587067 70616149 54404 56.000000 54.846153 54404 54349.152344 54.846153 67 68 0 0 0 69 78 70 62 78 81 76 64
70626379 70655472 54425 36.000000 35.230770 54425 54389.769531 35.230770 55 39 0 0 1 49 64 39 38 43 44 48 38
70667219 70694876 51733 18.538462 18.307692 51733 51714.691406 18.307692 28 21 0 0 0 19 22 22 21 29 30 24 22
70706468 70735664 54618 10.000000 9.538462 54618 54608.460938 9.538462 12 13 0 2 0 17 18 9 9 9 10 16 9
70745821 70774996 54578 4.153846 4.076923 54578 54573.921875 4.076923 5 7 0 0 0 8 8 8 6 0 3 2 6
70786675 70814312 51711 1.769231 1.769231 51711 51709.230469 1.769231 4 2 0 0 0 2 1 2 1 1 3 3 4
70825941 70853682 51905 0.769231 0.615385 51905 51904.382812 0.615385 1 3 0 0 0 1 0 1 1 0 0 1 0
70865317 70894442 54481 0.692308 0.461538 54481 54480.539062 0.461538 1 0 0 1 0 1 2 0 1 0 0 0 0
70904652 70933792 54528 0.153846 0.153846 54528 54527.847656 0.153846 0 0 0 0 0 0 0 0 0 0 0 2 0
70945462 70973122 51735 0.076923 0.000000 51735 51735.000000 0.000000 0 0 0 0 0 0 0 0 0 0 0 0 0
71035809 71063438 51696 85.153847 83.230766 51696 51612.769531 83.230766 88 89 1 2 1 101 118 100 116 121 119 119 107
