27 32
69900796 69928515 51865 88.230766 86.538460 51865 51778.460938 86.538460 141 135 91 92 105 112 146 90 0 0 0 105 108
69991118 70018853 51894 0.153846 0.153846 51894 51893.847656 0.153846 0 0 0 0 1 0 1 0 0 0 0 0 0
70030449 70059602 54552 0.153846 0.000000 54552 54552.000000 0.000000 0 0 0 0 0 0 0 0 0 0 0 0 0
70071247 70100463 54655 0.230769 0.230769 54655 54654.769531 0.230769 0 0 1 0 0 1 0 0 0 0 0 1 0
70110608 70139793 54578 1.153846 1.000000 54578 54577.000000 1.000000 2 0 2 0 0 1 2 1 0 0 0 4 1
70151437 70179130 51801 1.076923 1.076923 51801 51799.921875 1.076923 2 1 1 1 2 1 2 2 0 0 0 2 0
70190781 70218390 51623 2.846154 2.692308 51623 51620.308594 2.692308 5 1 2 3 2 4 6 3 0 0 0 5 4
70230040 70259209 54568 8.076923 7.846154 54568 54560.152344 7.846154 13 10 12 9 8 8 9 7 0 0 0 14 12
70269425 70298560 54504 18.153847 17.615385 54504 54486.382812 17.615385 28 17 25 23 18 25 22 20 0 0 0 24 27
70308791 70337881 54419 30.615385 30.153847 54419 54388.847656 30.153847 46 47 39 39 44 43 46 27 0 0 0 31 30
70349525 70377237 51851 49.000000 48.230770 51851 51802.769531 48.230770 73 77 65 55 58 66 67 54 0 0 0 51 61
70388865 70418039 54591 72.230766 71.000000 54591 54520.000000 71.000000 135 94 85 83 89 94 99 63 1 0 0 100 80
70428259 70457379 54471 86.461540 84.923080 54471 54386.078125 84.923080 141 122 101 90 98 110 114 106 0 1 0 112 109
70467608 70496732 54498 92.153847 89.769234 54498 54408.230469 89.769234 168 142 90 106 95 114 134 101 0 0 0 108 109
70508408 70536033 51681 79.692307 78.615387 51681 51602.382812 78.615387 137 135 86 82 86 108 109 101 0 1 1 95 81
70547702 70576883 54589 74.615387 73.230766 54589 54515.769531 73.230766 123 116 75 94 93 95 97 68 0 0 0 103 88
70587067 70616149 54405 57.230770 56.000000 54405 54349.000000 56.000000 93 95 57 68 75 60 76 68 0 0 0 77 59
70626379 70655472 54425 33.538460 32.923077 54425 54392.078125 32.923077 51 43 34 41 40 53 44 36 0 0 0 35 51
70667219 70694876 51733 17.000000 16.461538 51733 51716.539062 16.461538 20 19 21 22 25 15 24 19 0 0 0 19 30
70706468 70735664 54618 8.846154 8.538462 54618 54609.460938 8.538462 14 17 12 10 10 5 15 7 0 0 0 12 9
70745821 70774996 54578 3.769231 3.692308 54578 54574.308594 3.692308 5 5 2 4 2 5 8 1 0 1 1 8 6
70786675 70814312 51711 1.615385 1.538462 51711 51709.460938 1.538462 2 3 0 2 1 2 2 1 0 0 0 3 4
70825941 70853682 51905 1.000000 0.846154 51905 51904.152344 0.846154 1 1 3 0 0 1 1 1 0 0 0 2 1
70865317 70894442 54482 0.461538 0.307692 54482 54481.691406 0.307692 1 0 0 2 0 0 1 0 0 0 0 0 0
70904652 70933792 54528 0.307692 0.230769 54528 54527.769531 0.230769 0 0 1 1 1 0 0 0 0 0 0 0 0
70945462 70973122 51735 0.076923 0.000000 51735 51735.000000 0.000000 0 0 0 0 0 0 0 0 0 0 0 0 0
71035809 71063438 51696 87.461540 85.846153 51696 51610.152344 85.846153 138 119 103 92 99 124 111 111 0 0 2 113 104
