27 32
69900796 69928515 51865 91.692307 89.769234 51865 51775.230469 89.769234 108 99 106 121 83 0 0 0 130 143 128 138 111
69991118 70018853 51895 0.307692 0.230769 51895 51894.769531 0.230769 1 0 2 0 0 0 0 0 0 0 0 0 0
70030449 70059602 54552 0.153846 0.153846 54552 54551.847656 0.153846 0 0 0 0 1 0 0 0 0 0 0 0 1
70071247 70100463 54656 0.461538 0.307692 54656 54655.691406 0.307692 0 0 0 0 0 0 0 0 2 0 2 0 0
70110608 70139793 54578 0.769231 0.461538 54578 54577.539062 0.461538 1 0 0 0 0 0 0 0 0 0 3 1 1
70151437 70179130 51801 1.923077 1.923077 51801 51799.078125 1.923077 4 1 3 2 1 0 0 0 4 6 0 2 2
70190781 70218390 51622 3.461539 3.307692 51622 51618.691406 3.307692 2 10 3 4 4 0 0 0 3 4 4 4 5
70230040 70259209 54568 8.923077 8.846154 54568 54559.152344 8.846154 13 4 13 6 10 0 0 0 11 15 16 15 12
70269425 70298560 54503 18.461538 18.230770 54503 54484.769531 18.230770 31 22 11 23 18 0 0 0 26 26 28 29 23
70308791 70337881 54419 33.538460 32.692307 54419 54386.308594 32.692307 36 40 34 43 37 0 0 0 51 53 54 47 30
70349525 70377237 51852 47.769230 46.692307 51852 51805.308594 46.692307 52 60 48 54 57 0 0 1 55 69 84 72 55
70388865 70418039 54593 68.384613 66.769234 54593 54526.230469 66.769234 83 87 71 64 74 0 0 0 97 106 97 97 92
70428259 70457379 54472 86.923080 85.230766 54472 54386.769531 85.230766 109 90 103 91 102 0 0 0 123 126 150 117 97
70467608 70496732 54498 92.461540 90.615387 54498 54407.382812 90.615387 139 86 114 87 121 0 0 0 121 155 124 124 107
70508408 70536033 51682 81.538460 79.769234 51682 51602.230469 79.769234 115 85 101 82 97 0 0 0 92 133 128 112 92
70547702 70576883 54589 75.615387 74.384613 54589 54514.617188 74.384613 96 86 91 88 87 0 0 0 92 104 109 116 98
70587067 70616149 54407 58.000000 56.923077 54407 54350.078125 56.923077 77 78 51 59 63 0 0 0 91 75 88 80 78
70626379 70655472 54425 35.076923 34.461540 54425 54390.539062 34.461540 33 39 41 29 29 0 0 0 68 62 49 51 47
70667219 70694876 51734 18.615385 18.307692 51734 51715.691406 18.307692 24 20 16 21 21 0 0 0 26 30 36 26 18
70706468 70735664 54618 10.923077 10.769231 54618 54607.230469 10.769231 14 12 16 11 11 0 0 0 19 17 18 12 10
70745821 70774996 54578 4.615385 4.384615 54578 54573.617188 4.384615 4 2 9 4 6 0 0 1 6 11 7 1 6
70786675 70814312 51711 1.846154 1.846154 51711 51709.152344 1.846154 2 4 2 0 3 0 0 0 3 2 4 4 0
70825941 70853682 51908 0.538462 0.538462 51908 51907.460938 0.538462 0 0 0 1 0 0 0 0 1 2 0 2 1
70865317 70894442 54481 0.923077 0.692308 54481 54480.308594 0.692308 0 0 2 1 1 0 0 0 0 1 2 2 0
70904652 70933792 54528 0.461538 0.153846 54528 54527.847656 0.153846 0 1 0 0 0 0 0 0 1 0 0 0 0
70945462 70973122 51734 0.076923 0.076923 51734 51733.921875 0.076923 0 0 0 0 0 0 0 0 0 0 0 0 1
71035809 71063438 51696 88.230766 86.384613 51696 51609.617188 86.384613 117 103 102 97 93 0 0 0 107 126 124 146 108
