27 32
69900796 69928515 51865 120.846153 118.076920 51865 51746.921875 118.076920 171 148 88 93 93 110 118 72 124 131 148 133 106
69991118 70018853 51895 0.307692 0.153846 51895 51894.847656 0.153846 0 1 0 0 0 0 0 0 0 0 0 1 0
70030449 70059602 54552 0.307692 0.153846 54552 54551.847656 0.153846 0 0 0 0 0 0 1 0 0 0 0 1 0
70071247 70100463 54656 0.615385 0.384615 54656 54655.617188 0.384615 0 0 1 0 1 0 2 1 0 0 0 0 0
70110608 70139793 54580 0.538462 0.384615 54580 54579.617188 0.384615 3 1 0 1 0 0 0 0 0 0 0 0 0
70151437 70179130 51801 1.615385 1.615385 51801 51799.382812 1.615385 0 1 4 2 1 2 2 3 2 0 1 1 2
70190781 70218390 51622 4.461538 4.307693 51622 51617.691406 4.307693 10 4 7 6 4 5 3 2 4 3 2 5 1
70230040 70259209 54569 10.846154 10.538462 54569 54558.460938 10.538462 17 17 7 11 12 5 8 7 10 13 14 7 9
70269425 70298560 54503 21.307692 20.538462 54503 54482.460938 20.538462 27 24 18 17 24 19 14 16 20 18 28 22 20
70308791 70337881 54421 39.076923 38.076923 54421 54382.921875 38.076923 47 51 38 29 30 39 43 31 35 38 42 39 33
70349525 70377237 51852 65.538460 64.384613 51852 51787.617188 64.384613 79 68 51 45 56 61 57 61 64 75 73 86 61
70388865 70418039 54594 96.076920 94.846153 54594 54499.152344 94.846153 118 133 75 58 76 93 95 81 87 104 102 114 97
70428259 70457379 54472 117.846153 114.923080 54472 54357.078125 114.923080 147 140 98 79 95 109 122 102 114 134 128 116 110
70467608 70496732 54497 124.461540 122.307693 54497 54374.691406 122.307693 166 150 82 98 96 101 135 82 119 134 137 162 128
70508408 70536033 51683 118.846153 116.461540 51683 51566.539062 116.461540 128 130 79 89 103 139 120 96 121 125 139 110 135
70547702 70576883 54589 100.461540 98.692307 54589 54490.308594 98.692307 135 120 79 74 90 98 86 65 83 119 113 120 101
70587067 70616149 54406 77.307693 75.692307 54406 54330.308594 75.692307 105 78 66 66 55 83 74 68 66 82 81 90 70
70626379 70655472 54424 45.615383 44.384617 54424 54379.617188 44.384617 63 59 51 30 32 51 44 36 36 38 46 41 50
70667219 70694876 51735 23.923077 23.538462 51735 51711.460938 23.538462 32 28 15 28 30 15 23 20 21 32 24 21 17
70706468 70735664 54617 11.846154 11.000000 54617 54606.000000 11.000000 13 19 11 10 12 8 7 7 10 13 13 13 7
70745821 70774996 54579 6.846154 6.692307 54579 54572.308594 6.692307 7 6 8 4 7 3 6 6 6 14 10 5 5
70786675 70814312 51712 1.615385 1.538462 51712 51710.460938 1.538462 0 1 3 5 4 0 1 0 1 1 2 1 1
70825941 70853682 51908 0.769231 0.615385 51908 51907.382812 0.615385 1 1 0 0 0 0 1 0 1 0 2 1 1
70865317 70894442 54481 0.153846 0.153846 54481 54480.847656 0.153846 0 0 0 0 0 0 0 0 1 0 0 1 0
70904652 70933792 54529 0.538462 0.230769 54529 54528.769531 0.230769 0 0 0 0 1 1 0 1 0 0 0 0 0
70945462 70973122 51735 0.230769 0.000000 51735 51735.000000 0.000000 0 0 0 0 0 0 0 0 0 0 0 0 0
71035809 71063438 51696 113.384613 110.769234 51696 51585.230469 110.769234 129 138 72 75 73 122 115 86 111 145 135 139 100
