27 32
69900796 69928515 51865 88.307693 86.230766 51865 51778.769531 86.230766 137 109 2 1 0 102 120 95 80 134 120 132 89
69991118 70018853 51894 0.000000 0.000000 51894 51894.000000 0.000000 0 0 0 0 0 0 0 0 0 0 0 0 0
70030449 70059602 54552 0.230769 0.153846 54552 54551.847656 0.153846 0 0 0 0 0 1 0 0 0 0 0 0 1
70071247 70100463 54655 0.153846 0.076923 54655 54654.921875 0.076923 0 0 0 0 0 0 1 0 0 0 0 0 0
70110608 70139793 54578 0.461538 0.384615 54578 54577.617188 0.384615 0 1 0 0 0 0 1 0 2 0 0 0 1
70151437 70179130 51801 1.461538 1.230769 51801 51799.769531 1.230769 3 2 0 0 0 1 1 0 0 2 3 2 2
70190781 70218390 51623 3.384615 3.230769 51623 51619.769531 3.230769 6 3 0 0 0 3 5 3 2 5 8 3 4
70230040 70259209 54568 8.769231 8.615385 54568 54559.382812 8.615385 9 9 0 0 1 9 12 10 9 15 21 8 9
70269425 70298560 54504 15.538462 15.230769 54504 54488.769531 15.230769 26 22 0 0 0 15 16 16 11 23 29 25 15
70308791 70337881 54419 32.000000 30.846153 54419 54388.152344 30.846153 50 41 0 0 0 34 27 45 41 45 48 29 41
70349525 70377237 51851 48.846153 47.769230 51851 51803.230469 47.769230 73 50 0 0 0 63 55 58 67 67 75 65 48
70388865 70418039 54591 69.846153 68.000000 54591 54523.000000 68.000000 109 69 0 0 1 78 99 88 77 84 110 95 74
70428259 70457379 54471 89.230766 87.307693 54471 54383.691406 87.307693 113 107 0 0 0 113 112 95 103 119 136 121 116
70467608 70496732 54498 95.153847 92.769234 54498 54405.230469 92.769234 140 114 0 0 0 132 128 87 109 117 133 143 103
70508408 70536033 51681 86.000000 83.692307 51681 51597.308594 83.692307 119 100 0 0 0 93 122 90 106 124 118 121 95
70547702 70576883 54589 74.923080 73.153847 54589 54515.847656 73.153847 105 88 0 0 0 97 104 79 90 94 108 90 96
70587067 70616149 54405 54.538460 53.846153 54405 54351.152344 53.846153 61 52 0 0 0 69 74 59 65 81 87 83 69
70626379 70655472 54425 33.000000 32.153847 54425 54392.847656 32.153847 48 39 0 0 0 50 43 36 23 49 44 39 47
70667219 70694876 51733 19.538462 18.769230 51733 51714.230469 18.769230 34 15 0 0 1 24 25 22 26 27 30 23 17
70706468 70735664 54618 9.384615 9.000000 54618 54609.000000 9.000000 8 8 0 0 0 11 9 11 19 19 15 8 9
70745821 70774996 54578 3.615385 3.538461 54578 54574.460938 3.538461 5 2 0 0 0 6 6 4 4 3 6 5 5
70786675 70814312 51711 1.461538 1.230769 51711 51709.769531 1.230769 4 1 0 0 0 0 1 0 3 1 4 1 1
70825941 70853682 51905 0.692308 0.615385 51905 51904.382812 0.615385 0 2 1 0 0 0 0 0 2 0 1 2 0
70865317 70894442 54482 0.615385 0.384615 54482 54481.617188 0.384615 1 1 0 0 0 0 1 0 1 0 1 0 0
70904652 70933792 54528 0.461538 0.461538 54528 54527.539062 0.461538 1 2 0 0 0 0 1 1 0 0 1 0 0
70945462 70973122 51735 0.230769 0.153846 51735 51734.847656 0.153846 0 0 2 0 0 0 0 0 0 0 0 0 0
71035809 71063438 51695 86.769234 84.307693 51695 51610.691406 84.307693 121 108 1 0 0 98 113 84 101 109 144 132 85
