27 32
69900796 69928515 51862 125.384613 122.538460 51862 51739.460938 122.538460 115 94 105 104 115 122 144 105 125 163 158 125 118
69991118 70018853 51892 0.307692 0.230769 51892 51891.769531 0.230769 0 0 0 0 0 1 1 0 0 0 0 0 1
70030449 70059602 54551 0.076923 0.076923 54551 54550.921875 0.076923 0 0 0 0 0 0 0 0 0 0 1 0 0
70071247 70100463 54653 0.461538 0.307692 54653 54652.691406 0.307692 1 0 0 0 0 0 0 0 1 0 1 0 1
70110608 70139793 54575 0.923077 0.923077 54575 54574.078125 0.923077 1 0 0 1 1 1 4 1 1 0 1 0 1
70151437 70179130 51799 1.384615 1.307692 51799 51797.691406 1.307692 0 2 1 2 0 3 1 1 1 1 2 1 2
70190781 70218390 51620 4.769231 4.538462 51620 51615.460938 4.538462 3 3 3 1 5 4 6 5 4 14 6 2 3
70230040 70259209 54567 11.307693 10.923077 54567 54556.078125 10.923077 12 13 10 7 8 13 10 9 11 16 16 8 9
70269425 70298560 54503 22.692308 22.153847 54503 54480.847656 22.153847 26 13 15 17 16 26 25 25 29 34 24 19 19
70308791 70337881 54419 40.076923 39.384617 54419 54379.617188 39.384617 45 35 32 34 43 50 51 36 40 36 47 36 27
70349525 70377237 51850 67.384613 66.538460 51850 51783.460938 66.538460 74 63 47 65 61 66 78 59 81 73 81 61 56
70388865 70418039 54589 102.461540 100.384613 54589 54488.617188 100.384613 85 89 84 88 101 98 106 110 100 116 130 109 89
70428259 70457379 54470 118.923080 116.307693 54470 54353.691406 116.307693 99 102 96 96 118 102 124 109 139 141 148 119 119
70467608 70496732 54496 129.538467 126.461540 54496 54369.539062 126.461540 108 93 110 125 122 118 133 138 125 153 157 160 102
70508408 70536033 51677 120.307693 118.307693 51677 51558.691406 118.307693 102 96 132 118 104 120 116 95 116 151 165 120 103
70547702 70576883 54588 102.461540 100.923080 54588 54487.078125 100.923080 104 81 99 89 91 108 112 84 86 150 106 110 92
70587067 70616149 54401 69.538460 68.538460 54401 54332.460938 68.538460 52 50 69 59 59 67 73 71 82 83 85 78 63
70626379 70655472 54422 45.076923 44.307693 54422 54377.691406 44.307693 41 32 44 34 45 48 38 40 48 57 62 49 38
70667219 70694876 51732 23.615385 23.000000 51732 51709.000000 23.000000 20 23 18 14 19 23 22 21 29 25 36 20 29
70706468 70735664 54616 11.692307 11.076923 54616 54604.921875 11.076923 7 10 9 5 15 11 10 9 10 17 16 14 11
70745821 70774996 54577 5.384615 5.230769 54577 54571.769531 5.230769 7 3 2 2 1 13 7 11 4 2 6 7 3
70786675 70814312 51710 1.615385 1.461538 51710 51708.539062 1.461538 2 2 0 2 0 3 3 0 0 1 3 3 0
70825941 70853682 51904 0.307692 0.307692 51904 51903.691406 0.307692 0 2 1 0 0 0 0 0 0 1 0 0 0
70865317 70894442 54479 0.461538 0.307692 54479 54478.691406 0.307692 0 0 0 0 0 1 0 0 2 0 0 0 1
70904652 70933792 54526 0.230769 0.230769 54526 54525.769531 0.230769 0 1 0 0 0 0 0 0 0 1 0 0 1
70945462 70973122 51735 0.384615 0.153846 51735 51734.847656 0.153846 0 0 0 1 1 0 0 0 0 0 0 0 0
71035809 71063438 51693 126.307693 123.615387 51693 51569.382812 123.615387 116 100 112 115 110 117 130 108 114 155 188 130 112
