27 32
69900796 69928515 51868 105.846153 103.153847 51868 51764.847656 103.153847 126 101 90 100 102 122 133 111 137 164 155 0 0
69991118 70018853 51897 0.230769 0.153846 51897 51896.847656 0.153846 0 0 0 0 0 1 0 0 0 1 0 0 0
70030449 70059602 54556 0.000000 0.000000 54556 54556.000000 0.000000 0 0 0 0 0 0 0 0 0 0 0 0 0
70071247 70100463 54660 0.153846 0.076923 54660 54659.921875 0.076923 0 0 0 0 0 0 0 0 0 0 1 0 0
70110608 70139793 54583 0.384615 0.307692 54583 54582.691406 0.307692 2 0 1 0 0 0 1 0 0 0 0 0 0
70151437 70179130 51805 1.384615 1.384615 51805 51803.617188 1.384615 0 1 2 2 1 0 0 1 3 4 4 0 0
70190781 70218390 51627 3.000000 3.000000 51627 51624.000000 3.000000 2 4 1 2 2 3 2 6 4 7 6 0 0
70230040 70259209 54574 10.307693 10.000000 54574 54564.000000 10.000000 12 7 14 4 5 13 13 15 14 18 15 0 0
70269425 70298560 54510 21.692308 21.307692 54510 54488.691406 21.307692 26 22 18 12 21 20 29 28 35 28 38 0 0
70308791 70337881 54424 37.153847 36.538460 54424 54387.460938 36.538460 46 52 34 39 31 35 43 32 45 59 59 0 0
70349525 70377237 51856 57.000000 55.769230 51856 51800.230469 55.769230 50 55 56 40 55 71 64 70 84 83 97 0 0
70388865 70418039 54595 85.076920 83.384613 54595 54511.617188 83.384613 118 88 81 66 80 106 96 97 103 126 123 0 0
70428259 70457379 54476 107.538460 105.076920 54476 54370.921875 105.076920 135 120 87 102 103 103 131 99 153 165 168 0 0
70467608 70496732 54502 115.000000 112.615387 54502 54389.382812 112.615387 148 122 102 96 125 133 141 123 138 156 180 0 0
70508408 70536033 51683 102.692307 101.461540 51683 51581.539062 101.461540 135 110 91 84 103 98 118 104 137 177 162 0 0
70547702 70576883 54595 87.384613 85.846153 54595 54509.152344 85.846153 103 78 70 71 81 98 108 84 134 130 159 0 0
70587067 70616149 54408 62.384617 60.846153 54408 54347.152344 60.846153 81 69 53 55 55 61 84 43 74 102 114 0 0
70626379 70655472 54429 39.923077 39.076923 54429 54389.921875 39.076923 59 36 33 35 42 43 44 32 46 67 71 0 0
70667219 70694876 51739 19.769230 19.538462 51739 51719.460938 19.538462 21 24 9 12 22 24 24 21 21 31 45 0 0
70706468 70735664 54623 10.769231 10.538462 54623 54612.460938 10.538462 15 12 6 18 10 7 14 9 16 13 17 0 0
70745821 70774996 54584 4.153846 3.769231 54584 54580.230469 3.769231 1 5 1 4 4 2 5 4 7 10 6 0 0
70786675 70814312 51715 1.230769 1.230769 51715 51713.769531 1.230769 1 2 1 1 2 0 3 0 2 3 1 0 0
70825941 70853682 51910 0.615385 0.307692 51910 51909.691406 0.307692 0 0 1 1 0 0 0 0 0 2 0 0 0
70865317 70894442 54485 0.153846 0.153846 54485 54484.847656 0.153846 0 0 0 0 0 0 0 0 1 0 1 0 0
70904652 70933792 54532 0.230769 0.076923 54532 54531.921875 0.076923 0 0 0 0 0 0 0 0 1 0 0 0 0
70945462 70973122 51741 0.153846 0.153846 51741 51740.847656 0.153846 0 0 1 0 0 0 0 1 0 0 0 0 0
71035809 71063438 51699 107.384613 104.769234 51699 51594.230469 104.769234 121 113 100 97 102 115 140 109 145 155 165 0 0
