27 32
69900796 69928515 51864 58.923077 57.461540 51864 51806.539062 57.461540 0 0 137 140 151 90 128 101 0 0 0 0 0
69991118 70018853 51895 0.000000 0.000000 51895 51895.000000 0.000000 0 0 0 0 0 0 0 0 0 0 0 0 0
70030449 70059602 54552 0.000000 0.000000 54552 54552.000000 0.000000 0 0 0 0 0 0 0 0 0 0 0 0 0
70071247 70100463 54655 0.153846 0.153846 54655 54654.847656 0.153846 0 0 0 0 0 0 1 1 0 0 0 0 0
70110608 70139793 54578 0.307692 0.307692 54578 54577.691406 0.307692 1 0 0 0 2 1 0 0 0 0 0 0 0
70151437 70179130 51801 0.692308 0.615385 51801 51800.382812 0.615385 0 0 3 0 1 1 1 2 0 0 0 0 0
70190781 70218390 51623 2.230769 2.153846 51623 51620.847656 2.153846 0 1 4 6 4 7 5 1 0 0 0 0 0
70230040 70259209 54568 4.692307 4.615385 54568 54563.382812 4.615385 0 0 9 14 5 6 13 13 0 0 0 0 0
70269425 70298560 54503 9.615385 9.461538 54503 54493.539062 9.461538 0 0 10 15 23 28 29 18 0 0 0 0 0
70308791 70337881 54419 18.153847 17.692308 54419 54401.308594 17.692308 0 0 46 31 44 31 42 36 0 0 0 0 0
70349525 70377237 51851 27.230770 26.615385 51851 51824.382812 26.615385 0 0 60 60 50 63 62 51 0 0 0 0 0
70388865 70418039 54591 43.923077 43.153847 54591 54547.847656 43.153847 0 0 101 95 100 80 105 79 0 1 0 0 0
70428259 70457379 54471 48.230770 47.615383 54471 54423.382812 47.615383 0 0 114 110 120 88 105 81 0 1 0 0 0
70467608 70496732 54498 59.000000 57.615383 54498 54440.382812 57.615383 0 0 127 133 159 110 99 118 3 0 0 0 0
70508408 70536033 51681 50.307693 49.461540 51681 51631.539062 49.461540 0 0 115 112 135 102 99 77 2 1 0 0 0
70547702 70576883 54589 43.307693 42.230770 54589 54546.769531 42.230770 0 0 88 100 119 75 85 82 0 0 0 0 0
70587067 70616149 54403 32.923077 32.076923 54403 54370.921875 32.076923 0 0 74 68 83 74 64 54 0 0 0 0 0
70626379 70655472 54425 18.153847 18.000000 54425 54407.000000 18.000000 0 0 46 44 48 33 36 27 0 0 0 0 0
70667219 70694876 51733 7.846154 7.615385 51733 51725.382812 7.615385 0 0 16 19 17 18 17 12 0 0 0 0 0
70706468 70735664 54618 4.769231 4.615385 54618 54613.382812 4.615385 1 0 17 6 7 12 10 7 0 0 0 0 0
70745821 70774996 54578 1.923077 1.923077 54578 54576.078125 1.923077 0 0 2 3 5 5 4 6 0 0 0 0 0
70786675 70814312 51711 0.846154 0.846154 51711 51710.152344 0.846154 0 0 1 2 2 2 1 3 0 0 0 0 0
70825941 70853682 51905 0.538462 0.461538 51905 51904.539062 0.461538 1 1 0 1 1 1 1 0 0 0 0 0 0
70865317 70894442 54481 0.307692 0.230769 54481 54480.769531 0.230769 0 0 1 0 0 0 1 1 0 0 0 0 0
70904652 70933792 54528 0.153846 0.076923 54528 54527.921875 0.076923 0 1 0 0 0 0 0 0 0 0 0 0 0
70945462 70973122 51735 0.307692 0.230769 51735 51734.769531 0.230769 0 0 0 1 0 0 1 1 0 0 0 0 0
71035809 71063438 51695 52.769230 51.307693 51695 51643.691406 51.307693 0 0 115 129 120 88 128 87 0 0 0 0 0
