27 32
69900796 69928515 51863 134.230774 130.461533 51863 51732.539062 130.461533 170 156 105 103 105 132 155 110 104 124 151 141 140
69991118 70018853 51894 0.461538 0.307692 51894 51893.691406 0.307692 1 0 1 0 0 0 0 0 0 1 0 0 1
70030449 70059602 54553 0.000000 0.000000 54553 54553.000000 0.000000 0 0 0 0 0 0 0 0 0 0 0 0 0
70071247 70100463 54655 0.384615 0.307692 54655 54654.691406 0.307692 0 1 0 0 0 0 0 1 2 0 0 0 0
70110608 70139793 54576 0.769231 0.769231 54576 54575.230469 0.769231 2 1 1 0 1 1 0 0 1 0 1 1 1
70151437 70179130 51800 2.000000 1.769231 51800 51798.230469 1.769231 2 1 3 5 2 1 1 1 0 2 2 3 0
70190781 70218390 51623 4.846154 4.615385 51623 51618.382812 4.615385 7 4 5 1 7 4 4 1 4 2 4 11 6
70230040 70259209 54567 13.153846 12.769231 54567 54554.230469 12.769231 19 9 7 16 11 15 12 14 12 13 13 10 15
70269425 70298560 54503 23.846153 23.230770 54503 54479.769531 23.230770 31 17 20 21 24 23 32 19 15 26 27 26 21
70308791 70337881 54419 46.461540 45.384617 54419 54373.617188 45.384617 53 45 27 42 45 55 45 33 32 50 56 57 50
70349525 70377237 51850 64.692307 62.769230 51850 51787.230469 62.769230 73 58 52 53 67 69 80 55 55 57 72 74 51
70388865 70418039 54590 106.384613 104.846153 54590 54485.152344 104.846153 127 104 106 77 69 111 128 80 102 119 122 119 99
70428259 70457379 54470 124.461540 121.384613 54470 54348.617188 121.384613 161 123 92 83 120 135 122 125 103 136 124 134 120
70467608 70496732 54498 138.846161 136.000000 54498 54362.000000 136.000000 166 165 113 101 111 149 153 125 120 161 114 169 121
70508408 70536033 51681 120.230766 116.923080 51681 51564.078125 116.923080 130 134 99 86 98 131 134 116 96 121 120 133 122
70547702 70576883 54589 106.615387 103.923080 54589 54485.078125 103.923080 132 119 76 74 80 101 132 80 94 107 123 130 103
70587067 70616149 54401 76.846153 74.923080 54401 54326.078125 74.923080 99 76 52 63 64 75 86 47 73 63 87 92 97
70626379 70655472 54424 46.230770 45.076923 54424 54378.921875 45.076923 49 41 51 40 43 50 37 42 36 53 33 64 47
70667219 70694876 51731 23.615385 23.307692 51731 51707.691406 23.307692 22 20 25 15 18 30 24 22 25 28 26 30 18
70706468 70735664 54617 12.538462 12.153846 54617 54604.847656 12.153846 14 11 9 9 12 8 17 13 10 17 16 18 4
70745821 70774996 54579 5.076923 4.923077 54579 54574.078125 4.923077 7 5 5 6 5 4 4 5 5 5 3 3 7
70786675 70814312 51711 1.230769 1.230769 51711 51709.769531 1.230769 0 3 0 1 1 1 2 3 3 0 0 1 1
70825941 70853682 51905 0.615385 0.615385 51905 51904.382812 0.615385 0 3 1 1 0 0 0 0 0 1 0 1 1
70865317 70894442 54480 0.230769 0.076923 54480 54479.921875 0.076923 0 0 0 0 0 0 0 0 0 0 0 0 1
70904652 70933792 54528 0.307692 0.230769 54528 54527.769531 0.230769 0 0 0 0 0 0 0 0 0 0 2 0 1
70945462 70973122 51735 0.153846 0.000000 51735 51735.000000 0.000000 0 0 0 0 0 0 0 0 0 0 0 0 0
71035809 71063438 51695 126.461540 123.307693 51695 51571.691406 123.307693 165 142 109 99 95 120 160 108 94 120 127 133 131
