27 32
69900796 69928515 51868 82.307693 80.846153 51868 51787.152344 80.846153 122 114 84 100 108 104 118 95 0 1 0 94 111
69991118 70018853 51897 0.461538 0.153846 51897 51896.847656 0.153846 0 0 0 0 0 1 0 0 0 1 0 0 0
70030449 70059602 54556 0.230769 0.230769 54556 54555.769531 0.230769 0 1 1 0 0 1 0 0 0 0 0 0 0
70071247 70100463 54660 0.461538 0.307692 54660 54659.691406 0.307692 1 0 0 0 1 1 1 0 0 0 0 0 0
70110608 70139793 54582 0.538462 0.538462 54582 54581.460938 0.538462 0 1 1 1 0 0 0 1 1 0 0 0 2
70151437 70179130 51804 1.076923 0.769231 51804 51803.230469 0.769231 1 2 0 0 1 1 2 1 0 0 0 2 0
70190781 70218390 51627 3.461539 3.153846 51627 51623.847656 3.153846 4 4 5 5 9 1 3 3 0 0 0 4 3
70230040 70259209 54574 7.461538 7.076923 54574 54566.921875 7.076923 11 6 4 7 12 15 8 14 0 0 1 7 7
70269425 70298560 54509 16.461538 15.769231 54509 54493.230469 15.769231 33 23 26 16 22 16 21 18 0 0 0 19 11
70308791 70337881 54423 29.307692 28.307692 54423 54394.691406 28.307692 41 37 24 26 45 45 39 29 0 0 0 53 29
70349525 70377237 51856 42.384617 41.538460 51856 51814.460938 41.538460 62 63 52 40 59 40 60 39 0 0 0 57 68
70388865 70418039 54594 71.384613 70.230766 54594 54523.769531 70.230766 123 83 88 79 94 93 89 78 0 1 0 102 83
70428259 70457379 54475 78.923080 77.307693 54475 54397.691406 77.307693 118 93 94 95 112 113 121 82 0 1 0 95 81
70467608 70496732 54500 87.461540 86.538460 54500 54413.460938 86.538460 137 103 94 115 113 124 111 125 1 0 0 112 90
70508408 70536033 51683 78.692307 77.230766 51683 51605.769531 77.230766 115 120 86 91 96 112 118 84 1 0 0 101 80
70547702 70576883 54595 65.846153 64.615387 54595 54530.382812 64.615387 81 66 85 72 85 73 99 78 0 0 1 104 96
70587067 70616149 54408 52.307693 51.230770 54408 54356.769531 51.230770 87 53 64 69 58 62 78 58 1 1 1 76 58
70626379 70655472 54428 33.461540 32.692307 54428 54395.308594 32.692307 47 44 47 26 44 40 56 41 0 1 1 41 37
70667219 70694876 51739 15.692307 15.307693 51739 51723.691406 15.307693 31 17 18 16 16 14 21 19 0 1 0 27 19
70706468 70735664 54623 7.230769 7.153846 54623 54615.847656 7.153846 15 5 6 7 7 12 12 12 0 0 0 10 7
70745821 70774996 54579 5.230769 5.076923 54579 54573.921875 5.076923 7 6 10 6 5 5 5 7 1 0 1 5 8
70786675 70814312 51713 1.769231 1.461538 51713 51711.539062 1.461538 2 0 3 3 2 1 1 2 0 0 0 2 3
70825941 70853682 51909 0.692308 0.538462 51909 51908.460938 0.538462 0 1 2 1 1 1 1 0 0 0 0 0 0
70865317 70894442 54485 0.230769 0.230769 54485 54484.769531 0.230769 0 0 0 0 0 1 1 0 0 0 0 0 1
70904652 70933792 54531 0.307692 0.153846 54531 54530.847656 0.153846 0 0 0 0 0 0 0 1 0 0 0 0 1
70945462 70973122 51739 0.384615 0.153846 51739 51738.847656 0.153846 0 0 0 0 0 0 0 0 0 1 0 0 1
71035809 71063438 51699 83.153847 81.307693 51699 51617.691406 81.307693 117 92 102 95 103 109 131 99 1 0 1 111 96
