27 32
69900796 69928515 51868 119.615387 117.153847 51868 51750.847656 117.153847 113 117 98 112 121 130 134 122 88 112 130 125 121
69991118 70018853 51897 0.153846 0.076923 51897 51896.921875 0.076923 0 0 0 0 0 0 0 0 1 0 0 0 0
70030449 70059602 54556 0.230769 0.153846 54556 54555.847656 0.153846 0 0 0 0 0 1 0 0 0 0 0 1 0
70071247 70100463 54660 0.230769 0.230769 54660 54659.769531 0.230769 1 1 0 0 0 0 1 0 0 0 0 0 0
70110608 70139793 54582 1.230769 1.230769 54582 54580.769531 1.230769 3 2 0 0 1 1 0 1 0 0 0 4 4
70151437 70179130 51804 1.846154 1.769231 51804 51802.230469 1.769231 2 1 2 3 1 1 2 3 1 3 1 3 0
70190781 70218390 51627 3.615385 3.384615 51627 51623.617188 3.384615 4 4 5 2 4 2 5 4 0 3 3 3 5
70230040 70259209 54574 9.923077 9.615385 54574 54564.382812 9.615385 7 10 5 10 9 9 9 11 10 15 8 12 10
70269425 70298560 54509 21.461538 21.000000 54509 54488.000000 21.000000 28 21 21 17 22 18 27 19 20 18 25 19 18
70308791 70337881 54423 38.230770 38.000000 54423 54385.000000 38.000000 36 31 45 29 39 29 37 36 37 38 40 45 52
70349525 70377237 51856 67.000000 65.538460 51856 51790.460938 65.538460 74 65 61 70 65 50 70 62 65 57 74 76 63
70388865 70418039 54594 98.000000 95.692307 54594 54498.308594 95.692307 92 75 104 98 94 94 87 85 76 108 120 107 104
70428259 70457379 54475 115.538460 113.846153 54475 54361.152344 113.846153 97 93 124 109 119 111 110 99 129 125 140 127 97
70467608 70496732 54501 118.769234 116.153847 54501 54384.847656 116.153847 102 114 124 93 107 129 138 83 120 122 137 122 119
70508408 70536033 51683 120.615387 117.461540 51683 51565.539062 117.461540 109 99 102 98 132 124 118 89 107 143 135 139 132
70547702 70576883 54595 98.307693 96.307693 54595 54498.691406 96.307693 79 82 95 101 96 105 100 73 93 102 113 120 93
70587067 70616149 54408 69.307693 67.692307 54408 54340.308594 67.692307 50 62 69 69 78 73 76 48 57 64 63 91 80
70626379 70655472 54428 45.153847 44.307693 54428 54383.691406 44.307693 48 42 38 42 42 37 48 43 34 63 42 56 41
70667219 70694876 51739 22.615385 21.769230 51739 51717.230469 21.769230 18 22 20 26 19 25 23 16 28 22 24 21 19
70706468 70735664 54623 12.769231 12.461538 54623 54610.539062 12.461538 9 14 7 17 16 9 21 11 7 15 11 11 14
70745821 70774996 54581 3.769231 3.538461 54581 54577.460938 3.538461 8 1 1 2 4 3 4 4 7 3 3 4 2
70786675 70814312 51713 1.769231 1.615385 51713 51711.382812 1.615385 1 1 5 1 1 1 2 2 0 1 3 2 1
70825941 70853682 51909 0.846154 0.846154 51909 51908.152344 0.846154 0 1 1 1 0 1 1 2 0 0 3 1 0
70865317 70894442 54485 0.230769 0.076923 54485 54484.921875 0.076923 0 0 0 0 0 0 0 0 0 0 0 0 1
70904652 70933792 54531 0.769231 0.153846 54531 54530.847656 0.153846 0 1 0 0 0 0 0 0 0 0 1 0 0
70945462 70973122 51739 0.153846 0.153846 51739 51738.847656 0.153846 0 0 0 0 0 0 0 0 0 0 0 2 0
71035809 71063438 51699 120.076920 117.615387 51699 51581.382812 117.615387 98 124 116 111 138 120 121 107 111 116 118 129 120
