27 32
69900796 69928515 51864 115.846153 112.153847 51864 51751.847656 112.153847 130 138 99 108 115 134 124 88 88 101 133 106 94
69991118 70018853 51895 0.461538 0.307692 51895 51894.691406 0.307692 0 1 0 0 0 0 0 1 1 1 0 0 0
70030449 70059602 54552 0.000000 0.000000 54552 54552.000000 0.000000 0 0 0 0 0 0 0 0 0 0 0 0 0
70071247 70100463 54656 0.153846 0.153846 54656 54655.847656 0.153846 0 0 0 0 1 1 0 0 0 0 0 0 0
70110608 70139793 54577 0.846154 0.769231 54577 54576.230469 0.769231 1 0 0 1 0 2 0 0 0 3 1 1 1
70151437 70179130 51801 1.307692 1.230769 51801 51799.769531 1.230769 0 2 1 1 1 1 1 2 2 1 2 2 0
70190781 70218390 51623 3.846154 3.846154 51623 51619.152344 3.846154 3 2 4 0 5 5 5 3 3 5 3 7 5
70230040 70259209 54568 10.461538 10.076923 54568 54557.921875 10.076923 9 9 11 9 9 13 9 13 6 9 15 6 13
70269425 70298560 54503 21.846153 21.000000 54503 54482.000000 21.000000 30 15 10 18 24 30 19 20 20 24 20 16 27
70308791 70337881 54419 41.230770 39.769230 54419 54379.230469 39.769230 47 38 32 33 38 46 44 36 33 56 41 38 35
70349525 70377237 51851 64.538460 63.076923 51851 51787.921875 63.076923 66 65 61 49 54 62 76 57 46 63 79 70 72
70388865 70418039 54591 91.538460 90.000000 54591 54501.000000 90.000000 106 92 72 64 101 98 86 89 78 97 104 99 84
70428259 70457379 54471 113.076920 110.692307 54471 54360.308594 110.692307 124 112 115 94 119 98 104 90 103 113 128 136 103
70467608 70496732 54498 117.538460 115.307693 54498 54382.691406 115.307693 144 113 99 98 105 128 120 105 121 122 112 125 107
70508408 70536033 51682 108.538460 105.692307 51682 51576.308594 105.692307 139 106 101 81 90 122 116 105 89 112 106 111 96
70547702 70576883 54590 93.461540 91.846153 54590 54498.152344 91.846153 107 97 85 83 82 87 101 79 85 100 100 100 88
70587067 70616149 54402 69.000000 67.000000 54402 54335.000000 67.000000 76 85 64 66 62 73 75 54 54 62 69 80 51
70626379 70655472 54425 40.538460 39.615383 54425 54385.382812 39.615383 48 45 32 34 35 47 33 39 39 33 50 44 36
70667219 70694876 51732 21.769230 21.153847 51732 51710.847656 21.153847 17 22 16 15 18 25 25 22 20 29 23 22 21
70706468 70735664 54618 12.923077 12.230769 54618 54605.769531 12.230769 12 16 14 7 11 15 11 12 8 15 13 11 14
70745821 70774996 54578 5.461538 5.384615 54578 54572.617188 5.384615 3 4 2 3 6 4 5 7 6 8 6 8 8
70786675 70814312 51711 2.307692 2.000000 51711 51709.000000 2.000000 4 2 1 1 2 2 3 1 0 5 1 3 1
70825941 70853682 51905 0.615385 0.538462 51905 51904.460938 0.538462 0 0 2 0 0 2 0 1 0 1 0 0 1
70865317 70894442 54481 0.307692 0.230769 54481 54480.769531 0.230769 0 0 0 0 0 0 0 1 0 0 2 0 0
70904652 70933792 54528 0.153846 0.153846 54528 54527.847656 0.153846 0 0 0 1 0 1 0 0 0 0 0 0 0
70945462 70973122 51735 0.307692 0.153846 51735 51734.847656 0.153846 0 0 0 0 0 0 0 0 1 0 0 0 1
71035809 71063438 51695 117.307693 114.307693 51695 51580.691406 114.307693 120 120 112 89 116 137 144 104 96 118 127 90 113
