27 32
69900796 69928515 51864 118.846153 115.769234 51864 51748.230469 115.769234 116 96 112 111 134 92 99 75 128 129 135 144 134
69991118 70018853 51895 0.153846 0.076923 51895 51894.921875 0.076923 0 0 0 0 0 0 0 1 0 0 0 0 0
70030449 70059602 54552 0.307692 0.153846 54552 54551.847656 0.153846 0 1 0 0 0 0 0 0 0 0 0 1 0
70071247 70100463 54655 0.153846 0.076923 54655 54654.921875 0.076923 0 0 0 0 0 0 0 0 0 0 0 1 0
70110608 70139793 54578 0.384615 0.384615 54578 54577.617188 0.384615 0 0 1 0 1 0 0 0 0 1 1 1 0
70151437 70179130 51801 2.000000 1.923077 51801 51799.078125 1.923077 4 4 0 1 1 2 2 0 3 0 5 0 3
70190781 70218390 51623 5.153846 4.923077 51623 51618.078125 4.923077 7 1 6 5 7 8 5 3 3 3 8 5 3
70230040 70259209 54568 10.692307 10.538462 54568 54557.460938 10.538462 10 9 11 6 11 13 15 8 4 9 12 19 10
70269425 70298560 54503 22.846153 21.923077 54503 54481.078125 21.923077 19 23 19 18 24 21 28 22 29 18 20 20 24
70308791 70337881 54419 43.615383 42.461540 54419 54376.539062 42.461540 42 36 41 30 50 34 43 30 48 42 57 58 41
70349525 70377237 51851 64.076920 62.384617 51851 51788.617188 62.384617 80 53 61 76 71 61 43 37 54 72 64 68 71
70388865 70418039 54591 99.076920 96.692307 54591 54494.308594 96.692307 101 90 84 90 104 74 107 82 83 83 121 131 107
70428259 70457379 54471 120.615387 118.153847 54471 54352.847656 118.153847 124 81 126 128 113 102 100 81 114 128 144 167 128
70467608 70496732 54498 125.230766 122.923080 54498 54375.078125 122.923080 128 90 133 93 139 96 117 88 126 118 144 193 133
70508408 70536033 51681 113.461540 111.615387 51681 51569.382812 111.615387 97 92 112 115 122 92 114 87 101 135 121 149 114
70547702 70576883 54589 100.846153 99.307693 54589 54489.691406 99.307693 105 84 111 88 107 100 97 65 101 94 109 116 114
70587067 70616149 54403 72.769234 71.923080 54403 54331.078125 71.923080 64 60 76 72 64 64 74 58 68 75 83 96 81
70626379 70655472 54425 44.692307 43.769230 54425 54381.230469 43.769230 42 34 37 40 36 59 44 33 44 41 55 49 55
70667219 70694876 51733 25.000000 24.307692 51733 51708.691406 24.307692 18 29 26 27 25 15 28 13 23 29 26 29 28
70706468 70735664 54618 12.538462 12.153846 54618 54605.847656 12.153846 14 10 12 11 12 10 17 14 15 12 11 10 10
70745821 70774996 54578 6.384615 6.230769 54578 54571.769531 6.230769 3 7 5 9 5 6 9 7 9 5 7 3 6
70786675 70814312 51711 2.076923 1.923077 51711 51709.078125 1.923077 0 0 2 1 6 1 2 2 2 5 4 0 0
70825941 70853682 51905 0.307692 0.153846 51905 51904.847656 0.153846 0 1 0 0 0 0 0 0 0 0 0 0 1
70865317 70894442 54481 0.153846 0.153846 54481 54480.847656 0.153846 0 0 0 1 0 0 0 0 0 0 1 0 0
70904652 70933792 54528 0.384615 0.230769 54528 54527.769531 0.230769 0 0 1 0 0 0 0 2 0 0 0 0 0
70945462 70973122 51735 0.076923 0.076923 51735 51734.921875 0.076923 0 1 0 0 0 0 0 0 0 0 0 0 0
71035809 71063438 51696 121.538460 119.076920 51696 51576.921875 119.076920 120 109 127 121 117 99 109 64 107 125 140 173 137
