27 32
69900796 69928515 51866 97.769234 95.769234 51866 51770.230469 95.769234 136 113 0 1 0 114 128 96 134 138 136 124 125
69991118 70018853 51895 0.076923 0.076923 51895 51894.921875 0.076923 0 0 0 0 0 0 0 0 0 0 0 1 0
70030449 70059602 54553 0.153846 0.000000 54553 54553.000000 0.000000 0 0 0 0 0 0 0 0 0 0 0 0 0
70071247 70100463 54658 0.230769 0.000000 54658 54658.000000 0.000000 0 0 0 0 0 0 0 0 0 0 0 0 0
70110608 70139793 54581 0.538462 0.461538 54581 54580.539062 0.461538 0 0 0 0 0 0 0 1 1 2 0 1 1
70151437 70179130 51801 1.307692 1.230769 51801 51799.769531 1.230769 1 2 0 0 0 2 1 2 1 2 1 1 3
70190781 70218390 51625 3.000000 2.846154 51625 51622.152344 2.846154 1 2 0 0 0 2 3 5 2 6 7 3 6
70230040 70259209 54574 7.153846 7.000000 54574 54567.000000 7.000000 12 7 0 0 0 5 9 10 12 10 7 11 8
70269425 70298560 54509 17.769230 17.307692 54509 54491.691406 17.307692 28 24 0 0 0 12 23 17 28 21 28 16 28
70308791 70337881 54421 34.000000 33.000000 54421 54388.000000 33.000000 42 39 0 0 0 37 53 38 43 40 50 39 48
70349525 70377237 51853 51.538460 50.692307 51853 51802.308594 50.692307 71 65 0 0 0 57 74 56 60 81 87 59 49
70388865 70418039 54595 72.384613 70.692307 54595 54524.308594 70.692307 111 84 0 0 0 99 125 74 76 92 88 89 81
70428259 70457379 54474 91.000000 89.230766 54474 54384.769531 89.230766 129 119 1 0 0 95 147 97 109 110 139 119 95
70467608 70496732 54497 99.461540 97.000000 54497 54400.000000 97.000000 150 120 0 0 0 104 133 114 104 141 144 123 128
70508408 70536033 51683 85.615387 84.307693 51683 51598.691406 84.307693 123 98 1 0 0 108 122 111 93 96 129 108 107
70547702 70576883 54592 79.307693 76.846153 54592 54515.152344 76.846153 110 82 0 1 0 99 113 118 85 108 108 98 77
70587067 70616149 54408 55.615383 54.307693 54408 54353.691406 54.307693 85 51 0 0 0 70 77 70 76 80 72 65 60
70626379 70655472 54425 31.461538 30.846153 54425 54394.152344 30.846153 37 40 0 0 0 44 40 39 47 25 47 42 40
70667219 70694876 51739 14.384615 14.153846 51739 51724.847656 14.153846 19 15 0 0 0 25 19 17 17 15 23 12 22
70706468 70735664 54620 8.000000 7.769231 54620 54612.230469 7.769231 11 9 0 0 0 12 6 8 13 13 11 7 11
70745821 70774996 54579 2.461539 2.461539 54579 54576.539062 2.461539 1 3 0 0 0 3 2 3 2 5 2 8 3
70786675 70814312 51712 1.538462 1.461538 51712 51710.539062 1.461538 5 2 0 0 0 1 2 1 0 0 3 2 3
70825941 70853682 51909 0.230769 0.153846 51909 51908.847656 0.153846 0 0 0 0 0 0 0 0 1 0 0 0 1
70865317 70894442 54484 0.615385 0.538462 54484 54483.460938 0.538462 0 0 0 0 0 0 1 0 1 2 1 0 2
70904652 70933792 54528 0.153846 0.153846 54528 54527.847656 0.153846 0 0 0 0 0 0 1 0 1 0 0 0 0
70945462 70973122 51736 0.153846 0.000000 51736 51736.000000 0.000000 0 0 0 0 0 0 0 0 0 0 0 0 0
71035809 71063438 51697 93.153847 91.461540 51697 51605.539062 91.461540 123 114 0 0 0 118 115 110 112 118 132 127 120
