27 32
69900796 69928515 51865 123.000000 120.000000 51865 51745.000000 120.000000 113 110 94 83 103 127 159 118 121 124 131 150 127
69991118 70018853 51895 0.230769 0.000000 51895 51895.000000 0.000000 0 0 0 0 0 0 0 0 0 0 0 0 0
70030449 70059602 54553 0.230769 0.230769 54553 54552.769531 0.230769 1 1 0 0 0 0 0 0 0 0 0 1 0
70071247 70100463 54656 0.384615 0.230769 54656 54655.769531 0.230769 0 0 0 0 0 0 2 0 0 0 0 1 0
70110608 70139793 54580 0.615385 0.538462 54580 54579.460938 0.538462 1 1 1 0 0 0 1 0 2 0 1 0 0
70151437 70179130 51801 1.461538 1.230769 51801 51799.769531 1.230769 2 0 1 3 2 1 1 1 3 0 1 1 0
70190781 70218390 51623 4.230769 3.923077 51623 51619.078125 3.923077 2 5 3 4 2 4 7 7 4 4 4 2 3
70230040 70259209 54569 10.538462 10.230769 54569 54558.769531 10.230769 9 13 9 13 9 11 9 14 8 12 10 7 9
70269425 70298560 54505 20.000000 19.538462 54505 54485.460938 19.538462 23 20 22 18 15 20 18 28 14 15 18 20 23
70308791 70337881 54421 41.384617 40.307693 54421 54380.691406 40.307693 32 35 42 25 34 43 41 50 40 38 52 50 42
70349525 70377237 51852 62.846153 61.461540 51852 51790.539062 61.461540 66 59 41 49 53 63 78 57 53 57 80 76 67
70388865 70418039 54594 96.076920 94.615387 54594 54499.382812 94.615387 84 82 74 70 98 113 123 103 78 101 103 92 109
70428259 70457379 54474 122.000000 119.000000 54474 54355.000000 119.000000 123 92 94 83 109 139 146 103 88 141 144 156 129
70467608 70496732 54497 125.692307 122.769234 54497 54374.230469 122.769234 126 112 113 90 106 113 154 103 107 136 144 150 142
70508408 70536033 51683 118.692307 116.923080 51683 51566.078125 116.923080 113 101 100 99 106 140 126 115 96 149 129 133 113
70547702 70576883 54591 102.000000 100.307693 54591 54490.691406 100.307693 98 89 77 71 107 94 119 108 87 114 115 118 107
70587067 70616149 54406 68.384613 66.846153 54406 54339.152344 66.846153 52 70 59 52 47 74 70 70 63 80 75 77 80
70626379 70655472 54424 45.076923 44.692307 54424 54379.308594 44.692307 53 41 37 32 47 53 39 31 33 60 55 56 44
70667219 70694876 51735 21.846153 21.538462 51735 51713.460938 21.538462 24 24 16 23 20 23 15 16 28 21 22 28 20
70706468 70735664 54618 11.153846 10.692307 54618 54607.308594 10.692307 18 11 8 6 5 11 11 10 13 10 13 16 7
70745821 70774996 54579 4.923077 4.538462 54579 54574.460938 4.538462 6 3 5 2 4 3 8 1 3 6 5 5 8
70786675 70814312 51712 2.153846 2.000000 51712 51710.000000 2.000000 4 1 0 2 2 3 3 1 3 1 2 1 3
70825941 70853682 51908 0.153846 0.076923 51908 51907.921875 0.076923 1 0 0 0 0 0 0 0 0 0 0 0 0
70865317 70894442 54483 0.384615 0.384615 54483 54482.617188 0.384615 0 2 0 0 0 0 1 0 0 0 1 0 1
70904652 70933792 54529 0.384615 0.153846 54529 54528.847656 0.153846 0 2 0 0 0 0 0 0 0 0 0 0 0
70945462 70973122 51735 0.153846 0.153846 51735 51734.847656 0.153846 0 2 0 0 0 0 0 0 0 0 0 0 0
71035809 71063438 51696 119.538460 117.384613 51696 51578.617188 117.384613 117 113 94 109 94 133 138 123 93 128 125 139 120
