27 32
69900796 69928515 51864 98.153847 95.846153 51864 51768.152344 95.846153 124 108 91 86 88 0 0 0 158 176 178 138 99
69991118 70018853 51895 0.076923 0.076923 51895 51894.921875 0.076923 0 0 0 1 0 0 0 0 0 0 0 0 0
70030449 70059602 54552 0.076923 0.000000 54552 54552.000000 0.000000 0 0 0 0 0 0 0 0 0 0 0 0 0
70071247 70100463 54655 0.538462 0.307692 54655 54654.691406 0.307692 1 0 0 0 0 0 0 0 0 0 1 1 1
70110608 70139793 54578 0.538462 0.538462 54578 54577.460938 0.538462 2 2 0 0 0 0 0 0 1 0 0 1 1
70151437 70179130 51801 1.230769 1.076923 51801 51799.921875 1.076923 3 1 2 0 2 0 0 0 1 2 1 1 1
70190781 70218390 51623 2.923077 2.846154 51623 51620.152344 2.846154 4 3 3 1 3 0 0 0 5 1 5 8 4
70230040 70259209 54568 9.538462 9.384615 54568 54558.617188 9.384615 25 16 11 10 8 0 0 0 8 16 11 9 8
70269425 70298560 54503 15.153846 15.076923 54503 54487.921875 15.076923 23 25 13 15 21 0 0 0 15 20 25 16 23
70308791 70337881 54419 35.230770 34.384617 54419 54384.617188 34.384617 42 36 37 44 39 0 0 0 55 58 56 41 39
70349525 70377237 51851 50.923077 49.615383 51851 51801.382812 49.615383 63 67 59 60 56 0 0 0 50 93 88 56 53
70388865 70418039 54591 74.692307 73.230766 54591 54517.769531 73.230766 98 80 78 79 82 0 0 0 99 128 140 87 81
70428259 70457379 54471 92.615387 91.076920 54471 54379.921875 91.076920 106 83 90 100 91 0 0 0 151 147 193 126 97
70467608 70496732 54498 101.384613 99.692307 54498 54398.308594 99.692307 129 118 94 94 117 0 0 0 165 156 182 122 119
70508408 70536033 51681 91.692307 89.846153 51681 51591.152344 89.846153 101 116 77 88 73 0 0 0 142 156 197 113 105
70547702 70576883 54589 79.307693 77.615387 54589 54511.382812 77.615387 110 88 83 91 72 0 0 0 121 123 158 96 67
70587067 70616149 54404 57.461540 56.615383 54404 54347.382812 56.615383 82 80 53 54 64 0 0 0 83 90 108 73 49
70626379 70655472 54425 38.384617 37.538460 54425 54387.460938 37.538460 58 51 35 39 29 0 0 0 56 59 64 49 48
70667219 70694876 51733 17.384615 17.000000 51733 51716.000000 17.000000 28 25 20 11 19 0 0 0 31 20 26 17 24
70706468 70735664 54618 9.538462 9.307693 54618 54608.691406 9.307693 15 18 9 15 12 0 0 0 8 13 9 14 8
70745821 70774996 54578 4.615385 4.461538 54578 54573.539062 4.461538 10 12 5 6 3 0 0 0 5 1 6 4 6
70786675 70814312 51711 1.769231 1.538462 51711 51709.460938 1.538462 3 3 2 1 1 0 0 0 1 2 3 3 1
70825941 70853682 51905 0.615385 0.538462 51905 51904.460938 0.538462 0 0 1 2 1 0 0 0 0 0 1 0 2
70865317 70894442 54481 0.230769 0.230769 54481 54480.769531 0.230769 1 0 0 0 0 0 0 0 0 0 1 1 0
70904652 70933792 54528 0.076923 0.076923 54528 54527.921875 0.076923 0 0 1 0 0 0 0 0 0 0 0 0 0
70945462 70973122 51735 0.461538 0.153846 51735 51734.847656 0.153846 0 0 0 0 0 0 0 0 1 1 0 0 0
71035809 71063438 51696 97.769234 96.230766 51696 51599.769531 96.230766 119 111 89 88 113 0 0 0 147 187 177 127 93
