27 32
30227623 30256740 54453 39.923077 39.461540 54453 54413.539062 39.461540 143 119 0 1 0 0 2 0 0 0 2 137 109
30322339 30350045 51810 0.076923 0.000000 51810 51810.000000 0.000000 0 0 0 0 0 0 0 0 0 0 0 0 0
30361674 30389340 51736 0.153846 0.000000 51736 51736.000000 0.000000 0 0 0 0 0 0 0 0 0 0 0 0 0
30401059 30430164 54414 0.307692 0.153846 54414 54413.847656 0.153846 1 1 0 0 0 0 0 0 0 0 0 0 0
30441810 30470932 54482 0.384615 0.230769 54482 54481.769531 0.230769 1 2 0 0 0 0 0 0 0 0 0 0 0
30481182 30510338 54525 0.692308 0.615385 54525 54524.382812 0.615385 3 0 0 0 0 0 1 0 0 0 1 1 2
30521974 30549619 51713 1.230769 1.153846 51713 51711.847656 1.153846 5 6 0 0 0 0 1 0 0 0 0 2 1
30561277 30590471 54600 2.923077 2.923077 54600 54597.078125 2.923077 11 14 0 0 1 1 0 0 0 0 0 4 7
30600618 30629797 54572 7.230769 6.846154 54572 54565.152344 6.846154 30 23 0 0 0 0 0 0 0 0 0 21 15
30641370 30670514 54487 13.076923 12.538462 54487 54474.460938 12.538462 44 44 0 0 0 0 0 0 0 0 0 37 38
30680736 30709940 54619 21.000000 20.692308 54619 54598.308594 20.692308 83 66 0 1 0 0 0 0 1 0 0 72 46
30721526 30749257 51874 27.307692 27.076923 51874 51846.921875 27.076923 79 79 0 0 0 0 0 0 0 0 0 105 89
30760902 30788527 51638 35.000000 34.153847 51638 51603.847656 34.153847 107 104 0 0 0 1 0 1 0 0 0 124 107
30801693 30829407 51823 38.769230 38.000000 51823 51785.000000 38.000000 137 125 0 0 1 0 0 1 0 0 1 117 112
30841053 30868654 51631 33.000000 31.769230 51631 51599.230469 31.769230 114 98 0 0 0 0 0 0 0 0 1 107 93
30881807 30909522 51828 27.153847 26.230770 51828 51801.769531 26.230770 100 90 0 0 0 0 0 0 0 1 0 76 74
30921275 30950250 54190 19.692308 19.076923 54190 54170.921875 19.076923 84 61 0 0 0 0 1 0 1 2 1 58 40
30961919 30989583 51749 11.846154 11.615385 51749 51737.382812 11.615385 40 31 0 0 0 0 1 0 0 1 0 36 42
31001247 31028989 51876 5.000000 4.846154 51876 51871.152344 4.846154 17 13 0 0 0 0 0 0 1 0 1 14 17
31040637 31069745 54436 2.615385 2.461539 54436 54433.539062 2.461539 13 3 0 0 0 0 0 0 0 0 0 8 8
31081390 31109048 51736 1.692308 1.615385 51736 51734.382812 1.615385 7 2 0 0 0 0 0 0 0 0 0 5 7
31120716 31149904 54585 0.461538 0.461538 54585 54584.539062 0.461538 3 1 0 0 0 0 0 0 0 0 0 1 1
31161537 31189268 51858 0.384615 0.384615 51858 51857.617188 0.384615 1 0 0 0 0 0 0 0 0 0 0 2 2
31200911 31230067 54507 0.153846 0.076923 54507 54506.921875 0.076923 0 0 0 0 0 0 0 0 0 0 0 0 1
31240185 31269351 54548 0.076923 0.000000 54548 54548.000000 0.000000 0 0 0 0 0 0 0 0 0 0 0 0 0
31279577 31308660 54361 0.076923 0.000000 54361 54361.000000 0.000000 0 0 0 0 0 0 0 0 0 0 0 0 0
31374236 31401971 51882 37.307693 36.846153 51882 51845.152344 36.846153 133 114 0 0 1 1 0 0 0 0 0 113 117
