27 32
30227623 30256740 54454 116.538460 114.692307 54454 54339.308594 114.692307 120 90 94 84 107 128 133 100 118 122 131 138 126
30322339 30350045 51810 0.230769 0.153846 51810 51809.847656 0.153846 2 0 0 0 0 0 0 0 0 0 0 0 0
30361674 30389340 51736 0.076923 0.076923 51736 51735.921875 0.076923 0 0 0 0 0 0 1 0 0 0 0 0 0
30401059 30430164 54414 0.538462 0.384615 54414 54413.617188 0.384615 2 0 1 0 0 0 0 0 0 0 1 1 0
30441810 30470932 54482 0.769231 0.615385 54482 54481.382812 0.615385 1 0 0 0 0 0 0 0 2 2 1 1 1
30481182 30510338 54525 1.846154 1.692308 54525 54523.308594 1.692308 4 2 0 1 0 1 4 3 1 3 2 1 0
30521974 30549619 51713 3.615385 3.461539 51713 51709.539062 3.461539 3 2 2 4 6 5 3 1 7 3 4 3 2
30561277 30590471 54600 7.923077 7.615385 54600 54592.382812 7.615385 11 11 5 4 9 9 7 2 5 9 8 9 10
30600618 30629797 54572 17.923077 17.615385 54572 54554.382812 17.615385 15 13 18 17 16 23 18 12 15 16 24 28 14
30641370 30670514 54487 41.153847 40.538460 54487 54446.460938 40.538460 32 29 35 38 44 41 55 26 28 47 56 62 34
30680736 30709940 54619 64.230766 63.153847 54619 54555.847656 63.153847 64 67 51 52 65 62 55 67 62 58 68 80 70
30721526 30749257 51875 79.769234 78.769234 51875 51796.230469 78.769234 89 63 61 68 72 68 79 74 82 102 102 84 80
30760902 30788527 51638 104.538460 102.538460 51638 51535.460938 102.538460 110 108 65 91 87 107 122 78 96 96 127 136 110
30801693 30829407 51823 114.692307 112.461540 51823 51710.539062 112.461540 123 119 89 91 108 117 126 100 93 121 117 139 119
30841053 30868654 51631 106.923080 105.000000 51631 51526.000000 105.000000 132 121 78 67 95 116 101 79 91 117 137 113 118
30881807 30909522 51828 90.615387 89.153847 51828 51738.847656 89.153847 88 86 85 73 87 76 78 70 105 92 109 113 97
30921275 30950250 54189 61.153847 59.923077 54189 54129.078125 59.923077 50 71 56 41 47 68 68 54 66 73 62 62 61
30961919 30989583 51749 37.384617 36.769230 51749 51712.230469 36.769230 28 29 37 29 36 37 44 27 41 42 46 42 40
31001247 31028989 51877 17.692308 17.307692 51877 51859.691406 17.307692 18 24 10 18 13 16 13 19 16 19 17 22 20
31040637 31069745 54437 8.384615 8.153846 54437 54428.847656 8.153846 9 7 4 6 9 2 11 9 8 5 14 12 10
31081390 31109048 51738 2.846154 2.846154 51738 51735.152344 2.846154 2 4 3 3 2 2 4 1 3 1 3 6 3
31120716 31149904 54586 1.461538 1.384615 54586 54584.617188 1.384615 2 1 2 1 2 2 2 0 2 1 1 1 1
31161537 31189268 51858 0.538462 0.538462 51858 51857.460938 0.538462 1 0 0 1 0 0 0 0 2 1 1 0 1
31200911 31230067 54507 0.384615 0.307692 54507 54506.691406 0.307692 1 0 1 0 0 0 0 1 0 0 0 1 0
31240185 31269351 54548 0.230769 0.230769 54548 54547.769531 0.230769 1 0 0 0 0 0 0 0 0 1 0 1 0
31279577 31308660 54362 0.307692 0.076923 54362 54361.921875 0.076923 0 0 0 0 0 0 0 1 0 0 0 0 0
31374236 31401971 51882 114.230766 112.538460 51882 51769.460938 112.538460 123 102 79 104 87 123 112 98 100 126 151 137 121
