27 32
30227623 30256740 54454 17.384615 16.846153 54454 54437.152344 16.846153 0 0 0 0 0 1 1 1 0 2 0 126 88
30322339 30350045 51812 0.000000 0.000000 51812 51812.000000 0.000000 0 0 0 0 0 0 0 0 0 0 0 0 0
30361674 30389340 51735 0.307692 0.230769 51735 51734.769531 0.230769 0 0 0 0 0 0 0 1 0 1 0 1 0
30401059 30430164 54414 0.153846 0.153846 54414 54413.847656 0.153846 0 0 0 0 0 0 0 0 0 0 0 1 1
30441810 30470932 54483 0.000000 0.000000 54483 54483.000000 0.000000 0 0 0 0 0 0 0 0 0 0 0 0 0
30481182 30510338 54525 0.076923 0.076923 54525 54524.921875 0.076923 0 0 0 0 0 0 0 0 0 0 0 0 1
30521974 30549619 51713 0.615385 0.538462 51713 51712.460938 0.538462 0 0 0 0 0 0 0 1 1 0 0 3 2
30561277 30590471 54600 1.384615 1.076923 54600 54598.921875 1.076923 0 0 0 0 0 0 0 0 0 0 0 10 4
30600618 30629797 54571 3.076923 3.076923 54571 54567.921875 3.076923 0 0 0 0 0 0 1 0 0 0 0 18 21
30641370 30670514 54487 5.384615 5.230769 54487 54481.769531 5.230769 0 0 0 0 0 0 0 0 0 1 0 40 27
30680736 30709940 54618 8.538462 8.153846 54618 54609.847656 8.153846 0 0 0 0 0 0 0 0 0 0 0 61 45
30721526 30749257 51875 13.307693 12.769231 51875 51862.230469 12.769231 1 0 0 0 0 0 0 0 0 0 0 85 80
30760902 30788527 51640 15.000000 14.692307 51640 51625.308594 14.692307 0 0 0 0 0 2 0 0 1 1 0 106 81
30801693 30829407 51824 15.461538 15.076923 51824 51808.921875 15.076923 0 0 1 0 0 0 0 0 1 0 0 96 98
30841053 30868654 51630 17.538462 17.230770 51630 51612.769531 17.230770 0 0 0 0 0 0 0 0 0 0 0 116 108
30881807 30909522 51828 14.076923 13.538462 51828 51814.460938 13.538462 0 0 0 0 0 0 0 0 1 0 0 93 82
30921275 30950250 54189 10.615385 10.461538 54189 54178.539062 10.461538 0 1 0 0 0 0 0 0 0 2 0 74 59
30961919 30989583 51749 4.307693 4.230769 51749 51744.769531 4.230769 0 0 0 0 0 0 0 0 0 0 0 25 30
31001247 31028989 51876 3.615385 3.615385 51876 51872.382812 3.615385 0 0 0 0 0 0 0 0 0 0 0 29 18
31040637 31069745 54437 1.153846 1.076923 54437 54435.921875 1.076923 0 0 0 0 0 0 0 0 0 1 0 8 5
31081390 31109048 51738 0.076923 0.076923 51738 51737.921875 0.076923 0 0 0 0 0 0 0 0 0 0 0 1 0
31120716 31149904 54587 0.307692 0.153846 54587 54586.847656 0.153846 0 0 0 0 0 0 0 0 0 0 0 0 2
31161537 31189268 51858 0.307692 0.153846 51858 51857.847656 0.153846 0 0 0 0 0 0 0 0 0 1 1 0 0
31200911 31230067 54509 0.000000 0.000000 54509 54509.000000 0.000000 0 0 0 0 0 0 0 0 0 0 0 0 0
31240185 31269351 54548 0.000000 0.000000 54548 54548.000000 0.000000 0 0 0 0 0 0 0 0 0 0 0 0 0
31279577 31308660 54363 0.000000 0.000000 54363 54363.000000 0.000000 0 0 0 0 0 0 0 0 0 0 0 0 0
31374236 31401971 51882 15.230769 15.000000 51882 51867.000000 15.000000 0 0 0 0 0 1 0 0 0 1 0 112 81
