27 32
30227623 30256740 54454 114.000000 112.230766 54454 54341.769531 112.230766 117 104 93 80 115 121 136 98 104 117 142 126 106
30322339 30350045 51811 0.076923 0.000000 51811 51811.000000 0.000000 0 0 0 0 0 0 0 0 0 0 0 0 0
30361674 30389340 51736 0.230769 0.076923 51736 51735.921875 0.076923 0 0 0 0 0 0 0 1 0 0 0 0 0
30401059 30430164 54414 0.384615 0.307692 54414 54413.691406 0.307692 1 0 0 2 0 0 0 0 0 0 0 0 1
30441810 30470932 54482 0.615385 0.384615 54482 54481.617188 0.384615 0 2 0 0 1 0 2 0 0 0 0 0 0
30481182 30510338 54525 1.153846 1.000000 54525 54524.000000 1.000000 1 1 1 2 0 0 1 0 0 2 2 1 2
30521974 30549619 51713 3.076923 3.000000 51713 51710.000000 3.000000 3 2 2 5 2 3 7 1 2 5 2 3 2
30561277 30590471 54600 8.153846 7.923077 54600 54592.078125 7.923077 9 17 3 4 5 8 7 7 9 7 11 9 7
30600618 30629797 54572 19.846153 19.384615 54572 54552.617188 19.384615 13 21 24 10 22 10 32 17 11 22 26 25 19
30641370 30670514 54487 34.230770 33.692307 54487 54453.308594 33.692307 26 38 32 28 28 37 31 31 38 38 39 35 37
30680736 30709940 54618 60.923077 59.692307 54618 54558.308594 59.692307 70 69 48 44 59 66 56 48 57 82 69 63 45
30721526 30749257 51875 84.461540 82.846153 51875 51792.152344 82.846153 77 86 67 76 70 71 81 67 80 102 96 98 106
30760902 30788527 51638 100.076920 98.461540 51638 51539.539062 98.461540 101 92 81 72 84 99 82 97 100 102 120 130 120
30801693 30829407 51823 105.000000 102.692307 51823 51720.308594 102.692307 114 93 89 97 86 100 93 86 106 104 138 120 109
30841053 30868654 51630 97.846153 96.230766 51630 51533.769531 96.230766 99 93 99 83 91 91 101 82 97 105 118 102 90
30881807 30909522 51828 82.461540 80.461540 51828 51747.539062 80.461540 98 78 56 69 78 77 89 60 95 94 94 75 83
30921275 30950250 54189 60.076923 58.846153 54189 54130.152344 58.846153 66 60 66 56 52 41 57 50 56 56 61 90 54
30961919 30989583 51749 30.692308 30.000000 51749 51719.000000 30.000000 36 27 31 32 28 29 33 23 30 32 38 23 28
31001247 31028989 51877 16.846153 16.692308 51877 51860.308594 16.692308 20 27 13 15 11 12 23 18 17 17 22 11 11
31040637 31069745 54437 6.769231 6.538462 54437 54430.460938 6.538462 6 7 8 5 5 7 5 8 7 6 5 7 9
31081390 31109048 51738 3.076923 2.692308 51738 51735.308594 2.692308 4 3 4 4 5 3 1 2 1 2 1 2 3
31120716 31149904 54586 1.000000 0.923077 54586 54585.078125 0.923077 2 1 0 1 1 0 1 1 0 1 0 3 1
31161537 31189268 51858 0.769231 0.769231 51858 51857.230469 0.769231 0 0 1 0 1 3 2 0 0 1 1 1 0
31200911 31230067 54508 0.076923 0.076923 54508 54507.921875 0.076923 0 0 0 0 0 0 0 0 0 0 1 0 0
31240185 31269351 54547 0.076923 0.076923 54547 54546.921875 0.076923 0 1 0 0 0 0 0 0 0 0 0 0 0
31279577 31308660 54362 0.384615 0.230769 54362 54361.769531 0.230769 0 0 0 0 2 0 0 0 1 0 0 0 0
31374236 31401971 51882 114.923080 113.230766 51882 51768.769531 113.230766 113 93 101 90 118 114 129 99 122 120 135 118 120
