27 32
30227623 30256740 54453 136.461533 133.923080 54453 54319.078125 133.923080 148 127 121 106 152 132 124 110 136 170 159 128 128
30322339 30350045 51810 0.076923 0.076923 51810 51809.921875 0.076923 0 0 0 0 0 0 0 0 0 1 0 0 0
30361674 30389340 51736 0.076923 0.076923 51736 51735.921875 0.076923 0 0 0 0 0 0 0 0 0 0 0 1 0
30401059 30430164 54414 0.384615 0.307692 54414 54413.691406 0.307692 0 0 0 0 0 0 0 1 1 0 1 1 0
30441810 30470932 54482 0.384615 0.307692 54482 54481.691406 0.307692 0 0 0 0 2 0 1 0 1 0 0 0 0
30481182 30510338 54525 1.461538 1.307692 54525 54523.691406 1.307692 3 1 2 0 0 1 1 0 1 4 3 0 1
30521974 30549619 51713 3.461539 3.230769 51713 51709.769531 3.230769 5 4 2 5 3 4 6 1 1 4 4 2 1
30561277 30590471 54600 8.153846 7.846154 54600 54592.152344 7.846154 13 11 11 2 8 7 5 10 5 9 7 7 7
30600618 30629797 54572 22.076923 21.615385 54572 54550.382812 21.615385 22 26 20 12 14 28 22 17 20 28 28 25 19
30641370 30670514 54486 41.000000 39.923077 54486 54446.078125 39.923077 44 43 28 30 36 43 40 27 42 55 48 37 46
30680736 30709940 54619 68.692307 66.923080 54619 54552.078125 66.923080 76 81 67 48 58 67 75 54 71 65 76 66 66
30721526 30749257 51874 91.615387 89.153847 51874 51784.847656 89.153847 105 102 62 77 89 83 91 86 88 96 125 77 78
30760902 30788527 51637 113.923080 111.153847 51637 51525.847656 111.153847 119 131 94 113 93 109 109 87 109 138 144 103 96
30801693 30829407 51823 127.076920 124.461540 51823 51698.539062 124.461540 141 113 116 111 117 120 130 111 140 126 161 117 115
30841053 30868654 51631 116.307693 114.000000 51631 51517.000000 114.000000 136 135 102 91 122 106 112 95 110 123 147 108 95
30881807 30909522 51828 94.230766 92.538460 51828 51735.460938 92.538460 101 90 89 79 82 98 94 83 97 98 122 96 74
30921275 30950250 54190 68.846153 67.615387 54190 54122.382812 67.615387 82 74 49 51 67 72 69 56 64 75 75 64 81
30961919 30989583 51749 39.076923 38.230770 51749 51710.769531 38.230770 40 36 26 34 35 34 48 40 36 46 42 46 34
31001247 31028989 51875 18.076923 17.615385 51875 51857.382812 17.615385 23 17 19 11 16 18 20 19 12 19 23 18 14
31040637 31069745 54436 9.307693 9.000000 54436 54427.000000 9.000000 9 7 6 7 7 6 10 4 13 9 8 17 14
31081390 31109048 51736 3.923077 3.769231 51736 51732.230469 3.769231 6 4 1 2 9 4 5 2 4 2 3 3 4
31120716 31149904 54585 1.846154 1.769231 54585 54583.230469 1.769231 2 4 1 1 2 3 3 1 0 1 3 2 0
31161537 31189268 51858 0.384615 0.384615 51858 51857.617188 0.384615 0 0 1 0 2 0 0 0 0 0 0 0 2
31200911 31230067 54507 0.230769 0.153846 54507 54506.847656 0.153846 0 0 1 0 0 0 0 0 1 0 0 0 0
31240185 31269351 54547 0.000000 0.000000 54547 54547.000000 0.000000 0 0 0 0 0 0 0 0 0 0 0 0 0
31279577 31308660 54361 0.153846 0.153846 54361 54360.847656 0.153846 0 0 0 0 0 1 0 0 0 0 0 1 0
31374236 31401971 51882 127.076920 123.769234 51882 51758.230469 123.769234 144 121 109 98 126 121 143 109 144 136 146 112 100
