27 32
30227623 30256740 54453 103.692307 101.153847 54453 54351.847656 101.153847 131 135 72 71 81 82 84 81 88 110 104 156 120
30322339 30350045 51811 0.307692 0.153846 51811 51810.847656 0.153846 0 0 1 0 1 0 0 0 0 0 0 0 0
30361674 30389340 51736 0.615385 0.538462 51736 51735.460938 0.538462 1 0 0 1 0 1 0 0 1 1 1 1 0
30401059 30430164 54414 1.538462 1.461538 54414 54412.539062 1.461538 1 1 1 0 1 1 2 3 3 2 3 1 0
30441810 30470932 54482 2.846154 2.769231 54482 54479.230469 2.769231 0 0 7 5 4 3 2 4 3 6 1 1 0
30481182 30510338 54525 4.615385 4.307693 54525 54520.691406 4.307693 1 2 1 5 4 13 6 4 5 3 7 2 3
30521974 30549619 51713 10.307693 10.000000 51713 51703.000000 10.000000 8 8 12 7 13 14 10 6 9 11 19 4 9
30561277 30590471 54600 13.846154 13.538462 54600 54586.460938 13.538462 8 11 9 13 18 13 17 9 14 25 16 11 12
30600618 30629797 54572 28.692308 28.000000 54572 54544.000000 28.000000 19 16 25 23 29 38 28 22 25 45 52 16 26
30641370 30670514 54487 42.000000 40.923077 54487 54446.078125 40.923077 40 29 32 36 37 50 46 39 46 47 49 41 40
30680736 30709940 54618 65.846153 64.230766 54618 54553.769531 64.230766 91 67 55 44 52 78 73 52 51 66 72 71 63
30721526 30749257 51875 75.153847 73.692307 51875 51801.308594 73.692307 105 102 66 70 51 67 50 49 70 68 75 112 73
30760902 30788527 51638 92.307693 89.384613 51638 51548.617188 89.384613 135 121 70 71 69 68 76 60 85 95 94 119 99
30801693 30829407 51824 95.769234 94.384613 51824 51729.617188 94.384613 127 115 74 66 72 88 76 63 93 92 91 135 135
30841053 30868654 51630 91.230766 89.846153 51630 51540.152344 89.846153 117 103 60 60 67 98 101 70 70 67 110 136 109
30881807 30909522 51827 80.769234 78.615387 51827 51748.382812 78.615387 117 92 65 56 72 71 84 53 75 59 81 104 93
30921275 30950250 54189 63.615383 62.153847 54189 54126.847656 62.153847 76 56 39 61 47 69 49 57 69 71 78 65 71
30961919 30989583 51749 46.461540 45.538460 51749 51703.460938 45.538460 57 35 39 38 35 48 40 54 50 47 58 56 35
31001247 31028989 51877 25.538462 25.076923 51877 51851.921875 25.076923 25 18 34 21 21 22 38 16 31 34 22 19 25
31040637 31069745 54437 18.307692 17.923077 54437 54419.078125 17.923077 10 12 18 11 16 22 27 20 16 17 40 13 11
31081390 31109048 51738 8.538462 8.461538 51738 51729.539062 8.461538 1 6 14 7 13 10 11 10 5 13 10 6 4
31120716 31149904 54586 4.153846 3.923077 54586 54582.078125 3.923077 2 0 0 3 6 9 6 7 5 6 4 1 2
31161537 31189268 51858 1.769231 1.692308 51858 51856.308594 1.692308 0 0 0 3 2 3 1 2 5 3 3 0 0
31200911 31230067 54509 1.846154 1.538462 54509 54507.460938 1.538462 0 0 2 1 1 5 0 1 2 2 5 0 1
31240185 31269351 54547 0.461538 0.230769 54547 54546.769531 0.230769 0 0 0 0 1 2 0 0 0 0 0 0 0
31279577 31308660 54362 0.230769 0.153846 54362 54361.847656 0.153846 0 0 1 0 0 0 0 0 0 0 0 0 1
31374236 31401971 51882 100.230766 97.846153 51882 51784.152344 97.846153 135 119 81 63 93 81 102 73 82 104 102 133 104
