27 32
30227623 30256740 54454 138.461533 134.769226 54454 54319.230469 134.769226 155 142 122 110 103 114 144 104 143 145 157 162 151
30322339 30350045 51811 0.153846 0.000000 51811 51811.000000 0.000000 0 0 0 0 0 0 0 0 0 0 0 0 0
30361674 30389340 51736 0.307692 0.153846 51736 51735.847656 0.153846 0 0 0 0 0 1 0 0 0 0 1 0 0
30401059 30430164 54414 0.384615 0.230769 54414 54413.769531 0.230769 0 0 0 0 1 0 0 0 0 0 1 0 1
30441810 30470932 54482 0.923077 0.846154 54482 54481.152344 0.846154 1 2 0 1 1 0 0 2 1 0 1 2 0
30481182 30510338 54525 1.615385 1.615385 54525 54523.382812 1.615385 0 0 2 1 3 1 0 2 2 1 4 4 1
30521974 30549619 51713 4.153846 4.076923 51713 51708.921875 4.076923 4 2 2 4 2 5 9 3 7 3 4 2 6
30561277 30590471 54600 9.923077 9.769231 54600 54590.230469 9.769231 9 8 10 5 11 9 7 9 13 10 12 13 11
30600618 30629797 54572 24.769230 24.000000 54572 54548.000000 24.000000 24 22 20 19 16 23 34 20 25 27 37 26 19
30641370 30670514 54487 43.384617 42.307693 54487 54444.691406 42.307693 43 42 29 31 44 42 44 40 34 48 65 52 36
30680736 30709940 54618 74.000000 72.692307 54618 54545.308594 72.692307 80 64 47 67 68 68 72 68 60 92 109 72 78
30721526 30749257 51875 100.923080 98.769234 51875 51776.230469 98.769234 102 110 85 78 77 90 107 78 98 111 108 132 108
30760902 30788527 51638 126.769234 124.538460 51638 51513.460938 124.538460 139 120 116 113 116 112 117 103 112 136 152 150 133
30801693 30829407 51824 139.461533 135.923080 51824 51688.078125 135.923080 156 138 110 113 132 133 156 128 139 123 150 160 129
30841053 30868654 51630 127.230766 124.461540 51630 51505.539062 124.461540 144 116 116 106 111 115 116 124 110 130 146 143 141
30881807 30909522 51827 104.307693 102.076920 51827 51724.921875 102.076920 109 89 72 82 93 102 107 88 103 124 123 127 108
30921275 30950250 54189 75.384613 74.307693 54189 54114.691406 74.307693 82 68 67 52 64 74 80 66 69 76 86 90 92
30961919 30989583 51749 39.615383 38.923077 51749 51710.078125 38.923077 31 32 35 29 31 34 35 43 38 44 48 70 36
31001247 31028989 51877 20.076923 19.846153 51877 51857.152344 19.846153 13 21 17 12 18 18 20 16 19 25 24 24 31
31040637 31069745 54437 11.538462 10.923077 54437 54426.078125 10.923077 8 8 10 11 14 13 8 11 13 15 7 14 10
31081390 31109048 51738 3.923077 3.769231 51738 51734.230469 3.769231 4 3 2 1 7 6 6 2 4 3 3 1 7
31120716 31149904 54586 2.230769 2.000000 54586 54584.000000 2.000000 1 2 1 0 1 4 5 3 1 0 2 3 3
31161537 31189268 51858 0.769231 0.615385 51858 51857.382812 0.615385 2 0 0 0 2 0 0 0 0 1 1 2 0
31200911 31230067 54509 0.153846 0.153846 54509 54508.847656 0.153846 1 0 0 0 0 0 0 0 0 0 0 1 0
31240185 31269351 54547 0.153846 0.153846 54547 54546.847656 0.153846 0 0 0 0 0 0 0 0 0 0 0 0 2
31279577 31308660 54362 0.153846 0.076923 54362 54361.921875 0.076923 0 0 0 0 0 0 0 0 0 0 0 0 1
31374236 31401971 51882 137.846161 134.846161 51882 51747.152344 134.846161 129 156 110 101 137 126 148 110 129 154 152 171 130
