27 32
30227623 30256740 54456 121.461540 118.538460 54456 54337.460938 118.538460 148 131 94 116 127 102 118 106 110 123 135 115 116
30322339 30350045 51815 0.000000 0.000000 51815 51815.000000 0.000000 0 0 0 0 0 0 0 0 0 0 0 0 0
30361674 30389340 51738 0.153846 0.076923 51738 51737.921875 0.076923 0 0 0 0 0 0 0 0 0 0 0 0 1
30401059 30430164 54417 0.307692 0.230769 54417 54416.769531 0.230769 0 0 0 1 0 1 1 0 0 0 0 0 0
30441810 30470932 54484 0.923077 0.769231 54484 54483.230469 0.769231 0 1 1 0 0 1 0 2 0 3 0 0 2
30481182 30510338 54526 1.153846 1.153846 54526 54524.847656 1.153846 2 0 1 1 0 0 1 0 5 1 0 2 2
30521974 30549619 51716 3.538461 3.461539 51716 51712.539062 3.461539 4 2 1 3 8 2 4 0 4 5 2 6 4
30561277 30590471 54601 10.307693 10.153846 54601 54590.847656 10.153846 12 9 7 12 10 10 8 9 9 7 13 15 11
30600618 30629797 54574 20.769230 20.384615 54574 54553.617188 20.384615 21 27 12 23 15 15 22 12 21 26 27 27 17
30641370 30670514 54490 35.846153 34.846153 54490 54455.152344 34.846153 41 40 30 21 29 37 28 23 39 38 45 46 36
30680736 30709940 54620 62.846153 61.615383 54620 54558.382812 61.615383 74 55 61 60 57 57 80 38 52 73 76 68 50
30721526 30749257 51877 86.076920 84.384613 51877 51792.617188 84.384613 89 94 60 74 74 78 102 80 78 92 99 95 82
30760902 30788527 51641 105.615387 103.538460 51641 51537.460938 103.538460 123 108 74 80 94 110 102 83 101 115 127 123 106
30801693 30829407 51827 112.384613 110.230766 51827 51716.769531 110.230766 144 118 92 92 90 105 125 112 115 106 117 131 86
30841053 30868654 51633 100.538460 98.307693 51633 51534.691406 98.307693 115 116 74 85 102 105 89 87 102 90 115 110 88
30881807 30909522 51831 81.384613 79.153847 51831 51751.847656 79.153847 81 90 77 82 76 70 88 66 67 95 88 96 53
30921275 30950250 54190 59.615383 58.076923 54190 54131.921875 58.076923 60 56 53 48 51 69 54 54 49 57 82 70 52
30961919 30989583 51751 32.153847 31.538462 51751 51719.460938 31.538462 34 42 20 26 24 33 40 29 31 38 30 35 28
31001247 31028989 51879 20.846153 20.615385 51879 51858.382812 20.615385 26 17 21 12 12 28 29 20 19 21 19 26 18
31040637 31069745 54438 9.000000 8.923077 54438 54429.078125 8.923077 11 8 6 10 3 9 11 7 7 9 14 10 11
31081390 31109048 51740 3.615385 3.461539 51740 51736.539062 3.461539 4 4 2 1 6 2 3 5 1 2 6 6 3
31120716 31149904 54589 1.307692 1.153846 54589 54587.847656 1.153846 0 0 0 2 1 2 5 1 1 0 0 0 3
31161537 31189268 51861 0.692308 0.538462 51861 51860.460938 0.538462 1 1 0 0 0 0 0 0 1 0 0 1 3
31200911 31230067 54510 0.307692 0.230769 54510 54509.769531 0.230769 0 0 0 0 1 0 0 0 0 1 0 1 0
31240185 31269351 54550 0.461538 0.384615 54550 54549.617188 0.384615 0 0 0 0 0 0 1 1 0 3 0 0 0
31279577 31308660 54363 0.384615 0.153846 54363 54362.847656 0.153846 0 0 0 0 0 0 0 1 0 1 0 0 0
31374236 31401971 51884 109.000000 105.923080 51884 51778.078125 105.923080 129 105 101 111 96 99 102 85 103 121 116 112 97
