27 32
30227623 30256740 54451 96.846153 94.384613 54451 54356.617188 94.384613 0 0 99 89 108 121 96 89 111 131 129 138 116
30322339 30350045 51809 0.000000 0.000000 51809 51809.000000 0.000000 0 0 0 0 0 0 0 0 0 0 0 0 0
30361674 30389340 51733 0.384615 0.230769 51733 51732.769531 0.230769 0 0 1 0 1 0 0 0 0 1 0 0 0
30401059 30430164 54412 0.307692 0.230769 54412 54411.769531 0.230769 0 0 0 0 0 0 0 0 0 1 0 1 1
30441810 30470932 54479 0.615385 0.538462 54479 54478.460938 0.538462 0 0 0 0 0 1 1 0 0 0 3 1 1
30481182 30510338 54522 1.769231 1.461538 54522 54520.539062 1.461538 0 0 1 3 1 2 1 1 4 2 1 1 2
30521974 30549619 51714 3.076923 3.076923 51714 51710.921875 3.076923 0 0 4 2 1 3 4 2 4 3 3 3 11
30561277 30590471 54598 5.615385 5.615385 54598 54592.382812 5.615385 0 0 7 6 8 5 7 8 6 1 8 12 5
30600618 30629797 54569 15.538462 15.000000 54569 54554.000000 15.000000 0 0 16 17 21 16 17 13 15 9 24 21 26
30641370 30670514 54486 31.846153 30.846153 54486 54455.152344 30.846153 0 0 39 22 37 26 34 32 40 37 51 46 37
30680736 30709940 54618 48.000000 46.692307 54618 54571.308594 46.692307 0 1 44 38 63 43 60 61 60 66 67 61 43
30721526 30749257 51872 68.769234 67.230766 51872 51804.769531 67.230766 0 0 75 63 81 78 95 75 79 78 88 82 80
30760902 30788527 51637 84.769234 82.923080 51637 51554.078125 82.923080 0 0 90 72 92 88 103 75 87 113 130 122 106
30801693 30829407 51823 89.307693 87.230766 51823 51735.769531 87.230766 0 0 86 76 87 105 92 76 95 127 129 137 124
30841053 30868654 51630 84.923080 83.230766 51630 51546.769531 83.230766 0 1 89 78 95 87 92 73 96 100 143 120 108
30881807 30909522 51824 70.461540 69.230766 51824 51754.769531 69.230766 0 0 74 57 81 68 92 65 82 91 91 105 94
30921275 30950250 54186 51.153847 50.000000 54186 54136.000000 50.000000 0 0 49 43 48 72 53 38 58 73 69 81 66
30961919 30989583 51748 28.076923 27.230770 51748 51720.769531 27.230770 0 0 23 32 39 35 26 26 25 41 37 39 31
31001247 31028989 51874 17.000000 16.615385 51874 51857.382812 16.615385 0 0 16 14 16 21 17 23 15 30 21 28 15
31040637 31069745 54433 6.461538 6.230769 54433 54426.769531 6.230769 0 0 6 7 6 3 8 10 9 9 7 12 4
31081390 31109048 51735 3.076923 3.000000 51735 51732.000000 3.000000 0 0 3 2 6 2 1 3 4 5 6 3 4
31120716 31149904 54583 1.461538 1.384615 54583 54581.617188 1.384615 0 0 0 1 3 1 0 1 2 3 2 5 0
31161537 31189268 51854 0.307692 0.230769 51854 51853.769531 0.230769 0 0 0 0 0 1 0 0 0 0 1 0 1
31200911 31230067 54503 0.461538 0.307692 54503 54502.691406 0.307692 0 0 0 0 1 0 0 0 0 1 1 0 1
31240185 31269351 54543 0.153846 0.076923 54543 54542.921875 0.076923 0 0 0 0 0 0 0 1 0 0 0 0 0
31279577 31308660 54356 0.153846 0.153846 54356 54355.847656 0.153846 0 0 0 0 0 0 0 0 1 0 1 0 0
31374236 31401971 51880 87.846153 85.923080 51880 51794.078125 85.923080 0 0 79 87 94 97 109 60 112 103 126 133 117
