27 32
30227623 30256740 54456 111.153847 109.153847 54456 54346.847656 109.153847 1 0 116 120 123 116 128 102 107 140 161 159 146
30322339 30350045 51812 0.076923 0.000000 51812 51812.000000 0.000000 0 0 0 0 0 0 0 0 0 0 0 0 0
30361674 30389340 51736 0.307692 0.307692 51736 51735.691406 0.307692 0 2 0 0 1 0 0 0 0 1 0 0 0
30401059 30430164 54415 0.461538 0.384615 54415 54414.617188 0.384615 0 0 0 0 0 1 0 0 1 0 1 1 1
30441810 30470932 54484 0.923077 0.692308 54484 54483.308594 0.692308 0 1 0 0 0 0 0 1 2 1 0 3 1
30481182 30510338 54527 1.230769 1.230769 54527 54525.769531 1.230769 0 0 0 4 2 1 1 1 0 1 3 0 3
30521974 30549619 51713 3.000000 2.846154 51713 51710.152344 2.846154 0 1 1 5 2 2 2 4 1 6 5 3 5
30561277 30590471 54600 8.384615 8.076923 54600 54591.921875 8.076923 0 0 6 9 3 12 9 9 8 7 15 10 17
30600618 30629797 54573 17.076923 16.923077 54573 54556.078125 16.923077 0 0 26 15 17 25 16 16 24 16 29 11 25
30641370 30670514 54490 32.461540 32.153847 54490 54457.847656 32.153847 0 0 28 35 28 40 50 31 24 44 41 48 49
30680736 30709940 54618 58.384617 57.692307 54618 54560.308594 57.692307 0 0 70 53 64 62 72 55 76 79 70 84 65
30721526 30749257 51876 78.923080 77.384613 51876 51798.617188 77.384613 0 1 76 84 89 78 92 63 86 122 116 111 88
30760902 30788527 51641 91.923080 89.846153 51641 51551.152344 89.846153 0 0 98 97 83 90 98 85 119 120 122 127 129
30801693 30829407 51826 103.000000 100.923080 51826 51725.078125 100.923080 0 2 116 99 102 109 113 101 118 154 133 141 124
30841053 30868654 51632 97.230766 95.000000 51632 51537.000000 95.000000 0 0 115 71 105 114 117 100 114 134 129 131 105
30881807 30909522 51830 81.692307 79.384613 51830 51750.617188 79.384613 0 0 78 82 84 90 87 87 90 110 115 107 102
30921275 30950250 54190 58.076923 56.384617 54190 54133.617188 56.384617 1 0 48 50 54 75 67 59 62 81 78 90 68
30961919 30989583 51750 31.000000 30.153847 51750 51719.847656 30.153847 0 0 29 27 36 38 33 22 41 33 43 47 43
31001247 31028989 51878 15.615385 15.076923 51878 51862.921875 15.076923 0 1 9 16 16 16 25 14 15 22 19 28 15
31040637 31069745 54438 7.230769 6.846154 54438 54431.152344 6.846154 0 0 8 6 10 11 6 4 9 5 12 11 7
31081390 31109048 51739 2.923077 2.615385 51739 51736.382812 2.615385 1 0 3 4 4 2 5 3 2 3 3 1 3
31120716 31149904 54586 1.153846 0.923077 54586 54585.078125 0.923077 0 0 0 2 2 0 0 1 1 3 2 1 0
31161537 31189268 51860 0.538462 0.461538 51860 51859.539062 0.461538 0 0 0 0 0 1 3 0 0 0 1 1 0
31200911 31230067 54510 0.692308 0.307692 54510 54509.691406 0.307692 0 0 0 0 1 0 0 0 0 2 0 1 0
31240185 31269351 54548 0.384615 0.307692 54548 54547.691406 0.307692 0 0 0 0 0 0 0 1 0 1 1 1 0
31279577 31308660 54363 0.307692 0.076923 54363 54362.921875 0.076923 0 0 0 0 0 0 0 0 0 1 0 0 0
31374236 31401971 51882 102.538460 99.307693 51882 51782.691406 99.307693 0 0 86 104 96 121 126 132 108 134 127 137 120
