27 32
30227623 30256740 54455 133.769226 131.230774 54455 54323.769531 131.230774 127 121 122 87 117 132 133 106 108 144 174 177 158
30322339 30350045 51812 0.230769 0.230769 51812 51811.769531 0.230769 0 0 0 1 0 0 1 1 0 0 0 0 0
30361674 30389340 51736 0.153846 0.153846 51736 51735.847656 0.153846 0 1 1 0 0 0 0 0 0 0 0 0 0
30401059 30430164 54415 0.076923 0.076923 54415 54414.921875 0.076923 0 0 0 0 0 1 0 0 0 0 0 0 0
30441810 30470932 54484 0.461538 0.307692 54484 54483.691406 0.307692 1 0 0 0 1 0 1 0 0 0 0 1 0
30481182 30510338 54527 1.307692 1.230769 54527 54525.769531 1.230769 1 1 0 0 0 0 0 1 3 3 3 3 1
30521974 30549619 51713 3.538461 3.384615 51713 51709.617188 3.384615 3 4 3 0 2 3 4 8 1 3 8 1 4
30561277 30590471 54599 10.461538 10.153846 54599 54588.847656 10.153846 17 5 5 10 12 11 12 4 4 15 9 13 15
30600618 30629797 54571 18.461538 17.692308 54571 54553.308594 17.692308 21 19 16 19 11 14 20 15 17 18 21 22 17
30641370 30670514 54489 42.615383 41.538460 54489 54447.460938 41.538460 54 37 42 35 43 37 42 30 34 51 50 48 37
30680736 30709940 54618 63.692307 62.230770 54618 54555.769531 62.230770 66 51 56 61 66 56 76 53 61 65 69 74 55
30721526 30749257 51876 92.923080 90.307693 51876 51785.691406 90.307693 91 93 68 82 88 99 105 66 91 90 106 107 88
30760902 30788527 51641 113.307693 110.769234 51641 51530.230469 110.769234 96 93 86 81 106 110 130 106 110 127 146 132 117
30801693 30829407 51826 123.461540 121.000000 51826 51705.000000 121.000000 117 105 99 89 107 140 131 101 105 144 149 164 122
30841053 30868654 51632 113.769234 110.846153 51632 51521.152344 110.846153 105 102 92 94 116 112 118 93 106 129 126 134 114
30881807 30909522 51830 94.692307 92.230766 51830 51737.769531 92.230766 88 94 74 80 92 96 115 86 96 90 90 104 94
30921275 30950250 54190 64.153847 62.846153 54190 54127.152344 62.846153 69 72 64 46 53 55 60 51 52 77 71 73 74
30961919 30989583 51749 37.923077 37.076923 51749 51711.921875 37.076923 29 39 34 39 30 34 42 30 36 54 45 40 30
31001247 31028989 51878 18.076923 17.769230 51878 51860.230469 17.769230 24 17 13 23 16 16 18 23 14 17 19 12 19
31040637 31069745 54438 9.538462 9.307693 54438 54428.691406 9.307693 13 3 8 7 8 17 8 8 8 7 18 10 6
31081390 31109048 51738 3.846154 3.769231 51738 51734.230469 3.769231 8 1 3 1 5 6 2 4 4 4 7 1 3
31120716 31149904 54586 1.076923 1.000000 54586 54585.000000 1.000000 1 2 0 1 0 0 1 1 2 1 2 1 1
31161537 31189268 51860 0.461538 0.230769 51860 51859.769531 0.230769 0 1 0 0 0 0 0 0 1 0 0 1 0
31200911 31230067 54510 0.000000 0.000000 54510 54510.000000 0.000000 0 0 0 0 0 0 0 0 0 0 0 0 0
31240185 31269351 54548 0.153846 0.076923 54548 54547.921875 0.076923 0 0 0 0 0 0 1 0 0 0 0 0 0
31279577 31308660 54362 0.230769 0.076923 54362 54361.921875 0.076923 0 0 0 0 0 0 1 0 0 0 0 0 0
31374236 31401971 51882 122.538460 119.384613 51882 51762.617188 119.384613 129 95 105 93 96 113 137 105 124 126 159 142 128
