27 32
30227623 30256740 54454 91.153847 89.000000 54454 54365.000000 89.000000 105 114 94 88 83 118 120 75 99 127 134 0 0
30322339 30350045 51811 0.230769 0.230769 51811 51810.769531 0.230769 0 0 0 0 0 0 1 1 0 1 0 0 0
30361674 30389340 51736 0.230769 0.230769 51736 51735.769531 0.230769 0 0 0 0 0 2 1 0 0 0 0 0 0
30401059 30430164 54414 0.153846 0.076923 54414 54413.921875 0.076923 0 0 0 0 0 0 0 0 0 0 0 0 1
30441810 30470932 54482 0.461538 0.461538 54482 54481.539062 0.461538 1 1 1 0 0 1 1 0 0 0 1 0 0
30481182 30510338 54525 1.230769 1.000000 54525 54524.000000 1.000000 1 2 1 1 1 1 2 1 0 2 1 0 0
30521974 30549619 51713 3.153846 2.923077 51713 51710.078125 2.923077 4 3 3 1 4 1 6 7 2 4 2 0 1
30561277 30590471 54600 7.307693 6.923077 54600 54593.078125 6.923077 7 9 6 7 9 14 12 5 7 9 5 0 0
30600618 30629797 54572 15.307693 15.076923 54572 54556.921875 15.076923 21 21 12 18 14 24 16 16 13 23 18 0 0
30641370 30670514 54487 30.461538 29.692308 54487 54457.308594 29.692308 46 38 20 31 28 36 27 39 39 39 42 1 0
30680736 30709940 54618 49.692307 48.461540 54618 54569.539062 48.461540 70 64 57 38 53 61 65 58 50 60 54 0 0
30721526 30749257 51875 68.769234 67.076920 51875 51807.921875 67.076920 73 85 74 64 73 80 81 82 82 101 77 0 0
30760902 30788527 51638 86.076920 84.615387 51638 51553.382812 84.615387 108 99 86 83 92 90 121 72 90 109 150 0 0
30801693 30829407 51824 88.769234 86.923080 51824 51737.078125 86.923080 115 102 96 76 112 97 116 94 92 117 113 0 0
30841053 30868654 51630 82.384613 80.230766 51630 51549.769531 80.230766 107 102 74 88 86 101 88 98 96 105 97 0 1
30881807 30909522 51828 66.461540 65.384613 51828 51762.617188 65.384613 88 78 60 67 64 82 95 72 75 85 84 0 0
30921275 30950250 54189 48.769230 47.923077 54189 54141.078125 47.923077 67 56 33 45 62 73 51 50 48 56 82 0 0
30961919 30989583 51749 27.076923 26.538462 51749 51722.460938 26.538462 34 31 22 22 29 40 29 26 34 34 44 0 0
31001247 31028989 51877 15.615385 15.307693 51877 51861.691406 15.307693 25 16 14 9 13 16 18 19 24 18 27 0 0
31040637 31069745 54437 6.307693 6.000000 54437 54431.000000 6.000000 7 7 5 6 12 9 9 7 7 4 5 0 0
31081390 31109048 51738 3.307692 3.076923 51738 51734.921875 3.076923 5 5 2 5 2 7 3 0 4 2 5 0 0
31120716 31149904 54586 1.769231 1.692308 54586 54584.308594 1.692308 2 3 3 2 1 2 1 1 2 2 3 0 0
31161537 31189268 51858 0.769231 0.769231 51858 51857.230469 0.769231 1 0 0 1 2 0 0 0 0 3 3 0 0
31200911 31230067 54508 0.230769 0.076923 54508 54507.921875 0.076923 0 0 0 0 0 0 0 0 0 0 0 0 1
31240185 31269351 54547 0.230769 0.076923 54547 54546.921875 0.076923 1 0 0 0 0 0 0 0 0 0 0 0 0
31279577 31308660 54362 0.153846 0.076923 54362 54361.921875 0.076923 0 0 0 0 0 0 0 0 0 0 1 0 0
31374236 31401971 51882 93.000000 91.230766 51882 51790.769531 91.230766 134 90 93 75 96 105 114 95 139 117 126 1 1
