27 32
30227623 30256740 54453 128.769226 126.461540 54453 54326.539062 126.461540 162 146 113 113 106 100 162 126 135 140 124 114 103
30322339 30350045 51809 0.384615 0.307692 51809 51808.691406 0.307692 0 0 0 0 1 1 0 0 0 1 1 0 0
30361674 30389340 51736 0.076923 0.076923 51736 51735.921875 0.076923 0 0 1 0 0 0 0 0 0 0 0 0 0
30401059 30430164 54413 0.692308 0.230769 54413 54412.769531 0.230769 1 1 0 0 0 0 0 1 0 0 0 0 0
30441810 30470932 54481 0.307692 0.307692 54481 54480.691406 0.307692 0 0 0 0 1 0 0 0 0 1 1 1 0
30481182 30510338 54524 1.230769 1.153846 54524 54522.847656 1.153846 3 1 0 1 0 1 1 2 0 2 4 0 0
30521974 30549619 51714 3.692308 3.692308 51714 51710.308594 3.692308 5 3 2 1 3 3 6 3 4 7 4 4 3
30561277 30590471 54600 7.153846 6.846154 54600 54593.152344 6.846154 3 5 5 13 10 5 13 6 7 5 7 5 5
30600618 30629797 54572 20.692308 20.230770 54572 54551.769531 20.230770 23 18 14 16 19 18 28 21 22 22 24 19 19
30641370 30670514 54486 37.307693 36.153847 54486 54449.847656 36.153847 41 36 31 25 31 31 35 29 47 45 44 46 29
30680736 30709940 54619 65.538460 64.153847 54619 54554.847656 64.153847 77 58 67 41 70 54 65 52 62 76 88 64 60
30721526 30749257 51873 88.461540 86.461540 51873 51786.539062 86.461540 131 83 74 68 85 89 109 52 81 81 109 93 69
30760902 30788527 51638 119.153847 116.615387 51638 51521.382812 116.615387 146 156 99 103 113 108 124 115 121 130 110 92 99
30801693 30829407 51823 124.153847 122.000000 51823 51701.000000 122.000000 141 138 115 95 115 117 108 124 124 142 145 114 108
30841053 30868654 51631 111.076920 108.076920 51631 51522.921875 108.076920 138 106 103 104 86 101 133 81 106 131 124 93 99
30881807 30909522 51826 86.769234 85.230766 51826 51740.769531 85.230766 89 103 69 69 75 84 90 90 73 103 103 88 72
30921275 30950250 54189 64.384613 63.230770 54189 54125.769531 63.230770 70 69 50 54 57 73 73 41 65 76 79 59 56
30961919 30989583 51750 35.230770 34.384617 51750 51715.617188 34.384617 46 35 32 36 25 35 35 26 31 34 43 44 25
31001247 31028989 51874 18.076923 17.769230 51874 51856.230469 17.769230 26 12 5 13 13 19 24 9 23 25 31 14 17
31040637 31069745 54436 9.000000 8.692307 54436 54427.308594 8.692307 8 7 8 9 8 5 9 3 10 8 14 12 12
31081390 31109048 51735 2.692308 2.692308 51735 51732.308594 2.692308 5 3 0 4 1 2 7 1 4 3 1 3 1
31120716 31149904 54584 1.000000 0.923077 54584 54583.078125 0.923077 1 1 2 0 2 0 0 2 1 2 0 1 0
31161537 31189268 51858 0.307692 0.230769 51858 51857.769531 0.230769 0 1 0 0 1 0 0 0 1 0 0 0 0
31200911 31230067 54506 0.307692 0.307692 54506 54505.691406 0.307692 1 0 0 0 0 1 0 2 0 0 0 0 0
31240185 31269351 54547 0.307692 0.000000 54547 54547.000000 0.000000 0 0 0 0 0 0 0 0 0 0 0 0 0
31279577 31308660 54361 0.153846 0.153846 54361 54360.847656 0.153846 0 0 0 0 0 1 0 0 0 0 0 0 1
31374236 31401971 51883 128.000000 125.692307 51883 51757.308594 125.692307 169 116 125 108 121 124 137 127 122 145 129 108 103
