27 32
30227623 30256740 54453 115.923080 113.461540 54453 54339.539062 113.461540 133 97 107 81 96 132 111 108 113 129 154 99 115
30322339 30350045 51809 0.153846 0.000000 51809 51809.000000 0.000000 0 0 0 0 0 0 0 0 0 0 0 0 0
30361674 30389340 51736 0.230769 0.230769 51736 51735.769531 0.230769 0 0 1 0 0 0 1 0 1 0 0 0 0
30401059 30430164 54414 0.461538 0.461538 54414 54413.539062 0.461538 0 3 1 0 1 0 0 0 0 1 0 0 0
30441810 30470932 54481 1.000000 0.923077 54481 54480.078125 0.923077 0 2 1 0 3 0 2 1 1 1 1 0 0
30481182 30510338 54524 1.615385 1.538462 54524 54522.460938 1.538462 0 1 1 1 1 4 0 1 1 2 2 4 2
30521974 30549619 51714 4.000000 3.923077 51714 51710.078125 3.923077 3 6 4 4 3 3 3 5 4 4 5 2 5
30561277 30590471 54600 8.153846 7.769231 54600 54592.230469 7.769231 6 3 6 3 10 11 10 8 10 4 9 12 9
30600618 30629797 54572 21.615385 21.153847 54572 54550.847656 21.153847 12 20 20 22 15 19 20 19 19 39 26 22 22
30641370 30670514 54486 37.153847 36.384617 54486 54449.617188 36.384617 35 29 27 35 30 32 39 41 46 35 43 43 38
30680736 30709940 54619 61.692307 60.307693 54619 54558.691406 60.307693 61 49 62 56 55 61 70 42 68 76 68 54 62
30721526 30749257 51873 83.076920 81.538460 51873 51791.460938 81.538460 79 72 79 56 77 89 97 74 83 87 108 85 74
30760902 30788527 51637 103.692307 100.538460 51637 51536.460938 100.538460 124 102 91 85 102 75 105 80 106 111 141 89 96
30801693 30829407 51823 108.076920 106.076920 51823 51716.921875 106.076920 118 102 91 91 112 109 119 85 100 134 125 94 99
30841053 30868654 51631 100.846153 98.769234 51631 51532.230469 98.769234 105 92 92 79 86 96 116 86 99 119 116 113 85
30881807 30909522 51827 79.769234 78.307693 51827 51748.691406 78.307693 87 79 72 65 63 90 99 58 81 80 85 89 70
30921275 30950250 54189 61.615383 60.615383 54189 54128.382812 60.615383 72 69 53 46 60 47 61 56 64 74 64 59 63
30961919 30989583 51750 38.384617 37.461540 51750 51712.539062 37.461540 35 32 36 27 29 46 35 52 38 37 48 42 30
31001247 31028989 51875 19.615385 19.230770 51875 51855.769531 19.230770 22 10 23 14 16 24 27 16 20 21 21 16 20
31040637 31069745 54436 10.076923 9.692307 54436 54426.308594 9.692307 4 7 6 10 9 8 8 12 9 9 16 22 6
31081390 31109048 51736 3.769231 3.692308 51736 51732.308594 3.692308 3 3 4 2 3 5 1 2 4 6 1 8 6
31120716 31149904 54585 2.153846 2.076923 54585 54582.921875 2.076923 1 2 4 2 3 2 3 1 2 3 3 1 0
31161537 31189268 51858 0.384615 0.384615 51858 51857.617188 0.384615 0 0 0 0 0 0 1 0 2 1 1 0 0
31200911 31230067 54506 0.538462 0.461538 54506 54505.539062 0.461538 1 0 1 0 0 0 0 1 0 3 0 0 0
31240185 31269351 54547 0.307692 0.076923 54547 54546.921875 0.076923 0 0 0 0 0 0 1 0 0 0 0 0 0
31279577 31308660 54361 0.384615 0.307692 54361 54360.691406 0.307692 0 0 1 0 0 0 0 1 0 1 0 1 0
31374236 31401971 51882 108.230766 106.230766 51882 51775.769531 106.230766 110 113 91 84 90 99 104 101 88 137 152 105 107
