27 32
30227623 30256740 54456 130.000000 127.769234 54456 54328.230469 127.769234 143 128 102 115 112 148 147 88 133 166 154 126 99
30322339 30350045 51813 0.230769 0.153846 51813 51812.847656 0.153846 1 0 0 0 0 0 1 0 0 0 0 0 0
30361674 30389340 51737 0.384615 0.230769 51737 51736.769531 0.230769 0 0 0 0 0 1 0 1 1 0 0 0 0
30401059 30430164 54417 0.384615 0.076923 54417 54416.921875 0.076923 0 0 0 0 0 0 0 0 0 0 0 0 1
30441810 30470932 54484 0.769231 0.615385 54484 54483.382812 0.615385 0 0 1 0 0 0 0 1 0 4 1 0 1
30481182 30510338 54526 1.307692 1.153846 54526 54524.847656 1.153846 1 1 1 1 0 0 1 1 1 2 4 1 1
30521974 30549619 51716 4.153846 4.153846 51716 51711.847656 4.153846 7 4 5 3 5 8 4 3 6 1 5 1 2
30561277 30590471 54600 10.692307 10.000000 54600 54590.000000 10.000000 11 12 7 12 12 14 9 8 9 12 9 6 9
30600618 30629797 54573 20.384615 19.923077 54573 54553.078125 19.923077 24 21 19 20 18 17 22 13 21 33 19 18 14
30641370 30670514 54490 40.615383 39.923077 54490 54450.078125 39.923077 47 37 36 41 46 35 37 38 35 51 46 45 25
30680736 30709940 54620 65.384613 63.538460 54620 54556.460938 63.538460 63 67 53 66 64 73 74 50 58 72 63 63 60
30721526 30749257 51877 91.461540 90.000000 51877 51787.000000 90.000000 121 91 68 75 81 93 95 82 91 102 113 84 74
30760902 30788527 51641 109.923080 107.692307 51641 51533.308594 107.692307 157 115 96 83 106 103 106 92 114 121 121 99 87
30801693 30829407 51826 123.846153 122.076920 51826 51703.921875 122.076920 147 146 84 97 122 115 120 104 126 156 135 122 113
30841053 30868654 51632 109.769234 107.615387 51632 51524.382812 107.615387 129 119 95 91 90 99 128 94 105 144 101 105 99
30881807 30909522 51831 93.692307 91.846153 51831 51739.152344 91.846153 108 112 65 83 79 86 106 81 94 112 91 104 73
30921275 30950250 54190 65.307693 63.461540 54190 54126.539062 63.461540 68 65 59 51 61 66 74 36 61 87 78 68 51
30961919 30989583 51751 35.230770 34.769230 51751 51716.230469 34.769230 39 38 28 30 41 36 43 28 35 33 47 32 22
31001247 31028989 51879 18.384615 18.000000 51879 51861.000000 18.000000 22 19 16 17 12 11 18 20 20 30 18 14 17
31040637 31069745 54437 9.692307 9.538462 54437 54427.460938 9.538462 14 6 13 9 5 7 9 7 8 15 11 11 9
31081390 31109048 51740 4.230769 3.769231 51740 51736.230469 3.769231 2 1 3 8 6 3 2 6 3 2 5 2 6
31120716 31149904 54587 1.692308 1.615385 54587 54585.382812 1.615385 1 0 2 2 1 1 2 2 1 2 3 2 2
31161537 31189268 51861 0.615385 0.538462 51861 51860.460938 0.538462 1 1 0 0 1 0 0 0 0 2 1 0 1
31200911 31230067 54510 0.230769 0.153846 54510 54509.847656 0.153846 0 0 0 0 0 0 0 1 0 0 0 0 1
31240185 31269351 54548 0.076923 0.000000 54548 54548.000000 0.000000 0 0 0 0 0 0 0 0 0 0 0 0 0
31279577 31308660 54363 0.076923 0.076923 54363 54362.921875 0.076923 0 0 0 0 0 0 0 0 0 1 0 0 0
31374236 31401971 51884 123.230766 120.615387 51884 51763.382812 120.615387 141 114 111 102 110 139 127 107 143 136 135 107 96
