27 32
30227623 30256740 54454 141.461533 138.538467 54454 54315.460938 138.538467 139 110 107 130 126 172 172 119 140 169 166 143 108
30322339 30350045 51812 0.000000 0.000000 51812 51812.000000 0.000000 0 0 0 0 0 0 0 0 0 0 0 0 0
30361674 30389340 51735 0.076923 0.000000 51735 51735.000000 0.000000 0 0 0 0 0 0 0 0 0 0 0 0 0
30401059 30430164 54415 0.153846 0.153846 54415 54414.847656 0.153846 0 0 0 0 1 0 0 0 0 0 1 0 0
30441810 30470932 54483 0.769231 0.615385 54483 54482.382812 0.615385 1 0 0 1 1 1 1 1 0 0 1 1 0
30481182 30510338 54527 1.461538 1.307692 54527 54525.691406 1.307692 1 2 0 1 1 3 2 1 2 0 1 2 1
30521974 30549619 51713 3.384615 3.230769 51713 51709.769531 3.230769 1 0 1 6 3 0 4 8 3 8 4 2 2
30561277 30590471 54599 10.153846 10.000000 54599 54589.000000 10.000000 10 7 9 8 6 13 15 13 9 8 16 7 9
30600618 30629797 54571 20.923077 20.307692 54571 54550.691406 20.307692 26 20 20 13 19 21 22 20 22 22 25 20 14
30641370 30670514 54488 40.538460 39.769230 54488 54448.230469 39.769230 47 27 43 32 31 45 41 42 37 50 53 37 32
30680736 30709940 54618 71.384613 70.230766 54618 54547.769531 70.230766 63 59 60 64 62 79 91 60 82 79 76 68 70
30721526 30749257 51876 96.923080 94.769234 51876 51781.230469 94.769234 88 98 90 72 100 105 121 77 88 103 111 92 87
30760902 30788527 51640 121.538460 118.153847 51640 51521.847656 118.153847 104 100 102 119 123 130 113 119 139 139 154 107 87
30801693 30829407 51826 138.461533 134.538467 51826 51691.460938 134.538467 127 117 137 110 132 147 142 136 134 167 153 135 112
30841053 30868654 51632 125.076920 122.384613 51632 51509.617188 122.384613 110 97 135 109 109 131 142 115 128 137 167 110 101
30881807 30909522 51829 101.000000 98.846153 51829 51730.152344 98.846153 77 76 104 89 101 128 119 91 98 113 121 96 72
30921275 30950250 54190 76.076920 74.000000 54190 54116.000000 74.000000 70 60 57 72 82 82 82 73 76 72 98 74 64
30961919 30989583 51749 40.923077 39.846153 51749 51709.152344 39.846153 39 49 33 38 31 39 40 46 33 57 45 34 34
31001247 31028989 51878 23.384615 22.846153 51878 51855.152344 22.846153 21 33 24 23 23 20 18 19 17 25 38 18 18
31040637 31069745 54438 9.307693 9.153846 54438 54428.847656 9.153846 4 16 4 13 10 12 6 7 6 12 10 9 10
31081390 31109048 51738 3.076923 3.076923 51738 51734.921875 3.076923 4 2 3 0 0 4 4 3 5 4 3 4 4
31120716 31149904 54586 1.846154 1.769231 54586 54584.230469 1.769231 3 0 2 0 3 2 4 1 1 2 2 2 1
31161537 31189268 51859 0.923077 0.692308 51859 51858.308594 0.692308 2 0 0 0 1 0 0 1 1 1 1 1 1
31200911 31230067 54509 0.307692 0.153846 54509 54508.847656 0.153846 0 0 0 0 0 0 1 0 0 1 0 0 0
31240185 31269351 54548 0.153846 0.076923 54548 54547.921875 0.076923 0 0 0 0 1 0 0 0 0 0 0 0 0
31279577 31308660 54363 0.230769 0.076923 54363 54362.921875 0.076923 0 0 0 0 0 0 0 0 0 0 0 0 1
31374236 31401971 51882 135.384613 132.538467 51882 51749.460938 132.538467 121 93 128 112 145 140 155 132 153 170 175 106 93
