27 32
30227623 30256740 54454 124.615387 122.307693 54454 54331.691406 122.307693 115 126 87 102 99 125 130 111 122 152 133 161 127
30322339 30350045 51812 0.076923 0.076923 51812 51811.921875 0.076923 0 0 0 0 0 0 0 1 0 0 0 0 0
30361674 30389340 51735 0.153846 0.076923 51735 51734.921875 0.076923 0 0 0 0 0 0 0 0 1 0 0 0 0
30401059 30430164 54414 0.307692 0.230769 54414 54413.769531 0.230769 0 0 1 1 0 1 0 0 0 0 0 0 0
30441810 30470932 54483 0.384615 0.384615 54483 54482.617188 0.384615 2 1 0 1 0 1 0 0 0 0 0 0 0
30481182 30510338 54525 1.538462 1.307692 54525 54523.691406 1.307692 2 3 0 2 2 1 2 1 1 1 1 1 0
30521974 30549619 51713 3.615385 3.461539 51713 51709.539062 3.461539 4 5 1 3 7 2 3 1 4 5 5 2 3
30561277 30590471 54600 7.615385 7.538462 54600 54592.460938 7.538462 5 10 8 4 9 6 6 6 5 9 11 8 11
30600618 30629797 54571 17.923077 17.769230 54571 54553.230469 17.769230 15 18 14 10 21 20 14 18 23 16 25 18 19
30641370 30670514 54487 36.923077 35.846153 54487 54451.152344 35.846153 33 33 43 26 38 39 29 33 30 38 48 34 42
30680736 30709940 54618 57.615383 56.384617 54618 54561.617188 56.384617 50 65 52 57 42 48 63 42 54 62 67 71 60
30721526 30749257 51874 84.692307 82.461540 51874 51791.539062 82.461540 86 78 69 73 67 73 94 79 74 80 107 112 80
30760902 30788527 51640 109.769234 107.076920 51640 51532.921875 107.076920 112 105 76 83 107 97 118 95 103 140 137 122 97
30801693 30829407 51824 114.000000 112.076920 51824 51711.921875 112.076920 92 100 94 101 106 111 125 100 104 147 118 154 105
30841053 30868654 51630 105.307693 102.692307 51630 51527.308594 102.692307 82 105 92 88 95 101 120 96 94 106 109 128 119
30881807 30909522 51828 84.461540 82.923080 51828 51745.078125 82.923080 91 65 65 101 68 86 70 80 87 85 102 95 83
30921275 30950250 54189 64.615387 63.538460 54189 54125.460938 63.538460 71 49 66 56 56 68 59 62 58 71 83 62 65
30961919 30989583 51749 35.461540 34.769230 51749 51714.230469 34.769230 39 37 28 35 29 35 30 30 36 35 50 42 26
31001247 31028989 51876 15.692307 15.461538 51876 51860.539062 15.461538 20 13 11 15 15 14 23 12 14 14 20 20 10
31040637 31069745 54437 7.000000 7.000000 54437 54430.000000 7.000000 4 9 6 6 14 5 8 5 7 5 5 13 4
31081390 31109048 51738 2.076923 2.000000 51738 51736.000000 2.000000 0 3 0 0 2 3 2 1 1 4 4 2 4
31120716 31149904 54586 0.846154 0.769231 54586 54585.230469 0.769231 3 3 0 0 0 0 1 0 2 0 0 1 0
31161537 31189268 51858 0.538462 0.384615 51858 51857.617188 0.384615 0 0 1 2 0 1 0 0 0 0 1 0 0
31200911 31230067 54509 0.692308 0.307692 54509 54508.691406 0.307692 0 0 0 0 0 0 2 0 0 0 0 1 1
31240185 31269351 54548 0.230769 0.153846 54548 54547.847656 0.153846 0 1 0 0 0 0 1 0 0 0 0 0 0
31279577 31308660 54363 0.307692 0.153846 54363 54362.847656 0.153846 0 0 0 0 0 0 1 0 0 0 0 1 0
31374236 31401971 51882 114.384613 111.384613 51882 51770.617188 111.384613 117 98 104 96 118 105 122 94 112 105 128 131 118
