27 32
30227623 30256740 54453 123.615387 120.615387 54453 54332.382812 120.615387 121 114 104 98 99 128 127 91 122 114 145 168 137
30322339 30350045 51810 0.076923 0.076923 51810 51809.921875 0.076923 0 0 0 0 0 0 0 0 0 0 0 0 1
30361674 30389340 51736 0.076923 0.076923 51736 51735.921875 0.076923 0 0 0 0 0 0 0 0 1 0 0 0 0
30401059 30430164 54414 0.153846 0.153846 54414 54413.847656 0.153846 0 0 0 0 0 0 0 0 0 1 0 0 1
30441810 30470932 54482 0.307692 0.230769 54482 54481.769531 0.230769 0 0 1 1 0 0 1 0 0 0 0 0 0
30481182 30510338 54525 1.538462 1.307692 54525 54523.691406 1.307692 1 1 3 0 0 2 1 1 1 3 2 1 1
30521974 30549619 51713 2.538461 2.538461 51713 51710.460938 2.538461 4 2 5 0 2 0 7 1 3 2 5 2 0
30561277 30590471 54600 8.307693 8.000000 54600 54592.000000 8.000000 6 7 12 3 9 6 6 8 6 13 9 9 10
30600618 30629797 54572 22.384615 22.000000 54572 54550.000000 22.000000 28 21 19 19 12 19 19 19 20 20 29 36 25
30641370 30670514 54487 39.692307 38.615383 54487 54448.382812 38.615383 43 27 33 35 30 36 38 35 33 54 50 45 43
30680736 30709940 54619 66.076920 64.538460 54619 54554.460938 64.538460 78 50 49 50 62 54 63 49 57 87 75 91 74
30721526 30749257 51874 88.769234 86.000000 51874 51788.000000 86.000000 94 88 72 80 70 77 87 85 75 90 94 106 100
30760902 30788527 51638 109.692307 107.538460 51638 51530.460938 107.538460 109 104 94 71 87 106 119 93 111 119 133 140 112
30801693 30829407 51823 116.461540 114.153847 51823 51708.847656 114.153847 120 112 107 107 98 109 125 96 108 121 119 137 125
30841053 30868654 51631 107.846153 105.769234 51631 51525.230469 105.769234 120 106 79 92 110 94 107 84 106 110 132 121 114
30881807 30909522 51828 91.692307 90.307693 51828 51737.691406 90.307693 91 91 90 88 75 78 100 78 87 97 101 102 96
30921275 30950250 54189 63.615383 62.230770 54189 54126.769531 62.230770 64 76 47 45 64 59 69 54 55 46 84 72 74
30961919 30989583 51749 35.769230 34.769230 51749 51714.230469 34.769230 35 24 33 31 27 29 31 35 34 36 51 41 45
31001247 31028989 51876 17.538462 16.923077 51876 51859.078125 16.923077 17 8 15 12 8 17 23 21 16 15 21 28 19
31040637 31069745 54436 8.846154 8.692307 54436 54427.308594 8.692307 10 3 10 7 9 9 9 7 4 8 5 18 14
31081390 31109048 51736 3.153846 2.846154 51736 51733.152344 2.846154 4 5 1 2 3 2 3 2 2 2 3 5 3
31120716 31149904 54585 2.076923 2.076923 54585 54582.921875 2.076923 1 1 1 1 1 3 2 1 3 3 3 4 3
31161537 31189268 51858 0.461538 0.461538 51858 51857.539062 0.461538 0 0 1 0 2 1 0 0 0 0 1 1 0
31200911 31230067 54507 0.153846 0.153846 54507 54506.847656 0.153846 0 1 0 0 0 0 0 0 0 0 0 1 0
31240185 31269351 54548 0.153846 0.076923 54548 54547.921875 0.076923 0 0 0 0 0 0 1 0 0 0 0 0 0
31279577 31308660 54361 0.230769 0.230769 54361 54360.769531 0.230769 0 2 0 0 0 0 0 0 0 0 0 0 1
31374236 31401971 51882 113.307693 111.076920 51882 51770.921875 111.076920 112 104 115 102 86 96 106 85 104 124 127 158 125
