27 32
30227623 30256740 54456 106.923080 104.769234 54456 54351.230469 104.769234 113 107 86 82 82 119 104 79 89 115 118 156 112
30322339 30350045 51812 0.153846 0.076923 51812 51811.921875 0.076923 0 1 0 0 0 0 0 0 0 0 0 0 0
30361674 30389340 51736 0.000000 0.000000 51736 51736.000000 0.000000 0 0 0 0 0 0 0 0 0 0 0 0 0
30401059 30430164 54415 0.307692 0.307692 54415 54414.691406 0.307692 1 0 1 0 1 0 0 0 0 0 0 1 0
30441810 30470932 54484 0.307692 0.307692 54484 54483.691406 0.307692 1 1 0 0 0 0 0 0 0 1 0 0 1
30481182 30510338 54526 1.692308 1.461538 54526 54524.539062 1.461538 0 1 0 3 0 2 4 1 3 0 1 3 1
30521974 30549619 51713 2.923077 2.769231 51713 51710.230469 2.769231 3 1 4 1 1 3 2 4 5 2 2 6 2
30561277 30590471 54600 9.307693 8.846154 54600 54591.152344 8.846154 13 7 10 9 3 9 8 4 8 12 8 11 13
30600618 30629797 54573 18.000000 17.461538 54573 54555.539062 17.461538 27 12 17 9 9 23 15 12 21 21 14 22 25
30641370 30670514 54490 40.692307 39.846153 54490 54450.152344 39.846153 47 40 29 21 27 44 35 32 42 59 49 50 43
30680736 30709940 54619 59.000000 57.846153 54619 54561.152344 57.846153 63 62 53 53 45 44 52 38 54 61 77 81 69
30721526 30749257 51876 79.000000 77.153847 51876 51798.847656 77.153847 99 73 63 61 62 88 67 61 68 81 94 97 89
30760902 30788527 51641 97.076920 95.384613 51641 51545.617188 95.384613 104 101 81 63 79 101 114 73 90 109 100 108 117
30801693 30829407 51826 100.692307 98.846153 51826 51727.152344 98.846153 107 115 77 78 75 84 113 90 92 115 101 134 104
30841053 30868654 51632 101.307693 98.923080 51632 51533.078125 98.923080 114 90 90 60 96 112 83 84 105 112 106 134 100
30881807 30909522 51830 78.153847 76.538460 51830 51753.460938 76.538460 72 78 69 45 73 74 74 69 73 73 98 99 98
30921275 30950250 54190 58.230770 57.461540 54190 54132.539062 57.461540 73 62 34 55 57 55 52 43 55 63 61 79 58
30961919 30989583 51750 29.923077 29.230770 51750 51720.769531 29.230770 28 28 19 18 29 23 38 28 25 38 27 44 35
31001247 31028989 51878 19.076923 18.615385 51878 51859.382812 18.615385 30 24 15 12 19 14 19 13 20 16 28 15 17
31040637 31069745 54438 9.615385 9.153846 54438 54428.847656 9.153846 15 5 5 4 10 6 17 8 11 14 6 7 11
31081390 31109048 51739 4.230769 4.153846 51739 51734.847656 4.153846 6 7 5 3 3 2 3 4 2 4 9 2 4
31120716 31149904 54586 1.153846 1.000000 54586 54585.000000 1.000000 3 0 1 0 0 1 0 0 1 1 3 2 1
31161537 31189268 51860 0.692308 0.538462 51860 51859.460938 0.538462 0 2 1 0 1 0 1 0 1 0 0 1 0
31200911 31230067 54510 0.307692 0.153846 54510 54509.847656 0.153846 0 0 0 0 1 0 1 0 0 0 0 0 0
31240185 31269351 54548 0.153846 0.076923 54548 54547.921875 0.076923 0 0 0 1 0 0 0 0 0 0 0 0 0
31279577 31308660 54363 0.000000 0.000000 54363 54363.000000 0.000000 0 0 0 0 0 0 0 0 0 0 0 0 0
31374236 31401971 51882 105.846153 103.307693 51882 51778.691406 103.307693 125 100 84 97 92 89 93 107 86 97 124 143 106
