27 32
30227623 30256740 54453 145.076920 141.923080 54453 54311.078125 141.923080 134 122 144 134 142 155 137 116 130 167 181 169 114
30322339 30350045 51811 0.076923 0.000000 51811 51811.000000 0.000000 0 0 0 0 0 0 0 0 0 0 0 0 0
30361674 30389340 51736 0.153846 0.076923 51736 51735.921875 0.076923 0 0 0 0 0 0 0 0 0 1 0 0 0
30401059 30430164 54414 0.153846 0.076923 54414 54413.921875 0.076923 0 0 0 0 0 0 1 0 0 0 0 0 0
30441810 30470932 54482 1.076923 0.769231 54482 54481.230469 0.769231 0 1 2 1 2 1 0 0 0 0 2 0 1
30481182 30510338 54525 1.769231 1.692308 54525 54523.308594 1.692308 1 1 1 2 0 3 5 3 0 1 2 1 2
30521974 30549619 51713 3.538461 3.384615 51713 51709.617188 3.384615 2 3 0 6 2 4 4 4 3 4 5 4 3
30561277 30590471 54600 9.076923 8.846154 54600 54591.152344 8.846154 9 14 11 7 8 12 9 6 7 8 4 8 12
30600618 30629797 54571 21.153847 20.461538 54571 54550.539062 20.461538 24 20 20 20 20 24 27 8 10 17 28 26 22
30641370 30670514 54487 42.153847 41.615383 54487 54445.382812 41.615383 32 36 33 27 36 46 62 40 48 46 43 52 40
30680736 30709940 54618 71.846153 70.384613 54618 54547.617188 70.384613 74 55 65 64 52 65 71 60 70 86 94 90 69
30721526 30749257 51875 99.076920 96.384613 51875 51778.617188 96.384613 86 77 74 86 85 95 111 73 106 106 132 125 97
30760902 30788527 51638 128.076920 125.615387 51638 51512.382812 125.615387 94 108 108 104 121 137 145 126 133 141 148 135 133
30801693 30829407 51824 139.000000 136.230774 51824 51687.769531 136.230774 120 113 116 110 145 139 129 126 148 177 158 144 146
30841053 30868654 51630 122.615387 120.384613 51630 51509.617188 120.384613 96 111 94 91 105 116 146 107 116 132 166 144 141
30881807 30909522 51828 106.923080 105.307693 51828 51722.691406 105.307693 97 92 91 88 96 94 109 92 96 134 132 126 122
30921275 30950250 54189 72.384613 70.384613 54189 54118.617188 70.384613 62 68 64 65 62 62 59 69 83 88 85 90 58
30961919 30989583 51749 40.923077 40.153847 51749 51708.847656 40.153847 32 34 27 26 40 52 53 34 36 45 55 50 38
31001247 31028989 51877 18.923077 18.692308 51877 51858.308594 18.692308 17 15 15 15 11 24 11 19 20 22 22 27 25
31040637 31069745 54437 13.384615 12.769231 54437 54424.230469 12.769231 6 17 9 9 13 17 16 10 7 13 18 17 14
31081390 31109048 51737 2.692308 2.692308 51737 51734.308594 2.692308 4 3 3 1 2 3 0 1 2 4 3 5 4
31120716 31149904 54586 1.923077 1.615385 54586 54584.382812 1.615385 2 2 2 1 1 0 5 3 0 1 1 2 1
31161537 31189268 51858 0.384615 0.384615 51858 51857.617188 0.384615 0 1 1 0 0 0 1 2 0 0 0 0 0
31200911 31230067 54509 0.692308 0.230769 54509 54508.769531 0.230769 0 0 0 1 0 0 0 0 0 0 0 0 2
31240185 31269351 54547 0.307692 0.076923 54547 54546.921875 0.076923 0 0 0 1 0 0 0 0 0 0 0 0 0
31279577 31308660 54362 0.000000 0.000000 54362 54362.000000 0.000000 0 0 0 0 0 0 0 0 0 0 0 0 0
31374236 31401971 51882 140.076920 136.230774 51882 51745.769531 136.230774 119 118 108 131 121 138 148 127 143 161 171 157 129
