27 32
30227623 30256740 54454 132.846161 130.615387 54454 54323.382812 130.615387 122 117 113 107 143 122 159 118 133 152 168 131 113
30322339 30350045 51812 0.000000 0.000000 51812 51812.000000 0.000000 0 0 0 0 0 0 0 0 0 0 0 0 0
30361674 30389340 51735 0.076923 0.076923 51735 51734.921875 0.076923 0 0 0 0 0 0 1 0 0 0 0 0 0
30401059 30430164 54414 0.307692 0.307692 54414 54413.691406 0.307692 0 1 0 0 0 0 0 1 1 0 0 1 0
30441810 30470932 54483 0.615385 0.615385 54483 54482.382812 0.615385 0 0 2 0 0 0 1 0 2 1 1 1 0
30481182 30510338 54525 2.461539 2.384615 54525 54522.617188 2.384615 5 0 1 3 5 5 3 0 2 1 3 3 0
30521974 30549619 51713 3.923077 3.846154 51713 51709.152344 3.846154 1 5 2 5 11 6 1 6 0 2 5 3 3
30561277 30590471 54600 11.000000 10.615385 54600 54589.382812 10.615385 12 3 13 10 12 11 14 9 11 13 19 4 7
30600618 30629797 54571 23.846153 23.307692 54571 54547.691406 23.307692 28 26 21 18 15 24 22 26 13 35 31 21 23
30641370 30670514 54487 41.846153 40.769230 54487 54446.230469 40.769230 40 28 42 32 45 36 42 39 48 40 48 43 47
30680736 30709940 54618 71.692307 70.384613 54618 54547.617188 70.384613 67 70 70 58 64 74 80 71 69 68 92 71 61
30721526 30749257 51875 95.384613 93.384613 51875 51781.617188 93.384613 94 87 90 81 97 87 103 91 81 116 113 90 84
30760902 30788527 51640 123.692307 121.307693 51640 51518.691406 121.307693 110 92 106 115 127 118 122 104 145 164 155 122 97
30801693 30829407 51825 135.692307 132.846161 51825 51692.152344 132.846161 121 125 124 121 136 134 148 109 138 144 179 136 112
30841053 30868654 51631 124.846153 122.923080 51631 51508.078125 122.923080 117 85 97 114 114 125 128 128 127 148 165 139 111
30881807 30909522 51828 101.461540 99.538460 51828 51728.460938 99.538460 92 72 92 99 107 111 93 88 101 89 143 122 85
30921275 30950250 54189 66.846153 65.384613 54189 54123.617188 65.384613 68 51 69 46 69 67 65 70 54 82 79 73 57
30961919 30989583 51749 41.692307 40.538460 51749 51708.460938 40.538460 42 24 41 27 40 34 45 40 39 59 52 45 39
31001247 31028989 51877 20.692308 20.000000 51877 51857.000000 20.000000 17 15 20 26 24 14 22 10 24 29 24 22 13
31040637 31069745 54437 11.153846 10.846154 54437 54426.152344 10.846154 8 4 12 11 13 12 10 18 10 13 13 10 7
31081390 31109048 51738 3.846154 3.692308 51738 51734.308594 3.692308 2 2 2 2 8 5 6 3 1 2 7 3 5
31120716 31149904 54587 2.076923 2.076923 54587 54584.921875 2.076923 0 4 2 2 5 3 2 1 2 1 0 2 3
31161537 31189268 51858 0.692308 0.538462 51858 51857.460938 0.538462 1 0 0 0 1 1 0 2 0 1 0 0 1
31200911 31230067 54509 0.307692 0.307692 54509 54508.691406 0.307692 2 0 0 0 0 0 0 0 1 1 0 0 0
31240185 31269351 54548 0.615385 0.384615 54548 54547.617188 0.384615 1 0 0 0 0 1 0 0 1 0 2 0 0
31279577 31308660 54363 0.384615 0.307692 54363 54362.691406 0.307692 0 1 0 1 0 1 0 0 1 0 0 0 0
31374236 31401971 51882 135.153839 133.000000 51882 51749.000000 133.000000 120 123 108 118 127 154 132 120 151 175 142 146 113
