27 32
30227623 30256740 54451 137.846161 134.384613 54451 54316.617188 134.384613 127 106 102 129 126 129 152 113 139 171 175 157 121
30322339 30350045 51809 0.153846 0.000000 51809 51809.000000 0.000000 0 0 0 0 0 0 0 0 0 0 0 0 0
30361674 30389340 51731 0.076923 0.000000 51731 51731.000000 0.000000 0 0 0 0 0 0 0 0 0 0 0 0 0
30401059 30430164 54410 0.153846 0.153846 54410 54409.847656 0.153846 0 0 0 0 0 0 1 0 1 0 0 0 0
30441810 30470932 54478 0.692308 0.538462 54478 54477.460938 0.538462 1 1 0 1 1 1 0 1 0 0 0 0 1
30481182 30510338 54522 2.307692 2.153846 54522 54519.847656 2.153846 0 2 2 1 2 1 3 0 2 5 5 1 4
30521974 30549619 51711 3.307692 3.076923 51711 51707.921875 3.076923 2 3 3 4 5 5 4 5 1 5 1 1 1
30561277 30590471 54596 10.769231 10.461538 54596 54585.539062 10.461538 8 2 11 14 9 6 12 8 12 14 20 9 11
30600618 30629797 54568 20.307692 19.846153 54568 54548.152344 19.846153 16 12 16 20 26 16 12 18 24 22 29 23 24
30641370 30670514 54486 43.923077 42.692307 54486 54443.308594 42.692307 47 40 27 26 40 41 53 25 47 64 53 45 47
30680736 30709940 54615 70.538460 69.153847 54615 54545.847656 69.153847 66 54 58 69 65 67 65 64 79 83 93 76 60
30721526 30749257 51872 97.307693 95.384613 51872 51776.617188 95.384613 79 83 73 87 82 102 116 71 99 122 140 93 93
30760902 30788527 51635 120.384613 117.923080 51635 51517.078125 117.923080 120 102 96 98 106 130 118 101 111 144 153 137 117
30801693 30829407 51821 128.076920 125.153847 51821 51695.847656 125.153847 122 103 121 102 121 120 137 96 134 158 170 127 116
30841053 30868654 51627 117.846153 115.538460 51627 51511.460938 115.538460 86 87 87 107 129 112 133 104 125 139 133 149 111
30881807 30909522 51824 94.384613 93.000000 51824 51731.000000 93.000000 86 80 91 70 79 93 115 97 103 113 101 95 86
30921275 30950250 54185 71.076920 69.307693 54185 54115.691406 69.307693 42 49 55 47 64 89 85 67 77 95 87 89 55
30961919 30989583 51747 41.153847 40.615383 51747 51706.382812 40.615383 28 30 37 31 39 43 46 37 48 49 62 34 44
31001247 31028989 51874 21.384615 21.000000 51874 51853.000000 21.000000 15 25 19 17 18 21 21 17 22 30 24 22 22
31040637 31069745 54432 9.461538 9.307693 54432 54422.691406 9.307693 16 9 5 12 12 8 12 10 7 7 9 5 9
31081390 31109048 51735 3.769231 3.384615 51735 51731.617188 3.384615 4 3 2 3 1 6 4 0 3 2 7 4 5
31120716 31149904 54582 2.000000 1.846154 54582 54580.152344 1.846154 2 2 2 0 1 1 4 3 0 3 5 1 0
31161537 31189268 51854 0.461538 0.461538 51854 51853.539062 0.461538 1 0 2 1 1 0 0 0 1 0 0 0 0
31200911 31230067 54503 0.615385 0.538462 54503 54502.460938 0.538462 0 0 1 0 1 0 0 1 1 1 1 0 1
31240185 31269351 54543 0.076923 0.000000 54543 54543.000000 0.000000 0 0 0 0 0 0 0 0 0 0 0 0 0
31279577 31308660 54356 0.000000 0.000000 54356 54356.000000 0.000000 0 0 0 0 0 0 0 0 0 0 0 0 0
31374236 31401971 51880 124.769234 122.769234 51880 51757.230469 122.769234 124 114 109 90 122 113 131 103 130 153 159 136 112
