27 32
30227623 30256740 54456 74.153847 73.000000 54456 54383.000000 73.000000 0 0 102 95 90 113 108 100 104 114 123 0 0
30322339 30350045 51815 0.000000 0.000000 51815 51815.000000 0.000000 0 0 0 0 0 0 0 0 0 0 0 0 0
30361674 30389340 51738 0.076923 0.076923 51738 51737.921875 0.076923 0 1 0 0 0 0 0 0 0 0 0 0 0
30401059 30430164 54417 0.076923 0.000000 54417 54417.000000 0.000000 0 0 0 0 0 0 0 0 0 0 0 0 0
30441810 30470932 54484 0.769231 0.692308 54484 54483.308594 0.692308 0 0 2 3 0 1 1 1 1 0 0 0 0
30481182 30510338 54526 1.000000 0.923077 54526 54525.078125 0.923077 0 0 1 4 2 2 0 0 2 1 0 0 0
30521974 30549619 51717 2.769231 2.692308 51717 51714.308594 2.692308 0 0 0 3 2 4 5 5 5 8 3 0 0
30561277 30590471 54601 5.692307 5.461538 54601 54595.539062 5.461538 0 0 2 8 8 8 8 3 7 12 15 0 0
30600618 30629797 54574 14.076923 14.000000 54574 54560.000000 14.000000 0 0 29 15 13 17 26 21 17 21 23 0 0
30641370 30670514 54490 25.538462 24.923077 54490 54465.078125 24.923077 0 0 34 28 38 28 35 30 46 37 48 0 0
30680736 30709940 54620 41.846153 40.846153 54620 54579.152344 40.846153 1 0 53 64 46 58 56 61 60 66 66 0 0
30721526 30749257 51878 56.538460 55.384617 51878 51822.617188 55.384617 1 0 72 84 80 79 78 67 92 84 83 0 0
30760902 30788527 51641 70.846153 69.538460 51641 51571.460938 69.538460 0 0 73 91 100 103 95 94 99 115 134 0 0
30801693 30829407 51826 76.692307 74.923080 51826 51751.078125 74.923080 1 0 82 79 106 115 123 79 143 109 137 0 0
30841053 30868654 51633 70.769234 69.615387 51633 51563.382812 69.615387 0 0 91 93 122 89 107 80 88 118 115 2 0
30881807 30909522 51831 56.769230 55.615383 51831 51775.382812 55.615383 0 0 64 81 69 89 89 55 76 100 100 0 0
30921275 30950250 54191 44.307693 43.307693 54191 54147.691406 43.307693 0 0 51 55 66 65 61 62 69 70 63 0 1
30961919 30989583 51751 26.230770 25.615385 51751 51725.382812 25.615385 0 0 35 37 38 32 40 31 39 39 42 0 0
31001247 31028989 51879 12.461538 12.076923 51879 51866.921875 12.076923 0 0 15 8 16 16 27 13 17 22 23 0 0
31040637 31069745 54438 7.000000 6.846154 54438 54431.152344 6.846154 0 0 8 12 10 12 11 7 7 8 14 0 0
31081390 31109048 51740 2.538461 2.461539 51740 51737.539062 2.461539 0 0 4 4 2 2 5 2 5 5 3 0 0
31120716 31149904 54589 0.846154 0.769231 54589 54588.230469 0.769231 0 0 1 2 0 1 2 2 0 0 2 0 0
31161537 31189268 51861 0.230769 0.230769 51861 51860.769531 0.230769 0 0 1 0 0 0 0 0 1 0 1 0 0
31200911 31230067 54510 0.076923 0.076923 54510 54509.921875 0.076923 0 0 0 0 0 0 0 1 0 0 0 0 0
31240185 31269351 54550 0.307692 0.230769 54550 54549.769531 0.230769 0 0 0 0 1 0 2 0 0 0 0 0 0
31279577 31308660 54363 0.153846 0.153846 54363 54362.847656 0.153846 0 0 0 0 0 0 0 0 2 0 0 0 0
31374236 31401971 51884 76.538460 75.076920 51884 51808.921875 75.076920 0 0 101 99 79 117 113 86 103 145 133 0 0
