212 2208
35212457 35512457 977965 94929.078125 79879.695312 605913 526034.000000 79879.000000    81756 74145 68016 69457 73479 77070 86906 71998 81293 91691 97843 85827 78946
35512458 35812458 977908 64487.921875 54905.617188 605847 550941.687500 54905.308594    56367 50921 46711 47907 51067 52662 59869 49090 55789 62561 67276 59268 54281
35812459 36112459 977903 81491.000000 68919.539062 605858 536938.937500 68919.078125    70697 63535 59051 59486 63661 66171 75435 61636 70577 79301 84398 74152 67848
36112460 36412460 977867 90957.000000 76907.765625 605804 528896.937500 76907.078125    79033 70919 65429 66718 71446 73988 83433 68993 79112 88073 93880 82546 76222
36412461 36712461 977749 91667.539062 77392.617188 605757 528364.625000 77392.382812    79393 71429 66288 67347 71502 74019 84351 69428 79284 88586 94770 83128 76576
36712462 37012462 977860 90927.078125 76895.000000 605795 528900.937500 76894.078125    78451 71151 65712 66823 71157 73449 84215 69217 78349 88242 93962 82727 76168
37012463 37312463 977874 89954.617188 76132.539062 605845 529712.875000 76132.156250    78089 70218 64552 66282 71210 73095 82925 68643 77692 87105 93153 81421 75333
37312464 37612464 977872 89277.304688 75593.156250 605812 530219.312500 75592.695312    77167 69846 64090 65596 69792 72776 82706 68236 77311 86736 92638 81520 74291
37612465 37912465 977867 88573.765625 74985.539062 605824 530839.125000 74984.843750    76414 69372 64063 65419 69604 72141 81920 67413 76664 86029 91659 80412 73693
37912466 38212466 977862 86594.304688 73475.921875 605813 532337.750000 73475.234375    75657 68007 62402 63968 68103 70336 80111 66024 74956 84187 89729 79097 72601
38212467 38512467 977940 87227.156250 73954.078125 605876 531922.062500 73953.921875    75910 68326 63179 64191 68675 70328 80879 66810 75194 84773 90630 79569 72937
38512468 38812468 977934 86591.695312 73488.695312 605874 532386.000000 73488.000000    74871 68257 62463 64101 68476 70841 80778 65514 74711 84326 89819 78979 72208
38812469 39112469 977894 85920.617188 72924.921875 605831 532906.250000 72924.765625    74632 67000 62588 63182 67801 70484 79664 65347 74231 83469 89069 78425 72130
39112470 39412470 977806 85105.234375 72320.921875 605794 533473.625000 72320.382812    73575 67150 61773 62798 67054 69669 78602 64935 74166 82827 88035 78210 71371
39412471 39712471 977936 84622.921875 71933.460938 605848 533914.750000 71933.234375    74081 66556 61473 62252 66627 69062 78419 64450 73941 82796 87414 77017 71044
39712472 40012472 977937 84027.539062 71353.234375 605891 534538.250000 71352.765625    72879 66017 60544 62303 66435 68986 78036 64088 72771 80784 87026 76930 70787
40012473 40312473 977900 83106.617188 70683.843750 605826 535142.750000 70683.234375    72196 65280 60451 61739 65592 67975 77090 63451 72163 80601 86255 76086 70003
40312474 40612474 977935 82430.304688 70101.695312 605883 535781.875000 70101.156250    71950 64888 59807 60862 65207 67606 76370 62911 71667 79223 86248 75279 69297
40612475 40912475 977805 81550.304688 69395.000000 605766 536371.312500 69394.695312    71136 64587 59254 60241 64723 66560 75777 62777 70547 78166 85057 74647 68659
40912476 41212476 977964 80933.843750 69003.460938 605896 536893.250000 69002.765625    70903 63844 58615 60421 63644 66644 75702 61578 70285 78109 84408 74668 68215
41212477 41512477 977802 80033.921875 68220.000000 605769 537549.625000 68219.382812    69606 63073 58400 59452 63329 66063 75120 61059 69449 76705 83085 73694 67817
41512478 41812478 977777 79435.695312 67767.460938 605752 537985.000000 67767.000000    68937 62964 58263 58704 62900 65401 74459 60580 68784 76621 83362 73370 66626
41812479 42112479 977894 78681.921875 67216.460938 605849 538633.125000 67215.843750    68441 62436 57505 58631 61945 64613 74020 59860 68793 76162 82767 72493 66140
42112480 42412480 977942 79324.765625 67705.617188 605863 538157.687500 67705.304688    69031 62453 57833 58995 62901 65041 74900 60666 69125 76373 82871 73262 66718
42412481 42712481 977809 79165.000000 67546.765625 605795 538248.625000 67546.382812    69528 62674 57460 58731 62584 64983 73912 60538 69146 76216 82639 72678 67014
42712482 43012482 978031 78808.234375 67291.765625 605924 538632.437500 67291.539062    68945 62582 57291 58618 62101 64936 73768 60246 68274 76265 82462 72584 66718
43012483 43312483 977879 78100.921875 66677.000000 605853 539176.750000 66676.234375    68623 61801 56713 58126 61760 63835 72890 59854 67755 75719 81580 72327 65808
43312484 43612484 977904 77701.000000 66415.000000 605832 539418.062500 66413.921875    68006 61299 56832 58194 61520 63819 72923 59506 67157 75215 81529 71623 65758
43612485 43912485 977898 77116.921875 65862.921875 605847 539984.125000 65862.843750    67412 60586 56073 57711 61458 63195 72308 59161 66640 74814 80959 70947 64953
43912486 44212486 977776 76692.921875 65567.078125 605746 540179.375000 65566.617188    67046 60563 56310 56808 61161 62916 71920 58455 66462 74116 80547 71269 64793
44212487 44512487 977998 76176.539062 65142.617188 605922 540779.687500 65142.308594    66908 60340 55373 56480 60969 62830 71345 58112 66081 73234 80458 70098 64622
44512488 44812488 977835 75698.695312 64789.691406 605802 541012.750000 64789.230469    66284 59775 55357 56268 60410 62411 71142 57923 65702 73181 79736 70032 64039
44812489 45112489 977936 75107.000000 64316.847656 605861 541544.625000 64316.382812    66109 59384 54927 56269 59661 61655 70337 57478 64997 73299 78654 69394 63949
45112490 45412490 977873 74582.617188 63892.921875 605837 541944.687500 63892.308594    65514 59024 54194 55807 59380 61433 70591 57395 64947 71862 78106 69115 63232
45412491 45712491 977940 74194.382812 63611.617188 605861 542249.625000 63611.382812    65258 58321 54508 55851 58975 61054 69868 57076 64580 71530 78178 68608 63141
45712492 46012492 977972 73730.617188 63232.382812 605917 542685.312500 63231.691406    65094 58670 54045 55206 58617 61051 69459 56771 63734 70923 77765 68135 62542
46012493 46312493 977903 73336.765625 62887.539062 605827 542939.937500 62887.078125    64753 58406 53992 54918 58067 60173 68648 56103 63667 71106 76892 68651 62156
46312494 46612494 977969 72739.382812 62400.078125 605914 543514.562500 62399.460938    64164 57492 53783 54285 57852 59904 68235 55971 63210 70214 76555 67509 62019
46612495 46912495 977774 72277.000000 62068.078125 605740 543672.437500 62067.539062    63593 57585 53039 54191 57637 59571 67905 55556 62846 70191 76203 67076 61485
46912496 47212496 977903 71513.765625 61422.921875 605854 544431.750000 61422.230469    63425 56842 52344 53183 56908 59394 67369 54542 61855 69389 75781 66357 61100
47212497 47512497 977905 71312.921875 61332.230469 605843 544510.937500 61332.078125    63068 56786 52379 53151 56989 59322 67386 54743 62054 68970 75788 66031 60650
47512498 47812498 977870 70838.765625 60948.382812 605821 544873.062500 60947.921875    62480 56591 51558 53098 57004 58846 67037 54310 61486 68473 74911 66209 60320
47812499 48112499 977635 70387.382812 60578.230469 605656 545078.125000 60577.847656    62021 56070 51825 52901 56760 58292 66476 54076 60948 68167 74966 65491 59519
48112500 48412500 977808 69887.695312 60173.382812 605761 545588.125000 60172.847656    62068 55784 51284 52632 55981 57851 65967 54008 60989 67493 74100 64666 59424
48412501 48712501 977799 69357.078125 59728.152344 605784 546056.375000 59727.617188    61320 55252 51231 52106 55693 57876 65503 53160 59645 67297 73445 64493 59438
48712502 49012502 977934 69051.000000 59423.382812 605856 546433.125000 59422.847656    61028 54503 51042 51761 55459 57297 65690 53251 59698 66665 73105 63912 59086
49012503 49312503 977971 68398.078125 58987.230469 605916 546929.375000 58986.617188    60549 54734 50156 51200 54827 56625 64831 52912 59786 66609 72547 63554 58496
49312504 49612504 977935 67940.234375 58590.539062 605853 547262.875000 58590.152344    60614 54048 49553 50475 54967 56314 64411 52176 59456 65827 72552 63029 58250
49612505 49912505 977906 67651.234375 58348.847656 605861 547512.562500 58348.460938    60026 53911 49820 50878 54345 56144 63777 52275 58722 65816 71816 63035 57965
49912506 50212506 977881 67003.843750 57848.078125 605822 547974.312500 57847.691406    59799 53404 49462 50658 54159 55708 63183 51539 58614 64564 71333 62474 57123
50212507 50512507 977862 66827.234375 57739.230469 605819 548080.125000 57738.847656    59429 53195 49291 50819 53869 55559 63214 51673 58175 64474 71387 62247 57273
50512508 50812508 977945 66518.921875 57480.078125 605881 548401.562500 57479.460938    58957 52914 48831 50300 53403 55756 62920 51438 57732 64823 71046 62035 57078
50812509 51112509 977901 65887.234375 56918.460938 605836 548917.937500 56918.078125    58384 52082 48577 49668 53004 54991 62298 51156 57350 64175 70640 61565 56045
51112510 51412510 977799 65655.765625 56737.460938 605779 549042.000000 56737.000000    58416 52568 48606 49522 52577 54334 62269 50537 56945 63916 69631 61782 56478
51412511 51712511 977853 64281.460938 55632.382812 605795 550162.875000 55632.152344    57235 51380 47592 48147 51823 53492 60890 49904 56093 62595 68623 60214 55230
51712512 52012512 977928 66029.156250 57071.539062 605881 548809.750000 57071.230469    58805 52751 48620 49763 53015 54902 62864 50706 57466 64393 70156 61939 56546
52012513 52312513 977800 65757.617188 56876.078125 605756 548880.312500 56875.691406    58497 52651 48501 49562 53122 54412 62454 50858 57120 64255 70110 61464 56378
52312514 52612514 977906 65338.539062 56486.078125 605863 549377.000000 56486.000000    57759 52507 48084 49130 52333 54422 62126 50729 57088 63730 69539 60932 55939
52612515 52912515 977899 65084.691406 56291.617188 605830 549538.562500 56291.460938    58342 51953 48036 48918 52387 54205 61973 50343 56579 63530 69353 60526 55644
52912516 53212516 977937 64716.847656 56005.847656 605887 549881.625000 56005.382812    57573 52034 47476 48900 51961 53792 61507 49717 57070 62809 69274 60599 55358
53212517 53512517 977776 64391.152344 55711.078125 605753 550042.437500 55710.539062    57320 51549 47576 48459 51711 53477 61288 50056 56382 63016 68866 59752 54785
53512518 53812518 977903 63998.078125 55413.847656 605844 550430.437500 55413.539062    57226 51093 47104 48397 51745 52997 60939 49272 55999 62175 68225 60075 55129
53812519 54112519 977910 63626.000000 55155.230469 605857 550702.375000 55154.617188    56983 51153 46723 47977 51300 53470 60384 49394 55805 62106 67688 59664 54363
54112520 54412520 977933 63355.152344 54902.847656 605853 550950.687500 54902.308594    56908 50776 46451 47718 51069 52425 60314 49299 55839 61920 67508 59413 54090
54412521 54712521 977912 63097.230469 54658.308594 605868 551210.312500 54657.691406    56297 50103 46603 47571 50745 52631 60449 48931 55052 61315 67342 59242 54269
54712522 55012522 977903 62676.000000 54357.769531 605837 551479.687500 54357.308594    56458 50258 46102 47165 50690 52289 59920 48704 54914 61101 66438 58903 53703
55012523 55312523 978034 62419.308594 54086.617188 605961 551874.750000 54086.230469    55787 50195 45986 47118 50213 52323 59557 47807 54566 60963 66723 58678 53205
55312524 55612524 977900 62144.847656 53907.847656 605825 551917.437500 53907.539062    55910 49827 46176 46677 50288 51976 59510 47860 54247 60378 66021 58563 53365
55612525 55912525 977873 61768.308594 53590.769531 605839 552248.937500 53590.078125    55369 49617 45695 46330 50059 51603 59292 48131 53536 59938 65761 58195 53145
55912526 56212526 977825 61450.539062 53327.691406 605783 552455.625000 53327.382812    55003 49264 45407 46313 49294 51070 59023 47548 53855 60415 65422 57660 52982
56212527 56512527 977873 61068.152344 53025.921875 605832 552806.375000 53025.617188    55217 48680 45063 46223 49124 51008 58321 46990 53359 59881 65320 57535 52612
56512528 56812528 977841 60768.000000 52798.539062 605800 553001.625000 52798.382812    55040 48757 44942 45769 49484 50990 57900 46797 52903 59103 65149 57231 52314
56812529 57112529 977863 60437.308594 52509.000000 605806 553297.437500 52508.539062    54585 48532 45127 45395 48979 50498 57781 46715 52721 58983 64605 56791 51899
57112530 57412530 977794 60315.691406 52448.539062 605783 553335.312500 52447.691406    54395 48506 45062 45799 48695 50850 57830 46724 52783 58983 64298 56690 51205
57412531 57712531 977997 59938.382812 52085.691406 605898 553812.625000 52085.382812    54158 48104 44133 45492 48377 50326 57665 46310 52548 58133 64061 56481 51322
57712532 58012532 977830 59660.382812 51946.921875 605807 553860.312500 51946.691406    53913 48111 44157 45092 48657 50014 57288 46263 52138 58146 63886 56150 51492
58012533 58312533 977875 58600.617188 50986.460938 605816 554830.125000 50985.847656    52744 46857 43072 44267 47149 48851 56139 45402 51548 57892 62903 55208 50784
58312534 58612534 977759 59088.152344 51414.078125 605735 554321.125000 51413.847656    53332 47209 43849 44696 47709 49358 56562 45533 52147 57602 63581 56122 50680
58612535 58912535 977807 58790.617188 51163.921875 605727 554563.750000 51163.230469    53029 47497 43777 44273 47500 49566 56282 45549 51437 57241 62940 55665 50366
58912536 59212536 977891 58424.152344 50847.539062 605825 554977.562500 50847.460938    52654 47085 43443 44508 46894 48795 55617 45556 51571 57025 62676 55199 49994
59212537 59512537 977820 58079.691406 50601.539062 605743 555142.125000 50600.847656    52530 46060 43212 44266 46805 48751 55715 45534 50952 56858 62462 54769 49897
59512538 59812538 977869 57880.460938 50450.769531 605790 555355.062500 50434.921875    52626 46993 42637 43819 46460 48658 55707 45206 50589 56645 62071 54595 49648
59812539 60112539 977877 57423.078125 50045.847656 605800 555754.312500 50045.691406    52051 46304 42380 43331 46357 48201 55006 44740 50482 56307 62232 53625 49578
60112540 60412540 977887 57167.847656 49814.382812 605788 555973.937500 49814.078125    51713 46112 42667 43108 46305 47971 54715 44295 50497 55804 61592 53757 49047
60412541 60712541 977832 57055.460938 49687.769531 605774 556086.437500 49687.539062    51518 45768 42329 43173 46307 48093 54902 44087 50063 55814 60896 53754 49234
60712542 61012542 977808 56688.152344 49392.921875 605734 556341.125000 49392.847656    51035 45734 42078 42999 45752 47434 54428 44061 49700 55726 61092 53319 48749
61012543 61312543 977846 56540.000000 49330.382812 605787 556457.000000 49330.000000    50988 45826 41955 43011 45683 47430 54548 43448 49496 55962 60750 53553 48640
61312544 61612544 977849 56222.847656 49028.308594 605751 556723.250000 49027.769531    51023 45094 41778 42717 45844 47164 54012 43327 49632 54878 60810 52893 48189
61612545 61912545 977895 55810.152344 48691.921875 605817 557125.125000 48691.847656    50652 44945 41231 42449 45446 46609 53620 43397 48989 54855 59487 52862 48452
61912546 62212546 977868 55836.691406 48728.308594 605780 557052.062500 48727.921875    50648 44994 41342 42103 45492 46881 53519 43559 49030 54391 60423 53039 48042
62212547 62512547 977844 55375.539062 48301.769531 605774 557472.562500 48301.460938    50489 44687 41186 42016 44818 46550 53393 43218 48156 53982 59583 52227 47614
62512548 62812548 977902 55225.460938 48237.539062 605808 557570.875000 48237.152344    50410 44285 40922 41899 44888 46351 53428 42694 48437 53807 59604 52539 47819
62812549 63112549 977865 55033.539062 48086.617188 605781 557694.625000 48086.382812    49999 44232 40892 41582 44231 46404 53433 42731 48174 54188 59001 52394 47862
63112550 63412550 977846 54557.000000 47675.382812 605786 558111.250000 47674.769531    49924 44231 40787 41560 44180 45957 52693 42752 47760 53628 57944 51599 46757
63412551 63712551 977875 54447.078125 47558.152344 605771 558213.312500 47557.691406    49625 43551 40403 40876 44184 45796 52858 42172 48032 53557 58649 51531 47016
63712552 64012552 977797 54119.769531 47316.460938 605753 558436.750000 47316.230469    49141 43739 40318 41075 44195 45931 52185 41851 47421 53460 58340 50759 46696
64012553 64312553 977822 53958.847656 47165.539062 605731 558565.937500 47165.078125    49181 43767 40023 40438 43754 45189 51876 42075 47483 53104 58069 51514 46673
64312554 64612554 977879 53600.460938 46874.691406 605817 558942.437500 46874.539062    49133 43091 39886 40585 43323 45276 51656 41346 47214 52841 58169 50781 46068
64612555 64912555 977839 53340.382812 46654.308594 605760 559106.312500 46653.691406    48303 43029 39496 40396 43637 44710 51727 41408 46921 52435 57436 50889 46111
64912556 65212556 977828 53104.769531 46485.691406 605765 559279.750000 46485.230469    48263 42964 39690 40544 43196 44961 51347 41546 46877 51846 56811 50328 45935
65212557 65512557 977770 52770.921875 46183.617188 605717 559533.937500 46183.078125    47629 43013 39080 40466 42718 44687 50974 40969 46453 51862 56912 49745 45872
65512558 65812558 977755 52459.152344 45971.230469 605723 559752.062500 45970.921875    47609 42665 38993 40061 42507 44205 50949 40619 46011 51923 56949 49738 45393
65812559 66112559 977925 52204.230469 45733.539062 605845 560111.750000 45733.230469    47956 42126 38741 39727 42639 43975 50722 40728 45789 51075 56544 49718 44792
66112560 66412560 977567 51769.617188 45358.539062 605558 560199.625000 45358.382812    47482 41869 38294 39683 41696 43992 50062 39874 45447 50954 56055 49130 45121
66412561 66712561 977858 51556.078125 45150.539062 605810 560659.875000 45150.152344    46926 41621 38516 38991 41978 43711 49938 40285 45471 50402 55794 48966 44353
66712562 67012562 977749 51452.308594 45084.921875 605695 560610.437500 45084.539062    47421 41366 38511 38974 41835 43536 49649 39788 45244 50640 55637 48896 44602
67012563 67312563 977691 51370.308594 45045.539062 605683 560637.750000 45045.230469    46883 41381 38121 39046 41713 43661 49688 40096 45406 50189 55596 49117 44691
67312564 67612564 977731 51125.460938 44798.078125 605685 560887.437500 44797.539062    46633 41735 37723 39189 41388 43219 49288 39594 44881 50335 55583 48654 44146
67612565 67912565 977907 50821.230469 44537.847656 605841 561303.687500 44537.308594    46627 41185 37752 38801 41191 42919 49167 39462 44522 50006 54884 48462 44007
67912566 68212566 977700 50739.847656 44514.152344 605656 561142.000000 44514.000000    46583 41266 37896 38428 41074 42631 49293 39723 44571 49768 54870 48427 44152
68212567 68512567 977846 50384.078125 44205.078125 605791 561586.437500 44204.539062    46140 40776 37843 38448 40924 42719 48779 39340 44060 49357 54692 47979 43602
68512568 68812568 977830 50160.078125 44040.152344 605763 561723.437500 44039.539062    46114 40718 37346 38033 40695 42623 48385 39253 44300 49312 54697 47540 43498
68812569 69112569 977739 49269.847656 43268.769531 605704 562435.437500 43268.539062    45143 39592 36659 37783 40171 41784 48043 38375 43693 48289 53305 46964 42690
69112570 69412570 977831 49991.460938 43860.691406 605777 561916.687500 43860.308594    45796 40563 37347 38123 40633 41891 48423 38751 43968 49087 54083 47696 43823
69412571 69712571 977716 49802.847656 43724.000000 605671 561947.312500 43723.691406    45393 40531 36987 37855 40806 41561 48143 38837 44356 48951 53993 47602 43393
69712572 70012572 977892 49600.152344 43528.230469 605839 562311.687500 43527.308594    44989 39890 36856 37960 41076 42205 47969 38644 43820 48956 53488 47044 42958
70012573 70312573 977769 49347.230469 43307.000000 605705 562398.125000 43306.847656    44858 40023 36915 37544 40229 41825 47784 38148 43516 48405 53517 47063 43162
70312574 70612574 975737 48997.691406 43029.152344 604487 561458.250000 43028.769531    44857 39178 36155 37335 39808 41141 47527 38491 43258 48458 53175 47252 42739
70612575 70912575 977599 48827.152344 42885.539062 605580 562694.687500 42885.308594    44518 39768 36640 37099 39963 41242 47603 37925 43089 47979 52927 46459 42297
70912576 71212576 977815 48619.460938 42750.308594 605770 563019.937500 42750.078125    44567 39265 36315 37355 39362 41340 47496 37828 42795 48002 53092 46523 41811
71212577 71512577 977625 48394.460938 42524.539062 605609 563085.000000 42524.000000    44168 39409 36175 36710 39364 41232 46994 37446 42664 47736 52479 46352 42083
71512578 71812578 977799 48172.769531 42361.691406 605748 563386.562500 42361.460938    44183 39165 36191 36885 39109 40765 46711 37454 42614 47519 52294 45957 41852
71812579 72112579 977757 47905.230469 42119.308594 605722 563603.000000 42119.000000    43879 38742 35916 36706 39144 40549 46289 37470 42096 47177 52150 45802 41627
72112580 72412580 977748 47787.539062 42010.539062 605699 563688.750000 42010.230469    44114 38506 35830 36657 38853 40484 46139 37118 42067 47085 51876 45666 41738
72412581 72712581 977813 47445.539062 41721.691406 605769 564047.687500 41721.308594    43526 38448 35469 36199 39024 40227 46296 37009 41628 46316 52014 45022 41199
72712582 73012582 977784 47295.617188 41593.921875 605725 564131.437500 41593.539062    43515 38507 35407 36337 38813 40208 45638 37072 41582 46545 51238 44947 40907
73012583 73312583 977740 46922.691406 41296.382812 605718 564422.312500 41295.691406    43048 38335 35400 36001 38105 39558 46059 36636 41049 46286 50760 44984 40623
73312584 73612584 977817 46746.460938 41126.230469 605744 564618.250000 41125.769531    42657 38154 35049 35695 38439 39869 45287 36387 40878 46088 50606 45029 40497
73612585 73912585 977876 46330.460938 40821.308594 605821 565000.250000 40820.769531    42615 37480 34803 35360 37725 39345 45406 36053 41317 45569 50510 44256 40231
73912586 74212586 977728 46248.308594 40709.000000 605684 564975.250000 40708.769531    42207 37511 34742 35403 38027 39279 45115 35838 40823 45549 50217 44292 40211
74212587 74512587 977856 45271.460938 39893.769531 605801 565907.687500 39893.308594    41381 37121 34066 35155 37122 38312 43893 35160 40034 44615 48876 43355 39523
74512588 74812588 972159 45321.539062 39935.617188 602296 562361.000000 39935.000000    41540 37123 34213 34698 37116 38035 43704 35490 40000 44798 49322 43607 39509
74812589 75112589 977934 44972.617188 39623.847656 605854 566230.750000 39623.230469    40872 36775 33618 34364 36656 38187 43440 35129 39899 44322 49438 43215 39187
75112590 75412590 977903 45912.460938 40431.539062 605864 565432.937500 40431.078125    42270 37424 34132 34838 37439 38623 44656 35862 40141 45522 50424 44162 40111
75412591 75712591 977893 45765.382812 40322.308594 605824 565502.125000 40321.847656    42216 36997 33749 35242 37392 38491 44406 36031 39939 45276 50101 44003 40341
75712592 76012592 977936 45459.539062 40036.539062 605885 565849.250000 40035.769531    41757 36868 33962 34746 37226 38568 44072 35483 40162 45226 49347 43223 39825
76012593 76312593 977871 45201.230469 39837.847656 605812 565974.437500 39837.539062    41755 36986 33677 34371 36823 38341 44249 35582 39656 44396 49489 43510 39053
76312594 76612594 977771 45055.382812 39727.539062 605754 566026.937500 39727.078125    41614 36782 33617 34238 36836 38426 43826 35046 39905 44425 49280 43024 39433
76612595 76912595 977902 44744.921875 39469.382812 605848 566379.312500 39468.691406    41357 36427 33728 34081 36502 38115 43831 34924 39918 43978 48681 42625 38926
76912596 77212596 978001 44529.691406 39253.460938 605913 566660.000000 39253.000000    40703 36339 33460 34392 36480 38095 43492 34731 39312 43965 48457 42447 38416
77212597 77512597 977931 44560.382812 39285.460938 605878 566593.000000 39285.000000    40861 36064 33255 34344 36572 37838 43672 34727 39222 43926 48556 42927 38741
77512598 77812598 977712 44269.847656 39040.617188 605691 566650.687500 39040.308594    40822 35867 33270 34104 36257 37545 43157 34521 39079 43692 48175 42141 38894
77812599 78112599 977913 44069.617188 38881.539062 605873 566992.000000 38881.000000    40752 36289 32728 33721 35940 37367 43208 34530 38552 43375 47912 42436 38643
78112600 78412600 977843 43902.617188 38745.000000 605781 567036.062500 38744.921875    40593 35835 32789 33534 35955 37454 42960 34414 38480 43463 47701 42193 38313
78412601 78712601 977802 43729.000000 38603.460938 605787 567184.000000 38603.000000    40362 35669 32904 33577 36194 37139 42642 34128 38339 43170 47572 41888 38255
78712602 79012602 977840 43502.539062 38399.152344 605782 567383.312500 38398.691406    40292 35537 32602 33128 35385 36832 42407 33986 38500 43311 47379 41734 38090
79012603 79312603 977932 43259.769531 38219.539062 605883 567664.125000 38218.847656    39879 35396 32566 33285 34939 36920 42631 33751 38039 42763 47629 41432 37615
79312604 79612604 977849 43129.617188 38098.847656 605800 567701.625000 38098.382812    39603 35416 32099 33282 35120 36772 42398 33760 38152 42485 46828 41407 37957
79612605 79912605 977798 42813.230469 37818.078125 605766 567948.437500 37817.539062    39537 35192 32053 32848 35222 36522 41695 33141 38043 42171 46850 40912 37442
79912606 80212606 977804 42767.152344 37767.078125 605780 568012.937500 37767.078125    39364 35050 31988 32792 35102 36576 41950 33371 37612 42071 46342 41342 37412
80212607 80512607 977638 42567.921875 37585.308594 605638 568053.125000 37584.847656    39532 34386 31754 32770 35275 36176 41660 33548 37345 41642 46517 40941 37057
80512608 80812608 977903 42418.617188 37466.230469 605855 568389.250000 37465.769531    39458 34420 31661 32547 34621 35905 41414 33126 37666 41828 46227 41249 36933
80812609 81112609 977739 42255.921875 37326.691406 605714 568387.875000 37326.152344    39115 34591 31639 32442 34431 35889 41199 33275 37380 41631 46104 40365 37179
81112610 81412610 977808 42041.230469 37157.078125 605793 568636.625000 37156.382812    39213 34505 31222 32124 34309 35725 41041 33209 36868 41631 45933 40453 36800
81412611 81712611 977934 41936.152344 37050.460938 605849 568798.687500 37050.308594    38657 34205 31457 31844 34504 35841 41317 32995 37108 41668 45615 40063 36380
81712612 82012612 977941 41580.617188 36781.308594 605895 569114.375000 36780.617188    38396 34158 31411 31826 34153 35704 40685 32467 36669 41491 44920 39993 36275
82012613 82312613 977945 40847.308594 36141.769531 605869 569727.562500 36141.460938    37845 33566 30495 31287 33517 35076 39696 32142 36218 40237 44700 39462 35598
82312614 82612614 977832 41556.847656 36733.000000 605799 569066.625000 36732.382812    38430 33802 31073 31906 33955 35219 40999 32708 36630 40976 45532 40122 36169
82612615 82912615 977806 41331.769531 36575.460938 605772 569196.750000 36575.230469    38374 33608 30915 31892 33955 35215 40558 32395 36547 40638 45238 39927 36216
82912616 83212616 977896 41067.308594 36331.921875 605837 569505.312500 36331.691406    38408 33405 30770 31726 33636 34918 40194 32100 36238 40610 44989 39376 35942
83212617 83512617 977769 41086.921875 36390.769531 605755 569364.625000 36390.382812    38668 33560 30930 31549 33833 35027 40218 32324 36002 40727 45008 39277 35952
83512618 83812618 977762 40899.847656 36184.539062 605727 569542.562500 36184.460938    37821 33175 30779 31343 33635 34989 40119 32184 36110 40425 44637 39537 35644
83812619 84112619 977891 40729.382812 36032.308594 605846 569813.750000 36032.230469    38018 33265 30316 31194 33295 34561 40051 32072 36011 40403 44766 39038 35429
84112620 84412620 977910 40504.847656 35873.230469 605840 569967.250000 35872.769531    37374 33263 30582 31123 33371 34277 39773 31977 35867 40307 44191 38791 35450
84412621 84712621 977837 40300.921875 35688.460938 605817 570128.937500 35688.078125    37584 32946 29897 31154 33178 34447 39624 31678 35694 39695 44161 38559 35328
84712622 85012622 977901 40204.230469 35574.382812 605825 570251.000000 35574.000000    37456 32772 30212 30733 33158 34331 39268 31498 35395 39745 44070 38656 35168
85012623 85312623 977906 40119.078125 35525.460938 605865 570339.937500 35525.078125    37458 32993 30009 30671 33121 34067 39454 31228 35348 39866 43939 38447 35225
85312624 85612624 977839 39795.769531 35249.000000 605792 570543.375000 35248.617188    37091 32553 30105 30597 32497 34161 39328 31053 34889 39685 43253 38006 35014
85612625 85912625 977835 39743.691406 35222.230469 605797 570574.937500 35222.078125    37088 32754 30018 30740 32511 33942 38833 31003 34855 39602 43539 38138 34864
85912626 86212626 977847 39493.078125 35010.617188 605807 570797.125000 35009.847656    36648 32217 29598 30556 32241 33940 38740 30896 35011 39238 43429 37861 34753
86212627 86512627 977924 39482.230469 34991.152344 605853 570862.125000 34990.847656    36782 32003 29835 30275 32527 33531 39241 30750 34893 39363 43409 38216 34056
86512628 86812628 977841 39202.230469 34723.460938 605812 571089.125000 34722.847656    36848 31702 29453 30086 32163 33512 38133 30675 34566 38904 43016 37989 34350
86812629 87112629 977975 39138.078125 34694.382812 605892 571198.125000 34693.847656    36452 32067 29331 30072 32127 33402 38551 30893 34467 38662 42783 37819 34394
87112630 87412630 977866 38915.769531 34481.921875 605834 571352.562500 34481.460938    35931 31842 29025 30237 32033 33220 38197 30730 34213 38441 42622 37609 34159
87412631 87712631 977868 38823.539062 34444.000000 605796 571352.312500 34443.691406    36294 31694 29486 29975 32098 33164 37884 30636 34333 38137 42918 37252 33897
87712632 88012632 977936 38633.921875 34254.382812 605893 571638.937500 34254.078125    35733 31598 28978 29975 31825 33191 37781 30398 33863 38296 42464 37280 33921
88012633 88312633 977866 38583.847656 34224.617188 605805 571580.937500 34224.078125    36016 31810 29297 29892 31632 32938 37886 30048 34288 38073 42137 37282 33614
88312634 88612634 977900 38440.921875 34102.769531 605852 571749.625000 34102.382812    36049 31500 28944 29542 31635 32885 37838 29917 33768 37963 42429 37143 33718
88612635 88912635 977774 38119.539062 33812.078125 605745 571933.250000 33811.769531    35642 31215 28494 29405 31324 32793 37412 29817 33487 37907 41803 36853 33401
88912636 89212636 977869 38087.617188 33793.308594 605820 572026.687500 33793.308594    35397 31656 28689 29434 31249 32624 37367 29939 33525 37418 41695 36890 33430
89212637 89512637 977806 37872.617188 33599.308594 605782 572182.750000 33599.230469    35520 30976 28440 28918 31165 32497 37288 29701 33546 37491 41545 36466 33237
89512638 89812638 977868 37727.691406 33483.769531 605807 572323.687500 33483.308594    35352 30735 28485 29081 31163 32271 36948 29462 33244 37240 41621 36362 33319
89812639 90112639 977876 37598.539062 33370.460938 605844 572473.875000 33370.152344    34886 30841 28349 29157 30841 32372 36943 29372 33115 37550 41217 35993 33176
90112640 90412640 977811 37556.921875 33338.078125 605761 572423.375000 33337.617188    35155 30750 27772 29146 30828 32235 36960 29323 33046 37348 41372 36265 33189
90412641 90712641 977864 37403.691406 33205.152344 605836 572631.625000 33204.382812    34720 30811 28168 28812 30844 31980 36912 29180 33026 37342 41088 35936 32838
90712642 91012642 977911 36986.539062 32870.152344 605841 572971.062500 32869.921875    34389 30001 27970 28349 30274 31938 36571 29111 32946 36790 40939 35585 32446
91012643 91312643 977869 36607.921875 32538.000000 605830 573292.562500 32537.460938    33926 30032 27461 28096 29976 31321 36233 28443 32679 36401 40403 35685 32331
91312644 91612644 977867 36621.921875 32528.845703 605809 573280.312500 32528.691406    34164 29953 27749 28478 29935 31285 36000 28763 32091 36295 40897 35325 31938
91612645 91912645 977582 36459.382812 32342.308594 605616 573274.125000 32341.845703    34176 30014 27286 27889 30123 30952 36354 28544 31855 36088 39945 35189 32029
91912646 92212646 977869 35832.382812 31844.000000 605821 573977.312500 31843.691406    33372 29752 26878 27420 29430 30759 35194 28202 31713 35743 39645 34260 31600
92212647 92512647 977968 36556.000000 32469.615234 605889 573419.875000 32469.154297    34017 29945 27638 28364 29718 31430 36232 28621 32459 36189 40465 35023 31998
92512648 92812648 977872 36546.769531 32442.460938 605837 573394.937500 32442.076172    34326 29766 27586 28216 30291 31189 35583 28931 32163 36140 40422 35120 32014
92812649 93112649 977862 36420.460938 32361.923828 605796 573434.250000 32361.769531    34045 30156 27629 27864 29596 31262 36061 28527 32205 36219 39668 35256 32215
93112650 93412650 977910 36219.617188 32185.000000 605870 573685.250000 32184.769531    33794 29806 26974 28207 29920 30742 35683 28509 31967 36170 40050 34863 31717
93412651 93712651 977903 36141.847656 32116.000000 605833 573717.687500 32115.308594    33801 29581 26861 27953 29841 31175 35637 28189 31924 35804 39969 34971 31793
93712652 94012652 977731 36017.769531 32028.000000 605729 573701.125000 32027.845703    33882 29671 27314 27882 29708 30519 35568 28251 31911 35769 39752 34606 31529
94012653 94312653 977673 35942.152344 31959.154297 605664 573704.937500 31959.076172    33631 29416 27111 27613 29827 31146 35685 28301 31681 35708 39426 34544 31379
94312654 94612654 977943 35618.769531 31654.539062 605895 574240.750000 31654.230469    33132 29137 26837 27598 29526 30693 35246 27564 31414 35503 39195 34320 31340
94612655 94912655 977995 35550.460938 31583.308594 605901 574318.062500 31582.923828    33097 29024 26607 27494 29543 30398 34921 27794 31518 35466 39041 34365 31310
94912656 95212656 977812 35525.308594 31597.154297 605786 574189.000000 31597.000000    33340 29107 26418 27488 29062 30603 35065 27914 31671 35407 39148 34163 31375
95212657 95512657 977839 35353.769531 31415.923828 605804 574500.562500 31303.460938    33224 28775 26635 27323 28897 30283 34771 27924 31482 35099 38701 32685 31146
95512658 95812658 977831 35218.921875 31322.615234 605778 575389.250000 30388.769531    33129 29205 26370 27421 28894 30072 34760 27327 31350 34939 38660 21593 31334
95812659 96112659 977937 35013.460938 31148.691406 605890 575671.375000 30218.615234    32661 28813 26262 26975 28751 30472 34609 27445 31061 35032 38372 21692 30697
96112660 96412660 977992 34845.460938 30981.384766 605897 575843.625000 30053.384766    32633 28520 26338 27129 28704 29941 34296 27089 30772 34444 38468 21686 30674
96412661 96712661 977970 34749.230469 30931.691406 605914 575909.875000 30004.154297    32388 28263 26412 26858 28798 29933 34493 27268 30748 34507 38217 21494 30675
96712662 97012662 977873 34685.769531 30870.384766 605809 575858.000000 29951.000000    32461 28621 26089 26931 28619 29696 34686 27016 30718 34329 38031 21470 30696
97012663 97312663 977805 34476.539062 30706.154297 605786 576006.000000 29780.000000    32179 28561 26148 26584 28116 29714 34247 27410 30534 34233 37749 21341 30324
97312664 97612664 977834 34370.382812 30568.691406 605779 576124.937500 29654.076172    32111 28290 25607 26487 28099 29747 34273 26925 30259 34141 37824 21358 30382
97612665 97912665 977944 34381.308594 30617.539062 605890 576186.937500 29703.076172    32320 28475 25889 26431 28167 29644 34069 27077 30528 33902 38239 21358 30041
97912666 98212666 977926 34251.769531 30490.615234 605859 576287.937500 29571.076172    31808 28121 25910 26518 28501 29632 33867 26952 30356 33703 37618 20992 30446
98212667 98512667 977829 34057.921875 30330.769531 605786 576358.062500 29427.923828    32317 28095 25537 26615 27841 29148 33616 26996 30136 33922 37430 21005 29905
98512668 98561272 158454 5485.153809 4887.846191 98177 93437.765625 4739.230957    5009 4549 4176 4264 4528 4671 5520 4273 4920 5476 6074 3323 4827
