251 2208
73242066 73542066 978013 80377.156250 67934.460938 605940 538006.250000 67933.765625    69562 63415 58800 59051 62876 67109 73580 61259 68040 78160 81662 72657 66968
73542067 73842067 977977 57398.078125 48993.382812 605914 556920.687500 48993.308594    50276 45471 42235 42428 45483 48696 53339 44112 48471 56006 58914 52520 48962
73842068 74142068 978018 86389.843750 72748.460938 605918 533169.687500 72748.304688    74318 66957 62598 63914 67609 71669 78716 66007 72615 83218 87414 78099 72594
74142069 74442069 978012 85782.695312 72287.843750 605949 533661.562500 72287.460938    73796 67096 62350 63220 67345 70719 78148 65347 72052 82341 87393 77599 72331
74442070 74742070 978037 85148.695312 71876.304688 605928 534051.875000 71876.156250    73731 66694 61558 62781 66940 70668 78051 64620 72052 82438 86439 77051 71367
74742071 75042071 978011 84565.000000 71364.000000 605947 534583.062500 71363.921875    73260 66181 61322 62413 66460 70143 76662 64755 71128 82193 85844 76487 70883
75042072 75342072 977980 84083.156250 70973.078125 605895 534922.125000 70972.843750    72390 65827 61276 62361 65988 69743 76314 63833 70872 81272 86024 76190 70557
75342073 75642073 978043 83574.617188 70553.617188 605963 535409.437500 70553.539062    72153 65422 60620 61601 65829 69197 75919 63955 70734 80669 84797 75956 70344
75642074 75942074 978013 82858.843750 70027.843750 605926 535898.562500 70027.460938    71750 65000 60050 61364 64967 69192 75196 63076 69941 80309 84932 75027 69553
75942075 76242075 978005 82445.382812 69748.304688 605930 536182.250000 69747.765625    71112 64559 59975 61037 64850 68733 75021 62681 69982 80167 84096 74671 69837
76242076 76542076 978036 81754.539062 69169.078125 605947 536778.062500 69168.921875    71123 64151 59162 61075 64397 68329 73639 62357 69236 79193 83779 74009 68746
76542077 76842077 978015 81509.382812 68930.156250 605927 536997.062500 68929.921875    70740 63686 59562 60170 64058 67530 73967 62386 68684 79205 83069 74165 68867
76842078 77142078 977974 80897.617188 68464.843750 605919 537454.312500 68464.695312    70181 63635 58804 59784 63799 67644 73421 61773 68247 78424 82383 73762 68184
77142079 77442079 978035 80540.304688 68102.156250 605924 537822.125000 68101.843750    69988 63346 58704 59903 63133 66753 73017 61164 67830 78030 82121 73341 67994
77442080 77742080 978011 79208.000000 67119.843750 605953 538833.562500 67119.460938    69171 62204 57506 58638 62501 66076 71530 60487 66958 76881 81609 72261 66731
77742081 78042081 978014 79996.156250 67710.843750 605912 538201.375000 67710.617188    69198 62556 58360 59615 62747 66449 72204 61593 67487 77636 82009 72974 67410
78042082 78342082 978043 79717.539062 67521.382812 605968 538446.750000 67521.234375    69249 62348 58153 59217 62720 66384 72541 60854 66929 77250 81789 72757 67585
78342083 78642083 978012 79156.000000 67092.921875 605925 538832.437500 67092.539062    68460 62227 57832 58744 62390 66296 71365 60461 66965 77301 81413 72100 66649
78642084 78942084 978037 78713.382812 66682.460938 605956 539273.875000 66682.156250    68305 61854 57319 58096 62051 65560 71095 60102 66622 76409 80751 72171 66533
78942085 79242085 977977 78423.921875 66515.078125 605897 539382.375000 66514.617188    67680 61806 56925 58918 61809 65455 71211 59871 66373 76646 80204 71567 66225
79242086 79542086 977977 78058.539062 66216.695312 605904 539687.750000 66216.234375    67824 61564 57136 57695 61439 65378 70579 59612 66227 75473 80375 71088 66421
79542087 79842087 978038 77408.460938 65669.000000 605957 540288.250000 65668.765625    67246 60815 56476 57536 61210 64411 70188 59067 65673 75778 79362 70551 65381
79842088 80142088 978011 77023.234375 65432.921875 605913 540480.375000 65432.617188    67170 60416 56575 57379 60517 64194 70763 59150 65042 74999 78898 70117 65404
80142089 80442089 978013 76571.921875 65018.847656 605951 540932.562500 65018.460938    67015 60318 56314 56514 60091 64104 69414 58666 65295 74375 78393 69796 64945
80442090 80742090 978039 76182.000000 64717.921875 605934 541216.250000 64717.769531    66808 60094 55989 56633 59963 63387 69370 58484 64464 73974 78136 69159 64870
80742091 81042091 978010 75805.695312 64448.921875 605945 541496.562500 64448.460938    66113 59580 55364 56436 59703 63461 69266 58129 64088 73790 78269 69248 64383
81042092 81342092 978007 75269.304688 64065.691406 605915 541849.375000 64065.617188    65913 59419 54860 56045 59583 63171 68220 57847 64392 73663 77667 68635 63438
81342093 81642093 978043 74937.539062 63731.382812 605962 542230.937500 63731.078125    65504 59136 54799 56063 58727 63301 68025 57180 63214 73219 77177 68432 63727
81642094 81942094 978018 74786.460938 63645.539062 605930 542284.625000 63645.382812    65517 59073 54939 55804 59331 62572 68336 57123 63370 72398 76779 68601 63547
81942095 82242095 978046 74197.765625 63212.691406 605961 542748.750000 63212.230469    64737 58336 54691 55337 58840 62407 67723 57114 62759 72092 76796 68000 62927
82242096 82542096 978011 73650.078125 62726.921875 605934 543207.312500 62726.691406    64528 57967 54064 54836 58068 62041 67126 56541 62550 71788 76040 67236 62662
82542097 82842097 978015 73382.304688 62557.617188 605927 543369.562500 62557.460938    64434 57730 53755 55078 58326 61741 67219 56326 61899 71396 76022 67204 62117
82842098 83142098 978041 73101.617188 62335.921875 605963 543627.312500 62335.691406    64232 57802 53915 54459 58020 61460 66651 55947 62123 70997 75798 66812 62148
83142099 83442099 978009 72760.234375 61958.617188 605918 543959.750000 61958.230469    63541 57705 53298 54046 57725 61630 66114 55799 61564 70463 75088 66495 61989
83442100 83742100 978015 71556.617188 61096.230469 605950 544854.125000 61095.847656    62946 57004 52578 53751 56362 60211 65102 55494 60788 69351 73906 65913 60840
83742101 84042101 978043 71396.843750 60921.847656 605935 545013.125000 60921.847656    62811 56364 52166 53250 56769 59867 64989 54820 61023 70013 73662 65662 60588
84042102 84342102 978017 71382.921875 60909.308594 605950 545040.937500 60909.078125    62528 56429 52650 53408 56858 59994 64881 54977 60200 69477 73890 65791 60735
84342103 84642103 978013 70849.460938 60480.460938 605919 545438.875000 60480.152344    61975 55875 51915 53005 56511 59567 64366 54291 59954 69463 73706 64930 60684
84642104 84942104 977947 70763.539062 60489.847656 605894 545404.687500 60489.308594    61960 56046 51593 53284 55995 59918 64433 54548 60435 69214 73266 65076 60593
84942105 85242105 978016 70098.921875 59835.769531 605932 546096.687500 59835.308594    60833 55743 51536 52229 55845 59311 63941 53948 59675 68520 72376 64315 59587
85242106 85542106 978040 69870.695312 59721.921875 605949 546227.375000 59721.617188    61019 55121 51441 52618 55526 59269 63642 53835 59523 68228 72490 64333 59336
85542107 85842107 978015 68980.539062 58994.769531 605942 546947.625000 58994.382812    60171 54698 50724 51955 54839 58134 63146 53251 58682 67052 71582 63590 59103
85842108 86142108 978014 69966.382812 59808.539062 605924 546115.562500 59808.460938    60973 55373 51715 52388 55541 59362 64298 53929 59526 68034 72664 64302 59405
86142109 86442109 978042 69777.078125 59676.691406 605964 546287.562500 59676.460938    61122 55335 51492 52243 55486 58823 64231 53882 59267 68067 72208 64318 59320
86442110 86742110 977953 69465.617188 59362.847656 605877 546514.250000 59362.769531    60786 55006 51269 52161 55112 59017 63500 53143 59219 67666 71530 64317 58990
86742111 87042111 978017 69105.156250 59091.769531 605960 546868.375000 59091.617188    60301 54838 50731 51459 54653 58766 63582 53398 58400 67880 71669 63502 59012
87042112 87342112 978042 68725.234375 58859.769531 605933 547073.687500 58859.308594    60557 54863 50870 51236 54417 58670 63419 52847 58224 67233 70938 63322 58575
87342113 87642113 977977 68503.460938 58682.152344 605915 547233.062500 58681.921875    60534 54045 50329 51517 54650 58073 63252 52968 58384 67126 70895 62814 58278
87642114 87942114 978013 68039.617188 58267.539062 605929 547661.562500 58267.460938    59586 54425 49948 50723 54205 57729 62786 52346 58434 66439 70360 62367 58129
87942115 88242115 978033 67564.765625 57876.847656 605948 548071.312500 57876.691406    59102 53706 49966 50900 53658 56926 62145 51911 57326 66367 70138 62494 57758
88242116 88542116 977984 67498.539062 57912.152344 605913 548001.250000 57911.769531    59385 53687 49755 50753 53531 57299 62397 52471 57391 65891 70199 62657 57437
88542117 88842117 978041 67342.539062 57711.921875 605944 548232.250000 57711.769531    59028 53478 49628 50621 53360 57134 62043 52074 57617 65771 69938 62128 57433
88842118 89142118 978008 66996.843750 57467.000000 605941 548474.250000 57466.769531    59326 53252 49590 50137 53042 56636 61986 51375 57087 65786 69653 61922 57276
89142119 89442119 978012 66345.539062 57005.308594 605915 548910.250000 57004.769531    58374 52886 48860 49815 53271 56076 61369 50640 56908 65301 69241 60974 57347
89442120 89742120 978041 66253.156250 56926.769531 605970 549043.312500 56926.691406    58410 52795 48900 49380 53255 56262 61576 51247 56472 64693 68800 61237 57020
89742121 90042121 978011 66020.539062 56714.382812 605915 549201.000000 56714.000000    58233 52830 48594 49337 52586 56094 61282 50871 56104 65014 68846 61080 56411
90042122 90342122 978003 65702.539062 56484.921875 605942 549457.062500 56484.921875    58196 52307 48321 49128 52188 56245 60847 50776 56329 64695 68258 60996 56018
90342123 90642123 978041 65387.691406 56233.847656 605937 549703.375000 56233.617188    57613 51910 48295 49102 52411 55414 60797 50250 55923 63972 68428 60815 56107
90642124 90942124 978011 65046.460938 55978.152344 605937 549959.062500 55977.921875    57412 52033 48031 48738 52285 55198 60589 50132 55474 63540 67898 60403 55980
90942125 91242125 977938 64634.617188 55658.308594 605871 550213.000000 55658.000000    57209 51451 47678 48569 51895 55258 60069 49947 55230 63366 67421 60013 55448
91242126 91542126 978004 63948.617188 55051.691406 605925 550873.437500 55051.539062    56340 51391 47127 48048 51281 54417 59119 48793 55154 63120 66919 59235 54726
91542127 91842127 977977 63753.230469 54903.617188 605908 551004.937500 54903.078125    56113 50945 46952 47842 51125 54676 58750 49213 54874 62288 66702 59177 55083
91842128 92142128 977997 63727.000000 54836.382812 605903 551066.937500 54836.078125    56302 50696 46947 47771 50852 54408 59129 49321 54708 62727 66468 58901 54639
92142129 92442129 978016 63264.769531 54524.460938 605954 551429.875000 54524.152344    55955 50741 46901 47486 50289 54124 59230 48772 54196 62099 66160 58587 54274
92442130 92742130 978012 62687.921875 54011.078125 605916 551905.312500 54010.691406    55599 49794 46048 46843 50567 53259 58445 48336 53920 61667 65877 58080 53704
92742131 93042131 978022 62332.308594 53736.308594 605951 552215.062500 53735.921875    55192 49628 46042 46775 50230 53204 57751 48140 53214 61255 65614 58061 53461
93042132 93342132 977979 61377.382812 52953.382812 605892 552938.687500 52953.308594    54169 48789 46030 45934 49280 52628 56808 47491 52474 60657 64142 57307 52684
93342133 93642133 977906 63408.921875 54577.847656 605864 551286.687500 54577.308594    55963 50479 46926 47750 50521 54176 59148 48700 54033 62283 65845 58974 54707
93642134 93942134 977970 62999.921875 54239.152344 605886 551647.125000 54238.847656    55771 50059 46476 47297 50764 53228 58394 48536 53814 61859 66098 58642 54167
93942135 94242135 978007 62682.078125 54025.308594 605937 551911.937500 54025.078125    55951 49592 46544 46613 50091 53595 58153 48097 53489 61912 66182 58411 53696
94242136 94542136 977911 62502.460938 53895.769531 605852 551956.562500 53895.460938    55412 50381 46301 46915 50224 52741 58149 48095 53187 61478 65950 58118 53690
94542137 94842137 978039 62256.691406 53647.460938 605945 552298.125000 53646.847656    55328 49613 46014 46799 50248 52649 57592 48156 53324 60741 65119 58106 53720
94842138 95142138 977898 62086.539062 53562.539062 605858 552296.062500 53561.921875    54460 49635 45709 46644 50236 53277 57771 47963 53061 60885 65287 58067 53310
95142139 95442139 978038 61753.691406 53254.308594 605930 552683.437500 53246.539062    54566 50161 45731 46096 49484 52597 57675 47748 52778 60687 64539 57259 52884
95442140 95742140 977979 61394.382812 52961.460938 605922 552961.000000 52961.000000    54369 49021 45278 46098 49252 52558 56964 47782 52447 60433 64321 57221 52749
95742141 96042141 977877 61402.078125 53026.539062 605812 552785.687500 53026.308594    54385 49148 45516 46414 49065 52795 57287 47528 52438 60609 64273 57019 52865
96042142 96342142 978036 61115.617188 52779.769531 605967 553187.625000 52779.382812    54178 49118 45219 45917 49202 52033 56925 47298 52041 60530 64095 57063 52513
96342143 96642143 978007 60939.000000 52615.382812 605909 553293.875000 52615.152344    53865 49165 45192 45684 49300 52236 56927 46842 52023 59978 64046 56267 52472
96642144 96942144 977971 60482.691406 52178.230469 605915 553737.000000 52178.000000    53542 48447 44725 45059 48786 51715 56260 46723 51332 59519 63635 56540 52031
96942145 97242145 978004 60230.847656 51979.382812 605916 553936.875000 51979.152344    52959 48767 44609 45616 48283 51420 55538 46693 51584 59091 63083 56352 51734
97242146 97542146 977980 60164.617188 51985.691406 605911 553925.625000 51985.382812    53617 48265 44503 45403 48552 51248 55688 46491 51516 58958 63253 56143 52173
97542147 97842147 977948 59725.921875 51635.617188 605890 554254.687500 51635.308594    52949 48030 43892 44986 48431 50823 55676 46277 51309 58933 62658 55775 51520
97842148 98142148 977968 59512.769531 51469.078125 605885 554416.125000 51468.847656    52835 47583 43996 45100 48227 51130 55219 46173 51002 58802 62446 55252 51330
98142149 98442149 977940 59322.921875 51230.382812 605889 554658.750000 51230.230469    52570 47539 44032 44467 47765 50928 55004 45939 50891 58451 62361 55543 50503
98442150 98742150 978004 59052.000000 51011.460938 605908 554896.875000 51011.152344    52474 47540 43648 44491 46851 50499 55181 45618 50400 58089 62004 55196 51154
98742151 99042151 977971 58856.539062 50908.000000 605921 555013.312500 50907.691406    51944 47299 43649 44393 47753 50256 54700 45487 50305 58481 62047 54927 50559
99042152 99342152 978010 58676.308594 50733.921875 605910 555176.250000 50733.769531    52055 47322 43759 44168 47309 50282 54732 45434 49761 57812 61296 54820 50789
99342153 99642153 978000 58475.539062 50573.617188 605936 555362.750000 50573.230469    51915 46779 43577 44179 46736 49752 54575 45312 50139 57837 61518 54764 50369
99642154 99942154 978012 58121.539062 50257.000000 605922 555665.312500 50256.691406    51798 46747 43005 43609 46759 49497 54480 45141 49780 57104 61053 54092 50272
99942155 100242155 977941 57900.382812 50127.152344 605882 555755.125000 50126.847656    51536 46668 43034 43747 46618 49172 54022 45057 49538 57176 61052 54249 49780
100242156 100542156 978004 57643.921875 49910.539062 605916 556005.687500 49910.308594    51506 46238 42972 43850 46241 49227 53742 44470 49515 56713 60620 54050 49690
100542157 100842157 978007 57575.382812 49872.000000 605930 556058.250000 49871.769531    51497 46259 42635 42820 46258 49431 54196 44521 49692 57084 60576 53850 49514
100842158 101142158 977981 57350.230469 49684.382812 605915 556230.750000 49684.230469    51551 46524 42546 43195 45815 48663 53552 44154 49568 56643 60571 53621 49492
101142159 101442159 978040 56830.769531 49277.078125 605937 556660.062500 49276.921875    50970 45737 42222 43332 45848 48673 53130 43786 48205 56430 60217 53054 48996
101442160 101742160 977937 55041.691406 47782.000000 605893 558111.312500 47781.691406    48830 44270 40980 41790 44617 46788 52209 42749 47093 54027 58315 51694 47800
101742161 102042161 977998 54977.152344 47733.769531 605897 558163.437500 47733.539062    49138 44249 40923 41682 43783 47376 51440 42858 47439 54575 58380 51304 47389
102042162 102342162 977946 55123.617188 47867.308594 605903 558036.062500 47866.921875    49013 44327 40721 41465 44657 47352 52361 42492 47568 54635 58179 51880 47620
102342163 102642163 977945 54804.921875 47557.769531 605864 558306.250000 47557.769531    48672 44253 41093 41538 43853 46992 51389 42325 46971 54485 58039 51198 47443
102642164 102942164 978039 54711.691406 47543.230469 605960 558416.875000 47543.152344    48821 44630 40771 41447 44084 47157 51341 42570 46842 53975 57655 51265 47503
102942165 103242165 977972 51221.000000 43913.078125 605892 561979.250000 43912.769531    48479 44109 40845 41157 43881 46897 51263 42631 46858 53807 12846 51023 47070
103242166 103542166 977971 50188.847656 42911.308594 605913 563002.062500 42910.921875    48781 43659 40640 41049 43919 46795 51294 42053 46816 54260 388 51173 47015
103542167 103842167 977974 49907.308594 42622.382812 605890 563267.875000 42622.152344    48205 43702 40487 40645 43909 46460 51346 41748 46515 53577 382 50711 46401
103842168 104142168 978008 49699.382812 42514.921875 605924 563409.312500 42514.691406    48298 43565 40312 40752 43547 46265 50505 41693 46628 53405 396 50797 46528
104142169 104442169 978004 49768.078125 42603.152344 605934 563331.000000 42603.000000    48363 43581 40320 40828 44070 46694 50771 41396 46663 53727 410 50527 46489
104442170 104742170 978041 49324.847656 42193.152344 605937 563744.250000 42192.769531    48071 43127 40020 40588 43002 46001 50564 41311 46157 52913 359 49977 46416
104742171 105042171 977994 49236.847656 42133.847656 605938 563804.312500 42133.691406    47577 42952 39981 40878 43278 45986 50302 41503 45967 52424 358 50078 46454
105042172 105342178 978031 49094.539062 42012.152344 605923 563911.312500 42011.691406    47638 42748 39596 40530 43361 45792 50162 41195 45924 52820 377 49996 46013
105342179 105642179 978036 48770.078125 41742.617188 605960 564217.375000 41742.617188    47198 42873 39309 40361 42992 45585 49469 41121 45518 52359 367 49563 45939
105642180 105942180 977976 48766.691406 41722.617188 605894 564171.937500 41722.078125    47279 42402 39536 39858 42712 45880 49899 41031 45385 52320 332 49945 45808
105942181 106242181 978001 48547.000000 41571.308594 605928 564357.000000 41571.000000    47317 42740 39342 40275 42722 45474 49503 40896 45148 51907 349 49360 45390
106242182 106542182 978015 48507.460938 41576.078125 605929 564353.062500 41575.921875    47371 42069 39239 40072 42624 45344 49564 41081 45468 52041 338 49393 45883
106542183 106842183 978018 48410.152344 41449.152344 605939 564490.125000 41448.847656    47337 42044 38827 40112 42659 45324 49413 40775 45122 51778 371 49290 45783
106842184 107142184 977998 48253.769531 41322.460938 605924 564601.875000 41322.152344    47343 42152 38981 39624 42439 45223 49013 40545 45030 51961 338 49058 45481
107142185 107442185 977946 48070.617188 41215.617188 605869 564653.750000 41215.230469    46585 42581 39083 39591 42212 44937 48648 40622 45263 51611 359 49081 45225
107442186 107742186 977978 47887.460938 41020.078125 605922 564901.937500 41020.078125    46289 42137 38749 39423 42356 44661 48634 40621 44873 51222 396 49031 44869
107742187 108042187 977935 47674.152344 40869.691406 605855 564985.437500 40869.539062    46576 41750 38876 38952 42266 44312 48844 40234 44446 51314 355 48340 45039
108042188 108342188 977871 47642.921875 40843.921875 605841 564997.375000 40843.617188    46466 41364 38446 39048 41979 44637 48612 40371 44446 51405 368 48924 44901
108342189 108642189 978010 47352.921875 40652.617188 605917 565264.625000 40652.382812    46161 41656 38717 39009 41463 44143 48488 39868 44324 51068 364 48230 44990
108642190 108942190 978007 47259.078125 40538.460938 605934 565395.875000 40538.152344    45869 41640 38461 38882 41622 44083 48345 39800 44343 50979 344 48045 44583
108942191 109242191 977847 47156.308594 40463.308594 605801 565337.875000 40463.152344    46240 41120 38339 39032 41861 44156 48292 39503 43848 50660 332 48157 44481
109242192 109542192 978033 47093.691406 40384.617188 605952 565567.625000 40384.382812    45580 41274 38052 38832 41460 43419 48537 39779 44146 50734 330 48283 44571
109542193 109842193 978009 46821.921875 40219.921875 605926 565706.125000 40219.847656    45394 41207 37796 38567 41560 44042 48022 39538 43711 50493 355 48230 43943
109842194 110142194 977841 46116.308594 39637.691406 605794 566156.562500 39637.460938    44783 40421 37762 37976 40444 43520 47371 39084 43221 49696 308 47415 43286
110142195 110442195 978002 46654.382812 40020.078125 605932 565912.312500 40019.691406    45159 41129 37920 38547 41233 43673 47421 39499 43543 50030 338 47995 43769
110442196 110742196 977971 46349.539062 39834.847656 605884 566049.562500 39834.460938    45591 40776 37753 38378 40821 43351 47453 38932 43384 49990 343 47087 43989
110742197 111042197 977869 46201.539062 39719.921875 605842 566122.125000 39719.847656    44808 40611 37560 38220 40826 43662 47347 39097 43255 49838 321 47408 43405
111042198 111342198 977964 46090.382812 39587.617188 605872 566284.750000 39587.230469    44953 40649 37572 37946 40626 43432 47547 38819 42871 49247 304 47035 43633
111342199 111642199 977975 45996.230469 39522.078125 605920 566398.125000 39521.847656    44933 40335 37466 37868 40519 43197 47243 39057 43034 49474 307 46923 43428
111642200 111942200 977981 45869.382812 39423.152344 605897 566474.125000 39422.847656    44181 40095 37493 38290 40442 43478 46596 38917 42680 49551 327 47279 43168
111942201 112242201 977970 45724.230469 39277.539062 605907 566629.562500 39277.460938    44406 40118 36957 38092 40309 42796 46904 38756 42771 49089 317 47080 43012
112242202 112542202 978012 45534.382812 39139.847656 605925 566785.437500 39139.539062    44526 39767 37124 37608 40463 42831 46382 38658 42583 49220 302 46295 43055
112542203 112842203 977893 45409.460938 39032.691406 605842 566809.375000 39032.617188    44335 40001 36694 37538 40399 42525 46595 38197 42373 49230 319 46441 42777
112842204 113142204 977936 45296.000000 38965.382812 605881 566916.000000 38965.000000    44121 39555 37251 37331 39986 42626 46617 37964 42402 48928 291 46493 42980
113142205 113442205 978008 45150.847656 38814.000000 605912 567098.250000 38813.769531    44402 39559 36918 37209 39755 42535 46125 38179 42228 48567 291 46239 42572
113442206 113742206 977938 45004.230469 38749.769531 605887 567137.562500 38749.460938    43863 39542 36595 37027 39807 42222 46312 38113 42379 48662 302 46453 42466
113742207 114042207 977947 44829.382812 38597.539062 605870 567272.937500 38597.078125    44137 39440 36644 37698 39850 41734 46232 37716 42156 48006 318 45477 42354
114042208 114342208 977969 44824.000000 38549.382812 605916 567366.937500 38549.078125    43962 39057 36183 37058 39814 42141 45750 37898 42008 48309 325 46433 42200
114342209 114642209 978040 44612.308594 38389.078125 605933 567544.312500 38388.691406    43684 39001 36422 37052 39122 41773 45870 37797 42008 48035 285 45851 42153
114642210 114942210 977875 44355.769531 38155.617188 605842 567686.562500 38155.460938    43315 38969 36051 36676 39463 41456 45653 37397 41791 47666 275 45366 41943
114942211 115242211 977971 44287.691406 38159.308594 605890 567730.875000 38159.152344    43242 39268 35871 36134 39476 41548 45362 37718 41712 47941 278 45652 41867
115242212 115542212 977906 44175.230469 38041.230469 605856 567815.062500 38040.921875    43087 38987 36063 36735 39081 41132 44916 37453 41428 48139 285 45820 41406
115542213 115842213 978009 43847.847656 37816.078125 605925 568109.250000 37815.769531    43024 38648 36052 36302 38950 41065 45397 36934 41238 47361 288 45032 41314
115842214 116142214 977970 43768.078125 37710.308594 605893 568183.000000 37710.000000    42535 38480 35609 36267 38871 41405 45245 37337 41065 47282 317 44701 41116
116142215 116442215 977966 43726.000000 37655.308594 605910 568254.750000 37655.230469    42654 38495 35489 35950 38837 41272 45150 36992 40976 47219 337 44855 41292
116442216 116742216 977873 43521.078125 37560.000000 605807 568247.375000 37559.617188    42994 38344 35833 36077 38847 41202 44691 36477 40420 47154 272 44478 41486
116742217 117042217 977936 43439.847656 37481.308594 605889 568408.125000 37480.847656    42350 38325 35654 35980 38706 40893 44720 36600 40950 47062 297 44509 41205
117042218 117342218 977970 43310.230469 37314.539062 605885 568570.625000 37314.382812    42293 38082 35337 35635 38675 40701 44911 36304 40648 46831 251 44418 41001
117342219 117642219 977911 43262.539062 37299.769531 605871 568571.562500 37299.460938    42123 38282 35351 35693 38751 40830 44711 36521 40404 46549 303 44710 40665
117642220 117942220 978036 43221.847656 37304.308594 605931 568626.937500 37304.078125    42354 38143 35172 35847 38594 40748 44772 36752 40430 46763 292 44171 40915
117942221 118242221 977974 42970.539062 37041.078125 605914 568873.062500 37040.921875    41678 37984 35169 35694 38045 40263 44185 36233 40220 46562 301 44561 40637
118242222 118542222 978012 42800.152344 36922.230469 605923 569001.000000 36922.000000    41954 37367 34853 36006 38080 40471 43810 35909 40234 46265 283 44101 40653
118542223 118842223 977970 42741.769531 36905.921875 605900 568994.125000 36905.847656    41841 37896 34697 35755 38100 40435 43781 36107 40451 46082 252 43761 40618
118842224 119142224 977976 42549.382812 36764.230469 605913 569148.937500 36764.078125    42098 37317 34407 35295 37848 40370 43968 36011 39902 46005 262 44159 40291
119142225 119442225 977981 42409.382812 36627.617188 605894 569266.750000 36627.230469    41772 37454 34543 35126 37334 40333 43714 35666 39556 45977 269 43997 40413
119442226 119742226 977971 42192.617188 36454.769531 605906 569451.437500 36454.539062    41678 37015 34532 35405 37228 39798 43398 35440 39624 45786 246 43510 40249
119742227 120042227 977973 41789.152344 36122.000000 605891 569769.312500 36121.691406    41504 36734 34364 34535 37199 39294 43124 35289 39100 45646 207 43332 39254
120042228 120342228 978035 41980.691406 36282.000000 605962 569680.125000 36281.847656    41472 36957 34267 34911 37629 39773 43569 35436 39158 45342 258 42921 39971
120342229 120642229 978006 41862.000000 36210.308594 605906 569696.062500 36209.921875    41080 37040 34223 34497 37230 39581 43606 35510 39530 45122 276 43127 39907
120642230 120942230 977976 41812.617188 36151.000000 605921 569770.437500 36150.539062    41102 37279 34077 34771 37155 39131 43399 35370 39447 44808 275 43109 40034
120942231 121242231 977971 41673.382812 36032.617188 605884 569851.562500 36032.460938    41215 36620 34033 34923 36967 39249 43321 35278 39032 45007 261 42866 39650
121242232 121542232 978002 41474.847656 35873.539062 605930 570056.687500 35873.308594    41072 36779 33797 34680 36979 39438 42960 34998 38937 45111 256 42272 39074
121542233 121842233 977976 25082.076172 21919.845703 605902 583982.375000 21919.615234    25131 22498 20445 21174 22640 24055 26298 21417 23712 27377 126 26029 24053
121842234 122142234 977969 41275.617188 35691.308594 605893 570201.875000 35691.152344    40261 36574 33649 34310 36861 39219 42891 34919 38916 44622 274 42674 38815
122142235 122442235 977913 41133.617188 35578.847656 605861 570282.375000 35578.617188    40382 36540 33504 34146 36553 38833 42936 34847 38411 44585 250 42241 39294
122442236 122742236 978041 40965.460938 35448.152344 605937 570489.000000 35448.000000    40300 36511 33377 33934 36466 38436 42513 34848 38345 44366 250 42483 38995
122742237 123042237 977916 40826.460938 35327.230469 605876 570548.937500 35327.078125    40469 36142 33698 33738 36487 38555 42188 34639 38114 44211 266 41906 38839
123042238 123342238 978009 40714.539062 35272.078125 605914 570642.000000 35272.000000    39948 35804 33615 34128 36232 38425 42605 34557 38357 43925 259 41812 38869
123342239 123642239 977999 40661.539062 35215.230469 605939 570724.062500 35214.921875    40253 36060 33413 33734 36090 38315 42289 34690 38100 44058 215 41993 38584
123642240 123942240 978007 40296.921875 34877.539062 605909 571031.562500 34877.460938    40210 35529 32958 33376 35821 38419 42194 33910 37633 43563 248 41459 38087
123942241 124242241 978011 40345.847656 34919.000000 605944 571025.312500 34918.691406    39846 35521 32933 33781 36143 38255 42008 34104 37639 43541 244 41516 38412
124242242 124542242 977968 40093.230469 34719.152344 605889 571170.062500 34718.921875    39722 35426 32527 33232 35872 38074 41925 33835 37816 43345 244 41312 38016
124542243 124842243 978012 39857.921875 34537.000000 605934 571397.437500 34536.539062    39253 35122 32613 33170 35899 37776 41642 33896 37464 43414 222 40734 37770
124842244 125142244 978012 39866.382812 34536.308594 605932 571396.250000 34535.769531    39494 35117 32746 33630 35520 37567 41276 33761 37470 43143 224 41297 37720
125142245 125442245 978005 39605.308594 34327.617188 605918 571590.625000 34327.382812    39223 34743 32461 32835 35180 37695 41443 33510 37450 43090 248 40883 37495
125442246 125742246 978010 39264.769531 34025.382812 605936 571910.750000 34025.230469    38638 34531 32185 32832 35135 37266 41142 33053 36918 42625 216 40561 37226
125742247 126042247 977976 39098.382812 33911.230469 605888 571977.062500 33910.921875    38761 34785 31954 32656 34927 37308 40771 33054 36751 42488 236 40131 37020
126042248 126342248 978002 39254.152344 34046.230469 605943 571897.000000 34046.000000    38780 34687 31744 32774 35321 37192 41017 33148 37143 42696 235 40571 37290
126342249 126642249 978012 39426.617188 34208.078125 605911 571703.312500 34207.691406    38967 35067 32040 33294 35355 37444 40941 33616 36997 42584 224 40776 37395
126642250 126942250 978030 39271.921875 34042.382812 605956 571913.875000 34042.152344    38594 34834 32368 32877 35077 37127 40814 33408 36860 42446 213 40673 37257
126942251 127242251 977941 39276.230469 34083.769531 605868 571784.437500 34083.539062    38977 34930 32050 32581 35162 37288 40926 33563 37160 42659 211 40294 37285
127242252 127542252 977875 39039.691406 33854.152344 605836 571982.062500 33853.921875    38470 34457 31888 32590 35017 36898 40407 32947 36635 42778 257 40225 37532
127542253 127842253 977907 38170.539062 33147.152344 605845 572698.250000 33146.769531    37857 33829 31306 31935 34318 36134 39675 32376 35844 41414 216 39786 36218
127842254 128142254 977875 38011.539062 33018.230469 605829 572810.875000 33018.152344    38183 33716 31149 31756 34068 35953 39473 32297 35765 41243 189 39468 35976
128142255 128442255 978015 37880.847656 32891.769531 605940 573048.312500 32891.691406    37334 33656 30871 31660 34276 36308 39323 31907 35407 41133 204 39417 36096
128442256 128742256 977906 37759.078125 32824.617188 605837 573012.437500 32824.539062    37396 33303 31075 31549 33943 35899 39465 32045 35562 41289 211 39339 35643
128742257 129042257 977878 37694.000000 32766.845703 605851 573084.375000 32766.615234    37350 33706 30768 31257 33918 35910 39268 32070 35455 41220 228 38883 35933
129042258 129342258 978002 37594.691406 32671.539062 605901 573229.687500 32671.308594    37418 33477 30725 31560 33561 35683 39313 31968 35232 40607 208 39223 35752
129342259 129642259 977947 37423.921875 32544.615234 605902 573357.750000 32544.230469    37225 33169 30723 31281 33754 35408 39193 31832 35344 40524 202 38761 35659
129642260 129942260 977944 36966.078125 32168.000000 605867 573699.125000 32167.845703    36414 32618 30528 30774 33570 35265 38675 31393 35049 40173 208 38226 35289
129942261 130242261 978005 37008.382812 32200.230469 605932 573731.875000 32200.154297    36597 32837 30274 30995 33151 35272 39301 31675 34612 40290 210 38417 34971
130242262 130542262 977979 37192.078125 32342.539062 605901 573558.625000 32342.384766    37136 33132 30448 31000 33359 35415 39006 31907 35105 40132 210 38231 35370
130542263 130842263 977864 37153.847656 32301.230469 605826 573524.937500 32301.076172    36825 33348 30326 30854 33210 35435 38700 31524 34943 40331 206 38626 35586
130842264 131142264 978032 37148.230469 32303.691406 605939 573635.625000 32303.384766    36859 32798 30676 30835 33226 35244 38900 31515 34753 40645 211 38878 35404
131142265 131442265 977917 37029.460938 32221.460938 605856 573634.750000 32221.230469    36536 33057 30470 31287 33272 35137 38821 31306 34779 40279 199 38334 35399
131442266 131742266 977974 36911.691406 32102.615234 605909 573806.375000 32102.615234    36743 32420 30378 31051 32927 35187 38407 31095 35096 40016 215 38281 35518
131742267 132042267 978002 36857.308594 32055.384766 605903 573847.687500 32055.308594    36515 32722 30483 30686 33274 35021 38798 31214 34845 39742 204 38024 35191
132042268 132342268 978011 36631.000000 31860.384766 605947 574086.687500 31860.308594    36843 32340 30051 30596 32700 34637 38323 31265 34487 39622 198 37996 35126
132342269 132642269 977999 36588.847656 31860.691406 605899 574038.562500 31860.460938    36188 32569 30043 30598 32969 35350 38541 31036 34206 39749 193 38070 34674
132642270 132942270 977920 36492.460938 31791.769531 605883 574091.312500 31791.691406    36464 32776 30278 30553 32647 34873 38059 31031 34489 39505 194 37744 34679
132942271 133242271 978010 36260.230469 31569.384766 605911 574341.625000 31569.384766    35815 32226 29774 30491 32488 34737 37469 30890 34210 39265 183 38085 34769
133242272 133542272 978036 36239.847656 31523.154297 605956 574432.937500 31523.076172    35718 32271 29721 30174 32713 34349 37922 31169 34222 39492 177 37370 34502
133542273 133842273 977973 36114.152344 31428.154297 605894 574475.062500 31418.923828    35798 32401 29345 30264 32565 34634 37531 30621 33557 39517 180 37610 34423
133842274 134142274 977979 36077.000000 31412.308594 605913 574500.875000 31412.154297    36005 31988 29674 29980 32522 34234 37752 30802 33960 39148 194 37474 34625
134142275 134442275 977979 35993.691406 31338.154297 605910 574571.875000 31338.154297    35641 32213 29632 29902 32469 34064 37577 30642 34106 39145 196 37264 34545
134442276 134742276 977880 35860.769531 31226.384766 605815 574588.937500 31226.076172    35786 31859 29570 29950 32102 34119 37542 30630 33578 39255 204 37314 34030
134742277 135042277 977950 35772.308594 31142.615234 605899 574756.625000 31142.384766    35479 31828 29367 29905 32341 33830 37580 30460 33686 39124 190 37113 33948
135042278 135342278 977934 35606.152344 30996.000000 605857 574861.250000 30995.769531    35479 31736 29346 29877 31680 33927 37420 30226 33460 38651 180 37132 33831
135342279 135642279 978010 35580.691406 30974.923828 605944 574969.250000 30974.769531    35529 31350 29207 29806 31988 33730 37156 30208 33560 38805 185 36802 34346
135642280 135942280 977971 35411.382812 30840.769531 605883 575042.250000 30840.769531    35525 31553 28942 29575 32058 33375 36906 30206 33409 38651 178 36756 33796
135942281 136242281 977971 35455.152344 30897.539062 605913 575015.437500 30897.539062    35500 31581 29535 29627 32065 33514 37115 29958 33424 38427 172 36821 33929
136242282 136542282 977942 35321.000000 30799.154297 605871 575072.250000 30798.769531    35166 31284 29005 29525 32100 33601 37094 30045 33499 38511 170 36809 33575
136542283 136842283 978028 35314.691406 30778.000000 605939 575161.125000 30777.845703    35096 31257 29104 29475 31926 33624 37142 30146 33438 38062 207 36671 33964
136842284 137142284 978011 35245.539062 30707.615234 605935 575227.437500 30707.539062    34835 31450 29280 29155 31567 33263 36792 30245 33287 38598 163 36751 33812
137142285 137442285 977911 35147.152344 30623.460938 605848 575225.000000 30623.000000    34636 31291 28804 29604 31616 33469 36787 29770 32965 38456 160 36819 33722
137442286 137742286 977981 35002.000000 30507.154297 605921 575414.125000 30506.845703    34847 31031 28766 29351 31632 33375 36627 29725 32847 38153 168 36718 33349
137742287 138042287 977973 34954.847656 30476.076172 605885 575409.312500 30475.691406    34974 31162 28687 29133 31418 33363 36907 29718 32944 38069 168 36428 33213
138042288 138342288 978012 34820.308594 30381.308594 605946 575564.687500 30381.308594    35029 30883 28718 29350 31572 33366 36442 29640 32644 37894 200 35996 33223
138342289 138642289 978008 34728.078125 30296.308594 605909 575612.875000 30296.154297    34559 30884 28669 29194 31098 33206 36433 29820 32602 37665 178 36141 33401
138642290 138942290 977943 34668.382812 30256.923828 605899 575642.250000 30256.769531    34562 30715 28607 28790 31131 33422 36310 29415 33031 37643 177 36130 33405
138942291 139242291 977915 34550.769531 30125.384766 605841 575715.937500 30125.076172    34720 30609 28646 29209 31162 33106 36110 29494 32335 37410 176 35624 33025
139242292 139542292 978004 34495.230469 30097.384766 605929 575831.937500 30097.076172    34501 30733 28239 29104 31008 32722 36146 29101 32666 37686 200 36142 33014
139542293 139842293 977981 34325.921875 29950.384766 605904 575953.687500 29950.308594    34115 30569 28161 28577 31143 32869 36111 29075 32283 37378 180 36071 32822
139842294 140142294 977973 34229.308594 29856.691406 605902 576045.562500 29856.460938    33874 30413 28415 28596 30965 32832 35873 29023 32111 37537 172 35722 32601
140142295 140442295 978013 34298.230469 29932.769531 605938 576005.312500 29932.691406    33898 30449 28340 28485 30882 32854 36222 29327 32687 37167 167 35767 32880
140442296 140742296 977928 33698.230469 29408.923828 605864 576839.312500 29024.691406    33781 30221 28216 28674 30866 32452 35675 28783 32119 37226 184 30884 28240
140742297 141042297 977992 34047.460938 29728.000000 605924 577254.375000 28669.615234    33504 30416 27991 28626 30652 32324 35923 29035 32359 37178 167 28426 26104
141042298 141342298 977983 33992.230469 29670.384766 605899 577298.250000 28600.769531    33466 30195 27979 28166 30747 32570 35551 29117 32331 37162 164 28337 26025
141342299 141642299 978008 33833.230469 29511.076172 605946 577496.562500 28449.460938    33576 30113 28079 28271 30496 32188 35694 28561 32177 36890 160 28156 25482
141642300 141942300 977970 33788.000000 29479.154297 605879 577474.375000 28404.615234    33465 30233 27928 28225 30226 32477 35514 28581 32146 36848 151 27879 25587
141942301 142242301 977977 33681.921875 29386.615234 605922 577608.062500 28313.923828    33681 29966 27898 28164 30394 32194 35342 28835 31744 36506 186 27640 25531
142242302 142542302 978008 33647.078125 29400.539062 605914 577585.437500 28328.539062    33337 30088 27888 28456 30164 32302 35110 28713 31659 36728 175 27784 25867
142542303 142842303 977971 33662.539062 29428.154297 605908 577541.250000 28366.769531    33277 30069 27809 28215 30582 31930 35314 29125 31876 37006 189 27651 25725
142842304 143142304 977986 33444.152344 29180.384766 605909 577785.375000 28123.615234    33142 29850 27552 28043 30289 32093 35120 28239 31586 36573 165 27446 25509
143142305 143442305 978032 33341.460938 29130.769531 605940 577859.625000 28080.384766    32912 29717 27857 28056 30001 31892 34835 28450 31808 36256 165 27468 25628
143442306 143742306 977973 33319.308594 29103.769531 605909 577845.125000 28063.845703    33258 29397 27698 28059 30143 31818 34904 28268 31489 36391 180 27812 25413
143742307 144042307 977976 33156.460938 28960.615234 605894 577981.750000 27912.230469    33332 29587 27531 27720 29794 31391 34878 28165 31448 36269 165 27299 25280
144042308 144342308 978005 33077.539062 28886.230469 605934 578081.312500 27852.691406    32893 29908 27087 27518 29599 31627 34774 28231 31500 36077 137 27622 25112
144342309 144642309 977947 32896.847656 28771.154297 605866 578112.375000 27753.615234    32929 28856 27112 27434 29626 31446 34774 28128 31265 36137 158 27548 25384
144642310 144942310 978008 32677.000000 28537.539062 605950 578436.000000 27514.000000    32275 29258 26813 27651 29437 31494 34424 27886 30643 35594 183 26991 25033
144942311 145242311 977996 31830.845703 27828.230469 605897 579071.000000 26826.000000    31513 28310 26576 26671 28871 29969 33552 27064 30406 34602 163 26622 24419
145242312 145542312 977945 32337.308594 28287.000000 605893 578619.375000 27273.615234    32150 28913 26644 27385 29319 31195 33725 27665 30490 35257 163 26864 24787
145542313 145842313 977956 32254.384766 28217.539062 605884 578677.312500 27206.691406    32074 28564 26402 27106 29373 31157 34255 27780 30571 35110 167 26784 24344
145842314 146142314 978042 32263.230469 28200.460938 605957 578769.562500 27187.460938    32502 28780 26433 27188 29191 30527 33997 27688 30546 34944 137 26774 24730
146142315 146442315 977906 32101.615234 28083.384766 605854 578805.312500 27048.691406    32210 28619 26420 26927 28857 30514 33951 27173 30275 35200 128 26677 24682
146442316 146742316 978039 32193.539062 28166.923828 605941 578801.562500 27139.460938    32157 28724 26684 27022 29196 30657 33972 27468 30540 35095 154 26627 24517
146742317 147042317 977939 29976.923828 26250.384766 605886 580597.875000 25288.154297    29760 26718 24824 25217 27149 28803 31752 25635 28393 32433 130 24914 23018
147042318 147342318 978012 21454.460938 18888.539062 605919 587700.687500 18218.308594    21499 19256 17762 17977 19492 20664 22677 18558 20436 23776 81 18019 16641
147342319 147642319 977932 31851.460938 27871.384766 605884 579031.125000 26852.845703    31632 28667 25967 26875 28750 30737 33520 27167 30194 34627 158 26414 24379
147642320 147942320 977973 31818.460938 27845.691406 605881 579037.437500 26843.539062    31608 28241 26327 26848 28987 30770 33542 27295 30207 34691 149 26092 24209
147942321 148242321 978010 31688.230469 27763.539062 605954 579194.750000 26759.230469    31805 28211 26308 26504 28679 30409 33447 27174 29959 34952 142 26330 23950
148242322 148411127 550334 17698.845703 15498.461914 340941 325999.468750 14941.538086    17617 15876 14513 14847 16044 17016 18694 15258 16784 19358 79 14646 13508
