185 2064
6532609 6832609 977975 68936.695312 59361.460938 566237 506876.531250 59360.460938    58336 55862 50620 51969 56121 57921 62501 53706 60642 68180 71612 64202 60014
6832610 7132610 978009 52500.539062 45585.769531 566256 520670.843750 45585.152344    45238 43192 38790 39593 42923 44365 47947 41030 46122 52585 55224 49709 45889
7132611 7432611 977972 61684.382812 53245.617188 566234 512989.375000 53244.617188    52422 50060 45458 46631 50004 51778 55690 47960 54914 61343 64535 57621 53764
7432612 7732612 977977 68626.539062 59095.769531 566242 507146.531250 59095.460938    57827 55776 50877 51574 55671 57237 61637 53567 60461 68211 71918 64067 59418
7732613 8032613 977973 68315.304688 58780.152344 566227 507447.625000 58779.382812    57930 55352 50210 51150 55865 57295 61349 52775 60063 67844 71493 63700 59106
8032614 8332614 978011 67666.539062 58274.921875 566259 507984.781250 58274.230469    57260 54544 49538 50734 55544 56350 61203 52410 59281 67678 71146 63100 58777
8332615 8632615 978012 67582.382812 58171.617188 566243 508072.000000 58171.000000    56792 54170 49365 51040 55239 56757 60721 52635 59989 67219 70702 63087 58507
8632616 8932616 978005 67099.234375 57786.382812 566270 508484.062500 57785.921875    56347 54361 49177 50478 55030 56165 60339 51826 59015 66863 70031 63498 58087
8932617 9232617 978011 67069.617188 57775.769531 566240 508465.156250 57774.847656    56610 54353 49217 50333 54672 55970 60499 52314 58993 66806 70287 62645 58374
9232618 9532618 977973 66381.539062 57244.769531 566243 508999.156250 57243.847656    55793 53740 49265 49950 54463 55033 59938 51401 58280 66710 69582 62407 57608
9532619 9832619 978012 66164.617188 57019.230469 566250 509231.687500 57018.308594    55809 53520 48414 50246 54278 55049 59513 51611 57971 66133 69518 62017 57159
9832620 10132620 977978 65948.382812 56846.000000 566237 509391.531250 56845.460938    55608 53606 48432 49923 53763 55046 59303 51296 58222 65688 69323 61461 57320
10132621 10432621 978038 65462.152344 56485.308594 566268 509784.062500 56483.921875    54917 53249 48231 49541 53498 55018 58932 51701 56764 65741 69022 61037 56640
10432622 10732622 977974 66100.234375 56987.769531 566229 509242.000000 56987.000000    55609 53569 48978 49818 54026 55667 59768 51281 58204 65526 69135 62004 57246
10732623 11032623 977982 65657.304688 56595.847656 566255 509659.843750 56595.152344    55197 53558 48110 49248 53775 55220 59133 50594 57876 65640 68738 61643 57005
11032624 11332624 978041 65660.460938 56588.230469 566256 509668.843750 56587.152344    55207 52728 48581 49858 53719 55001 59361 51238 57491 65641 68285 61501 57022
11332625 11632625 978013 65280.921875 56323.382812 566263 509940.625000 56322.382812    55089 53087 48261 49057 53191 54517 58890 51219 57444 65181 68726 60677 56852
11632626 11932626 978009 64700.769531 55853.382812 566241 510388.687500 55852.308594    54589 52637 47655 48734 53218 54169 58203 50823 56921 64679 67524 60923 56005
11932627 12232627 978041 65108.617188 56208.769531 566281 510073.062500 56207.921875    54705 52843 47781 49472 53354 54302 59007 50794 57372 65027 68353 61108 56585
12232628 12532628 978014 64640.539062 55826.539062 566245 510419.687500 55825.308594    54532 52331 47596 48840 53023 54096 57986 50436 56970 64647 67583 61204 56485
12532629 12832629 978005 64543.617188 55762.382812 566260 510498.375000 55761.617188    54040 52547 47767 48772 53043 54001 57938 50425 56767 64596 67875 60768 56362
12832630 13132630 977907 64441.078125 55654.539062 566194 510540.156250 55653.847656    54603 51932 47881 48700 52939 53761 58217 50208 56694 64344 67803 60596 55822
13132631 13432631 977974 64214.769531 55440.382812 566238 510798.937500 55439.078125    53617 52093 47202 48580 52621 53954 57995 50227 56763 63946 67438 60430 55842
13432632 13732632 977970 63958.691406 55221.308594 566238 511017.937500 55220.078125    53545 51745 47151 48608 52520 53517 57212 50026 56234 64128 67441 60159 55575
13732633 14032633 977975 63847.230469 55172.000000 566221 511049.781250 55171.230469    53464 52197 47131 48435 52539 53756 57498 50088 56022 63609 67091 60205 55191
14032634 14332634 978009 63146.308594 54576.769531 566266 511689.937500 54576.078125    53031 51321 46765 47669 51774 53274 56803 49278 55597 63162 66460 59248 55107
14332635 14632635 977887 62511.617188 54069.847656 566176 512107.000000 54069.000000    52727 51126 46495 47569 51487 52518 56054 48753 54875 62620 65721 58557 54395
14632636 14932636 978015 63277.769531 54679.308594 566266 511587.625000 54678.382812    53272 51740 46834 48173 52089 52940 57061 49182 56010 63060 66614 59301 54543
14932637 15232637 977965 62821.230469 54329.230469 566222 511914.062500 54307.921875    52417 50758 46554 47624 51629 53131 56615 49160 55641 62733 65684 59489 54568
15232638 15532638 977999 62518.382812 54046.769531 566258 512211.781250 54046.230469    52585 50777 46070 47276 51178 52544 56221 48824 55515 62658 65845 58713 54395
15532639 15832639 977944 62194.152344 53800.847656 566215 512415.000000 53800.000000    52399 50226 46049 47305 51402 52198 56340 48649 55268 62407 64931 57977 54249
15832640 16132640 978035 62061.382812 53712.921875 566269 512556.937500 53712.078125    52297 50564 45648 47259 50938 52227 56126 48727 54652 62125 65144 58207 54343
16132641 16432641 978012 61768.000000 53500.230469 566251 512751.468750 53499.539062    52493 50873 45663 46632 50884 51913 55884 48040 55084 61578 64856 57971 53623
16432642 16732642 978010 61828.847656 53527.078125 566251 512724.937500 53526.078125    52114 50511 45969 47138 50713 51637 55919 48499 54564 61818 64992 58300 53665
16732643 17032643 978044 61755.308594 53458.000000 566280 512822.625000 53457.382812    52209 49996 45704 46712 50688 51980 55840 48682 54477 62165 64457 58205 53831
17032644 17332644 978013 61359.230469 53150.921875 566238 513088.156250 53149.847656    51857 49677 45189 46409 50363 51896 55387 47886 54288 61606 65069 57819 53502
17332645 17632645 978010 60739.382812 52616.230469 566263 513647.312500 52615.691406    51331 49250 45078 45901 49687 50914 54950 47645 53428 60935 64059 57384 53442
17632646 17932646 978036 60725.617188 52618.460938 566258 513640.531250 52617.460938    51180 49435 45039 45923 49651 50995 54789 47884 53843 60754 64277 57459 52798
17932647 18232647 978016 60517.847656 52477.078125 566266 513790.468750 52475.539062    51410 49709 44702 45888 50065 50978 54534 47444 53702 60672 63874 56459 52745
18232648 18532648 978015 60420.617188 52398.000000 566243 513845.687500 52397.308594    50940 49511 45358 45675 49503 50957 54496 47451 53410 60776 63490 56970 52628
18532649 18832649 978044 60650.000000 52596.921875 566276 513680.062500 52595.921875    51278 49391 44763 45856 49995 50863 54852 47238 53635 61154 63970 57554 53198
18832650 19132650 978016 60533.691406 52505.078125 566251 513746.781250 52504.230469    51245 49289 44735 45770 50253 51192 54716 47274 53523 60845 63850 56677 53186
19132651 19432651 978014 59995.617188 52060.308594 566252 514192.531250 52059.460938    50989 48592 44041 45641 49234 50659 54362 47038 52944 60526 63694 56592 52461
19432652 19732652 978038 59802.152344 51907.000000 566275 514369.156250 51905.847656    50951 49225 44372 45672 49050 50059 53936 46880 52648 60021 63181 56675 52106
19732653 20032653 978015 59560.000000 51634.691406 566246 514611.843750 51634.152344    50279 48907 44547 44984 48791 50060 53955 46642 52716 59684 62662 56060 51957
20032654 20332654 978041 59034.769531 51247.000000 566279 515033.156250 51245.847656    49917 48217 43630 44527 48840 50008 53306 46505 52350 59198 62462 55704 51532
20332655 20632655 978010 58989.078125 51224.382812 566242 515018.156250 51223.847656    50194 48360 43795 44609 48223 49569 53796 46331 52219 59438 62118 55810 51448
20632656 20932656 978016 58743.460938 51031.769531 566268 515237.156250 51030.847656    49814 47942 43238 44749 48391 50050 53178 46438 52263 58971 61742 55203 51422
20932657 21232657 978032 58751.769531 51008.617188 566258 515250.781250 51007.230469    49920 47944 43603 44796 48221 49402 53616 45854 51751 59028 62177 55541 51241
21232658 21532658 977979 58580.078125 50886.691406 566243 515357.062500 50885.921875    49935 47938 43373 44530 48303 49077 53287 45463 51900 58887 62169 55503 51152
21532659 21832659 978016 58008.691406 50376.921875 566247 515870.687500 50376.308594    49199 47139 42769 44101 47767 48954 52438 45789 51669 58349 61209 54920 50589
21832660 22132660 978041 57878.078125 50320.921875 566274 515954.062500 50319.921875    49203 47528 42984 43475 47974 48968 52326 45281 51334 58112 61450 54774 50750
22132661 22432661 978013 57976.460938 50368.308594 566251 515883.625000 50367.382812    49457 47456 42954 43994 48246 48958 52444 45231 51797 57753 61209 54804 50473
22432662 22732662 978016 57343.921875 49858.921875 566250 516392.000000 49858.000000    48523 47198 42338 43311 47316 48239 52156 44725 50986 57725 60915 54556 50166
22732663 23032663 978037 58139.769531 50533.847656 566277 515743.468750 50533.539062    49988 47435 43095 43991 47897 49462 52926 45229 51586 58140 61399 54829 50959
23032664 23332664 977999 58018.460938 50412.847656 566240 515828.375000 50411.617188    49023 47321 42954 43933 47886 49238 52568 45351 51620 58270 61450 54992 50745
23332665 23632665 977969 57581.000000 50036.460938 566242 516205.937500 50036.078125    48816 46502 42702 43870 47551 48701 52268 45501 51130 58115 60935 54452 49926
23632666 23932666 977977 57463.382812 49934.230469 566227 516293.312500 49933.691406    48722 46908 42713 43570 47134 48638 51895 45066 50978 57809 60905 54472 50328
23932667 24232667 978012 57346.382812 49884.460938 566264 516380.468750 49883.539062    49043 46591 42552 43477 47491 48291 52461 44847 50659 57380 60725 54417 50552
24232668 24532668 978000 57159.769531 49681.539062 566241 516559.937500 49681.078125    48697 46786 42355 43106 47392 48582 51697 44853 50436 57278 60457 53984 50231
24532669 24832669 978010 57010.078125 49556.617188 566265 516708.937500 49556.078125    48701 46290 42228 43414 46985 48281 51821 44871 50278 57212 60342 53841 49965
24832670 25132670 977926 56786.847656 49417.691406 566206 516789.156250 49416.847656    48703 46403 42080 43311 46989 48271 51394 44488 50403 56854 59919 53921 49683
25132671 25432671 977967 56677.078125 49345.769531 566235 516890.218750 49344.769531    48417 46306 41989 42684 46820 47841 52010 44487 50363 57204 59868 53665 49828
25432672 25732672 977915 56354.769531 49036.921875 566202 517166.000000 49036.000000    47953 45977 41922 42986 46691 47717 50847 44301 49988 56872 59735 53123 49356
25732673 26032673 978012 56165.000000 48911.152344 566245 517334.781250 48910.230469    48349 45853 41705 42426 46485 47856 50859 44145 49518 56819 59709 53158 48951
26032674 26332674 978038 55925.769531 48714.921875 566287 517572.468750 48714.539062    47892 45562 41313 42881 46005 47535 51129 43683 49804 56415 59347 53131 48592
26332675 26632675 977981 55584.847656 48396.000000 566223 517827.843750 48395.152344    47063 45259 41427 42241 45809 47170 50810 43764 49469 56380 58633 52281 48831
26632676 26932676 978033 54923.617188 47878.847656 566281 518402.781250 47878.230469    46587 44545 40878 41757 45562 46703 50182 43100 48741 55698 58277 51933 48454
26932677 27232677 977974 54485.847656 47541.078125 566225 518685.062500 47539.921875    46211 44621 40854 41955 44728 46366 49318 42904 48529 54930 58187 51568 47848
27232678 27532678 978010 54300.230469 47335.382812 566260 518925.218750 47334.769531    46158 44625 40167 41092 45022 46427 49667 42679 47853 54760 57812 51208 47882
27532679 27832679 978038 54123.000000 47208.460938 566264 519056.218750 47207.769531    46261 44656 40107 41197 44712 46182 49387 42510 48106 54560 57432 50965 47626
27832680 28132680 977978 54060.617188 47148.382812 566239 519091.781250 47147.230469    45835 44212 40272 41371 44599 46052 49053 42456 48211 54350 57382 51534 47587
28132681 28432681 977946 53717.921875 46878.308594 566214 519336.531250 46877.460938    45855 44021 40107 40660 44641 45551 48893 42383 47630 53954 57483 51008 47221
28432682 28732682 978009 53814.921875 46933.460938 566255 519322.468750 46932.539062    45804 44057 40154 40661 44644 45478 49266 41975 48327 54092 56823 51220 47622
28732683 29032683 978016 53791.230469 46910.539062 566261 519350.937500 46910.078125    46026 44169 40096 40958 44756 45307 48844 42155 47611 54765 57006 50994 47144
29032684 29332684 978017 53039.847656 46296.382812 566242 519946.312500 46295.691406    45035 43557 39500 40426 44123 44855 48250 41780 47110 53738 56604 50314 46552
29332685 29632685 978030 52769.847656 46039.152344 566277 520238.531250 46038.460938    44750 43157 39409 40040 43515 44705 48315 41753 47058 53623 55826 50163 46186
29632686 29932686 978009 54369.769531 47429.539062 566241 518812.218750 47428.769531    46069 44441 40495 41489 45046 46326 49491 42589 48283 55191 57462 51778 47914
29932687 30232687 978042 54056.308594 47138.921875 566284 519146.375000 47137.617188    45926 43963 40245 41298 44635 45784 49600 42287 48034 54625 57373 51573 47446
30232688 30532688 978011 53647.921875 46775.308594 566244 519469.625000 46774.382812    45755 43834 39943 40827 44570 45295 48795 42483 47293 54122 57239 50912 46999
30532689 30832689 977946 53723.847656 46850.000000 566224 519374.781250 46849.230469    46208 44133 39924 40615 44542 45689 48706 42139 47942 54101 57053 50769 47219
30832690 31132690 977940 53556.230469 46732.230469 566214 519482.531250 46731.460938    45876 44049 39675 40712 44514 45809 48505 42359 47482 54049 56803 50483 47193
31132691 31432691 977943 53364.152344 46567.000000 566216 519649.843750 46566.152344    45699 43586 39697 40300 44200 45271 48651 41984 47431 54202 56596 50581 47162
31432692 31732692 978017 53142.847656 46337.308594 566255 519918.218750 46336.769531    45906 43543 39560 40339 43828 44705 48205 41686 47199 53676 56671 50419 46641
31732693 32032693 978038 52988.617188 46264.382812 566264 520000.625000 46263.382812    44907 43767 39426 40560 43628 45083 48026 41515 47391 53774 56259 50569 46519
32032694 32332694 977947 52874.460938 46152.078125 566230 520079.000000 46151.000000    45289 43242 39577 40149 43939 45052 48245 41677 47123 53258 56093 49905 46414
32332695 32632695 977881 52742.691406 46074.460938 566172 520098.156250 46073.847656    45271 43258 39522 40062 43685 44704 48294 41400 47133 53238 55998 50305 46090
32632696 32932696 977970 52581.308594 45889.000000 566245 520356.625000 45888.382812    45127 42883 39172 39921 43705 44652 48192 41118 46762 52934 55880 49902 46301
32932697 33232697 977926 52474.308594 45834.617188 566198 520364.000000 45834.000000    44987 43355 39459 40029 43679 44787 47408 40880 46510 53259 55603 49515 46371
33232698 33532698 978034 52454.921875 45822.078125 566283 520462.062500 45820.921875    45004 42989 39225 40456 43539 44269 48128 41283 46939 52704 55438 49652 46046
33532699 33832699 978010 52114.308594 45537.308594 566244 520707.468750 45536.539062    44774 42795 38769 39721 43356 44594 47560 40922 46336 52648 55274 49387 45839
33832700 34132700 977990 52032.847656 45456.000000 566250 520794.843750 45455.152344    45013 42757 38609 39802 42974 44309 47549 40718 46459 52513 54931 49485 45798
34132701 34432701 978031 51927.617188 45370.691406 566264 520894.156250 45369.847656    44606 42447 38926 39539 43028 44475 47385 41046 46314 52109 55444 48954 45535
34432702 34732702 977937 51646.230469 45163.000000 566206 521044.156250 45161.847656    44669 42447 38755 39328 42715 43863 47303 40451 45633 52491 55000 49136 45313
34732703 35032703 978015 51327.539062 44844.460938 566263 521419.625000 44843.382812    43869 42303 38024 39114 42673 43294 46995 40529 45670 52001 54485 49092 44915
35032704 35332704 978040 51344.691406 44902.308594 566260 521358.625000 44901.382812    44330 42198 38165 38976 42666 43790 46493 40553 45633 51804 54899 48957 45254
35332705 35632705 978017 51219.000000 44798.617188 566263 521465.625000 44797.382812    44187 41789 37997 39000 42946 43527 47145 40272 45679 51450 54890 48408 45076
35632706 35932706 978010 50991.539062 44656.230469 566240 521584.468750 44655.539062    44132 42100 37844 38892 42013 43533 46886 40122 45464 51892 54457 48193 44994
35932707 36232707 978038 50836.921875 44524.152344 566283 521759.843750 44523.152344    43957 41805 38144 38926 42209 43085 46324 40016 45498 51685 54498 47889 44765
36232708 36532708 978016 50790.460938 44443.000000 566246 521804.375000 44441.617188    43739 41682 38221 38639 42231 43181 46159 40255 44750 51465 54116 48681 44622
36532709 36832709 977976 50659.539062 44337.539062 566246 521908.625000 44337.382812    43813 41074 38016 39069 41859 43077 46442 39934 44820 51286 54086 48331 44579
36832710 37132710 977980 50551.230469 44270.921875 566233 521962.625000 44270.382812    43770 41523 38105 39059 41964 43008 46106 39694 44792 51075 53828 47991 44600
37132711 37432711 978018 50334.000000 44072.230469 566256 522184.468750 44071.539062    43698 41228 37504 38548 41638 42757 46130 39964 44550 50975 53584 47603 44751
37432712 37732712 978039 50059.382812 43856.308594 566269 522413.781250 43855.230469    43246 41343 37287 38015 41280 43163 45696 39715 44488 50599 53570 47634 44082
37732713 38032713 978019 49912.308594 43716.539062 566248 522532.156250 43715.847656    43245 40976 37256 37885 41676 42258 45690 39496 44306 50862 53561 47623 43472
38032714 38332714 978018 49889.769531 43691.230469 566265 522574.312500 43690.691406    42995 41062 37362 38205 41497 42624 45840 39173 43893 50520 53194 47723 43891
38332715 38632715 978041 49701.382812 43544.617188 566258 522714.218750 43543.769531    42170 40951 37357 38029 41375 42271 45414 39411 44372 50240 52959 47289 44231
38632716 38932716 977981 49594.308594 43434.308594 566245 522811.062500 43433.921875    43063 40667 37052 37868 40806 42734 45409 39054 43756 50403 53143 47114 43572
38932717 39232717 978014 49249.460938 43139.078125 566239 523100.312500 43138.691406    42596 40325 36475 37420 40914 41686 45285 38990 44098 50004 52560 46918 43532
39232718 39532718 978044 49047.308594 43014.152344 566281 523267.937500 43013.078125    42583 40147 36653 37486 40786 41741 44983 38488 43933 49768 52569 46875 43158
39532719 39832719 978010 49277.460938 43173.078125 566246 523073.218750 43172.769531    42062 40581 36943 37344 41276 42029 45092 39007 43728 49942 52709 47059 43474
39832720 40132720 978043 49327.000000 43219.617188 566278 523058.843750 43219.152344    42338 40679 36946 37064 41027 42228 45303 39173 43727 49781 52609 47178 43796
40132721 40432721 978021 49108.230469 43034.847656 566250 523215.531250 43034.460938    42757 40309 36818 37618 40747 41806 44948 38827 43607 49879 52567 46962 42603
40432722 40732722 977969 49004.152344 42983.382812 566235 523252.625000 42982.382812    42336 40421 36546 37670 41037 41886 44594 38807 43446 49863 52304 46549 43312
40732723 41032723 978009 48808.539062 42792.691406 566256 523464.218750 42791.769531    42665 39920 36455 37256 40270 41903 44550 38585 43666 49473 52322 46145 43083
41032724 41332724 977973 48684.152344 42674.152344 566226 523552.843750 42673.152344    42319 40160 36571 36676 40580 41916 44507 38421 43485 49090 52118 46154 42754
41332725 41632725 978017 48512.000000 42492.078125 566261 523769.781250 42491.230469    42246 39782 36074 36862 40206 41461 44449 38325 42819 49313 52105 46141 42603
41632726 41932726 978038 48283.382812 42323.152344 566260 524263.312500 41996.691406    42146 35262 36040 36966 40482 41118 44109 37787 43042 48656 51487 46266 42596
41932727 42232727 977999 48162.921875 42212.078125 566264 525380.125000 40883.847656    41461 22364 36148 36840 39864 40962 44232 37694 42820 49183 51649 45898 42375
42232728 42532728 978015 47991.078125 42062.769531 566240 525521.000000 40719.000000    41696 22124 36006 36793 40049 40165 43925 38037 42654 48688 51355 45508 42347
42532729 42832729 978005 47821.617188 41948.769531 566260 525638.937500 40621.078125    41264 21950 35520 36457 39603 41068 43877 37763 42698 48407 51396 46022 42049
42832730 43132730 978012 47596.921875 41762.308594 566251 525839.937500 40411.078125    41060 21631 36028 36247 39790 40791 43591 37508 41796 48064 51111 45570 42157
43132731 43432731 978010 47581.617188 41707.847656 566253 525869.562500 40383.460938    41077 21754 35678 36022 39592 40759 43180 37551 42514 48450 50962 45700 41746
43432732 43732732 977979 47615.382812 41774.460938 566237 525781.562500 40455.460938    41374 22124 35431 36443 39584 40574 43745 37852 42211 48167 51246 45314 41856
43732733 44032733 977946 47393.000000 41594.921875 566212 525942.000000 40270.000000    40977 21892 35787 36416 39316 40595 43190 37530 42078 48100 50657 45332 41640
44032734 44332734 978037 47286.617188 41522.382812 566284 526085.625000 40198.382812    41285 21881 35256 36308 39452 40638 43240 37336 42147 47879 50580 45071 41506
44332735 44632735 977978 47192.921875 41412.769531 566225 526128.750000 40096.230469    41269 21757 35458 36032 39087 40432 43073 37129 42101 47474 50544 45033 41862
44632736 44932736 977977 47116.152344 41338.078125 566246 526220.875000 40025.152344    40914 21473 35319 36051 39149 40414 42962 37088 42105 47841 50394 44951 41666
44932737 45232737 978035 46838.152344 41133.000000 566261 526433.562500 39827.460938    40773 21181 35070 35770 38950 40045 42967 37073 42139 47557 50373 44591 41268
45232738 45532738 978011 46712.847656 40955.847656 566263 526601.000000 39662.000000    40484 21228 34986 35512 38768 39819 42926 36872 41718 47516 50152 44367 41258
45532739 45832739 977975 46438.230469 40774.617188 566223 526758.687500 39464.308594    40291 21209 34853 35778 38684 39488 42875 36478 41575 47183 49699 44062 40861
45832740 46132740 977942 46376.460938 40758.000000 566225 526755.625000 39469.382812    40283 21497 34751 35820 38546 39707 42307 36908 41359 47031 49579 44583 40731
46132741 46432741 977874 45963.460938 40360.921875 566177 527094.125000 39082.847656    39778 21256 34495 34950 37998 39677 42223 36522 40925 46354 49626 43783 40490
46432742 46732742 977882 45854.308594 40279.769531 566187 527192.062500 38994.921875    40105 21150 34107 34888 38322 39166 42100 36366 40755 46581 49278 43607 40509
46732743 47032743 978032 45678.921875 40174.847656 566276 527380.562500 38895.460938    39647 20937 34677 35054 38286 39042 41922 35751 41077 46399 48895 43787 40167
47032744 47332744 977945 45596.769531 40044.460938 566203 527423.250000 38779.769531    39718 21009 34579 34995 37912 39035 41370 35937 40428 46542 48975 43358 40279
47332745 47632745 978002 45347.847656 39842.308594 566263 527679.937500 38583.078125    39551 21190 34259 34738 37305 39076 41255 35806 40518 45634 48612 43514 40122
47632746 47932746 978011 45200.847656 39730.617188 566241 527771.875000 38469.152344    38873 20799 33993 34596 37716 38588 41022 35662 40709 46012 48396 43539 40194
47932747 48232747 977980 45253.078125 39757.847656 566251 527759.125000 38491.847656    39364 20718 33866 34648 37485 38641 41485 35733 40164 46095 48740 43384 40071
48232748 48532748 978006 44773.152344 39352.078125 566241 528142.250000 38098.769531    38608 20628 33902 34087 37611 38251 40451 35694 39782 45482 48237 43049 39502
48532749 48832749 977915 44856.769531 39447.539062 566209 528012.312500 38196.691406    39437 20796 33613 34224 37247 38378 40917 35258 39908 45809 48280 42884 39806
48832750 49132750 978009 44840.691406 39431.617188 566249 528076.125000 38172.847656    39006 20696 33623 34335 37220 38455 41236 35584 39807 45437 48196 42971 39681
49132751 49432751 978005 40774.460938 35945.078125 566252 531442.562500 34809.460938    35435 18755 30591 31364 34111 35071 37450 32291 36416 41639 44115 39031 36254
49432752 49732752 977977 32537.615234 28775.076172 566231 538354.937500 27876.076172    28279 15301 24775 24822 27322 28110 29912 25720 29128 33303 35213 31364 29140
49732753 50032753 977942 44291.308594 38942.078125 566219 528514.250000 37704.769531    38473 20469 33044 34172 36978 38244 40633 34801 39509 44889 47412 42300 39238
50032754 50332754 978031 44675.000000 39274.769531 566288 528266.937500 38021.078125    38791 20951 33320 34161 37065 38420 40966 35640 39495 45296 48216 42662 39291
50332755 50632755 977878 44615.539062 39228.000000 566167 528194.312500 37972.691406    39086 20792 33535 34415 37379 38038 40586 35366 39434 45284 47969 42413 39348
50632756 50932756 978005 44462.539062 39100.382812 566264 528401.562500 37862.460938    38854 20398 33786 33817 36949 38087 40837 35141 39587 45235 47462 42581 39478
50932757 51232757 977967 44410.691406 39058.382812 566217 528392.437500 37824.539062    39128 20436 33360 33972 36988 38037 40519 34998 39485 45044 47948 42535 39269
51232758 51532758 978008 44392.078125 39052.921875 566262 528447.312500 37814.691406    38363 20562 33442 34408 37419 37746 40725 35179 39327 44986 47921 42462 39051
51532759 51832759 977996 44059.460938 38798.382812 566239 528683.312500 37555.691406    38353 20516 33013 34023 36747 37744 40549 34811 39211 44885 47328 42004 39040
51832760 52132760 977979 44160.539062 38883.308594 566241 528613.750000 37627.230469    38642 20703 33139 33730 37089 37957 40305 35025 39109 44787 47284 42824 38560
52132761 52432761 978010 44055.000000 38755.691406 566252 528738.125000 37513.847656    38381 20192 33067 33944 36981 37664 40495 34829 38851 44646 47374 42220 39036
52432762 52732762 977968 44067.921875 38790.382812 566232 528677.437500 37554.539062    38451 20432 33006 33707 36650 38045 40687 34599 39267 44778 47369 42152 39066
52732763 53032763 977913 43876.617188 38660.152344 566204 528771.937500 37432.078125    38181 20306 33274 33584 36804 37752 40132 34533 38982 44800 46885 42412 38972
53032764 53332764 977975 43780.539062 38575.230469 566226 528869.312500 37356.691406    38254 20295 32948 33588 36695 37391 40362 34738 38958 44378 47018 42038 38974
53332765 53632765 978038 43514.921875 38311.691406 566281 529181.937500 37099.078125    37429 20022 32692 33601 36048 37762 40407 34427 38929 44254 46755 41396 38566
53632766 53932766 977940 43352.769531 38189.617188 566202 529215.625000 36986.382812    37956 19854 32584 33489 36002 37138 39746 34525 38684 44221 46695 41707 38222
53932767 54232767 978003 43152.921875 38020.921875 566268 529459.125000 36808.847656    37952 19938 32454 32978 35868 37064 39571 34360 38506 44150 46370 41061 38243
54232768 54532768 978018 43127.000000 38006.847656 566244 529434.750000 36809.230469    37612 19893 32657 33066 35883 37085 39706 33993 38518 43947 46480 41263 38417
54532769 54832769 978018 42990.539062 37868.769531 566266 529581.375000 36684.617188    37712 19961 32249 32826 36074 36488 39583 33986 38521 43645 46525 41157 38173
54832770 55132770 978041 42946.460938 37831.769531 566264 529634.437500 36629.539062    37538 19757 32122 32702 35676 36659 39515 34047 38608 43543 46585 41171 38261
55132771 55432771 978012 42897.152344 37827.308594 566256 529632.625000 36623.382812    37589 19895 32322 32609 35733 36880 39667 33856 38177 43850 46061 41475 37990
55432772 55732772 977942 42604.152344 37547.152344 566214 529868.437500 36345.539062    37067 19551 31540 32733 35778 36753 39074 33543 38171 43408 45928 41307 37639
55732773 56032773 978008 42556.921875 37525.308594 566251 529915.750000 36335.230469    36865 19802 31639 32482 35660 36611 39310 33684 37963 43435 46164 41042 37701
56032774 56332774 977918 42556.460938 37490.382812 566211 529898.312500 36312.691406    37345 19497 31975 32552 35433 36404 39395 33925 38093 43116 45965 40650 37715
56332775 56632775 977978 42345.691406 37320.152344 566220 530083.875000 36136.152344    36866 19704 32120 32507 35539 36147 38959 33456 37675 42608 45740 40846 37603
56632776 56932776 977934 42105.769531 37150.847656 566229 530252.062500 35976.921875    36564 19409 31766 32555 35490 36007 38666 33568 37333 43154 45494 40455 37239
56932777 57232777 977980 42250.078125 37244.847656 566225 530177.437500 36047.539062    36628 19529 31871 32362 35474 36442 38934 33026 37627 43177 45487 40607 37454
57232778 57532778 978004 42097.152344 37109.230469 566262 530336.375000 35925.617188    36810 19461 31466 32407 35487 36256 38754 33126 37511 42968 45197 40273 37317
57532779 57832779 977928 41842.691406 36893.691406 566200 530467.625000 35732.382812    36388 19377 31272 32376 34948 35559 38694 33210 37296 42864 45090 40278 37169
57832780 58132780 978009 41892.539062 36961.617188 566256 530443.125000 35812.847656    36714 19366 31579 32317 35068 36083 38608 33299 37362 42922 45354 39847 37048
58132781 58432781 978035 41711.078125 36795.078125 566273 530652.375000 35620.617188    36398 19331 31216 31938 35010 35794 38693 33040 36896 42382 45139 39978 37253
58432782 58732782 978013 41797.230469 36872.539062 566257 530564.000000 35693.000000    36565 19535 31363 32098 35059 36115 38652 32921 37431 42562 44988 40022 36698
58732783 59032783 977972 41623.769531 36703.152344 566233 530691.875000 35541.152344    36519 19277 31302 31929 34806 35603 38473 32931 36855 42301 45235 39818 36986
59032784 59332784 978036 41652.308594 36740.230469 566264 530681.250000 35582.769531    36210 19225 31199 31986 34945 36104 38306 33120 37361 42112 44981 40000 37027
59332785 59632785 977913 41269.078125 36423.617188 566210 530928.250000 35281.769531    36040 19216 31163 31767 34724 35367 38212 32688 36793 42050 44302 39711 36630
59632786 59932786 978014 41242.152344 36400.308594 566247 530987.687500 35259.308594    36050 19100 30994 32065 34505 35656 38023 32569 36844 41975 44383 39637 36570
59932787 60232787 978004 41242.617188 36408.769531 566266 531015.062500 35250.921875    36137 19013 31133 31843 34240 35463 38495 32875 36627 41749 44132 39587 36968
60232788 60532788 978012 41003.769531 36165.152344 566238 531232.687500 35005.308594    35737 19141 30917 31343 34077 35066 37921 32519 36720 41556 44203 39421 36448
60532789 60832789 978040 40362.691406 35670.921875 566281 531727.875000 34553.152344    35594 18756 30541 31053 33857 34680 37103 31945 36066 41088 43704 38859 35945
60832790 61132790 978009 40895.152344 36083.382812 566250 531303.062500 34946.921875    35781 18983 30761 31716 34284 34820 38037 32574 36305 41419 44034 38992 36604
61132791 61432791 978019 40914.921875 36169.921875 566255 531216.312500 35038.691406    35902 18933 31099 31392 34435 35201 37539 32151 36511 41882 44557 39385 36516
61432792 61732792 978040 40621.460938 35885.078125 566269 531538.750000 34730.230469    35482 18625 30792 31198 33949 34807 37539 31937 36196 41565 43937 39218 36248
61732793 61755141 72858 2849.307617 2514.615479 42185 39748.308594 2436.692383    2493 1357 2182 2109 2380 2401 2676 2267 2543 2896 3081 2733 2559
