27 3563
30227623 30256740 2014781 3947.615479 3865.615479 2014781 2010915.375000 3865.615479    4080 3654 3277 3221 3586 3902 4140 3266 3776 4447 4731 4407 3766
30322339 30350045 1917001 4.692307 2.461539 1917001 1916998.500000 2.461539    3 3 3 1 2 2 4 3 2 5 1 1 2
30361674 30389340 1914217 7.000000 4.538462 1914217 1914212.500000 4.538462    3 8 4 3 2 5 5 4 6 9 3 4 3
30401059 30430164 2013317 12.076923 8.923077 2013317 2013308.000000 8.923077    10 10 6 5 8 7 6 7 10 8 13 14 12
30441810 30470932 2015829 22.538462 19.384615 2015829 2015809.875000 19.384615    22 21 23 16 24 18 17 18 15 26 18 16 18
30481182 30510338 2017419 55.307693 50.923077 2017419 2017368.125000 50.923077    48 42 32 46 38 60 63 42 55 63 68 56 49
30521974 30549619 1913401 123.153847 118.615387 1913401 1913282.250000 118.615387    138 124 89 94 131 110 142 103 117 123 144 112 115
30561277 30590471 2020191 302.846161 293.615387 2020191 2019897.375000 293.615387    319 275 258 246 279 302 330 254 270 318 362 307 297
30600618 30629797 2019148 653.615356 637.153870 2019148 2018511.125000 637.153870    666 614 552 550 536 625 677 548 601 751 809 717 637
30641370 30670514 2016036 1260.000000 1231.230713 2016036 2014804.750000 1231.230713    1287 1140 1043 964 1123 1224 1284 1102 1221 1437 1556 1411 1214
30680736 30709940 2020888 2085.153809 2041.846191 2020888 2018846.125000 2041.846191    2197 1935 1824 1708 1890 1978 2190 1747 2028 2336 2474 2296 1941
30721526 30749257 1919357 2824.461426 2761.461426 1919357 1916595.750000 2761.461426    2884 2634 2352 2405 2563 2743 2942 2313 2710 3110 3367 3144 2732
30760902 30788527 1910628 3501.307617 3427.076904 1910628 1907200.625000 3427.076904    3612 3254 2864 2878 3181 3355 3578 2991 3458 3935 4266 3841 3339
30801693 30829407 1917485 3793.153809 3715.692383 1917485 1913769.500000 3715.692383    3906 3661 3209 3065 3452 3679 3979 3261 3773 4242 4325 4106 3646
30841053 30868654 1910341 3501.538574 3428.538574 1910341 1906912.250000 3428.538574    3577 3265 2951 2842 3161 3422 3649 3012 3425 3843 4142 3877 3405
30881807 30909522 1917621 2883.384521 2824.846191 1917621 1914796.125000 2824.846191    2987 2688 2453 2473 2564 2846 3021 2448 2793 3130 3420 3167 2733
30921275 30950250 2004987 2082.153809 2037.846191 2004987 2002949.250000 2037.846191    2143 1954 1734 1656 1843 2090 2097 1787 2055 2314 2496 2307 2016
30961919 30989583 1914727 1190.307739 1165.230713 1914727 1913561.875000 1165.230713    1214 1060 985 997 1041 1187 1250 1055 1182 1327 1420 1303 1127
31001247 31028989 1919422 619.846130 605.307678 1919422 1918816.500000 605.307678    649 608 511 507 488 566 700 529 607 697 734 665 608
31040637 31069745 2014138 302.461548 294.076935 2014138 2013844.000000 294.076935    311 258 237 265 283 309 305 274 271 303 367 353 287
31081390 31109048 1914271 119.461540 114.307693 1914271 1914156.625000 114.307693    126 111 101 90 125 122 124 81 111 118 145 112 120
31120716 31149904 2019659 56.923077 53.153847 2019659 2019605.875000 53.153847    62 48 43 38 54 53 65 43 49 57 63 72 44
31161537 31189268 1918747 20.461538 17.923077 1918747 1918729.250000 17.923077    20 15 14 13 22 15 11 12 25 24 24 19 19
31200911 31230067 2016774 12.000000 8.230769 2016774 2016765.875000 8.230769    8 4 8 3 8 7 8 11 7 14 9 8 12
31240185 31269351 2018241 8.769231 5.000000 2018241 2018236.000000 5.000000    8 3 3 3 6 4 12 3 3 6 5 4 5
31279577 31308660 2011358 7.153846 4.461538 2011358 2011353.500000 4.461538    3 4 6 3 4 5 2 5 8 4 3 4 7
31374236 31401971 1919636 3797.769287 3718.307617 1919636 1915917.500000 3718.307617    3935 3437 3189 3138 3487 3712 3963 3240 3815 4279 4466 4134 3543
