253 2028
80561455 80861455 977609 62510.917969 53927.500000 556336 502409.593750 53926.417969    53371 50335 45455 0 50472 51112 57412 48055 53851 61574 63895 58214 53371
80861456 81161456 977663 65735.085938 56486.667969 556334 499847.500000 56486.500000    55853 52510 47133 0 53097 53742 59991 50283 56248 64518 67138 61029 56296
81161457 81461457 977558 48430.000000 41994.167969 556310 514315.906250 41994.082031    42072 38987 34929 0 39584 39809 44559 37253 41947 47929 50108 45120 41632
81461458 81761458 977536 57477.917969 49603.417969 556260 506656.750000 49603.250000    48943 46288 41996 0 46044 47130 52578 44587 49295 56901 58994 53366 49117
81761459 82061459 977602 65181.167969 56082.167969 556343 500261.343750 56081.667969    55702 52033 47281 0 52443 53186 59447 50113 55796 64143 66818 60126 55892
82061460 82361460 977717 64760.750000 55698.250000 556361 500663.250000 55697.750000    55293 51683 46841 0 51968 52241 58914 49860 55377 64054 66452 60176 55514
82361461 82661461 977629 64391.250000 55378.332031 556333 500955.406250 55377.582031    54759 51410 46618 0 51802 52536 58343 49354 55265 63466 65972 59908 55098
82661462 82961462 977657 64144.500000 55230.167969 556317 501087.156250 55229.832031    55062 51492 46209 0 51864 52064 58376 49451 54911 63134 65884 59377 54934
82961463 83261463 977695 63993.832031 55106.667969 556353 501247.500000 55105.500000    54428 51312 46650 0 51356 52401 58144 49074 54930 63070 65943 59241 54717
83261464 83561464 977583 63765.917969 54932.917969 556286 501353.406250 54932.582031    54011 51400 45841 0 51570 51935 58116 49033 54936 62502 65431 59413 55003
83561465 83861465 977647 63362.332031 54570.750000 556317 501747.000000 54570.000000    53767 50639 46051 0 50945 52035 58128 48749 54347 62068 65078 58522 54511
83861466 84161466 977583 63140.917969 54383.917969 556305 501921.593750 54383.417969    53590 50647 45933 0 51081 51334 57457 48912 54022 61977 64435 59114 54099
84161467 84461467 977608 62872.167969 54237.832031 556278 502040.500000 54237.500000    53687 50539 45722 0 50545 51319 57792 48433 54049 61758 64597 58428 53981
84461468 84761468 977689 62768.332031 54091.167969 556366 502275.500000 54090.500000    53648 50347 45727 0 50469 50829 57414 48619 53579 61827 64531 58102 53994
84761469 85061469 977595 61716.500000 53212.832031 556270 503057.656250 53212.332031    52662 49275 45041 0 49703 50303 56433 47497 52557 61130 63699 57362 52886
85061470 85361470 977585 62602.832031 53938.167969 556310 502372.000000 53938.000000    53445 50620 45260 0 49993 51304 56908 48315 53464 61295 64773 58201 53678
85361471 85661471 977694 62491.250000 53832.250000 556338 502506.093750 53831.917969    53231 50324 45279 0 50320 50767 57100 47970 53808 61298 64182 57825 53879
85661472 85961472 977659 62249.582031 53686.332031 556349 502663.250000 53685.750000    52897 49522 44888 0 50289 51098 56660 48309 53443 61451 64067 58066 53539
85961473 86261473 977601 62022.250000 53511.332031 556291 502780.406250 53510.582031    52661 49755 45115 0 49919 50684 56782 47966 53413 61135 63988 57257 53452
86261474 86561474 977716 61877.000000 53394.832031 556364 502969.906250 53394.082031    52779 49956 44516 0 50057 50934 56840 47580 52796 60706 63854 57405 53306
86561475 86861475 977632 61555.750000 53111.917969 556336 503224.250000 53111.750000    51962 49603 45212 0 49540 49952 56340 47908 53012 60673 63123 57203 52813
86861476 87161476 977653 61325.917969 52899.082031 556312 503413.250000 52898.750000    52165 48939 44476 0 49309 50329 56473 47069 52994 60452 63111 57069 52399
87161477 87461477 977644 61226.167969 52871.000000 556342 503471.093750 52870.917969    52106 49274 44629 0 48946 50446 55938 47294 52905 60555 63211 56538 52609
87461478 87761478 977625 60834.332031 52539.832031 556291 503751.593750 52539.417969    51991 49185 43994 0 48888 49727 55345 47007 52374 60350 62847 56481 52284
87761479 88061479 977673 60631.667969 52394.832031 556363 503968.656250 52394.332031    51663 48631 43796 0 48714 50407 55694 46795 52208 59787 62374 56198 52465
88061480 88361480 977645 60433.000000 52212.167969 556302 504090.406250 52211.582031    51238 48617 43920 0 48861 50107 55096 46789 51843 59663 61791 56487 52127
88361481 88661481 977647 59806.082031 51633.667969 556339 504808.250000 51530.750000    50555 47799 43434 0 48292 49144 53178 46239 51418 59038 61710 56000 51562
88661482 88961482 977608 59676.332031 51539.667969 556289 506411.343750 49877.667969    50929 47871 43236 0 48067 49239 34413 46177 51757 58558 61353 55446 51486
88961483 89261483 977656 59618.082031 51517.667969 556330 506509.156250 49820.832031    51048 47882 43043 0 48067 48991 34667 45932 50839 59039 61372 55405 51565
89261484 89561484 977576 59372.500000 51277.417969 556285 506680.656250 49604.332031    50664 47831 42979 0 47822 49152 34282 46231 50858 58190 61232 55219 50792
89561485 89861485 977634 59244.917969 51219.500000 556304 506760.250000 49543.750000    50571 47764 42924 0 47449 48307 34227 46073 51067 58193 61299 55226 51425
89861486 90161486 977627 58927.332031 50950.832031 556330 507018.156250 49311.832031    50109 47256 43154 0 47373 48294 34145 45776 50609 58356 60707 54928 51035
90161487 90461487 977615 58929.417969 50948.917969 556288 506992.750000 49295.250000    49772 47466 42861 0 47135 48515 34367 45207 50716 58230 61123 55305 50846
90461488 90761488 977637 58795.917969 50915.250000 556342 507066.656250 49275.332031    50434 47357 42634 0 47653 48495 34446 45458 50588 58069 60806 54780 50584
90761489 91061489 977653 58611.832031 50682.832031 556307 507266.656250 49040.332031    50048 47114 42457 0 47463 48416 33987 45406 49948 57889 60536 54407 50813
91061490 91361490 977691 58273.750000 50418.667969 556373 507592.500000 48780.500000    49667 46718 42640 0 47177 47742 33977 45161 49834 57517 60308 54270 50355
91361491 91661491 977622 58098.917969 50296.750000 556289 507636.750000 48652.250000    50012 46566 42285 0 46354 47913 33618 44940 49948 57616 59783 54538 50254
91661492 91961492 977631 57668.832031 49948.167969 556334 508014.343750 48319.667969    49102 46264 42276 0 46704 47205 33439 44937 49672 57062 59543 53588 50044
91961493 92261493 977693 57640.250000 49906.000000 556345 508059.906250 48285.082031    49081 46267 42075 0 46548 47408 33457 44681 49739 56775 60002 53697 49691
92261494 92561494 977640 57205.250000 49526.250000 556320 508427.656250 47892.332031    48932 45745 41635 0 46084 47174 33214 44263 49259 56290 59506 53311 49295
92561495 92861495 977629 57244.082031 49572.332031 556326 508364.906250 47961.082031    48878 46347 41541 0 46870 46606 33318 44279 49326 56536 59288 53182 49362
92861496 93161496 977612 57032.750000 49430.417969 556286 508456.906250 47829.082031    49133 45992 41894 0 46176 46924 32985 43958 48990 56200 59059 53097 49541
93161497 93461497 977685 56980.167969 49423.667969 556367 508536.906250 47830.082031    48667 46038 41803 0 45787 46667 33175 44168 49550 56159 59683 53027 49237
93461498 93761498 977611 56689.082031 49125.917969 556282 508753.500000 47528.500000    48541 45723 41331 0 45823 46490 33169 43762 48931 56115 58536 52980 48941
93761499 94061499 977631 56547.917969 49051.917969 556339 508897.000000 47442.000000    48566 45457 41282 0 45489 46325 32878 43633 48899 55878 58867 52832 49198
94061500 94361500 977581 56423.417969 48917.250000 556260 508938.843750 47321.167969    48193 45133 41472 0 45888 46600 32791 43530 48611 55627 58463 52635 48911
94361501 94661501 977653 56086.500000 48661.000000 556346 509269.656250 47076.332031    47986 45332 40912 0 45594 45924 32814 43226 48462 55414 58408 52406 48438
94661502 94961502 977609 55832.417969 48388.917969 556288 509462.656250 46825.332031    47836 45075 41003 0 45332 45569 32335 43176 48330 54947 58107 51914 48280
94961503 95261503 977642 55784.832031 48381.667969 556330 509537.593750 46792.417969    47654 44886 40529 0 45252 45868 32629 43025 48451 55109 58002 52043 48061
95261504 95561504 977611 55358.332031 48078.582031 556306 509783.156250 46522.832031    47509 44767 40333 0 44481 45842 32603 43080 48065 54969 57094 51812 47719
95561505 95861505 977629 55371.417969 48073.417969 556297 509795.000000 46502.000000    47420 44695 40545 0 44927 45479 32178 42731 47602 54800 57682 52013 47952
95861506 96161506 977658 55084.832031 47849.250000 556349 510067.343750 46281.667969    47321 44664 40292 0 44668 45475 32087 43031 47671 54384 57175 51236 47376
96161507 96461507 977624 55008.917969 47766.750000 556293 510076.500000 46216.500000    47248 44179 40236 0 44347 45611 32074 42778 47663 54402 57081 51068 47911
96461508 96761508 977571 54362.417969 47192.582031 556299 510647.000000 45652.000000    46604 43976 39614 0 44177 44774 31697 41817 47085 54187 56031 51284 46578
96761509 97061509 977655 55625.500000 48240.750000 556304 509633.656250 46670.332031    48024 45046 40524 0 44999 45750 32329 43075 47894 54961 57526 51729 48187
97061510 97361510 977643 55829.332031 48433.082031 556342 509509.156250 46832.832031    47678 45263 40888 0 45112 45833 32537 43279 48112 55024 58011 51905 48352
97361511 97661511 977609 55690.582031 48308.000000 556280 509532.750000 46747.250000    47643 45032 40291 0 45016 45446 32385 43323 48475 55254 58003 52016 48083
97661512 97961512 977595 55428.417969 48056.167969 556308 509821.343750 46486.667969    47691 44642 40395 0 44311 46121 32005 43235 47713 55155 57003 51849 47720
97961513 98261513 977614 55325.667969 48010.167969 556298 509859.500000 46438.500000    47327 44308 40232 0 44768 45584 32316 42907 47478 54948 57876 51599 47919
98261514 98561514 977590 55151.917969 47831.082031 556293 510030.750000 46262.250000    47340 44598 40241 0 44328 45642 31992 42555 47554 54538 57120 51347 47892
98561515 98861515 977679 54946.417969 47680.667969 556350 510219.500000 46130.500000    46918 44202 40591 0 44771 45242 32184 42616 46910 54202 56785 51256 47889
98861516 99161516 977586 54756.000000 47522.750000 556278 510321.156250 45956.832031    46745 43939 39749 0 44197 45113 31887 42395 47358 54495 56979 51089 47536
99161517 99461517 977606 54652.417969 47460.417969 556318 510419.656250 45898.332031    47050 44481 40029 0 44331 44665 31939 42083 47051 53810 56908 51237 47196
99461518 99761518 977679 54481.832031 47304.582031 556322 510568.906250 45753.082031    46706 44252 39908 0 43570 44901 32067 42344 46929 53731 56995 50617 47017
99761519 100061519 977611 54190.167969 47069.667969 556323 510789.250000 45533.750000    46298 43769 39520 0 43991 44746 31491 42202 46753 53631 56414 50537 47053
100061520 100361520 977562 54166.417969 47064.582031 556252 510714.500000 45537.500000    46418 43817 39626 0 43677 44977 31785 41707 46982 53904 56194 50115 47248
100361521 100661521 977566 54088.832031 47034.917969 556299 510780.656250 45518.332031    46617 44156 39734 0 43701 44770 31631 42096 46779 53497 56030 50462 46747
100661522 100961522 977550 53825.250000 46787.500000 556255 510964.843750 45290.167969    46100 43473 39113 0 43400 44774 31581 42004 46489 53199 56153 50336 46860
100961523 101261523 977665 53823.000000 46782.167969 556347 511100.000000 45247.000000    46171 43859 39285 0 43568 44506 31482 41688 46277 52970 56211 50156 46791
101261524 101561524 977537 53572.832031 46572.332031 556256 511227.343750 45028.667969    46256 43176 38976 0 43188 43879 31474 41581 46272 53205 55787 50065 46485
101561525 101861525 977623 53578.500000 46596.500000 556300 511225.250000 45074.750000    46015 43474 38916 0 43666 44575 31217 41726 46443 52870 56050 49888 46057
101861526 102161526 977637 53294.667969 46365.582031 556326 511467.843750 44858.167969    45897 43428 39370 0 43177 44065 31382 41128 45851 52873 55353 49521 46253
102161527 102461527 977621 53257.917969 46209.167969 556287 511574.250000 44712.750000    45816 42989 38465 0 43152 44076 31110 41254 46071 52733 54768 49702 46417
102461528 102761528 977581 53097.417969 46153.832031 556304 511637.656250 44666.332031    45837 43163 39053 0 43180 43609 31181 41435 45866 52756 54462 49730 45724
102761529 103061529 977677 52806.582031 45901.000000 556324 511908.500000 44415.500000    45528 42573 38804 0 42968 43711 30985 40994 45424 52453 54424 48981 46141
103061530 103361530 977539 52679.832031 45772.167969 556281 511988.000000 44293.000000    45278 42583 38606 0 42344 43739 30963 40950 45447 52307 54245 49267 45787
103361531 103661531 977624 52740.417969 45847.082031 556293 511936.000000 44357.000000    45248 42926 38813 0 42976 43742 30894 41278 45432 52451 54206 48954 45364
103661532 103961532 977673 52543.250000 45652.500000 556355 513153.093750 43201.917969    45534 42656 38695 0 42672 43510 30734 29356 45352 51692 53750 48981 45491
103961533 104261533 977620 52366.500000 45504.917969 556297 513403.406250 42893.582031    45166 42370 38432 0 42837 43148 30719 26978 45124 51837 53575 48720 45817
104261534 104561534 977665 52124.417969 45341.667969 556338 513588.906250 42749.082031    44859 42436 38244 0 42368 43233 30513 26752 45133 51315 53781 48815 45540
104561535 104861535 977582 52025.000000 45213.917969 556293 513643.906250 42649.082031    44793 41954 38390 0 41995 43117 30571 26871 44872 51736 53240 48972 45278
104861536 105161536 977595 51853.500000 45126.167969 556271 513734.250000 42536.750000    44800 42139 38129 0 42167 42999 30232 26902 44831 51438 53521 48616 44667
105161537 105461537 977712 51148.667969 44499.832031 556383 514442.093750 41940.917969    44181 41233 37621 0 41560 42519 29925 26406 44009 50705 52664 48103 44365
105461538 105761538 977576 39642.250000 34685.582031 556263 523563.093750 32699.916016    34212 32455 29281 0 32521 33138 23544 20720 34485 39048 41111 37406 34478
105761539 106061539 977653 43426.500000 37916.000000 556350 520618.093750 35731.917969    37656 35205 31748 0 35244 36596 25659 22794 37176 43390 45113 40717 37485
106061540 106361540 977620 51469.917969 44791.332031 556285 514079.093750 42205.917969    44227 41946 37649 0 41943 42796 30074 26577 44491 50823 52705 48305 44935
106361541 106661541 977682 51383.832031 44722.250000 556369 514213.906250 42155.082031    43965 41751 37455 0 41946 42963 30114 26574 44617 51184 52885 47872 44535
106661542 106961542 977643 51041.000000 44428.500000 556305 514412.593750 41892.417969    44354 41093 37083 0 41778 42313 29687 26549 44417 50695 52680 47603 44457
106961543 107261543 977604 51010.667969 44368.750000 556312 514489.843750 41822.167969    44240 41260 37238 0 41471 42109 29837 26341 44456 50753 52180 47554 44427
107261544 107561544 977612 50869.582031 44302.250000 556298 514533.593750 41764.417969    43814 41276 37169 0 41524 42176 29758 26445 44069 50218 52716 47850 44158
107561545 107861545 977690 50849.250000 44279.750000 556337 514589.750000 41747.250000    44125 41349 37445 0 41461 42142 29996 26225 43772 50411 52380 47799 43862
107861546 108161546 977658 50372.500000 43905.917969 556347 514975.406250 41371.582031    43570 40830 36975 0 41156 42154 29072 26203 43548 50224 51838 47164 43725
108161547 108461547 977637 50256.667969 43839.417969 556294 514979.750000 41314.250000    43580 41159 37149 0 40766 41508 29369 25909 43779 49768 52081 47109 43594
108461548 108761548 977674 50107.082031 43678.167969 556357 515189.750000 41167.250000    43247 40715 36704 0 41044 41208 29083 26007 43751 49774 52224 46796 43454
108761549 109061549 977595 49977.582031 43565.250000 556265 515201.500000 41063.500000    43124 40469 36867 0 40818 41383 29192 26111 43466 49349 51702 46836 43445
109061550 109361550 977492 49574.167969 43222.750000 556252 515508.406250 40743.582031    42769 40256 36405 0 40255 41195 29193 25580 43297 49209 50941 46623 43200
109361551 109661551 977689 49629.000000 43241.082031 556329 515582.250000 40746.750000    42554 40222 36617 0 40292 41213 29103 25543 42943 49466 50937 46887 43184
109661552 109961552 977672 49548.500000 43241.917969 556359 515612.000000 40747.000000    42188 40225 36570 0 40458 41449 29039 25727 42985 49187 51448 46420 43268
109961553 110261553 977628 49438.417969 43104.000000 556309 515665.906250 40643.082031    42886 40593 36365 0 40356 41254 28954 25273 42628 49273 51002 46462 42671
110261554 110561554 977632 49235.667969 42910.750000 556315 515866.343750 40448.667969    42321 40380 36101 0 39988 41094 28583 25350 42715 48747 50858 46115 43132
110561555 110861555 977655 49240.082031 43001.417969 556357 515815.000000 40542.000000    42903 40013 36340 0 40187 40619 28757 25525 42872 49313 50624 46081 43270
110861556 111161556 977761 48985.082031 42732.417969 556400 516111.343750 40288.667969    42323 39367 36152 0 39785 40927 28817 25304 42744 48493 51073 45905 42574
111161557 111461557 977499 48668.167969 42428.500000 556278 516277.156250 40000.832031    41727 39194 35772 0 39451 40524 28519 25188 42364 48320 50350 45910 42691
111461558 111761558 977701 48866.582031 42625.417969 556359 516173.906250 40185.082031    42286 39823 35894 0 39740 40608 28531 25133 42414 48305 51103 45935 42449
111761559 112061559 977660 48869.082031 42662.500000 556373 516178.656250 40194.332031    42308 39798 35913 0 39631 40695 28462 25317 42546 48528 50560 45757 42817
112061560 112361560 977731 48620.000000 42415.167969 556377 516408.750000 39968.250000    42149 39623 35940 0 39892 40361 28572 25078 41896 48581 50152 45410 41965
112361561 112661561 977733 48542.250000 42389.250000 556419 516466.843750 39952.167969    41537 39406 35578 0 39552 40700 28415 25080 42221 48125 50630 46011 42171
112661562 112961562 977633 48424.332031 42259.417969 556324 516480.906250 39843.082031    41547 39373 35620 0 39409 40149 28411 24974 42197 48401 50267 45341 42428
112961563 113261563 977736 48377.667969 42200.750000 556413 516627.406250 39785.582031    42312 39672 35464 0 39455 40050 27906 25099 41560 48277 50043 45225 42364
113261564 113561564 977702 48172.000000 42067.417969 556378 516731.500000 39646.500000    41382 39110 35416 0 39326 39903 28460 25017 41742 47851 50077 45438 42036
113561565 113861565 977757 47957.167969 41846.832031 556405 516940.656250 39464.332031    41415 39071 35412 0 38984 39926 28149 24641 41478 47813 49936 44982 41765
113861566 114161566 977760 47961.500000 41869.082031 556429 516955.343750 39473.667969    41402 39167 35096 0 39186 40097 28033 24773 41579 47819 49775 44667 42090
114161567 114461567 977592 47784.250000 41729.750000 556294 516949.843750 39344.167969    41004 38863 35320 0 38971 40133 28034 24585 41199 47771 49592 44703 41955
114461568 114761568 977669 47613.667969 41584.250000 556379 517150.093750 39228.917969    40962 38635 35136 0 39025 39590 27887 24706 41506 47787 49289 44749 41475
114761569 115061569 977598 46988.500000 41062.582031 556300 517569.093750 38730.917969    40955 38548 34685 0 38350 39211 27728 24435 40829 46657 48770 43773 40830
115061570 115361570 977720 47568.917969 41534.417969 556406 517250.093750 39155.917969    41198 38157 34936 0 38971 39664 27892 24412 41265 47426 49445 44988 41517
115361571 115661571 977700 47532.667969 41458.917969 556361 517272.250000 39088.750000    41119 38678 35034 0 38710 39560 28063 24441 41088 46872 49273 44913 41314
115661572 115961572 977529 47345.750000 41365.917969 556295 517312.656250 38982.332031    41018 38783 34843 0 38661 38923 27838 24587 41028 47340 49225 44303 41239
115961573 116261573 977630 47213.832031 41244.582031 556324 517452.343750 38871.667969    40934 38591 34979 0 38530 39250 27567 24443 40916 47172 48823 44154 41101
116261574 116561574 977598 47128.582031 41197.082031 556320 517483.906250 38836.082031    41093 38418 34571 0 38521 39099 27753 24340 40956 47109 48651 44651 40871
116561575 116861575 977732 47089.332031 41167.167969 556401 517588.593750 38812.417969    40735 38406 34765 0 38341 39665 27776 24189 40759 46749 49195 44222 40947
116861576 117161576 977721 46847.667969 40926.417969 556378 517789.500000 38588.500000    41187 38108 34732 0 38215 38747 27428 24162 40781 46415 48546 44022 40719
117161577 117461577 977797 46895.500000 40971.000000 556455 517796.593750 38658.417969    41009 38170 34373 0 38498 39005 27309 24182 40687 46736 48927 44242 40763
117461578 117761578 977732 46587.250000 40704.167969 556377 518004.093750 38372.917969    40274 37828 34204 0 38057 39226 26964 24016 40140 46819 48376 43861 40710
117761579 118061579 805753 38466.332031 33681.832031 458538 425308.093750 33229.917969    33674 31411 28226 21994 31461 31779 32300 27796 33526 38066 40342 36347 33831
118061580 118361580 977909 46638.832031 40837.000000 556524 515687.156250 40836.832031    41079 37890 34273 34786 38122 38782 43052 36292 40441 46561 48908 43996 40646
118361581 118661581 977983 46432.832031 40680.332031 556542 515861.843750 40680.167969    40538 37989 34003 34488 37995 38733 43062 36377 40517 45954 48986 43431 40577
118661582 118961582 977984 46338.167969 40618.750000 556558 515939.593750 40618.417969    40744 37813 34134 34815 38181 38815 43050 35822 40226 45904 48634 43673 40425
118961583 119261583 977955 46167.500000 40467.082031 556534 516067.656250 40466.332031    40168 37682 33933 35042 37994 38604 42279 35825 40426 45853 48618 43776 40438
119261584 119561584 977945 46068.832031 40407.917969 556514 516106.906250 40407.082031    40170 37272 33879 34656 37916 38736 42449 35740 40412 45957 48856 43538 39960
119561585 119861585 977952 46010.582031 40365.000000 556547 516182.750000 40364.250000    40149 37458 33942 34637 37789 38460 42342 35775 40065 46203 48469 43791 39928
119861586 120161586 977989 46035.332031 40352.667969 556537 516184.906250 40352.082031    40145 37725 33682 34417 37793 38408 42892 36022 39560 45918 48477 43451 40152
120161587 120461587 977979 45704.667969 40036.832031 556570 516533.656250 40036.332031    39807 37081 33500 34537 37441 38276 42220 35643 39690 45295 47904 43455 40124
120461588 120761588 977934 45569.167969 39947.082031 556499 516552.156250 39946.832031    39437 36872 33413 34347 37602 38204 42264 35412 39503 45633 48013 43074 39935
120761589 121061589 976148 45331.750000 39779.667969 555550 515770.906250 39779.082031    39278 36957 33376 33934 37084 38259 42164 35102 39673 45224 47984 42695 39553
121061590 121361590 977984 45432.417969 39821.667969 556531 516709.406250 39821.582031    39990 37091 33384 34490 37131 38138 41897 35041 39501 45210 47683 43291 39502
121361591 121661591 977988 45335.832031 39761.417969 556569 516808.156250 39760.832031    39718 36936 33438 34241 37237 38019 42259 35020 39347 45147 47709 42739 39561
121661592 121961592 978021 45100.917969 39569.832031 556567 516997.843750 39569.167969    39323 36753 33179 34036 36860 37636 42304 35318 39162 45016 47538 42308 39433
121961593 122261593 978006 45052.082031 39541.250000 556566 517025.156250 39540.832031    39613 36652 33275 33872 36896 37948 41873 34873 39060 44901 47497 42662 39240
122261594 122561594 977954 44942.167969 39422.500000 556541 517118.906250 39422.082031    39231 36331 33058 33819 36713 37293 41919 35062 39188 45065 47503 42560 39142
122561595 122861595 978049 44769.750000 39305.667969 556578 517272.906250 39305.082031    39125 36432 33199 33966 36385 37805 41411 35001 39019 44882 47342 42409 38651
122861596 123161596 977954 44774.417969 39305.582031 556548 517242.750000 39305.250000    38862 36635 33102 33707 37042 37435 41563 34762 38708 44819 47523 42333 38879
123161597 123461597 977982 44620.832031 39178.500000 556535 517356.656250 39178.332031    38928 36235 33209 33778 36412 37351 41373 34579 39028 44341 46972 42634 39078
123461598 123761598 977980 44517.167969 39097.582031 556576 517478.843750 39097.167969    38913 36151 32493 33251 36255 37196 41276 34890 38844 44706 47222 42279 38941
123761599 124061599 977954 44263.167969 38855.582031 556512 517656.906250 38855.082031    38349 35699 32653 33472 36541 37098 40974 34769 38346 44373 46702 41879 38878
124061600 124361600 977987 44049.667969 38675.667969 556577 517901.593750 38675.417969    38106 35941 32332 33649 36211 36811 40770 34408 38647 44118 46546 41825 38390
124361601 124661601 978015 43908.582031 38567.082031 556552 517985.250000 38566.750000    38204 35975 32467 33088 35750 36508 40739 34375 38312 44074 46071 41731 38595
124661602 124961602 977953 43799.332031 38473.332031 556543 518070.250000 38472.750000    38566 35732 32162 33099 35955 36476 40657 33994 37894 43805 46354 41619 38459
124961603 125261603 977918 43446.500000 38157.332031 556511 518354.000000 38157.000000    37965 35395 32116 32825 35555 36241 40102 33950 38073 43668 45940 40703 38176
125261604 125561604 978009 43907.000000 38543.917969 556559 518015.406250 38543.582031    38436 35798 31965 33039 36122 36459 40509 34385 38234 44163 46495 41722 38235
125561605 125861605 977945 43817.667969 38494.167969 556544 518050.593750 38493.417969    38490 35623 32329 32926 35721 36690 40767 34297 37833 43857 46247 41692 38375
125861606 126161606 977975 43670.917969 38345.500000 556523 518178.250000 38344.750000    38281 35656 32065 33225 35542 36741 40744 34053 37950 43497 46124 41290 38194
126161607 126461607 977991 43626.000000 38328.167969 556576 518248.500000 38327.500000    38332 35685 32442 32839 35750 36731 40569 33818 37862 43496 45956 41371 37918
126461608 126761608 978025 43546.582031 38282.417969 556556 518274.000000 38282.000000    38069 35765 32396 32632 35945 36361 40674 34059 37749 43491 45859 41001 38015
126761609 127061609 978011 43322.582031 38078.250000 556586 518508.656250 38077.332031    37955 35026 32135 32700 35452 36326 40371 33744 37682 43419 45753 40913 38152
127061610 127361610 977985 43249.417969 38020.417969 556536 518515.906250 38020.082031    37747 35250 31880 32437 35743 36762 40210 33570 37613 43002 45641 40666 38157
127361611 127661611 977986 43072.750000 37857.832031 556573 518715.750000 37857.250000    37871 34721 31607 32376 35263 36653 40170 33424 37569 43262 45368 40646 37733
127661612 127961612 978013 42900.250000 37713.000000 556561 518848.250000 37712.750000    37254 35122 31818 32338 35017 35987 39724 33302 37333 43412 45409 40697 37478
127961613 128261613 977957 42856.582031 37647.917969 556538 518890.406250 37647.582031    37444 34790 31795 32195 35042 35872 40069 33163 37180 42933 45413 40511 37559
128261614 128561614 978020 42746.250000 37632.082031 556580 518948.343750 37631.667969    37404 35133 31675 32244 35323 35955 39558 33306 37439 42575 44789 40809 37614
128561615 128861615 977975 42627.167969 37478.417969 556533 519512.343750 37020.667969    37375 34731 31508 31950 34906 35968 39903 33064 31545 42412 44994 40549 37293
128861616 129161616 977919 42565.582031 37448.167969 556531 520210.343750 36320.667969    37257 34714 31084 32140 34938 35847 39621 33144 23415 42776 45158 40442 37452
129161617 129461617 977976 42426.582031 37335.250000 556526 520309.406250 36216.582031    37001 34461 31288 32148 34587 35764 39500 33255 23415 42584 44910 40550 37284
129461618 129761618 977988 42271.832031 37172.500000 556576 520526.406250 36049.582031    36886 34584 31372 31970 34422 35382 39460 32870 23443 42329 44692 39981 37174
129761619 130061619 978019 42306.667969 37220.667969 556553 520434.156250 36118.832031    36964 34731 31505 31591 34539 35472 39899 33102 23064 42254 44575 40084 37237
130061620 130361620 978016 42195.167969 37120.167969 556591 520584.406250 36006.582031    36917 34372 30925 31671 34252 35559 39589 32943 22960 42650 44705 39888 37319
130361621 130661621 978012 41963.167969 36900.582031 556555 520774.593750 35780.417969    36841 34336 31043 31702 34390 35249 39320 32673 23186 41777 44209 39739 36602
130661622 130961622 977987 41834.500000 36815.082031 556569 520858.406250 35710.582031    37057 34146 30994 31807 34373 35063 38976 32623 23154 41480 44453 39663 36545
130961623 131261623 978015 41691.750000 36696.832031 556565 520977.500000 35587.500000    36509 34189 30765 31591 34268 35203 39089 32277 23263 41878 44004 39051 36554
131261624 131561624 977953 41583.082031 36623.417969 556530 521008.656250 35521.332031    36247 34093 30824 31536 33844 35080 38710 32380 22908 42315 43992 39403 36460
131561625 131861625 978021 41383.417969 36437.000000 556586 521260.156250 35325.832031    36346 33681 30359 31219 33890 35225 38157 32188 22727 41651 43694 39445 36547
131861626 132161626 978050 41273.750000 36352.167969 556573 521314.656250 35258.332031    36347 33750 30340 31381 33745 34959 38698 32307 22781 41283 43649 38871 36370
132161627 132461627 978019 41281.917969 36346.250000 556595 521325.750000 35269.250000    36302 33938 30318 31115 33861 34943 38376 31832 22677 41445 43823 39079 36637
132461628 132761628 978046 41248.750000 36359.582031 556569 521320.906250 35248.082031    35847 33676 30566 30866 33956 34615 38502 32550 22856 41645 43488 39098 36178
132761629 133061629 977988 41212.667969 36279.832031 556577 521382.843750 35194.167969    36335 33742 30576 30793 33651 35055 38514 31815 22827 41187 43365 39000 36263
133061630 133361630 977988 40975.332031 36079.500000 556535 521535.906250 34999.082031    36007 33629 30373 30880 33898 34538 38030 31569 22562 40913 43215 39118 36137
133361631 133661631 977983 41085.750000 36191.582031 556568 521459.343750 35108.667969    35810 33412 30558 30859 33736 34571 38497 31971 22856 41466 43872 38764 35791
133661632 133961632 977915 40782.500000 35927.667969 556496 521639.750000 34856.250000    36049 33234 30225 30678 33465 34522 38035 31785 22567 40869 42875 38841 35808
133961633 134261633 978028 40647.750000 35786.417969 556580 521869.750000 34710.250000    35732 33443 29934 30567 33329 34200 38123 31826 22189 40324 43056 38704 35663
134261634 134561634 978049 40599.332031 35757.417969 556594 521904.250000 34689.750000    35875 33301 29898 30389 33210 34335 37689 31511 22486 40840 43069 38414 35649
134561635 134861635 978027 40301.500000 35546.167969 556571 522103.093750 34467.917969    35578 33167 29759 30018 33032 33935 37390 31496 22313 40142 42933 38516 35354
134861636 135161636 978024 40307.417969 35510.582031 556589 522140.593750 34448.417969    35270 32995 29820 30254 33315 33704 37716 31809 22375 40170 42694 38222 35291
135161637 135461637 978045 40227.667969 35487.332031 556572 522147.656250 34424.332031    35603 32706 29858 30207 33217 34038 38023 31131 22082 40287 42630 38270 35247
135461638 135761638 978026 40170.500000 35421.667969 556600 522243.156250 34356.832031    35387 32537 29758 30288 33075 33925 37877 31399 21980 40221 42520 38262 35341
135761639 136061639 978049 40243.250000 35506.167969 556571 522126.750000 34444.250000    35318 33052 29718 30384 33228 33855 37779 31444 22266 40165 42743 38281 35482
136061640 136361640 977992 40091.832031 35334.832031 556576 522298.500000 34277.500000    35239 32633 29969 30136 32894 33827 37420 31263 22097 40250 42400 37985 35353
136361641 136661641 978025 24675.083984 21913.750000 556559 535307.437500 21251.583984    21848 20408 18332 18873 20303 21022 23396 19300 13654 25267 26084 23707 21698
136661642 136961642 978054 38492.832031 33967.167969 556609 523649.250000 32959.750000    33794 31401 28336 29092 32058 32482 35685 29945 21641 38479 40877 36661 34158
136961643 137261643 978029 40038.332031 35288.832031 556572 522352.000000 34220.000000    35149 32567 29724 29913 33008 33845 37291 31120 22052 40267 42330 38175 35112
137261644 137561644 978024 39915.082031 35175.332031 556578 522480.250000 34097.750000    35008 32857 29750 30129 32769 33641 36846 31049 22090 39593 42309 37979 35282
137561645 137861645 978053 39718.082031 35008.082031 556603 522645.250000 33957.750000    34799 32395 29516 30119 32789 33613 36709 30712 22194 39916 42042 37659 35149
137861646 138161646 978024 39720.667969 35031.250000 556560 522576.250000 33983.750000    34785 32491 29407 30190 32873 33423 37338 30715 22121 39938 42238 37425 35051
138161647 138461647 978022 39681.000000 34964.582031 556595 522686.406250 33908.582031    34867 32983 29306 30168 32433 33541 36623 31125 22050 39613 42124 37592 34646
138461648 138761648 978055 39545.332031 34900.500000 556570 522720.906250 33849.082031    34913 32439 29137 30163 32558 33400 36517 31052 21837 39584 42443 37467 34842
138761649 139061649 978026 39540.750000 34839.332031 556597 522801.093750 33795.917969    34539 32435 29060 29594 32378 33544 36782 30876 22106 39725 41801 37918 34387
139061650 139361650 978049 39424.917969 34794.167969 556570 522815.406250 33754.582031    34875 32364 29068 29924 32364 33270 36806 30787 21867 39626 41900 37392 34736
139361651 139661651 978024 39274.332031 34639.167969 556596 523026.843750 33569.167969    34546 32000 28875 29830 32305 33335 36941 30844 21733 39247 41448 37228 34328
139661652 139961652 978025 39066.000000 34467.582031 556562 523136.406250 33425.582031    34321 32103 29039 29450 32188 32539 36728 30659 21849 39188 41251 36938 34304
139961653 140261653 978049 38981.500000 34365.417969 556599 523262.000000 33337.000000    34029 32103 28846 29441 32135 32944 36404 30461 21366 39089 41644 37064 33959
140261654 140561654 978020 38883.332031 34326.500000 556575 523289.656250 33285.332031    34433 31960 28675 29588 32162 32907 36435 30266 21505 38916 41023 37029 34113
140561655 140861655 976414 38772.582031 34212.250000 555656 522484.593750 33171.417969    34335 31958 28859 29383 31980 32565 36084 30361 21232 38371 41044 37020 34248
140861656 141161656 978052 38790.917969 34226.917969 556607 523413.906250 33193.082031    34050 31949 28623 29126 32167 32686 36333 29999 21442 38821 40876 37224 34147
141161657 141461657 978025 38633.500000 34084.750000 556557 523476.906250 33080.082031    34071 31804 28337 29188 31843 32339 36444 30023 21444 39047 41187 36381 34041
141461658 141761658 978025 38653.832031 34121.500000 556597 523512.093750 33084.917969    33954 31695 28605 29475 31743 32733 36455 29972 21502 38684 40912 36643 34121
141761659 142061659 978046 38488.000000 34014.332031 556568 523579.843750 32988.167969    33980 31643 28424 29133 31490 32603 35979 29816 21410 39122 41047 36403 33941
142061660 142361660 978024 38386.417969 33874.917969 556600 523741.500000 32858.500000    33665 31644 28134 29076 31470 32235 35808 30305 21670 38579 40923 36145 33724
142361661 142661661 978025 38327.582031 33810.167969 556561 523752.406250 32808.582031    33574 31337 28498 28830 31737 32512 36092 29733 21264 38368 40404 36396 33788
142661662 142961662 978046 38203.667969 33735.667969 556604 523896.343750 32707.666016    33906 31333 28100 28750 31357 32406 35633 29528 21120 38291 40634 36232 33952
142961663 143261663 978023 38208.082031 33739.917969 556567 523854.250000 32712.750000    33609 31127 28463 28692 31614 32161 35696 29826 21183 38256 40576 36353 33689
143261664 143561664 978047 38001.917969 33563.000000 556591 524039.593750 32551.416016    33553 31114 28223 28506 31726 32265 35498 29572 21008 38071 40231 35866 33490
143561665 143861665 978026 37990.582031 33561.667969 556586 524054.000000 32532.000000    33417 30993 28335 28587 31022 32152 35784 29693 21152 37886 40463 36009 33478
143861666 144161666 978026 37834.582031 33404.082031 556560 524152.500000 32407.500000    33516 30959 27983 28669 30876 32119 35149 29461 21079 37746 40778 35863 33361
144161667 144461667 978049 37805.917969 33406.750000 556611 524205.093750 32405.916016    33439 31172 28196 28515 30874 31750 35272 29526 20987 37931 40446 35984 33294
144461668 144761668 978026 37735.417969 33358.250000 556557 524199.156250 32357.833984    33436 30897 27687 28329 31143 32005 35542 29500 20970 37680 39932 36107 33395
144761669 145061669 978026 37650.332031 33272.667969 556600 524329.437500 32270.583984    33451 30710 28104 28652 31342 31605 34979 29310 20890 37803 40305 35828 32920
145061670 145361670 978052 37597.000000 33229.667969 556568 524332.062500 32235.916016    33370 30757 27804 28315 30964 31732 35008 29380 20843 37983 40082 35818 33090
145361671 145661671 978028 37477.167969 33131.667969 556598 524457.750000 32140.250000    32983 30604 27809 28331 30864 31463 34938 29299 20929 38009 40171 35761 32853
145661672 145961672 977989 37452.832031 33087.332031 556542 524440.687500 32101.333984    32992 30865 27818 28105 30729 31377 35145 29392 20653 37998 39798 35556 32893
145961673 146261673 978053 37314.917969 33019.667969 556599 524567.500000 32031.500000    33039 30907 27977 28044 30770 31453 34777 29002 20747 37712 39684 35717 32593
146261674 146561674 978028 37301.250000 32987.332031 556575 524574.687500 32000.333984    33332 30503 27867 28173 30576 31475 35154 29167 20736 37586 39419 35471 32718
146561675 146861675 978053 37119.167969 32826.417969 556582 524747.312500 31834.666016    32564 30870 27518 28271 30650 31218 34752 28976 20515 36969 39545 35631 32808
146861676 147161676 977990 37047.000000 32768.832031 556573 524787.000000 31786.000000    32602 30272 27673 28096 30557 31341 34988 28707 20525 37295 39520 35297 32655
147161677 147461677 978028 37008.332031 32720.750000 556556 524826.187500 31729.833984    32917 29945 27486 27886 30702 31280 34618 28616 20795 37042 39284 35284 32789
147461678 147761678 978045 36796.917969 32546.750000 556613 525054.750000 31558.250000    32698 30022 27486 27783 30374 30986 34518 28738 20360 37093 39114 34982 32328
147761679 148061679 978021 36700.167969 32479.083984 556551 525050.500000 31500.500000    32525 30131 27278 28014 30270 30891 34684 28594 20356 36798 39172 34893 32414
148061680 148361680 978023 36715.582031 32484.750000 556597 525079.000000 31518.000000    32471 30377 27227 27592 30359 31059 34622 28621 20278 36826 39244 34794 32338
148361681 148661681 978051 36688.000000 32451.166016 556572 525076.437500 31495.583984    32423 30359 27168 28028 30146 30945 34591 28726 20425 36693 39237 34693 32541
148661682 148961682 978021 36480.500000 32259.416016 556594 525291.000000 31303.000000    32077 30176 26957 27357 30237 30708 34115 28398 20215 36822 38970 34816 32145
148961683 149261683 977993 36449.332031 32225.750000 556545 525270.000000 31275.000000    32091 29862 26906 27392 30157 30690 33918 28483 20174 36785 38984 34976 32274
149261684 149561684 978048 36306.417969 32133.750000 556596 525425.812500 31170.166016    32156 30036 26905 27641 30129 30391 33965 28586 20122 36462 38742 34559 31989
149561685 149861685 978026 36248.582031 32077.500000 556584 525467.687500 31116.333984    32070 29670 26826 27546 30027 30594 34251 28464 20090 36081 38512 34817 31994
149861686 150161686 978052 36255.667969 32107.000000 556575 525436.687500 31138.333984    32091 29493 26984 27467 29923 30748 34260 28182 20307 36575 38526 34706 31865
150161687 150461687 978025 36077.000000 31899.500000 556594 525645.750000 30948.250000    31635 29638 26852 27340 29727 30565 33906 28196 20054 36432 38563 34147 31664
150461688 150761688 978024 36079.917969 31934.083984 556556 525571.687500 30984.333984    31919 29884 26871 27301 29998 30070 33547 28212 19883 36280 38733 34577 31838
150761689 151061689 978044 35963.750000 31836.083984 556610 525710.687500 30899.333984    31840 29630 26900 27207 29667 30490 33807 28251 19994 36079 38331 34085 31718
151061690 151361690 978030 35813.250000 31704.500000 556557 525788.812500 30768.166016    31737 29191 26680 27154 29410 30566 33508 27837 19961 36313 38349 34209 31457
151361691 151661691 978028 35839.332031 31730.083984 556596 525817.250000 30778.750000    31824 29154 26782 27321 29606 30431 33339 28116 19958 35761 38611 34254 31509
151661692 151961692 978053 35700.000000 31599.250000 556577 525926.062500 30650.916016    31024 29221 26631 27048 29357 30316 33532 27953 19774 36088 38066 33928 31921
151961693 152261693 978032 35654.000000 31590.250000 556586 525951.687500 30634.333984    31622 29673 26446 27066 29553 30204 33483 27847 19706 35675 38105 33663 31635
152261694 152561694 978030 35484.667969 31419.416016 556577 526112.187500 30464.833984    31421 29249 26686 26881 29387 30014 32998 27970 19563 35249 37654 33858 31529
152561695 152861695 978051 35430.582031 31383.583984 556584 526152.937500 30431.083984    31426 28790 26442 26598 29246 30186 33431 27639 19989 35538 37581 33749 31156
152861696 153161696 978025 35325.750000 31278.166016 556592 526254.000000 30338.000000    31197 28872 26224 26871 29095 29977 33001 27568 19604 35659 38046 33540 31273
153161697 153461697 978045 35316.167969 31279.333984 556573 526231.687500 30341.333984    31325 29028 26077 26809 29390 29681 33514 27848 19533 35235 37859 33621 30985
153461698 153761698 977982 35219.417969 31217.333984 556574 526289.250000 30284.750000    31073 29087 26121 26472 29107 29608 33372 27744 19475 35286 37936 33453 31155
153761699 154061699 978021 35068.000000 31072.416016 556552 526407.250000 30144.750000    31363 28761 26193 26752 28757 29570 33153 27572 19327 35375 37390 33429 30847
154061700 154361700 978053 34579.500000 30612.333984 556616 526919.062500 29696.916016    30533 28326 25683 26375 28697 29208 32244 26832 19143 34834 37207 32878 30778
154361701 154661701 978025 35053.082031 31034.583984 556558 526466.000000 30092.000000    30799 28659 26186 26587 28830 29740 32761 27437 19718 35452 37273 33198 31051
154661702 154961702 978027 34844.332031 30858.583984 556593 526653.062500 29939.916016    31082 28632 25766 26805 28837 29411 32714 27369 19042 35036 37187 33226 30977
154961703 155261703 978057 34752.917969 30772.500000 556584 526723.250000 29860.750000    30765 28427 25870 26179 28774 29673 32631 27021 19362 35433 37037 33056 30280
155261704 155561704 978014 34650.332031 30676.250000 556572 526824.437500 29747.583984    30547 28299 25891 26084 28498 29531 32383 26655 19321 34977 37054 33297 30518
155561705 155861705 978023 34626.250000 30691.833984 556585 526812.500000 29772.500000    30912 28329 25513 26180 28881 29479 32319 26882 19588 34917 36865 33043 30542
155861706 156161706 978051 34545.167969 30584.583984 556573 526917.000000 29656.000000    30571 28250 25513 26211 28500 29542 32296 26530 19193 34773 37312 33077 30315
156161707 156305237 467919 16391.333984 14530.833008 266291 252197.078125 14093.916992    14422 13422 12159 12365 13442 14012 15394 12626 9107 16723 17724 15651 14445
