27 3563
69900796 69928515 1918987 3818.538574 3731.153809 1918987 1915256.000000 3731.153809    4004 3562 3175 3202 3443 3651 4058 3241 3731 4176 4473 4149 3640
69991118 70018853 1920099 7.846154 4.769231 1920099 1920094.250000 4.769231    2 5 4 2 4 4 3 8 6 8 5 6 5
70030449 70059602 2018441 7.769231 5.384615 2018441 2018435.750000 5.384615    4 5 6 5 5 6 4 3 5 3 7 13 4
70071247 70100463 2022266 12.692307 8.846154 2022266 2022256.875000 8.846154    10 5 8 6 7 5 19 6 15 5 10 13 6
70110608 70139793 2019398 23.923077 20.615385 2019398 2019377.500000 20.615385    34 14 23 16 11 15 19 10 21 23 31 28 23
70151437 70179130 1916636 57.076923 52.846153 1916636 1916583.250000 52.846153    63 46 48 53 45 49 52 43 60 62 67 53 46
70190781 70218390 1910057 140.000000 133.538467 1910057 1909923.750000 133.538467    144 130 121 102 127 138 133 118 117 153 170 150 133
70230040 70259209 2019052 346.538452 336.769226 2019052 2018715.125000 336.769226    387 303 262 304 288 317 364 318 309 416 399 362 349
70269425 70298560 2016657 713.769226 696.461548 2016657 2015960.625000 696.461548    814 646 590 569 663 713 711 617 696 824 817 739 655
70308791 70337881 2013530 1328.692261 1297.000000 2013530 2012232.875000 1297.000000    1370 1280 1114 1087 1233 1282 1343 1176 1317 1429 1537 1448 1245
70349525 70377237 1918509 2055.769287 2012.153809 1918509 1916496.625000 2012.153809    2188 1905 1739 1748 1914 1967 2098 1766 1946 2246 2471 2194 1976
70388865 70418039 2019904 3046.846191 2989.000000 2019904 2016915.125000 2989.000000    3223 2739 2621 2465 2753 2925 3217 2691 2846 3435 3605 3377 2960
70428259 70457379 2015455 3700.846191 3622.230713 2015455 2011832.625000 3622.230713    3862 3368 3146 3066 3355 3553 3878 3177 3629 4218 4389 4003 3445
70467608 70496732 2016421 3978.615479 3894.615479 2016421 2012526.250000 3894.615479    4231 3688 3395 3258 3516 3880 4128 3369 3870 4442 4602 4492 3759
70508408 70536033 1912212 3608.153809 3532.615479 1912212 1908679.375000 3532.615479    3802 3407 3087 2881 3283 3556 3806 3047 3369 4161 4313 3866 3346
70547702 70576883 2019829 3175.307617 3109.307617 2019829 2016719.750000 3109.307617    3379 2896 2739 2605 2903 3107 3305 2691 3068 3455 3802 3446 3025
70587067 70616149 2012966 2286.230713 2238.692383 2012966 2010727.125000 2238.692383    2363 2182 1915 1939 2020 2177 2413 1939 2250 2489 2697 2568 2151
70626379 70655472 2013717 1437.846191 1406.538452 2013717 2012310.500000 1406.538452    1552 1257 1278 1140 1261 1475 1455 1213 1353 1595 1686 1610 1410
70667219 70694876 1914156 735.230774 717.692322 1914156 1913438.125000 717.692322    743 667 596 620 679 742 778 585 749 831 888 771 681
70706468 70735664 2020876 379.307678 368.153839 2020876 2020508.000000 368.153839    377 362 336 316 332 349 401 308 372 441 416 434 342
70745821 70774996 2019408 168.384613 162.000000 2019408 2019245.875000 162.000000    182 141 134 139 148 164 180 143 166 187 191 180 151
70786675 70814312 1913318 59.076923 55.230770 1913318 1913262.750000 55.230770    63 39 61 44 41 56 63 45 52 59 67 75 53
70825941 70853682 1920533 22.461538 19.461538 1920533 1920513.500000 19.461538    10 24 26 20 16 17 13 15 24 25 23 26 14
70865317 70894442 2015816 14.538462 10.230769 2015816 2015806.000000 10.230769    9 7 6 14 7 9 12 3 18 9 16 9 14
70904652 70933792 2017546 11.076923 6.307693 2017546 2017539.750000 6.307693    2 11 6 4 6 5 6 7 6 5 11 8 5
70945462 70973122 1914212 8.000000 4.307693 1914212 1914207.875000 4.307693    5 8 5 5 2 1 5 3 2 5 5 4 6
71035809 71063438 1912741 3758.692383 3678.076904 1912741 1909062.875000 3678.076904    3902 3464 3216 3190 3356 3636 3941 3271 3656 4145 4441 4066 3531
