145 3563
32144299 32444299 978012 83594.250000 71255.750000 977737 906481.250000 71255.750000    78140 62985 59524 0 65631 71229 77868 61055 69839 77771 85711 75653 69663
32444300 32744300 978043 57711.332031 49539.917969 977769 928229.062500 49539.917969    54009 43776 41138 0 46047 50141 54483 42262 48350 54041 59323 52812 48097
32744301 33044301 978016 96356.414062 81600.335938 977741 896140.687500 81600.335938    88775 72135 68379 0 75603 82149 89920 69479 80692 88929 97572 86317 79254
33044302 33344302 978014 95570.750000 81033.500000 977740 896706.500000 81033.500000    88393 71531 67400 0 74793 81468 88837 69275 80091 88572 96971 86222 78849
33344303 33644303 978041 94475.085938 80150.335938 977766 897615.687500 80150.335938    87188 71100 67200 0 74279 80820 87958 68428 78533 87163 96465 85025 77645
33644304 33944304 978013 93620.414062 79478.664062 977739 898260.312500 79478.664062    86784 69843 66854 0 73696 79902 87454 67369 78904 86023 95235 84173 77507
33944305 34244305 978015 92933.164062 78903.750000 977740 898836.250000 78903.750000    86013 69731 66411 0 72660 79541 85980 67383 77828 86028 94207 84107 76956
34244306 34544306 978041 91755.914062 77977.835938 977766 899788.187500 77977.835938    84713 69001 64942 0 71966 78509 85718 66861 77267 85016 93038 82924 75779
34544307 34844307 978009 91050.414062 77457.500000 977735 900277.500000 77457.500000    84206 67843 64812 0 71792 78113 85287 65836 76474 84649 92906 81882 75690
34844308 35144308 978040 90010.414062 76598.414062 977765 901166.562500 76598.414062    83149 67992 64439 0 71038 77128 83806 65414 75789 83076 91850 80978 74522
35144309 35444309 978014 89310.164062 76044.585938 977740 901695.437500 76044.585938    82563 67501 63852 0 70132 76586 82965 65249 75096 82797 90974 81120 73700
35444310 35744310 978013 88529.164062 75424.250000 977738 902313.750000 75424.250000    81899 66609 63125 0 69632 76224 82066 64538 74638 81998 90660 80334 73368
35744311 36044311 978043 87786.414062 74833.835938 977769 902935.187500 74833.835938    81273 66122 62623 0 69505 75192 81983 64106 73599 81095 89369 79319 73820
36044312 36344312 978013 87157.000000 74394.414062 977738 903343.562500 74394.414062    80683 65884 61776 0 68860 74919 81587 63817 73176 81470 89033 78822 72706
36344313 36644313 978011 86752.585938 74028.414062 977737 903708.562500 74028.414062    80284 65290 61888 0 68504 74267 82014 63521 72847 81059 88341 78327 71999
36644314 36944314 978037 86390.164062 73753.000000 977762 904009.000000 73753.000000    79833 65380 61459 0 67906 74107 80822 63390 72776 81001 88065 78596 71701
36944315 37244315 978009 85381.835938 72902.914062 977734 904831.062500 72902.914062    79137 64305 61010 0 67182 73240 79649 62561 71905 79624 87160 77492 71570
37244316 37544316 978015 84525.835938 72210.835938 977741 905530.187500 72210.835938    78158 64234 60546 0 66587 72665 79739 61606 70703 79073 86295 76597 70327
37544317 37844317 978038 84072.000000 71870.914062 977763 905892.062500 71870.914062    77831 63723 60214 0 66671 72240 79279 61644 70484 78488 85671 76453 69753
37844318 38144318 978014 83397.414062 71340.085938 977740 906399.937500 71340.085938    77932 63065 59580 0 65797 71691 78437 61163 70164 78055 85408 75664 69125
38144319 38444319 978038 82770.914062 70823.585938 977763 906939.437500 70823.585938    77044 62860 59355 0 64970 71539 77837 60534 69975 77253 84253 75005 69258
38444320 38744320 977981 82305.335938 70455.585938 977707 907251.437500 70455.585938    76121 62457 58652 0 64842 70888 77460 60213 69562 77064 84886 74998 68324
38744321 39044321 977976 82030.750000 70252.164062 977701 907448.812500 70252.164062    76097 62512 59279 0 64935 71131 77227 59747 69090 76590 83749 74763 67906
39044322 39344322 978036 80410.250000 69013.164062 977762 908748.812500 69013.164062    75250 61203 58182 0 63620 69372 76088 58696 68171 75394 82190 73115 66877
39344323 39644323 977978 82500.000000 70605.585938 977703 907097.437500 70605.585938    76732 62516 59002 0 65452 70833 77387 60321 69832 77480 84020 75258 68434
39644324 39944324 978014 81859.085938 70083.664062 977740 907656.312500 70083.664062    76246 62210 58886 0 64629 71015 77197 59578 68771 76476 83924 73947 68125
39944325 40244325 978040 81416.085938 69780.000000 977765 907985.000000 69780.000000    76423 61847 58595 0 64383 70481 76863 59270 68393 75716 83289 74463 67637
40244326 40544326 978012 80833.585938 69285.664062 977737 908451.312500 69285.664062    75489 61834 57884 0 64021 70012 75759 58826 68020 75734 82895 73573 67381
40544327 40844327 978018 80508.750000 69029.335938 977744 908714.687500 69029.335938    74603 61272 57467 0 63774 69445 76194 59169 67909 75370 82984 73170 66995
40844328 41144328 978007 79976.000000 68638.085938 977732 909093.937500 68638.085938    74986 61307 57393 0 62910 69074 75797 58382 67521 74640 81820 73084 66743
41144329 41444329 978010 79306.000000 68096.414062 977736 909639.562500 68096.414062    74254 59982 56639 0 62829 68624 75007 58019 67316 74359 81382 72664 66082
41444330 41744330 978043 78989.085938 67829.335938 977768 909938.687500 67829.335938    73898 60084 56491 0 62517 68093 74740 57898 66442 74290 81317 72060 66122
41744331 42044331 978014 78452.085938 67395.000000 977740 910345.000000 67395.000000    72984 60086 56305 0 62213 67774 74389 57410 66216 73888 80568 71097 65810
42044332 42344332 978011 78050.000000 67065.914062 977736 910670.062500 67065.914062    73067 59569 56072 0 61829 67925 73618 57215 66073 73100 80295 70790 65238
42344333 42644333 978038 77784.914062 66898.414062 977764 910865.562500 66898.414062    72886 59470 55951 0 61863 67821 73352 57073 65536 73148 80201 70991 64489
42644334 42944334 977983 77120.335938 66310.914062 977708 911397.062500 66310.914062    71740 58952 55747 0 61378 66739 72355 56380 65238 72205 79565 70691 64741
42944335 43244335 978012 76707.750000 66026.085938 977737 911710.937500 66026.085938    71672 58718 55702 0 60793 66174 72287 57030 64844 72011 78667 70257 64158
43244336 43544336 978046 76256.500000 65648.835938 977772 912123.187500 65648.835938    71353 57260 54800 0 60625 66407 72480 56009 64412 71890 78493 70084 63973
43544337 43844337 978014 75794.335938 65239.417969 977739 912499.562500 65239.417969    70993 57747 54466 0 60240 65421 71972 55885 64256 70972 78299 69001 63621
43844338 44144338 978010 75337.664062 64879.417969 977736 912856.562500 64879.417969    70321 57487 54074 0 59686 64868 71654 55723 63791 70658 77654 69246 63391
44144339 44444339 978041 74965.914062 64544.750000 977766 913221.250000 64544.750000    70233 57231 53958 0 59902 64559 71287 55023 63404 70573 77431 68545 62391
44444340 44744340 978018 74519.000000 64209.750000 977744 913534.250000 64209.750000    70028 57071 53914 0 58751 64625 70654 54903 63257 69703 76811 68484 62316
44744341 45044341 978035 74195.750000 64014.167969 977760 913745.812500 64014.167969    69798 56813 52962 0 59044 64180 70652 54567 62852 70118 76512 68269 62403
45044342 45344342 978012 73804.164062 63678.917969 977738 914059.062500 63678.917969    69329 56148 53159 0 58989 63965 70239 53860 63005 69616 76117 67881 61839
45344343 45644343 978013 73406.585938 63371.750000 977738 914366.250000 63371.750000    69086 56219 52983 0 58346 63935 69549 53656 62521 68961 75568 67950 61687
45644344 45944344 978042 73032.914062 62998.250000 977768 914769.750000 62998.250000    68532 55879 52316 0 58178 63394 69284 53544 61948 68974 75706 66999 61225
45944345 46244345 978011 72760.664062 62798.917969 977736 914937.062500 62798.917969    68543 55661 52071 0 57874 62816 69173 54012 61496 68903 75581 66294 61163
46244346 46544346 978013 72152.335938 62304.417969 977738 915433.562500 62304.417969    68067 55561 51996 0 57846 62510 68886 52886 61195 67656 74788 65696 60566
46544347 46844347 978036 71855.914062 62078.332031 977762 915683.687500 62078.332031    67654 55255 51820 0 57386 62420 68184 52869 61196 67732 74209 66325 59890
46844348 47144348 978018 71670.085938 61919.500000 977743 915823.500000 61919.500000    67716 55186 51640 0 56921 62189 68525 52602 60584 67829 73865 65888 60089
47144349 47444349 978012 71107.085938 61478.500000 977738 916259.500000 61478.500000    67282 54324 51447 0 56818 61965 67712 52219 60071 67178 73530 65347 59849
47444350 47744350 978036 70777.414062 61244.167969 977761 916516.812500 61244.167969    66366 54279 51304 0 56343 61465 67276 52206 60093 67453 73497 65484 59164
47744351 48044351 978015 69893.914062 60468.332031 977741 917272.687500 60468.332031    66032 53923 50563 0 56212 60691 66607 51599 58754 65889 72653 64054 58643
48044352 48344352 978026 69434.250000 60139.917969 977751 917611.062500 60139.917969    65386 53317 50222 0 55339 60506 66271 51097 59060 65941 72185 63930 58425
48344353 48644353 978017 69740.164062 60402.332031 977743 917340.687500 60402.332031    66109 53342 50571 0 55754 60370 66637 51383 59458 66017 72213 64435 58539
48644354 48944354 978012 69338.414062 60064.167969 977737 917672.812500 60064.167969    65615 53369 49731 0 55310 60286 66186 50906 59069 66224 71691 63947 58436
48944355 49244355 978039 68887.914062 59695.832031 977764 918068.187500 59695.832031    65407 53319 49939 0 54775 60311 65807 50881 58346 64914 71351 63550 57750
49244356 49544356 978010 68536.085938 59396.582031 977736 918339.437500 59396.582031    64674 52674 49362 0 54801 59703 65670 50687 58646 64624 71312 63132 57474
49544357 49844357 978016 68128.414062 59028.250000 977741 918712.750000 59028.250000    64302 52459 49538 0 54277 59091 64916 50503 57940 64138 70784 62948 57443
49844358 50144358 978031 67948.750000 58885.582031 977757 918871.437500 58885.582031    64402 52548 49060 0 54599 58983 65251 50094 57456 64257 70569 62395 57013
50144359 50444359 978011 67567.750000 58590.832031 977736 919145.187500 58590.832031    63964 52201 48954 0 53821 58832 64834 49820 57355 63859 69990 62248 57212
50444360 50744360 978009 67154.085938 58180.832031 977735 919554.187500 58180.832031    63177 51670 48551 0 53475 58646 63956 49330 57073 63622 70047 62166 56457
50744361 51044361 978042 66664.085938 57887.250000 977767 919879.750000 57887.250000    63354 51181 48141 0 53306 58243 63809 48981 56821 63266 69355 61947 56243
51044362 51344362 978009 66557.000000 57775.832031 977735 919959.187500 57775.832031    63351 50753 48155 0 53619 57661 63648 49143 56617 63081 69146 61717 56419
51344363 51644363 978040 65876.664062 57237.417969 977765 920527.562500 57237.417969    62467 50562 47803 0 52754 57510 63186 48466 56545 62337 68525 60944 55750
51644364 51944364 977978 65844.414062 57189.582031 977704 920514.437500 57189.582031    62529 50815 47539 0 52508 57606 62920 48967 55863 62615 68691 60830 55392
51944365 52244365 977979 65492.417969 56925.917969 977704 920778.062500 56925.917969    62525 50396 47396 0 52273 57169 62711 48539 56368 61893 67873 60729 55239
52244366 52544366 978036 64884.917969 56368.000000 977761 921393.000000 56368.000000    61720 50078 47262 0 51476 56492 62255 48111 55421 61426 67496 59802 54877
52544367 52844367 978009 64601.082031 56165.417969 977735 921569.562500 56165.417969    61498 50140 46951 0 51885 56487 61665 47667 55083 60979 67283 59863 54484
52844368 53144368 978017 64283.917969 55909.750000 977742 921832.250000 55909.750000    61148 50108 46966 0 51194 56373 61659 47467 54594 61089 66782 59456 54081
53144369 53444369 978029 64244.417969 55837.000000 977755 921918.000000 55837.000000    61038 49716 46340 0 51347 56372 61120 47901 54723 61114 66723 59077 54573
53444370 53744370 977939 64118.082031 55805.917969 977664 921858.062500 55805.917969    60827 49710 46581 0 51483 56375 61605 47207 54717 61353 66601 59209 54003
53744371 54044371 977933 63900.667969 55617.332031 977659 922041.687500 55617.332031    60783 49136 46599 0 51345 56081 61352 47370 54536 61021 66447 59032 53706
54044372 54344372 978000 63420.417969 55179.500000 977725 922545.500000 55179.500000    60036 48631 46271 0 50889 55690 60940 46340 54209 60553 66398 58427 53770
54344373 54644373 977870 62986.500000 54825.582031 977596 922770.437500 54825.582031    59802 48837 45870 0 50678 55167 60192 46536 54043 59767 65622 58451 52942
54644374 54944374 977995 62652.332031 54554.917969 977720 923165.062500 54554.917969    59497 48649 45627 0 50267 55303 60531 46082 53152 59631 65006 58216 52698
54944375 55244375 977963 62406.750000 54360.332031 977689 923328.687500 54360.332031    59625 48345 45416 0 49885 54736 60131 46006 52918 59470 65310 57846 52636
55244376 55544376 977981 61985.250000 54012.667969 977706 923693.312500 54012.667969    59423 47982 44755 0 49645 54400 59624 46023 52542 59252 64844 57331 52331
55544377 55844377 977964 61443.000000 53576.417969 977689 924112.562500 53576.417969    58776 47861 44529 0 49528 53907 58838 45543 52327 58774 64268 56884 51682
55844378 56144378 977941 61351.250000 53506.582031 977667 924160.437500 53506.582031    58539 47791 44736 0 49436 53942 58905 45333 52337 58295 64266 56686 51813
56144379 56444379 978007 61322.667969 53506.167969 977732 924225.812500 53506.167969    58372 47784 44579 0 49724 53845 59152 45111 52639 58389 63696 56742 52041
56444380 56744380 978036 61096.250000 53269.500000 977762 924492.500000 53269.500000    58238 47581 44304 0 49250 53603 58601 45158 52201 58350 63832 56477 51639
56744381 57044381 977968 60793.417969 53062.667969 977693 924630.312500 53062.667969    58501 47663 44068 0 49454 53320 58295 44870 52077 57643 63215 56121 51525
57044382 57344382 977975 60594.082031 52883.917969 977701 924817.062500 52883.917969    58232 46987 43874 0 48464 53204 58524 45261 51765 57526 63166 56513 51091
57344383 57644383 977962 60239.750000 52578.832031 977687 925108.187500 52578.832031    56781 46487 43703 0 48570 53090 57817 44605 51642 57305 63368 56329 51249
57644384 57944384 977977 59902.582031 52295.332031 977703 925407.687500 52295.332031    57562 46511 43581 0 48264 52330 58106 44536 51103 57029 61855 55753 50914
57944385 58244385 977972 59671.250000 52072.332031 977697 925624.687500 52072.332031    57187 46545 43428 0 47522 52329 57454 44429 51189 56636 62267 55604 50278
58244386 58544386 978000 59382.082031 51892.250000 977725 925832.750000 51892.250000    56594 46012 42827 0 47931 52106 57658 44030 50538 56608 62588 55032 50783
58544387 58844387 977971 59179.667969 51692.832031 977697 926004.187500 51692.832031    56780 46120 43265 0 47621 51817 57092 43927 50400 56338 62156 54612 50186
58844388 59144388 978032 58871.750000 51434.750000 977757 926322.250000 51434.750000    56598 45458 42598 0 47365 52124 56710 43899 50423 56014 61512 54704 49812
59144389 59444389 977977 58541.250000 51135.582031 977703 926567.437500 51135.582031    56473 45401 42534 0 46772 51655 56230 43357 50157 55566 61230 54593 49659
59444390 59744390 978007 58361.167969 50984.582031 977732 926747.437500 50984.582031    55933 45255 42757 0 46619 51786 56326 43063 49619 55644 60964 54198 49651
59744391 60044391 978000 58097.917969 50842.582031 977726 926883.437500 50842.582031    55726 45268 42173 0 46498 51187 56002 43317 49627 55205 61182 54300 49626
60044392 60344392 977971 57984.750000 50722.250000 977696 926973.750000 50722.250000    55708 45112 42465 0 46481 51273 55925 42946 49358 55503 60384 54035 49477
60344393 60644393 977943 57661.082031 50393.917969 977669 927275.062500 50393.917969    54942 44864 41960 0 46130 51116 55643 42497 49464 54808 60549 53919 48835
60644394 60944394 977965 57403.832031 50208.667969 977690 927481.312500 50208.667969    54859 44318 41772 0 46122 50705 55415 42674 49120 54775 60061 53934 48749
60944395 61244395 977905 57321.667969 50138.832031 977631 927492.187500 50138.832031    54938 44629 42036 0 46030 50545 55564 42791 48867 54666 59848 53568 48184
61244396 61544396 977978 56864.332031 49782.332031 977703 927920.687500 49782.332031    54568 44324 41856 0 45944 50307 54933 41985 48575 54551 59212 52919 48214
61544397 61844397 978035 56659.500000 49597.667969 977760 928162.312500 49597.667969    54864 44367 41385 0 45338 49790 54327 42320 48409 54181 59340 52832 48019
61844398 62144398 977981 56198.000000 49240.582031 977707 928466.437500 49240.582031    53817 44023 40912 0 45144 49462 54230 41538 48169 53892 59385 52653 47662
62144399 62444399 978040 56297.082031 49294.750000 977765 928470.250000 49294.750000    54248 44033 40749 0 45530 49266 54334 41805 47731 54212 59175 52575 47879
62444400 62744400 978011 55844.832031 48938.582031 977737 928798.437500 48938.582031    53655 43835 40777 0 44995 49236 53655 41189 47733 53824 58739 52078 47547
62744401 63044401 977973 55514.417969 48641.250000 977698 929056.750000 48641.250000    53522 43099 40591 0 44990 48547 53931 41210 46896 53209 58363 52197 47140
63044402 63344402 977961 55147.082031 48331.167969 977687 929355.812500 48331.167969    53232 42633 40214 0 44342 48487 53429 41181 47198 52710 57994 51366 47188
63344403 63644403 977910 54985.500000 48201.500000 977635 929433.500000 48201.500000    53026 42903 40280 0 44794 48340 52999 40820 46620 52508 58027 51359 46742
63644404 63944404 978014 55026.667969 48219.167969 977740 929520.812500 48219.167969    52814 42682 40170 0 44324 48365 53463 41239 47306 52634 57850 51186 46597
63944405 64244405 978010 54793.582031 48006.750000 977735 929728.250000 48006.750000    52688 42609 39945 0 44149 48297 53071 40325 46809 52364 58320 50946 46558
64244406 64544406 978014 54484.000000 47854.082031 977739 929884.937500 47854.082031    52257 42533 39656 0 44066 48474 52629 40616 46689 52507 57539 51021 46262
64544407 64844407 978012 53452.250000 46889.500000 977738 930848.500000 46889.500000    51546 41784 38953 0 43192 47012 51641 39331 46243 51425 56118 50155 45274
64844408 65144408 978038 52070.917969 45768.832031 977763 931994.187500 45768.832031    50359 40962 38014 0 42112 46111 50888 38872 44594 50249 54751 48266 44048
65144409 65444409 978015 52516.417969 46145.832031 977741 931595.187500 46145.832031    50173 40713 38898 0 42399 46581 51416 39034 45065 50694 54985 49358 44434
65444410 65744410 978039 52298.667969 45957.750000 977764 931806.250000 45957.750000    50507 40750 38205 0 42021 46676 50695 38737 44823 50473 54966 49264 44376
65744411 66044411 978013 52134.667969 45811.332031 977739 931927.687500 45811.332031    50332 40850 37984 0 42309 45841 50440 39137 44273 50234 55065 49027 44244
66044412 66344412 978011 51964.332031 45639.832031 977736 932096.187500 45639.832031    49855 40705 38138 0 42044 45967 50514 38521 44455 49849 54585 48669 44376
66344413 66644413 978003 51633.250000 45408.832031 977729 932320.187500 45408.832031    49987 40229 37661 0 41591 45777 50203 38481 44278 49780 54317 48431 44171
66644414 66944414 978016 51582.082031 45363.332031 977741 932377.687500 45363.332031    49594 40450 37965 0 41790 45726 50032 38500 44142 49659 54184 48568 43750
66944415 67244415 978010 51285.082031 45083.250000 977736 932652.750000 45083.250000    49554 39900 37409 0 41449 45615 49900 38319 43866 49399 54215 47802 43571
67244416 67544416 978039 51237.000000 45047.832031 977764 932716.187500 45047.832031    49538 40185 37494 0 41144 45413 49998 38605 43935 49078 53775 48043 43366
67544417 67844417 977972 50979.750000 44818.750000 977697 932878.250000 44818.750000    49082 40122 37404 0 41184 44826 49484 38094 43688 48463 53994 47953 43531
67844418 68144418 978013 50636.250000 44528.917969 977739 933210.062500 44528.917969    48887 39942 37019 0 41049 44494 49209 37623 43360 48604 53593 47452 43115
68144419 68444419 978033 50525.667969 44461.667969 977758 933296.312500 44461.667969    48984 39379 36879 0 40933 44730 49036 37606 43276 48417 53463 47628 43209
68444420 68744420 978012 50312.000000 44281.582031 977738 933456.437500 44281.582031    48830 39556 36831 0 40771 44304 48766 37619 43077 48235 53188 47536 42666
68744421 69044421 978032 50137.750000 44102.832031 977757 933654.187500 44102.832031    48201 39024 36679 0 40487 44394 48764 37711 43039 48432 53105 46615 42783
69044422 69344422 978013 49891.500000 43961.000000 977739 933778.000000 43961.000000    48534 38860 36698 0 40428 44507 48531 37161 42797 48044 52995 46670 42307
69344423 69644423 978017 49831.332031 43872.500000 977742 933869.500000 43872.500000    48281 39196 36526 0 40509 44000 48399 37213 43033 48014 52356 46253 42690
69644424 69944424 977983 49601.332031 43689.500000 977709 934019.500000 43689.500000    47953 38912 36437 0 40392 43762 48644 36836 42429 47859 52127 46442 42481
69944425 70244425 977973 49376.500000 43516.832031 977698 934181.187500 43516.832031    48171 38992 36156 0 39833 43618 47947 36940 42355 47373 52082 46546 42189
70244426 70544426 978009 49132.250000 43296.500000 977734 934437.500000 43296.500000    47520 38731 36127 0 39499 43390 47959 36272 42179 47749 51862 46162 42108
70544427 70844427 978042 49063.250000 43226.832031 977768 934541.187500 43226.832031    47148 38315 35804 0 39812 43890 47686 36513 42082 47388 52088 46118 41878
70844428 71144428 978015 48883.667969 43072.832031 977740 934667.187500 43072.832031    47071 38647 35839 0 39638 43741 47298 36492 41760 46854 51387 46134 42013
71144429 71444429 977979 48598.917969 42842.250000 977705 934862.750000 42842.250000    47069 38104 35815 0 39467 43067 47432 36465 41658 46699 51458 45302 41571
71444430 71744430 978039 48432.750000 42703.000000 977764 935061.000000 42703.000000    46898 38110 35624 0 39385 42859 47324 36009 41745 46539 51139 45516 41288
71744431 72044431 978015 48304.750000 42534.000000 977741 935207.000000 42534.000000    46745 37980 35255 0 39118 42456 47441 35841 41514 46864 50813 44934 41447
72044432 72344432 978038 48136.582031 42477.917969 977763 935285.062500 42477.917969    46542 37973 35086 0 39010 42832 47017 36112 41163 46469 50961 45154 41416
72344433 72644433 978010 47852.667969 42183.667969 977736 935552.312500 42183.667969    46501 37681 34941 0 38586 42357 46807 35873 41090 46116 50643 44909 40700
72644434 72944434 978015 47122.750000 41587.917969 977740 936152.062500 41587.917969    45787 37262 34628 0 38329 42020 45686 35120 40766 45562 49661 44214 40020
72944435 73244435 978041 42888.917969 37881.750000 977767 939885.250000 37881.750000    41544 33802 31945 0 34684 38139 41910 32140 36680 41513 45233 40211 36780
73244436 73544436 978015 32250.583984 28562.333984 977740 949177.687500 28562.333984    31600 25522 23792 0 26209 28776 31518 24069 27589 31099 34379 30645 27550
73544437 73844437 978013 47335.250000 41770.417969 977738 935967.562500 41770.417969    46144 37080 34978 0 38698 41749 45899 35341 40439 45772 49910 44630 40605
73844438 74144438 978043 47091.832031 41585.082031 977769 936183.937500 41585.082031    45800 37390 34570 0 37830 41744 45971 35148 40592 45315 50063 44315 40283
74144439 74444439 978013 46952.417969 41432.167969 977738 936305.812500 41432.167969    45832 37008 34850 0 37715 41599 45776 35132 39862 45337 49800 43969 40306
74444440 74744440 977978 46590.167969 41137.750000 977704 936566.250000 41137.750000    44880 36919 34192 0 37794 41519 45416 34671 40133 45052 49451 43851 39775
74744441 75044441 978038 46603.500000 41138.750000 977763 936624.250000 41138.750000    45111 36597 34079 0 37879 41763 45837 34815 40205 44677 49398 43544 39760
75044442 75344442 977974 46367.667969 40935.250000 977700 936764.750000 40935.250000    45071 36852 34165 0 37381 41007 45203 34456 39491 45021 49395 43451 39730
75344443 75620482 899911 42211.000000 37275.667969 899658 862382.312500 37275.667969    41128 33296 30738 0 34216 37548 41368 31592 36223 40465 44845 40019 35870
