96 1453
42559463 42859463 978042 35839.582031 31377.250000 398784 367406.750000 31377.250000    31364 29097 25719 26532 29283 30775 33005 27772 31227 35828 37033 33474 31137
42859464 43159464 978028 35652.832031 31234.250000 398789 367554.906250 31234.083984    31166 28965 25869 26792 29141 30242 32860 27594 31158 35574 37007 33400 30910
43159465 43459465 978023 31515.000000 27709.250000 398786 371076.906250 27709.083984    27851 25599 23119 23402 25580 27178 29021 24377 27661 31968 32803 29558 27511
43459466 43759466 978051 25855.250000 22779.916016 398781 376001.250000 22779.750000    22720 21124 18613 19583 20967 22167 23904 20105 22608 25993 27018 24483 22685
43759467 44059467 978028 35034.750000 30694.666016 398794 368099.406250 30694.583984    30778 28576 25523 26382 28384 30102 32260 27041 30292 35070 36200 32615 30635
44059468 44359468 978026 34936.332031 30645.166016 398770 368124.843750 30645.166016    30622 28299 25680 26126 28323 29642 32223 27264 30068 35069 36429 33235 30442
44359469 44659469 978036 34746.082031 30468.583984 398798 368329.406250 30468.583984    30389 27981 25304 25972 28145 29559 32364 26877 30256 34638 36275 32648 30519
44659470 44959470 978022 34605.167969 30319.000000 398770 368451.000000 30319.000000    30257 27703 25107 26012 28189 29576 31799 26710 30199 34377 36538 32564 29904
44959471 45259471 978046 34465.667969 30236.166016 398804 368567.906250 30236.083984    30049 28057 24988 25842 27945 29318 32010 26885 30122 34271 36015 32382 29937
45259472 45559472 978025 34215.082031 30014.750000 398780 368765.406250 30014.583984    29866 27685 25045 25499 27850 28981 31736 26247 29841 34208 35877 32392 29993
45559473 45859473 978026 34165.582031 29954.166016 398781 368826.906250 29954.083984    29781 27583 24955 25738 27758 29173 31869 26358 29884 34062 35549 31879 29815
45859474 46159474 978055 34094.667969 29883.583984 398797 368913.843750 29883.166016    29567 27497 24636 25411 27719 28881 31391 26589 29685 34082 35812 32124 29840
46159475 46459475 978018 33904.832031 29714.583984 398775 369060.406250 29714.583984    29531 27400 24584 25311 27575 29059 31500 26110 29428 33989 35306 31953 29413
46459476 46759476 977986 33849.582031 29713.750000 398778 369064.250000 29713.750000    29792 27853 24565 25382 27699 28714 31124 26332 29329 33826 35539 31750 29225
46759477 47059477 978049 33755.750000 29627.250000 398781 369153.843750 29627.166016    29739 27079 24568 25027 27375 28769 31503 25958 29736 34166 35000 31785 29389
47059478 47359478 977992 33605.832031 29497.500000 398775 369277.500000 29497.500000    29210 27357 24564 25450 27345 28509 31430 26062 29216 33554 35068 31495 29274
47359479 47659479 978024 33604.832031 29516.666016 398773 369256.593750 29516.416016    29524 27409 24372 25165 27173 28662 31393 26248 29450 33648 34856 31318 29351
47659480 47959480 978047 33446.500000 29353.750000 398799 369445.406250 29353.583984    29244 27272 24512 25017 27267 28404 30930 25850 29251 33560 34816 31525 29107
47959481 48259481 978015 33260.750000 29213.833984 398772 369558.250000 29213.750000    29029 27115 24231 24872 27048 28520 30980 25851 29046 33131 34870 31051 29052
48259482 48559482 978051 32863.500000 28856.250000 398795 369939.000000 28856.000000    28760 26790 23784 24597 26725 28141 30224 25390 28921 32936 34228 30838 28722
48559483 48859483 978021 33213.667969 29164.250000 398782 369617.843750 29164.166016    28974 27075 24056 24751 26880 28257 30894 26165 28587 33140 34924 31288 29035
48859484 49159484 978024 32913.917969 28938.083984 398783 369845.093750 28937.916016    28917 26664 24038 24582 27018 28201 30233 25635 28755 33002 34501 31005 28742
49159485 49459485 978052 32611.750000 28624.000000 398799 370175.156250 28623.833984    28643 26648 23816 24496 26417 27850 30185 25342 28505 32306 34095 30711 28288
49459486 49759486 978021 32515.000000 28560.333984 398775 370214.750000 28560.250000    28563 26559 23795 24552 26486 27364 30222 24869 28204 32690 34142 30715 28357
49759487 50059487 977990 32440.416016 28515.833984 398779 370263.406250 28515.583984    28203 26317 23666 24488 26229 27933 30011 25076 28316 32608 34084 30540 28382
50059488 50359488 978053 32440.166016 28490.166016 398781 370291.000000 28490.000000    28269 26763 23683 24232 26254 27411 30244 25068 28338 32547 33802 30511 28441
50359489 50659489 978022 32242.083984 28310.583984 398789 370478.500000 28310.500000    28312 26187 23335 24381 26083 27383 29907 24806 28226 32090 33605 30661 28085
50659490 50959490 978023 32115.166016 28196.666016 398778 370581.500000 28196.500000    28099 26184 23473 24002 26026 27056 29758 24931 28425 32182 33635 30094 27966
50959491 51259491 978058 32139.083984 28256.250000 398799 370542.750000 28256.250000    28345 26301 23422 24181 26014 27364 29739 25009 27998 32218 33630 30089 28187
51259492 51559492 978023 32058.666016 28185.583984 398776 370590.593750 28185.416016    28494 25828 23457 23771 26082 27487 29505 24689 27748 32295 33780 30262 28284
51559493 51859493 978051 31847.916016 27981.833984 398794 370812.406250 27981.583984    27856 25748 23093 23862 25949 26866 29416 24822 27894 31775 33452 30178 27961
51859494 52159494 978030 31868.916016 28035.250000 398788 370752.843750 28035.166016    27962 25927 23480 23828 25942 27425 29506 24998 27792 31769 33363 30050 27860
52159495 52459495 978023 31757.833984 27918.416016 398778 370859.656250 27918.333984    27711 26061 23464 23650 25900 26965 29525 24763 27666 31714 33126 29964 27975
52459496 52759496 978049 31692.083984 27868.666016 398802 370933.593750 27868.416016    28025 25655 22973 23794 25727 27274 29440 24641 27486 31621 33512 29696 27550
52759497 53059497 978023 31634.000000 27822.750000 398769 370946.500000 27822.500000    28072 25757 23031 23382 25504 27026 29762 24568 27669 31687 33025 29780 27638
53059498 53359498 978026 31578.000000 27792.666016 398795 371002.406250 27792.583984    27679 25752 22721 23686 26076 26633 29397 24698 27401 31533 33328 29811 27517
53359499 53659499 978043 31396.583984 27610.250000 398782 371171.906250 27610.083984    27562 25647 22578 23574 25654 26560 29235 24383 27420 31200 33028 29719 27339
53659500 53959500 977928 31364.333984 27586.000000 398744 371172.750000 27571.250000    27457 25261 22676 23360 25345 26845 29359 24134 27320 31323 33236 29464 27751
53959501 54259501 978025 31152.666016 27432.416016 398774 371341.656250 27432.333984    27240 25406 22708 23388 25516 26295 29118 24159 27333 31428 32762 29316 27227
54259502 54559502 978052 31085.833984 27358.416016 398801 371442.593750 27358.416016    27141 25318 22767 23481 25365 26497 28988 24163 27142 31098 32567 29024 27517
54559503 54859503 978023 31167.083984 27433.416016 398779 371345.656250 27433.333984    27389 25668 22729 23345 25222 26519 29038 24422 27129 31315 32391 29465 27297
54859504 55159504 978033 30993.583984 27294.416016 398787 371492.656250 27294.333984    27264 25202 22715 23404 25365 26417 28877 24225 27113 31139 32356 28998 27172
55159505 55459505 978025 30974.083984 27284.750000 398791 371506.406250 27284.583984    27389 25179 22430 23180 25476 26600 28625 24059 26761 31045 32606 29226 27269
55459506 55759506 977986 30660.500000 26996.750000 398755 371758.343750 26996.666016    26782 24844 22563 22985 24880 26213 28558 23909 26687 30797 32157 28959 27189
55759507 56059507 978051 30705.000000 27047.000000 398808 371761.093750 27046.916016    27180 25008 22485 22889 25067 26219 28531 23485 26844 30777 32414 29256 26893
56059508 56359508 978020 30539.000000 26925.583984 398770 371844.406250 26925.583984    26589 24831 22408 22903 25257 26202 28546 23820 26571 30784 31990 28789 26825
56359509 56659509 977993 30485.666016 26857.416016 398782 371924.593750 26857.416016    26879 24792 22182 22949 24970 26165 28507 23778 26574 30339 31940 28517 26879
56659510 56959510 978053 30305.000000 26670.166016 398784 372113.906250 26670.083984    26430 24853 22295 22667 24432 25748 28413 23441 26599 30155 32264 28651 26388
56959511 57259511 978018 30305.750000 26687.666016 398791 372103.343750 26687.666016    26597 24544 22077 22732 24639 25948 28287 23591 26639 30318 31930 28464 26563
57259512 57559512 978020 30220.166016 26610.333984 398778 372167.843750 26610.166016    26399 24494 22131 22672 24613 25921 28192 23513 26198 30173 31861 28776 26510
57559513 57859513 978048 30198.750000 26617.583984 398799 372181.500000 26617.500000    26335 24625 22240 22609 24806 25720 28225 23727 26407 30316 31834 28395 26411
57859514 58159514 978027 30026.250000 26465.166016 398783 372318.000000 26465.000000    26399 24350 21834 22483 24568 25738 28007 23445 26424 30199 31424 28406 26137
58159515 58459515 978022 30050.333984 26474.666016 398776 372301.343750 26474.666016    26081 24293 22065 22793 24451 25735 28058 23133 26035 30291 31692 28599 26535
58459516 58759516 978048 29872.250000 26353.833984 398804 372450.656250 26353.333984    26211 24567 21801 22233 24382 25637 27918 23261 26301 29824 31365 28245 26296
58759517 59059517 977990 29799.500000 26258.750000 398757 372498.343750 26258.666016    26034 24200 21766 22424 24226 25311 27707 23287 26164 30010 31302 28320 26119
59059518 59359518 978046 29659.666016 26145.833984 398806 372660.156250 26145.833984    25993 24297 21723 22234 24154 25607 27635 22964 25919 29733 31121 27926 26167
59359519 59659519 978014 29671.000000 26170.000000 398767 372597.093750 26169.916016    26003 23998 21714 22185 24328 25556 27632 23196 25842 29880 31285 28201 25933
59659520 59959520 978025 29667.416016 26148.250000 398793 372644.906250 26148.083984    25747 24222 21729 22237 24277 25496 27539 23419 26132 29976 31237 27522 25973
59959521 60259521 978019 29503.750000 26018.166016 398770 372751.906250 26018.083984    25904 23890 21412 21979 24234 25434 27430 23255 25810 29491 31097 27745 25948
60259522 60559522 978021 29455.250000 25986.333984 398788 372801.656250 25986.333984    25927 24043 21666 22263 23941 25459 27165 22898 25689 29548 31027 28245 25631
60559523 60859523 978026 29311.416016 25871.666016 398782 372910.406250 25871.583984    25605 23858 21753 22087 23776 25355 27269 23007 25741 29432 31004 27553 25772
60859524 61159524 978011 29386.333984 25925.916016 398774 372848.406250 25925.583984    25716 23930 21604 22047 24360 25206 27276 23265 25574 29470 30849 27764 25650
61159525 61459525 978027 29315.833984 25854.083984 398785 372930.906250 25854.083984    25533 23767 21406 22157 23787 25102 27311 22701 25626 29379 31120 27800 25966
61459526 61759526 977986 29122.750000 25728.750000 398755 373026.250000 25728.750000    25685 23842 21145 22002 23751 25070 27134 22932 25481 29269 30768 27218 25593
61759527 62059527 978046 28985.166016 25605.166016 398807 373202.156250 25604.833984    25566 23587 21238 21465 23825 24883 27093 22370 25523 29095 30860 27354 25637
62059528 62359528 978025 28930.833984 25537.833984 398770 373232.406250 25537.583984    25262 23781 21079 21749 23555 24836 27128 22516 25366 29023 30698 27202 25335
62359529 62659529 978045 28867.416016 25528.750000 398805 373276.500000 25528.500000    25266 23469 21176 21908 23704 24995 27005 22380 25378 28987 30393 27534 25323
62659530 62959530 978025 28887.166016 25526.916016 398770 373243.093750 25526.916016    25255 23708 21139 21642 23823 25054 27084 22305 25199 29250 30425 27363 25215
62959531 63259531 978013 28672.000000 25320.833984 398788 373467.156250 25320.833984    25488 23233 21093 21581 23411 24631 26715 22153 25074 28881 30492 26980 25211
63259532 63559532 978013 28870.750000 25495.083984 398773 373278.093750 25494.916016    25432 23509 21244 21670 23468 25239 27036 22350 25259 28964 30408 27317 25287
63559533 63859533 978020 28726.666016 25414.083984 398787 373373.000000 25414.000000    25307 23559 21025 21557 23453 25124 26673 22345 25066 28902 30513 27074 25395
63859534 64159534 978023 28516.333984 25198.916016 398787 373588.250000 25198.750000    25173 23374 21061 21380 23053 24623 26522 22070 25189 28668 30169 27210 24954
64159535 64459535 978054 28613.250000 25276.250000 398785 373508.843750 25276.166016    25212 23401 20733 21643 23374 24560 26833 22224 25065 28575 30300 26916 25211
64459536 64759536 978022 28502.666016 25198.500000 398790 373591.593750 25198.416016    24864 23306 20981 21348 23502 24575 26648 22503 24955 28520 30222 27108 24830
64759537 65059537 978023 28438.083984 25147.500000 398769 373621.593750 25147.416016    24893 23275 20989 21534 23198 24474 26714 22295 24912 28562 30073 26832 25007
65059538 65359538 978051 28428.000000 25141.083984 398807 373666.093750 25140.916016    24854 23124 20999 21562 23120 24688 26673 22039 24943 28596 30176 26895 25021
65359539 65659539 978023 28391.416016 25094.583984 398770 373675.500000 25094.500000    24734 23337 20642 21313 23146 24429 26581 22340 25113 28398 29850 26863 25030
65659540 65959540 978051 28318.666016 25029.000000 398806 373777.156250 25028.833984    25033 23126 20758 21381 23067 24619 26413 22049 24760 28509 29850 26878 24661
65959541 66259541 978023 28278.666016 25008.583984 398768 373759.593750 25008.416016    25106 23058 20701 21170 23050 24526 26508 22004 24718 28259 30020 26868 24814
66259542 66559542 978021 28166.333984 24936.166016 398794 373857.906250 24936.083984    24968 23072 20408 21139 22979 24431 26301 21846 24701 28193 29869 26843 24891
66559543 66859543 978051 28102.500000 24836.750000 398790 373953.343750 24836.666016    24715 22878 20409 20938 23286 24366 26345 21799 24968 28118 29878 26356 24393
66859544 67159544 978025 28139.916016 24904.000000 398782 373878.000000 24904.000000    24856 23132 20821 21424 23031 24339 26424 22003 24685 28209 29522 26563 24660
67159545 67459545 978024 28071.250000 24840.666016 398788 373947.593750 24840.416016    24791 23074 20604 21059 23111 24286 26037 21755 24702 28350 29768 26624 24528
67459546 67759546 978047 27987.000000 24757.750000 398783 374025.343750 24757.666016    24523 22820 20503 21128 23008 24239 26409 21781 24406 28059 29492 26532 24695
67759547 68059547 978022 27942.333984 24717.583984 398795 374077.593750 24717.416016    24519 22717 20460 21202 23051 23919 26100 21838 24458 28290 29505 26697 24313
68059548 68359548 978018 27831.083984 24615.083984 398764 374149.000000 24615.000000    24578 22825 20701 20948 22922 24043 26094 21918 24363 27683 29479 26161 24366
68359549 68659549 978053 27786.000000 24592.750000 398804 374211.343750 24592.666016    24607 22429 20219 20790 22955 23995 26079 21421 24475 27982 29304 26604 24471
68659550 68959550 978018 27781.583984 24584.166016 398776 374191.906250 24584.083984    24627 22809 6010 20623 22737 24118 25861 21639 24580 27811 29199 26542 24463
68959551 69259551 978052 27722.916016 24526.750000 398799 374272.343750 24526.666016    24650 22447 0 20841 22562 23810 25841 21600 24216 28109 29454 26335 24455
69259552 69559552 978022 27655.333984 24483.500000 398772 374288.593750 24483.416016    24560 22720 0 20738 22922 23896 25722 21424 24351 27754 29186 26347 24181
69559553 69859553 978019 27509.750000 24365.500000 398794 374428.500000 24365.500000    24086 22313 0 20826 22733 24192 25580 21231 24111 27655 29146 26244 24269
69859554 70159554 978040 27456.416016 24298.916016 398789 374490.250000 24298.750000    24183 22058 0 20617 22626 24011 25514 21501 24143 27439 29150 26070 24273
70159555 70459555 978021 27748.666016 24559.666016 398776 374216.500000 24559.500000    24633 22460 0 20878 22946 24024 26021 21702 24135 28026 29339 26141 24409
70459556 70759556 978020 27686.250000 24505.916016 398791 374285.156250 24505.833984    24553 22926 0 20762 22546 23844 26139 21603 24243 27638 29158 26133 24525
70759557 71059557 978042 27684.916016 24516.083984 398776 374260.093750 24515.916016    24440 22794 0 20720 22666 23928 25790 21600 24412 27862 29453 26402 24124
71059558 71207182 481266 13585.166992 11994.416992 196230 184235.578125 11994.416992    11981 11061 0 10127 11130 11852 12453 10774 11789 13579 14145 12921 12121
