125 2161
62102434 62402434 977970 82523.921875 70360.078125 592915 522555.000000 70360.000000    71744 64935 59596 61916 65790 69217 76565 63257 70892 79862 85140 76120 69646
62402435 62702435 977990 76723.078125 65601.156250 592940 527339.000000 65601.000000    67272 60268 56420 57547 61299 64382 70803 59314 65399 74946 79302 71139 64722
62702436 63002436 978013 50463.078125 43635.539062 592968 549332.437500 43635.539062    44829 40574 37004 37981 40719 43144 47554 38826 43355 49816 52937 47323 43200
63002437 63302437 978008 80018.921875 68344.695312 592946 524601.375000 68344.617188    69556 63204 58509 59414 63294 66730 74115 61615 68950 78250 82951 74276 67616
63302438 63602438 978038 79074.460938 67283.000000 592981 525698.125000 67282.843750    51247 63632 59003 59974 64051 67727 74607 61578 69002 78708 83048 74112 67988
63602439 63902439 978016 74690.156250 62960.769531 592956 529995.437500 62960.539062    707 62870 58654 59457 63426 67469 73921 61164 68611 78127 83054 73646 67381
63902440 64202440 978017 74176.695312 62508.460938 592975 530466.750000 62508.230469    672 62827 58083 59088 63254 66241 73243 60693 68166 77737 82131 73449 67023
64202441 64502441 977990 73568.078125 62050.382812 592934 530883.750000 62050.230469    676 62059 57467 58367 62445 66060 72691 60686 67417 77629 81088 73063 67005
64502442 64802442 978004 73180.843750 61742.847656 592961 531218.250000 61742.769531    666 62250 57432 58337 62353 65529 72615 60121 67483 76576 80794 72223 66277
64802443 65102443 978032 72522.539062 61262.847656 592973 531710.250000 61262.769531    729 61730 57056 57956 61706 65265 71476 59907 66560 76171 79956 72007 65897
65102444 65402444 978013 71985.000000 60852.230469 592955 532102.937500 60852.078125    659 60959 56445 57431 61562 64613 71213 59759 66108 75592 79949 71372 65415
65402445 65702445 978017 71537.078125 60494.691406 592967 532472.437500 60494.539062    640 60639 55720 57001 61477 64235 71170 59042 65967 75209 79440 71031 64858
65702446 66002446 978043 71170.695312 60216.617188 592972 532755.437500 60216.539062    619 60298 55997 57047 60315 64113 70871 58832 65748 74666 78910 70612 64787
66002447 66302447 978015 70895.695312 60067.617188 592971 532903.437500 60067.539062    637 60165 55579 57072 60595 63486 70644 58655 65562 74742 78678 70465 64598
66302448 66602448 978014 70213.000000 59474.691406 592946 533471.437500 59474.539062    591 59440 55093 56564 59956 63360 69717 58286 65285 73957 77993 69415 63512
66602449 66902449 978041 68749.078125 58308.460938 592987 534678.750000 58308.230469    565 58270 54587 55192 58871 62051 68212 57008 63828 71818 76814 68230 62561
66902450 67202450 978015 70660.078125 59833.460938 592952 533118.562500 59833.460938    593 60380 55264 56523 60339 63691 70534 58291 65579 74304 78338 70212 63787
67202451 67502451 978017 70150.304688 59406.847656 592972 533565.312500 59406.691406    625 59450 55034 56167 60247 63199 69509 58076 64350 74170 78326 69409 63725
67502452 67802452 978042 69764.382812 59103.382812 592969 533865.687500 59103.308594    589 59208 54718 56041 59774 62947 69537 57855 64308 73308 77631 69238 63189
67802453 68102453 978015 69398.156250 58815.078125 592969 534154.250000 58814.769531    592 59142 54356 55631 59305 62386 69028 57900 64147 72891 76954 69033 63227
68102454 68402454 978042 69069.078125 58572.078125 592978 534406.062500 58571.921875    567 58776 54521 55322 58764 62551 68320 57167 64103 72591 76955 69162 62636
68402455 68702455 978015 68727.460938 58291.000000 592960 534669.000000 58291.000000    581 58351 53983 55108 58940 61748 68442 57142 63325 72225 76665 68427 62846
68702456 69002456 978012 68388.617188 58054.308594 592964 534909.875000 58054.152344    539 58123 54052 54873 58625 61949 67814 56541 63241 72002 76327 68117 62501
69002457 69302457 977971 67776.695312 57556.152344 592924 535368.000000 57556.000000    535 57508 53129 54231 57779 61429 67864 56017 62364 71854 75630 68035 61853
69302458 69602458 978014 67573.617188 57387.382812 592967 535579.875000 57387.152344    538 57409 53316 54769 57714 60698 67651 56217 62172 71011 75453 67567 61518
69602459 69902459 977984 67221.382812 57100.617188 592936 535835.625000 57100.382812    561 57236 53076 54148 57733 60849 66767 55715 62295 70376 75068 67017 61464
69902460 70202460 978037 66811.921875 56830.539062 592983 536152.687500 56830.308594    547 57229 52622 54244 57168 60312 66785 55438 61949 70807 74060 66969 60664
70202461 70502461 978016 66616.234375 56665.921875 592953 536287.062500 56665.921875    577 56921 52469 53762 57212 60585 66492 55126 61797 70450 74270 66434 60562
70502462 70802462 978011 66155.078125 56310.921875 592963 536652.375000 56310.617188    513 56158 51986 53246 56752 60010 66495 54555 61299 70261 74094 66084 60585
70802463 71102463 978043 65701.078125 55919.769531 592978 537058.312500 55919.691406    513 56510 51690 52812 56390 59332 65945 54490 60737 69683 73491 65410 59953
71102464 71402464 978016 65288.539062 55629.539062 592963 537333.625000 55629.382812    533 56068 51193 52503 56106 58979 65602 54692 60201 68960 73119 65586 59640
71402465 71702465 978043 64856.000000 55279.769531 592981 537701.250000 55279.769531    514 55717 51002 52265 55333 59007 65044 54012 60346 67935 72788 64746 59928
71702466 72002466 978019 63808.847656 54460.921875 592963 538502.375000 54460.617188    479 54813 49969 51715 54426 57992 64114 52958 59498 67366 71844 64040 58774
72002467 72302467 978012 64546.847656 55035.769531 592964 537928.437500 55035.539062    484 55081 50755 52084 55522 58386 64877 53793 60138 68055 72258 64673 59356
72302468 72602468 978041 64596.617188 55047.230469 592959 537912.125000 55046.847656    472 54904 50986 51629 55418 58478 65059 53583 59794 68794 72552 64901 59039
72602469 72902469 978011 64172.847656 54716.847656 592971 538254.312500 54716.691406    480 54843 50255 51588 54638 58057 65111 53378 59311 68313 71760 64727 58856
72902470 73202470 978012 63958.000000 54540.308594 592948 538408.000000 54540.000000    526 54264 50710 51405 55053 57284 64660 53611 59452 68026 71322 63771 58936
73202471 73502471 978010 63736.847656 54366.769531 592965 538598.625000 54366.382812    476 54609 50956 51032 54664 57697 64536 52759 59069 67222 71586 63843 58314
73502472 73802472 978014 63265.921875 54030.230469 592955 538925.062500 54029.921875    476 54273 50102 50843 54474 57253 63599 52328 58681 67593 71339 63455 57973
73802473 74102473 978013 62856.382812 53724.078125 592965 539241.062500 53723.921875    483 53949 49911 50492 54027 57403 63354 52440 58265 67104 70398 63007 57578
74102474 74402474 978034 62581.921875 53473.152344 592969 539495.937500 53473.078125    493 53797 49936 50407 53448 57267 63400 51787 58088 66298 70126 62741 57362
74402475 74702475 977977 62285.921875 53209.921875 592930 539720.125000 53209.847656    479 53401 49178 50153 53266 56315 62728 52055 57869 66343 70034 62612 57295
74702476 75002476 978012 62193.230469 53124.460938 592966 539841.750000 53124.230469    477 53422 49384 49956 53729 56473 62663 51712 57583 65908 69597 62753 56958
75002477 75302477 978011 61950.539062 52958.152344 592952 539993.875000 52958.152344    480 52728 49059 50387 53259 56549 62274 51502 57601 65438 69880 62386 56913
75302478 75602478 978009 61615.460938 52706.460938 592961 540254.750000 52706.230469    431 52915 48538 50010 52577 56277 62535 51424 57069 65545 68785 62090 56985
75602479 75902479 978043 61182.382812 52299.230469 592970 540670.875000 52299.152344    475 52558 48876 49378 52671 55482 61531 50877 56721 64928 69166 61330 55896
75902480 76202480 978013 61080.460938 52228.078125 592976 540748.062500 52227.921875    486 52174 48615 49423 52522 55528 61661 50581 56770 64597 68872 61382 56352
76202481 76502481 978015 60558.921875 51858.078125 592947 541089.000000 51858.000000    481 51669 48154 48816 52385 55464 61077 50546 56688 64164 68318 61042 55350
76502482 76802482 978039 60419.382812 51707.921875 592984 541276.375000 51707.617188    443 51670 47636 49039 51995 55095 61316 50239 56409 64104 68217 60815 55221
76802483 77102483 977977 60235.691406 51640.078125 592938 541298.250000 51639.769531    426 52127 47743 48866 52205 55008 60952 50307 55781 64414 67835 60011 55642
77102484 77402484 978013 59694.230469 51165.691406 592959 541793.437500 51165.539062    431 51417 47219 48536 51623 54532 60665 49636 54952 63349 67123 60202 55467
77402485 77702485 978036 59630.078125 51141.691406 592972 541830.375000 51141.617188    446 51177 47673 47826 52060 54238 60272 49888 55050 63432 67504 60113 55162
77702486 78002486 978002 59406.539062 50954.847656 592947 541992.312500 50954.691406    432 51026 46994 47620 51473 53981 60296 49424 55660 63396 67375 59998 54736
78002487 78302487 978014 59020.382812 50649.382812 592970 542320.750000 50649.230469    470 50717 46969 47786 51359 53959 59840 49040 54981 62363 66821 59468 54667
78302488 78602488 978043 58718.000000 50403.382812 592967 542563.875000 50403.152344    446 50499 46786 47586 50942 54021 59640 48607 54607 62523 66395 58743 54446
78602489 78902489 977979 58440.000000 50201.230469 592945 542744.000000 50201.000000    421 50463 46561 47568 50688 53556 59371 48621 54251 62199 65948 58900 54066
78902490 79202490 978039 58178.460938 49933.847656 592971 543037.250000 49933.769531    405 50035 46064 47038 50264 52975 59293 48554 53985 62263 65744 58756 53763
79202491 79502491 977983 57794.230469 49668.769531 592950 543281.562500 49668.460938    372 49758 45784 46857 50494 53136 58884 48143 53707 61551 65314 58366 53324
79502492 79802492 978018 57767.921875 49637.617188 592956 543318.875000 49637.152344    399 49889 45939 46904 50024 52992 58708 47912 53493 61281 65705 58626 53411
79802493 80102493 978007 57425.460938 49383.539062 592964 543580.437500 49383.539062    436 49478 45643 46586 50196 52550 58444 48093 53503 60908 65212 58086 52851
80102494 80402494 977987 57121.152344 49117.691406 592942 543824.562500 49117.460938    372 48957 45407 46576 49703 52516 58273 47503 53097 60719 64772 57816 52816
80402495 80702495 978015 56871.152344 48898.539062 592960 544061.562500 48898.460938    428 49089 45153 46224 49337 51911 57398 47686 52879 60440 64992 57613 52530
80702496 81002496 978008 56374.691406 48453.230469 592960 544506.937500 48453.078125    387 48678 44594 45599 49086 51472 57366 47159 52355 59936 63962 56997 52299
81002497 81302497 978015 56282.617188 48462.152344 592955 544492.937500 48462.078125    361 48663 44711 45974 48920 51954 57509 46924 52297 60028 63719 56955 51992
81302498 81602498 978022 56066.308594 48237.617188 592977 544739.562500 48237.460938    412 48736 44466 45551 49031 50929 57222 46771 51743 59886 63652 56663 52025
81602499 81902499 978036 55597.000000 47844.847656 592962 545117.250000 47844.769531    378 48282 44496 45125 48099 51099 56632 46379 51655 59155 63305 55880 51497
81902500 82202500 978013 56246.539062 48438.382812 592973 544534.687500 48438.308594    395 48252 44812 45934 48808 51518 57516 47033 52814 59896 63846 57129 51745
82202501 82502501 978042 55957.617188 48185.539062 592963 544777.562500 48185.460938    391 48131 44577 45536 48771 51333 56827 47044 52270 59553 63499 56755 51724
82502502 82802502 978011 55818.230469 48086.769531 592968 544892.062500 48075.921875    396 48399 44538 45341 48378 51315 57170 46563 51683 59583 63186 56599 51836
82802503 83102503 978015 55471.921875 47769.921875 592958 545188.250000 47769.769531    370 47952 44681 45232 48146 50767 56516 46172 51961 58732 62931 55924 51623
83102504 83402504 978044 55364.617188 47711.078125 592979 545268.000000 47711.000000    367 47544 44112 45096 47979 50683 56380 46280 51559 59444 63076 56350 51373
83402505 83702505 978014 55011.847656 47407.617188 592959 545551.562500 47407.460938    351 47303 43736 44676 47664 50753 56155 46020 51533 58499 62602 56111 50894
83702506 84002506 973562 54617.691406 47117.847656 590257 543139.125000 47117.847656    426 47485 43509 44456 47516 49719 55793 45762 50865 58251 62145 55819 50786
84002507 84302507 978019 54598.847656 47082.308594 592966 545883.750000 47082.230469    379 46691 43808 44621 47748 50238 55916 45722 50635 58053 61818 55807 50633
84302508 84602508 978005 54451.382812 46965.617188 592951 545985.437500 46965.539062    349 46918 43700 44341 47823 50272 55638 45482 50812 57884 61719 55127 50487
84602509 84902509 978043 54099.847656 46657.078125 592981 546324.312500 46656.691406    353 46504 43564 43793 46794 49901 55116 45066 50618 57817 61468 55200 50343
84902510 85202510 978016 53923.078125 46493.152344 592959 546465.937500 46493.078125    354 46180 43218 44212 47000 49529 55357 44896 49930 57912 61168 54842 49812
85202511 85502511 978013 53645.382812 46306.847656 592968 546661.312500 46306.691406    364 46741 42473 43646 46937 49631 54615 44671 50020 57476 61081 54483 49849
85502512 85802512 978040 53486.230469 46190.230469 592963 546773.062500 46189.921875    365 46680 42695 43410 46638 49392 54854 45346 49757 56761 61224 54006 49341
85802513 86102513 978013 53229.617188 45970.691406 592970 546999.562500 45970.460938    311 45832 42635 43432 46610 48865 54112 44531 50031 57150 60573 54202 49332
86102514 86402514 978046 52956.382812 45808.230469 592975 547166.937500 45808.078125    331 45903 42245 43149 46286 48793 53998 44463 49863 56903 60240 53925 49406
86402515 86702515 977968 52749.382812 45610.617188 592937 547326.437500 45610.539062    332 45814 41744 43029 46042 48537 54114 44344 49278 56416 60491 53528 49268
86702516 87002516 977988 52425.691406 45303.000000 592933 547630.250000 45302.769531    321 45149 41811 42250 45994 48386 53851 43635 49310 55827 59773 53867 48762
87002517 87302517 978038 52377.847656 45294.078125 592984 547690.062500 45293.921875    306 45710 42212 42581 45444 47915 53997 44286 48936 55596 59555 53325 48958
87302518 87602518 978018 52077.382812 45058.847656 592963 547904.312500 45058.691406    343 45063 41627 42181 45544 48406 53470 43501 48712 55503 59593 53222 48598
87602519 87902519 978015 51860.460938 44889.230469 592960 548070.875000 44889.152344    341 45177 41618 42274 45385 47524 53012 43930 48218 55144 59474 52917 48545
87902520 88202520 978040 51784.382812 44785.460938 592981 548195.625000 44785.382812    345 44819 41662 42360 45317 47600 53149 43359 48187 55524 58969 52581 48338
88202521 88502521 978015 51590.230469 44668.382812 592954 548285.625000 44668.382812    311 44981 41209 42453 44954 47289 53086 43251 48362 55194 58793 52585 48221
88502522 88802522 978012 51295.769531 44423.847656 592965 548541.125000 44423.847656    322 44450 41012 42191 45150 47448 52564 43168 47844 54972 58442 52271 47676
88802523 89102523 978043 50984.921875 44196.691406 592972 548775.375000 44196.617188    332 44077 41097 41887 44467 47149 52216 42665 47770 55041 58051 52130 47674
89102524 89402524 978016 50966.460938 44144.617188 592975 548830.625000 44144.382812    299 43931 40881 41210 44470 47099 52462 42865 48043 54900 58195 52072 47450
89402525 89702525 978045 50657.152344 43896.152344 592971 549075.000000 43896.000000    302 43690 40936 41605 44420 46687 51849 42379 47489 54093 58060 51507 47631
89702526 90002526 978007 50183.617188 43528.539062 592964 549435.437500 43528.539062    298 43747 40069 40926 43784 46557 51049 41978 47531 53740 57904 51246 47042
90002527 90302527 978011 50017.921875 43350.152344 592956 549605.937500 43350.078125    297 43325 40079 41112 43636 46045 51934 41976 47131 52914 57492 51109 46501
90302528 90602528 978008 50569.769531 43817.769531 592957 549139.250000 43817.769531    290 44067 40168 41128 44163 46543 52283 42539 47793 54513 57609 51264 47271
90602529 90902529 978015 50270.078125 43595.921875 592961 549365.062500 43595.921875    330 43867 40187 40982 44044 46561 51903 42138 47680 53758 57313 51260 46724
90902530 91202530 978012 50267.308594 43595.000000 592954 549359.062500 43594.921875    297 43553 40331 41271 43952 46636 51618 42372 47577 54083 57248 51159 46637
91202531 91502531 978012 50053.078125 43420.847656 592968 549547.312500 43420.691406    288 43408 39976 40914 43938 46060 51700 42169 46980 53612 57799 51000 46625
91502532 91802532 978019 49859.308594 43280.847656 592953 549672.125000 43280.847656    295 43399 40193 40626 43739 46413 51666 41863 47072 53181 56962 50807 46435
91802533 92102533 978018 47930.539062 41714.460938 592973 551258.875000 41714.152344    295 42144 38388 39240 42576 44448 49526 40239 44981 51716 54754 48965 45012
92102534 92402534 978041 47507.152344 41347.539062 592971 551623.750000 41347.230469    299 41197 38128 38914 41670 44145 49401 39782 44972 50739 54736 48901 44630
92402535 92702535 978008 47416.382812 41245.460938 592966 551720.750000 41245.230469    261 41082 37756 38848 42191 43540 48968 39755 44904 51144 54826 48448 44465
92702536 93002536 978040 47354.847656 41185.769531 592966 551780.437500 41185.539062    275 41104 38051 38846 41544 44015 48869 39467 44797 50824 54813 48367 44440
93002537 93302537 978012 47047.847656 40953.921875 592966 552012.312500 40953.691406    241 40932 37655 38527 41663 43433 48810 39840 44644 50516 53968 48420 43749
93302538 93602538 978014 46655.617188 40649.460938 592959 552309.750000 40649.230469    252 41000 37275 38218 41268 43269 48208 39177 43841 50500 54222 47885 43325
93602539 93902539 978042 46493.847656 40520.000000 592975 552455.125000 40519.847656    257 40579 37232 37829 41077 43238 48289 39343 44366 49656 53540 47810 43542
93902540 94202540 978016 46687.539062 40668.230469 592969 552300.937500 40668.078125    253 40697 37546 38078 40859 43428 48385 39382 44556 50167 53497 48117 43720
94202541 94502541 978011 46574.308594 40574.769531 592950 552375.437500 40574.539062    257 40655 37222 38039 40876 43039 48258 39277 44539 50271 53575 47896 43565
94502542 94802542 978045 46412.921875 40400.921875 592987 552586.062500 40400.921875    257 40448 37501 38048 40610 43293 47679 38964 43722 49973 53536 47587 43594
94802543 95102543 978013 46243.847656 40259.769531 592951 552691.312500 40259.691406    278 40258 37212 37934 40780 43052 48070 38554 43788 49481 53290 47147 43532
95102544 95402544 977975 46093.539062 40203.308594 592949 552745.687500 40203.308594    254 40188 36907 37930 40708 42969 47818 38771 43602 49484 53089 47589 43334
95402545 95702545 978011 46034.617188 40128.691406 592944 552815.437500 40128.539062    260 40332 36975 37958 40642 43214 47157 38726 43661 49310 53002 47477 42957
95702546 96002546 978015 45829.691406 39896.230469 592970 553073.875000 39896.152344    265 39933 37154 37623 40083 42389 47331 38571 43179 49166 52508 47428 43020
96002547 96302547 978006 45693.230469 39853.921875 592957 553103.375000 39853.617188    252 39836 36701 37606 40002 42470 47278 38694 43456 49124 52734 46802 43142
96302548 96602548 978010 45567.000000 39714.921875 592957 553242.125000 39714.847656    244 39925 36546 37399 40371 42475 47006 38410 43292 48799 52320 46828 42678
96602549 96902549 977981 45427.460938 39618.230469 592934 553315.875000 39618.152344    229 39739 36371 37065 40248 42064 47058 38205 43224 49217 52055 46715 42846
96902550 97202550 978042 45235.769531 39454.921875 592978 553523.062500 39454.921875    250 39457 36312 37397 39712 42047 47103 38153 42794 48440 52137 46659 42453
97202551 97502551 978011 45016.617188 39248.382812 592967 553718.687500 39248.308594    239 39467 36465 37044 39814 41501 46579 37880 42341 48769 51471 46332 42326
97502552 97802552 978018 44965.921875 39242.769531 592953 553710.375000 39242.617188    233 39196 36228 37095 39852 42019 46343 37845 42625 48345 51875 46005 42493
97802553 98102553 978039 44779.382812 39060.382812 592987 553926.687500 39060.308594    257 39131 35967 36883 39528 41403 46186 37968 42325 48034 51645 46396 42061
98102554 98402554 978015 44468.769531 38816.691406 592955 554138.312500 38816.691406    226 39098 35913 36650 39191 41591 45936 37646 42167 47711 51287 45839 41362
98402555 98702555 978011 44230.691406 38600.769531 592968 554367.312500 38600.691406    219 38672 35619 36689 39242 41069 45949 37077 42127 46994 51135 45547 41470
98702556 99002556 978030 44130.382812 38510.230469 592957 554446.750000 38510.230469    223 38534 35404 36605 38880 40840 45899 37008 42122 47327 51057 45491 41243
99002557 99302557 978019 43969.539062 38413.847656 592973 554559.250000 38413.769531    239 38437 35085 36144 38759 40995 46010 36973 41828 47464 51060 45394 40991
99302558 99418733 378755 16722.076172 14605.845703 229627 215021.156250 14605.845703    85 14582 13548 13753 14798 15587 17330 14120 15853 18050 19376 17069 15725
