202 2208
51125798 51425798 977939 94857.500000 80170.164062 605893 525723.250000 80169.750000    82200 73287 67650 0 73895 75217 84481 71897 81554 91674 96658 85606 77918
51425799 51725799 977856 65446.832031 55878.332031 605778 549899.937500 55878.082031    57512 51040 46768 0 51181 52795 59377 49228 56701 63404 67977 59861 54693
51725800 52025800 977870 82552.835938 70002.835938 605797 535794.437500 70002.585938    72225 63831 58781 0 63788 65851 73846 62373 71748 80132 84383 75131 67942
52025801 52325801 977832 92154.835938 78004.914062 605753 527748.312500 78004.664062    79709 71614 65786 0 71862 73332 82740 69758 79546 88880 94333 82909 75587
52325802 52625802 977822 91138.664062 77277.585938 605759 528481.750000 77277.250000    79267 70874 65334 0 71069 72296 81546 68936 78910 87974 93582 82433 75106
52625803 52925803 977825 90059.414062 76415.664062 605744 529328.687500 76415.335938    78022 70067 64459 0 70391 71473 80959 68107 78004 86886 92397 81878 74341
52925804 53225804 977740 89034.914062 75574.164062 605703 530129.250000 75573.750000    76862 68887 63805 0 69696 70965 79963 67439 77199 86197 91386 80946 73540
53225805 53525805 977875 87856.914062 74620.750000 605768 531147.500000 74620.500000    76125 68266 63051 0 69043 69722 79278 66509 75789 85514 90070 79536 72543
53525806 53825806 977755 86775.914062 73838.414062 605723 531884.812500 73838.164062    75424 67235 62115 0 68262 69570 78170 65952 74627 84387 89139 79222 71955
53825807 54125807 977802 85888.835938 73179.000000 605724 532545.000000 73179.000000    75157 66354 61594 0 67435 68506 77452 64761 74685 83709 88902 78495 71098
54125808 54425808 977846 84736.500000 72248.914062 605789 533540.312500 72248.664062    74145 66173 60377 0 66579 67590 76797 64294 73909 82230 87764 77174 69952
54425809 54725809 977749 83725.500000 71441.500000 605690 534248.750000 71441.250000    73259 65307 59968 0 65602 67296 75675 63564 73136 81670 86629 76164 69025
54725810 55025810 973641 82363.914062 70389.585938 603185 532795.500000 70389.500000    71754 64773 59276 0 65066 65498 74241 63088 71456 80297 85300 75706 68219
55025811 55325811 977675 81536.914062 69721.414062 605699 535977.687500 69721.335938    71194 63737 58680 0 64260 65765 74040 62052 70947 79404 84475 74568 67534
55325812 55625812 977874 80565.164062 68987.914062 605809 536821.187500 68987.835938    70795 62764 58134 0 63209 64684 73431 61573 70303 78713 83607 73990 66651
55625813 55925813 977823 80361.250000 68821.250000 605795 536974.062500 68820.914062    70264 62923 57660 0 63524 64594 73050 61375 69765 79078 83166 73908 66544
55925814 56225814 977781 79801.250000 68368.085938 605749 537381.187500 68367.835938    69873 62220 57475 0 62817 64204 72720 60677 69502 77962 82770 73809 66385
56225815 56525815 977865 78983.664062 67681.500000 605818 538136.687500 67681.335938    68891 61740 56862 0 62145 63922 72057 60246 68619 76537 82431 72608 66118
56525816 56825816 977840 77961.750000 66881.335938 605799 538917.812500 66881.164062    68228 60841 56132 0 61225 62635 71293 59475 68278 76322 81288 71599 65258
56825817 57125817 977906 77468.000000 66528.000000 605841 539313.187500 66527.835938    68298 60137 55468 0 61050 62993 70889 59482 67347 75900 80604 71430 64736
57125818 57425818 977891 76784.500000 65970.000000 605850 539880.312500 65969.664062    67455 60335 55126 0 60753 61953 70483 58725 67083 75252 79776 70751 63944
57425819 57725819 977970 76227.164062 65467.917969 605877 540409.250000 65467.750000    66725 60131 54522 0 60379 61954 69342 58257 66771 74691 78888 70564 63389
57725820 58025820 977868 75481.164062 64912.500000 605838 540925.750000 64912.250000    66254 59298 54309 0 59871 61198 68740 57416 66198 73857 78670 69870 63266
58025821 58325821 977836 75528.164062 64905.417969 605775 540869.812500 64905.167969    66246 59249 54901 0 59989 61046 68942 58051 65601 73995 78459 69407 62976
58325822 58625822 977940 75623.085938 64993.917969 605895 540901.250000 64993.750000    66079 59362 54600 0 59665 61258 69507 57681 65858 74070 78914 69907 63024
58625823 58925823 977842 80936.000000 69254.750000 605789 536534.687500 69254.335938    70570 63362 58362 0 63473 65470 73658 61648 70480 78809 83997 74321 66902
58925824 59225824 977932 80553.664062 68949.085938 605876 536927.000000 68949.000000    69983 62608 57740 0 63624 64800 73451 61744 70333 78887 83501 73563 67154
59225825 59525825 977972 79996.000000 68516.085938 605898 537382.437500 68515.585938    69964 62394 57761 0 62908 64541 73331 61166 69219 78188 82863 73231 66621
59525826 59825826 977969 79503.750000 68121.835938 605895 537773.312500 68121.664062    69644 62186 57305 0 62995 64034 72606 60998 69222 77602 82292 72745 65831
59825827 60125827 977868 78010.164062 66911.335938 605826 538914.812500 66911.164062    68313 60654 56538 0 61819 62903 71513 59393 68255 76530 81085 71405 64526
60125828 60425828 977907 78719.000000 67507.000000 605842 538335.312500 67506.664062    68834 61457 56595 0 61653 63581 72384 60076 68808 77220 81701 72234 65537
60425829 60725829 977805 78156.414062 67058.500000 605764 538705.750000 67058.250000    68614 60961 56251 0 61947 63193 71291 59563 67935 76732 81307 71858 65047
60725830 61025830 977834 77470.664062 66478.000000 605745 539267.250000 66477.750000    67919 60711 55869 0 61331 62797 70649 59391 67363 75493 80356 71356 64498
61025831 61325831 977825 77074.164062 66158.500000 605776 539617.562500 66158.414062    67633 60649 55444 0 60754 62161 70271 59090 66913 75385 80169 71295 64137
61325832 61625832 977855 76430.335938 65669.835938 605754 540084.687500 65669.335938    66940 59730 55053 0 60646 62179 70003 58430 66569 74732 79682 70246 63822
61625833 61925833 977859 75726.164062 65077.832031 605790 540712.437500 65077.582031    66680 59293 54638 0 60020 61683 69150 57247 66269 73902 78886 69904 63259
61925834 62225834 977784 75258.414062 64742.332031 605715 540972.937500 64742.082031    66310 59081 54445 0 59752 60881 69203 57267 66064 73661 78138 69379 62724
62225835 62525835 977818 74911.085938 64488.750000 605760 541271.562500 64488.417969    66097 58924 54007 0 59522 60544 68769 57294 65621 73624 78200 68632 62627
62525836 62825836 977830 74304.914062 63933.250000 605759 541826.187500 63932.832031    65470 58480 53824 0 58503 60145 68031 56662 65045 72597 77153 68928 62356
62825837 63125837 977861 74118.585938 63790.832031 605779 541988.562500 63790.417969    65349 58218 53504 0 58528 59820 68088 56871 64724 73190 76884 68263 62046
63125838 63425838 977774 73247.250000 63090.082031 605737 542647.000000 63090.000000    64094 57589 52957 0 57952 59386 66926 56162 64630 71966 76583 67518 61317
63425839 63725839 977836 73068.835938 62988.832031 605738 542749.437500 62988.582031    64339 57511 52673 0 58014 59080 67523 56152 63704 71550 76090 67623 61604
63725840 64025840 977878 72889.585938 62816.582031 605805 542988.437500 62816.582031    64509 57614 52455 0 57817 59233 66992 55641 63500 71906 76107 67221 60804
64025841 64325841 977886 72480.000000 62489.000000 605788 543299.250000 62488.750000    63894 57164 52351 0 57190 58873 66483 55595 63610 71416 75469 66976 60844
64325842 64625842 977856 71896.000000 61995.417969 605800 543804.812500 61995.167969    63694 56679 52081 0 57106 58512 65560 54779 62487 70751 75311 66586 60396
64625843 64925843 977896 71470.664062 61711.832031 605789 544077.250000 61711.750000    63091 56120 51818 0 56445 58513 65472 55115 62649 69930 74802 66634 59952
64925844 65225844 977800 71001.500000 61343.667969 605747 544403.437500 61343.582031    62945 55870 51528 0 56538 58187 65072 54283 62201 69800 74071 66107 59521
65225845 65525845 977831 70666.914062 61015.917969 605750 544734.312500 61015.667969    62626 55895 51251 0 56213 57065 65125 53965 61783 69117 74418 65429 59301
65525846 65825846 977906 70157.335938 60620.917969 605818 545197.250000 60620.750000    61662 55511 51139 0 55798 57285 64445 54018 61188 68668 73683 64897 59155
65825847 66125847 977785 69682.414062 60193.082031 605737 545544.312500 60192.667969    61388 55355 50456 0 55359 56628 63650 53792 60959 68118 73069 65100 58438
66125848 66425848 977844 69408.335938 60002.832031 605756 545753.187500 60002.832031    61373 54440 49988 0 55645 56701 63650 53226 60717 68495 72838 64635 58326
66425849 66725849 977753 68701.500000 59403.000000 605712 546309.312500 59402.667969    60702 54361 49713 0 55068 56240 62968 52830 60166 67567 72016 63612 57589
66725850 67025850 977843 68569.250000 59321.417969 605754 546432.687500 59321.332031    60884 54204 49712 0 54255 55983 63253 52386 60193 67465 72362 63767 57392
67025851 67325851 977860 68556.500000 59356.082031 605800 546443.937500 59356.082031    60883 54126 49455 0 54443 56186 62866 52930 60055 67527 72258 63976 57568
67325852 67625852 977812 66826.835938 57874.750000 605727 547852.437500 57874.582031    59084 52542 48807 0 53496 54727 61127 51584 58782 65942 70292 62256 55856
67625853 67925853 977869 68436.335938 59248.832031 605807 546558.250000 59248.750000    60457 54119 49640 0 54513 55894 63145 52367 59809 67687 72217 63664 57473
67925854 68225854 977832 68222.250000 59050.417969 605748 546697.687500 59050.332031    60690 53755 49303 0 54396 55602 62905 52397 59716 66823 71876 63667 57474
68225855 68525855 977822 67791.500000 58696.667969 605777 547080.562500 58696.417969    59737 53649 49347 0 53883 55699 62399 52208 59394 66412 71452 63008 57169
68525856 68825856 977943 67395.835938 58359.332031 605883 547524.062500 58358.917969    60174 53205 48977 0 53325 55503 62040 51855 58871 66517 70994 62269 56577
68825857 69125857 977903 67109.164062 58130.250000 605840 547709.937500 58130.082031    59451 53133 49004 0 53299 54574 62172 51763 58695 65999 70815 62329 56327
69125858 69425858 977941 66741.000000 57868.667969 605887 548018.437500 57868.582031    59621 52742 48897 0 53314 54403 62089 50987 58288 65386 70411 62343 55942
69425859 69725859 977931 66407.500000 57580.582031 605853 548272.750000 57580.250000    58960 52297 48212 0 53008 54511 61707 50905 57963 65526 70097 61748 56029
69725860 70025860 977901 65966.250000 57241.917969 605864 548622.437500 57241.582031    58583 52274 48199 0 52750 54404 60907 50315 57444 65209 69813 61401 55600
70025861 70325861 977808 65708.164062 57041.332031 605761 548719.937500 57041.082031    58247 51668 47786 0 52611 53814 60792 50503 57685 65189 69270 61504 55424
70325862 70625862 977801 65362.250000 56741.000000 605788 549047.250000 56740.750000    58236 51625 47223 0 52222 53878 60535 49897 57142 64767 69064 61371 54929
70625863 70925863 977806 65077.500000 56487.250000 605757 549269.812500 56487.167969    57808 51215 47077 0 51772 53352 60309 49973 57158 64180 68730 61024 55248
70925864 71225864 977873 64657.082031 56164.500000 605836 549672.000000 56164.000000    57541 51059 47192 0 51457 53203 60126 49450 56856 64064 68287 60345 54388
71225865 71525865 977898 64399.000000 55933.582031 605835 549901.562500 55933.417969    57132 51088 46868 0 51613 53341 59825 49152 56431 63260 67812 60581 54098
71525866 71825866 977847 63223.667969 54962.082031 605809 550847.187500 54961.832031    56459 49996 45781 0 50815 52358 58659 48313 55519 62057 67204 58945 53436
71825867 72125867 977778 63857.667969 55502.500000 605760 550257.500000 55502.500000    56787 50430 46345 0 51070 52911 59135 49152 56159 63172 66932 59790 54147
72125868 72425868 977902 63654.500000 55335.750000 605835 550499.437500 55335.582031    56823 50290 46355 0 50827 52489 58827 48890 55743 62851 67452 59601 53879
72425869 72725869 977907 63325.750000 55087.917969 605869 550781.250000 55087.750000    56207 50277 46339 0 50774 52449 58678 49025 55056 62577 67050 59244 53377
72725870 73025870 977896 62768.167969 54598.500000 605817 551219.000000 54598.000000    56583 49298 45806 0 50351 51734 57757 48442 55051 62360 66124 58716 52954
73025871 73325871 977881 62131.500000 54049.082031 605856 551807.062500 54048.917969    55500 49290 45111 0 49617 51378 57718 47641 54361 61498 65797 58098 52578
73325872 73625872 977976 61721.082031 53735.667969 605881 552145.437500 53735.582031    55041 48625 44922 0 49606 50879 57358 47391 54373 60843 65684 57792 52313
73625873 73925873 977772 61456.917969 53537.917969 605761 552223.312500 53537.667969    54631 48710 44758 0 49636 50582 56663 47232 53925 61013 65207 58016 52079
73925874 74225874 977844 61077.000000 53180.832031 605797 552616.312500 53180.667969    54439 48353 44486 0 48929 50275 56739 47151 53355 60432 64906 57194 51909
74225875 74525875 977810 60835.917969 53005.667969 605791 552785.750000 53005.250000    54608 47790 44726 0 49044 50324 56457 46677 53326 60184 64384 57374 51169
74525876 74825876 977865 60613.832031 52823.417969 605804 552980.687500 52823.332031    54102 48405 44082 0 48562 50458 56245 46567 53510 59758 64232 56921 51038
74825877 75125877 977938 60445.332031 52676.750000 605875 553198.500000 52676.500000    53658 47948 44017 0 48006 49879 56480 46820 52846 59994 64268 56751 51451
75125878 75425878 977806 60075.250000 52389.750000 605788 553398.437500 52389.582031    53996 47512 44004 0 47844 49984 56035 46243 52611 59739 63619 56298 50790
75425879 75725879 977868 59645.417969 52037.332031 605798 553760.812500 52037.167969    52922 47389 43566 0 47730 49533 55782 46005 52273 59256 63373 56360 50257
75725880 76025880 977906 59279.332031 51742.167969 605869 554126.812500 51742.167969    52981 47301 43337 0 47775 49135 54928 45602 52020 58835 62920 56006 50066
76025881 76325881 977827 58905.082031 51459.417969 605770 554310.937500 51459.082031    52411 46599 43177 0 47598 49014 54658 45562 51765 58836 62269 55530 50090
76325882 76625882 977744 57726.582031 50429.750000 605746 555316.312500 50429.667969    51638 46178 42327 0 46453 47467 53564 44605 50966 57528 61288 53861 49281
76625883 76925883 977899 59161.500000 51660.582031 605827 554166.500000 51660.500000    52871 47047 43233 0 47718 49414 54896 45521 51793 58297 63001 55784 50351
76925884 77225884 977763 58876.582031 51416.082031 605747 554331.062500 51415.917969    52607 46876 42957 0 46999 48962 54943 45300 51829 58709 62193 55594 50022
77225885 77525885 977838 58715.500000 51272.000000 605792 554520.062500 51271.917969    52852 46246 42946 0 47158 48802 54697 45294 51607 57888 62782 55122 49869
77525886 77825886 977870 58300.250000 50916.250000 605828 554912.000000 50916.000000    52201 46144 42757 0 46915 48203 54364 44794 51212 57989 61614 55217 49582
77825887 78125887 977769 57370.082031 50209.250000 605749 555540.000000 50209.000000    51641 45757 42073 0 46178 47378 53377 44491 50343 57177 61317 53884 48892
78125888 78425888 977807 57097.000000 49914.832031 605763 555848.437500 49914.582031    51364 45474 41797 0 45871 47213 53400 43791 49961 57125 61080 53726 48173
78425889 78725889 977907 56763.750000 49671.832031 605870 556198.187500 49671.832031    51410 45570 41522 0 45714 47096 53161 44063 50009 56256 60411 53319 47531
78725890 79025890 977866 56430.000000 49394.500000 605799 556404.750000 49394.250000    50618 44592 41607 0 45422 46707 52701 43454 49522 56412 60553 53018 48125
79025891 79325891 977843 56221.332031 49192.582031 605818 556625.500000 49192.500000    50678 44912 41188 0 45512 46740 52197 43183 48951 56070 59781 53183 47915
79325892 79625893 977782 56092.332031 49070.167969 605741 556670.937500 49070.082031    50609 44509 40973 0 45070 46689 52413 42991 49221 55984 59700 53117 47565
79625894 79925894 977865 55921.667969 48940.082031 605824 556884.000000 48940.000000    50098 44403 40863 0 45128 46731 52143 43371 49152 55569 59091 53010 47721
79925895 80225895 977841 55715.167969 48781.832031 605789 557007.312500 48781.667969    50276 44405 40708 0 45128 46458 51669 43000 48834 55222 59625 52478 47577
80225896 80525896 977864 55413.750000 48495.917969 605824 557328.312500 48495.667969    49961 44126 40669 0 44368 46327 51896 42853 48619 55139 58733 52490 46767
80525897 80825897 977938 55088.832031 48231.500000 605867 557635.687500 48231.332031    49914 44113 40567 0 44352 45749 51276 42712 48278 54723 58483 52220 46389
80825898 81125898 977902 54699.250000 47929.500000 605841 557911.812500 47929.167969    48797 43468 40275 0 44536 45690 51269 42587 47883 54265 58233 51752 46395
81125899 81425899 977901 54606.332031 47838.750000 605851 558012.437500 47838.582031    48800 43878 40318 0 44271 45555 50814 42148 47619 54460 57973 51395 46832
81425900 81725900 977840 54276.832031 47578.667969 605789 558210.437500 47578.582031    48890 43431 40073 0 43801 45379 50760 41422 47773 54105 57972 51096 46241
81725901 82025901 977875 53981.000000 47360.250000 605841 558481.062500 47359.917969    48585 43146 39585 0 43331 45003 50347 41772 47520 53537 57918 51328 46247
82025902 82325902 977965 53900.000000 47268.082031 605876 558608.062500 47267.917969    48247 42960 39554 0 43675 44999 50553 41761 47263 53691 57687 50844 45981
82325903 82625903 977757 53644.750000 47007.750000 605762 558754.312500 47007.667969    48305 42908 39296 0 43414 44549 49780 41505 47213 53408 57331 50796 45587
82625904 82925904 977638 53438.000000 46869.750000 605629 558759.687500 46869.332031    48247 42322 39329 0 43343 44695 50346 41239 46872 53085 56873 50518 45563
82925905 83225905 978004 53245.082031 46692.417969 605935 559242.687500 46692.332031    48092 42215 39200 0 42856 44422 49746 41061 47122 52971 56839 50133 45651
83225906 83525906 977925 52957.832031 46443.000000 605852 559409.000000 46443.000000    47547 42185 38625 0 42707 44277 49744 40789 46599 52948 56721 50087 45087
83525907 83825907 977934 52681.667969 46221.082031 605876 559655.000000 46221.000000    47173 42272 38720 0 42635 44155 49138 40947 46375 52185 56071 50106 44875
83825908 84125908 977864 52509.082031 46089.250000 605819 559730.000000 46089.000000    47123 41858 38543 0 42560 44180 49145 40749 46192 52397 55934 49689 44698
84125909 84425909 977678 52190.417969 45790.750000 605670 559879.312500 45790.667969    46940 41556 38384 0 42411 43186 49037 40192 45803 52064 55605 49769 44541
84425910 84725910 977965 52194.750000 45837.667969 605905 560067.500000 45837.500000    47187 41501 38314 0 41727 43851 49044 40454 45864 52269 55589 49663 44587
84725911 85025911 977776 51961.500000 45663.000000 605740 560077.000000 45663.000000    47079 41456 38189 0 41849 43187 48677 40437 45495 52163 55799 49261 44364
85025912 85325912 977806 51717.667969 45443.250000 605787 560343.750000 45443.250000    46614 41650 37776 0 41793 42851 48771 39918 45353 51593 55681 49244 44075
85325913 85625913 977901 51491.082031 45262.417969 605827 560564.937500 45262.082031    46600 41313 37988 0 41828 42909 48456 40114 45144 51458 54896 48496 43943
85625914 85925914 977767 51286.167969 45013.332031 605767 560753.687500 45013.332031    46288 40721 37610 0 41815 42859 47898 39621 44889 50994 54696 48880 43889
85925915 86225915 977906 50989.832031 44860.832031 605835 560974.562500 44860.417969    45971 41077 37311 0 41534 42591 48355 39676 44905 50954 54449 48213 43289
86225916 86525916 977863 50293.500000 44236.832031 605822 561585.250000 44236.750000    45353 40086 37097 0 40496 42183 47234 38870 44438 50225 54089 47732 43038
86525917 86825917 977906 50113.667969 44106.417969 605849 561742.750000 44106.250000    45435 39804 37071 0 40891 41851 47142 38673 43981 49815 53820 47722 43070
86825918 87125918 977760 49968.332031 43934.917969 605733 561798.187500 43934.832031    45119 40145 36685 0 40617 41419 47282 38456 43481 49843 53789 47416 42966
87125919 87425919 977873 49623.667969 43650.082031 605831 562180.937500 43650.082031    44952 39623 36684 0 40371 40786 46599 38495 43755 49858 52930 47174 42574
87425920 87725920 977907 49251.750000 43330.582031 605839 562508.500000 43330.500000    44566 39469 36209 0 39823 41160 46517 37979 43417 49055 52979 47015 41777
87725921 88025921 977998 48981.000000 43104.500000 605929 562824.562500 43104.417969    44419 39061 35818 0 39664 41060 46074 37924 42875 49168 52931 46575 41684
88025922 88325922 977873 49164.750000 43266.750000 605812 562545.250000 43266.750000    44173 39150 36166 0 40078 40998 46202 38203 43195 49180 52721 46707 42428
88325923 88625923 977771 49052.750000 43199.332031 605764 562565.000000 43199.000000    44046 39034 35980 0 39817 41424 46456 37704 43285 48916 52600 46667 42459
88625924 88925924 978003 48771.417969 42939.832031 605902 562962.187500 42939.832031    44021 38993 36029 0 39331 40558 46341 37581 42855 48543 52568 46624 41834
88925925 89225925 977907 48546.750000 42780.082031 605867 563087.187500 42779.832031    43612 38697 35820 0 39322 40966 45991 37750 42731 48567 51974 46196 41732
89225926 89525926 977773 48387.500000 42635.082031 605734 563099.250000 42634.750000    43745 38908 35824 0 38851 40613 45682 37457 42724 48430 51736 45962 41685
89525927 89825927 977924 48293.582031 42541.250000 605866 563324.750000 42541.250000    43883 38416 35344 0 38939 40674 45757 37879 42304 48171 51621 46121 41386
89825928 90125928 977808 47986.582031 42304.250000 605778 563473.937500 42304.082031    43214 38235 35671 0 39162 40164 45479 37462 41828 47839 51616 45876 41103
90125929 90425929 977964 47825.750000 42187.000000 605885 563698.312500 42186.667969    43077 38474 35531 0 39020 40003 45436 36983 41915 47826 51508 45580 40887
90425930 90725930 978006 47741.500000 42068.417969 605935 563866.812500 42068.167969    43067 38265 35009 0 38705 40148 45295 37098 41894 48130 51010 45431 40766
90725931 91025931 977937 47441.832031 41826.750000 605863 564036.250000 41826.750000    42888 37923 34968 0 38483 39870 44783 36966 41648 47610 50908 45312 40562
91025932 91325932 977861 47325.082031 41763.832031 605827 564063.500000 41763.500000    43152 38044 34793 0 38358 39806 44875 36496 41922 47519 50554 45016 40627
91325933 91625933 977806 47142.250000 41561.167969 605752 564191.062500 41560.917969    42398 37783 34702 0 38312 39765 44644 36680 41160 47434 50583 44751 40519
91625934 91925934 977776 46812.667969 41286.667969 605772 564485.500000 41286.500000    42165 37542 33943 0 38028 39365 44317 36207 41361 46819 50636 44561 40494
91925935 92225935 977849 46623.167969 41121.082031 605794 564673.000000 41121.000000    42101 36914 34429 0 37979 39100 44067 36089 41419 46744 50223 44455 39932
92225936 92525936 977869 46540.082031 41029.582031 605833 564803.562500 41029.417969    41819 37331 34638 0 37674 38722 44279 36219 40794 46684 50045 44304 39844
92525937 92825937 977844 46225.500000 40819.667969 605799 564979.500000 40819.500000    42057 37246 34311 0 37420 38698 43842 35911 40528 46349 49848 44253 39371
92825938 93125938 977960 45888.250000 40498.167969 605888 565389.812500 40498.167969    41371 36857 34040 0 37723 38504 43316 35717 40128 45858 49623 43796 39045
93125939 93425939 977835 45796.167969 40411.000000 605796 565385.187500 40410.832031    41332 36640 34056 0 37298 38325 43349 35569 40105 46153 49014 43928 39161
93425940 93725940 977866 45548.250000 40202.167969 605807 565605.250000 40201.750000    40982 36550 33458 0 37005 38274 43201 35574 40111 45730 49271 43272 38993
93725941 94025941 977936 45468.582031 40153.582031 605891 565737.562500 40153.417969    41110 36383 33791 0 37121 38130 43367 35351 40336 45421 48673 43160 38998
94025942 94325942 977904 45162.250000 39882.417969 605830 565947.687500 39882.332031    40850 36354 33109 0 36724 37711 42886 35219 39813 45492 48743 43081 38606
94325943 94625943 977926 45050.250000 39784.582031 605877 566092.562500 39784.417969    40716 35848 33204 0 37021 37811 42643 35147 39506 44838 48922 43111 38646
94625944 94925944 977873 44620.667969 39430.500000 605805 566374.687500 39430.332031    40560 35803 32557 0 36661 38010 42207 34254 38972 44746 48007 42792 38595
94925945 95225945 977903 44413.332031 39263.000000 605866 566603.062500 39262.917969    39937 35790 32802 0 36213 37194 41881 34658 39083 44730 48200 42513 38154
95225946 95525946 977968 44412.500000 39253.000000 605884 566631.062500 39252.917969    40466 35867 32692 0 36215 37563 42131 34197 39288 44387 47885 42305 38039
95525947 95825947 977944 44766.832031 39564.250000 605887 566322.812500 39564.167969    40599 36049 32829 0 36372 37450 42738 34879 38983 45064 48349 43091 38367
95825948 96125948 977903 44588.000000 39446.500000 605844 566397.500000 39446.500000    40561 35963 32925 0 36200 37551 42220 34645 39374 44834 48118 42668 38299
96125949 96425949 977861 44436.750000 39291.582031 605810 566518.750000 39291.250000    40102 35797 32750 0 36412 37293 42033 34610 39209 44700 48028 42552 38009
96425950 96725950 977905 44118.500000 39000.582031 605857 566856.687500 39000.332031    40014 35622 32669 0 36015 36890 41773 34371 38789 44028 47986 41922 37925
96725951 97025951 977824 44077.000000 38971.667969 605769 566797.500000 38971.500000    39863 35421 32626 0 35775 37028 41870 34423 38887 43975 47544 42108 38138
97025952 97325952 977908 43910.417969 38834.582031 605870 567035.562500 38834.417969    39593 35635 32821 0 35657 36943 41696 34271 38504 43954 47394 42048 37497
97325953 97625953 977903 43686.667969 38665.417969 605830 567164.687500 38665.332031    39704 34936 31926 0 35836 36875 41157 34170 38699 44197 47434 41706 37344
97625954 97925954 978034 43560.917969 38514.832031 605966 567451.250000 38514.750000    39340 34843 32521 0 35585 36746 41332 33750 37917 43642 47486 41510 37505
97925955 98225955 977804 43281.250000 38301.500000 605758 567456.562500 38301.417969    39392 35031 31754 0 35068 36320 41160 33796 38083 43300 47081 41476 37156
98225956 98525956 977840 43311.667969 38330.500000 605815 567484.687500 38330.332031    39311 34900 31890 0 35369 36282 41478 33621 37749 43790 46826 41367 37381
98525957 98825957 977832 43031.500000 38063.832031 605782 567718.187500 38063.832031    39130 34637 31642 0 35227 35940 40988 33184 38096 43281 46332 41086 37223
98825958 99125958 977908 42886.000000 37933.000000 605856 567923.187500 37932.832031    38871 34464 31806 0 34880 36115 40774 33483 37702 43002 46333 40958 36806
99125959 99425959 977976 42777.082031 37847.500000 605903 568055.500000 37847.500000    38474 34594 31565 0 34608 36008 40576 33422 37541 43221 46195 41262 36704
99425960 99725960 977932 42612.082031 37702.832031 605861 568158.312500 37702.667969    38717 34502 31424 0 34774 35817 40526 33085 37179 43014 46188 40618 36588
99725961 100025961 977910 42429.332031 37592.417969 605869 568276.687500 37592.332031    38616 34104 31289 0 34380 35838 40608 32910 37279 42688 46099 40633 36664
100025962 100325962 977923 42445.750000 37574.500000 605840 568265.500000 37574.500000    38478 34101 31333 0 34629 36233 40197 33091 37241 42294 45849 40606 36842
100325963 100625963 977869 42052.000000 37235.917969 605844 568608.187500 37235.832031    38361 33803 31099 0 34108 35484 39923 32740 36804 42366 45492 40398 36252
100625964 100925964 977836 41831.917969 37063.750000 605778 568714.312500 37063.667969    38066 33655 30937 0 34363 35436 39967 32281 36788 41793 45079 40371 36028
100925965 101225965 977998 41639.917969 36901.917969 605930 569028.187500 36901.832031    37924 33805 30870 0 34150 35206 39533 32534 36549 41686 44918 39996 35651
101225966 101525966 977771 41572.250000 36842.000000 605739 568897.062500 36841.917969    37801 33691 30949 0 33529 34766 39908 32699 36854 41539 44764 39866 35737
101525967 101825967 977875 41331.917969 36629.917969 605838 569208.250000 36629.750000    37656 33495 30727 0 33737 34741 39449 32371 36333 41205 44336 40005 35502
101825968 102125968 977933 41105.667969 36448.582031 605859 569410.562500 36448.417969    37538 33203 30348 0 33416 34820 39206 32325 35979 41207 44367 39338 35634
102125969 102425969 977775 41060.500000 36389.250000 605754 569364.937500 36389.082031    37699 32969 30145 0 33297 34297 38977 32152 36343 41554 44464 39206 35566
102425970 102725970 977905 40766.082031 36114.917969 605858 569743.187500 36114.832031    37062 32677 30110 0 33400 34547 38979 31636 35882 40834 44076 39302 34873
102725971 103025971 977929 40456.582031 35880.250000 605853 569972.812500 35880.167969    36700 32964 29916 0 33135 34059 38779 31426 35533 40736 43743 38620 34951
103025972 103325972 977802 40440.667969 35860.750000 605781 569920.437500 35860.582031    36939 32791 30136 0 33069 34235 38260 31488 35435 40736 43854 38625 34759
103325973 103625973 977835 40321.750000 35752.832031 605779 570026.250000 35752.750000    36273 32701 29914 0 32943 34065 38357 31635 35651 40343 43811 38622 34718
103625974 103925974 977941 40181.082031 35636.000000 605896 570260.000000 35636.000000    36412 32561 29721 0 32842 33838 38515 31375 35458 40478 43637 38292 34503
103925975 104225975 977876 40100.167969 35586.667969 605813 570226.437500 35586.582031    36593 32308 29727 0 32717 33710 38081 31109 35355 40413 43898 38366 34762
104225976 104525976 977764 39946.250000 35440.582031 605751 570310.687500 35440.332031    36424 32337 29484 0 32673 33899 37950 31019 35373 39930 43522 38158 34515
104525977 104825977 977928 36297.667969 32273.250000 605861 573588.000000 32273.000000    33245 29292 27022 0 29865 30530 34834 28123 32318 36463 39552 34573 31459
104825978 105125978 977904 26879.583984 23972.166016 605853 581881.062500 23971.916016    24734 21791 19902 0 22131 22828 25861 20763 23896 27170 29384 25796 23407
105125979 105425979 977829 39541.500000 35115.417969 605789 570673.687500 35115.332031    36263 32007 29694 0 31860 33243 37984 30614 34633 39724 43088 38102 34172
105425980 105725980 977770 39487.582031 35067.417969 605738 570671.000000 35067.000000    36042 31970 29266 0 32290 33467 37807 30423 34847 39838 42773 38029 34052
105725981 106025981 977967 39362.000000 34975.082031 605909 570933.937500 34975.082031    36105 31588 29129 0 32030 33233 38169 30824 34725 39677 42505 37968 33748
106025982 106325982 977903 39285.082031 34890.582031 605831 570940.937500 34890.082031    35945 31746 29177 0 31914 33057 37427 30680 34896 39733 42632 37683 33791
106325983 106625983 977831 39099.082031 34711.667969 605804 571092.500000 34711.500000    35574 31849 28985 0 31657 33027 37586 30530 34433 39358 42514 37346 33679
106625984 106925984 978002 38959.417969 34559.167969 605903 571344.000000 34559.000000    35715 31483 28879 0 31753 32885 37210 30050 34120 39361 42273 37402 33577
106925985 107225985 977870 38551.167969 34231.750000 605845 571613.312500 34231.667969    35514 31251 28517 0 31142 32630 36735 29890 34105 38688 42015 36909 33384
107225986 107525986 977871 38145.917969 33879.332031 605805 571925.937500 33879.082031    34574 30743 28373 0 31239 32148 36486 29742 33476 38613 41414 36788 32953
107525987 107825987 977833 37893.500000 33686.832031 605801 572114.437500 33686.582031    34712 30481 28072 0 31151 31816 36480 29595 33143 37920 41494 36557 32818
107825988 108125988 977805 37580.167969 33385.417969 605775 572390.000000 33385.000000    34432 30280 27759 0 30906 31711 35550 29210 33151 38057 41024 36123 32417
108125989 108425989 977774 37602.832031 33425.667969 605750 572324.687500 33425.332031    34460 30522 28002 0 30870 31566 35887 29459 33248 37856 40953 36139 32142
108425990 108725990 977800 37685.417969 33505.500000 605771 572265.500000 33505.500000    34529 30258 28125 0 31079 31829 36051 29421 33394 38109 40954 35976 32341
108725991 109025991 977839 37636.582031 33431.750000 605789 572357.562500 33431.417969    34244 30713 27516 0 30566 31749 36089 29419 33159 38034 40903 36148 32637
109025992 109325992 977775 37538.332031 33410.082031 605763 572352.937500 33410.082031    34425 30127 27862 0 30798 32124 35748 29338 33275 37689 40978 36254 32303
109325993 109625993 977929 37483.917969 33321.250000 605851 572529.937500 33321.082031    34559 29959 27722 0 30681 31608 36070 29246 33057 38088 41036 35780 32047
109625994 109925994 977908 37151.167969 33056.917969 605872 572815.187500 33056.832031    34149 30152 27478 0 30375 31582 35695 28642 32766 37003 40759 35854 32227
109925995 110225995 977877 37160.832031 33048.000000 605810 572762.062500 33047.917969    33969 30312 27626 0 30459 31295 35247 29134 33046 37180 40420 35951 31936
110225996 110525996 977927 36981.750000 32914.417969 605874 572959.687500 32914.332031    33961 29845 27249 0 30083 31281 35534 29210 32764 37208 40530 35357 31950
110525997 110825997 977871 36967.332031 32888.750000 605816 572927.250000 32888.750000    34124 29653 27288 0 30292 31457 35407 28946 32485 37258 40264 35625 31866
110825998 111125998 977929 36781.750000 32713.916016 605870 573156.187500 32713.833984    33823 29509 27102 0 30172 31254 35478 28686 32174 37035 39850 35374 32109
111125999 111425999 977935 36635.082031 32579.166016 605871 573291.937500 32579.083984    33661 29312 27104 0 29932 31195 35050 28554 32349 37053 39820 35216 31703
111426000 111434439 27478 989.666687 877.833313 17011 16133.166992 877.833313    939 784 728 0 775 811 975 790 881 966 1083 960 842
