203 2064
65374622 65674622 977915 53812.460938 45833.769531 566267 520433.468750 45833.539062    45892 42669 39305 39674 43043 44989 49681 41247 46744 52208 56037 48982 45365
65674623 65974623 977901 59368.617188 50446.847656 566264 515817.687500 50446.308594    50451 47010 43221 43882 47718 49355 54514 45948 51158 56818 61777 53688 50262
65974624 66274624 977737 70959.382812 59961.617188 566180 506219.000000 59961.000000    60102 55702 51376 52289 56362 58207 64746 54481 61296 68475 73178 63482 59797
66274625 66574625 977971 70631.765625 59739.152344 566311 506572.531250 59738.460938    59905 55531 51193 52149 56433 58114 64608 53932 60830 68358 73090 63086 59371
66574626 66874626 977868 69795.156250 59095.382812 566238 507143.687500 59094.308594    59244 54909 50639 51675 55456 57745 63638 53255 60435 66599 72642 63043 58946
66874627 67174627 977899 69145.156250 58608.921875 566286 507677.781250 58608.230469    58984 54857 50455 50967 55264 56821 62884 52893 59639 66968 71894 62030 58251
67174628 67474628 977848 68564.460938 58108.539062 566217 508109.468750 58107.539062    57841 54374 50424 50974 54871 57074 62598 52042 59146 65888 70792 61992 57382
67474629 67774629 977972 68186.921875 57825.847656 566322 508510.375000 57811.617188    57743 53566 49858 50434 54634 56483 62519 52298 58694 65359 70694 61626 57643
67774630 68074630 977939 67880.921875 57602.691406 566271 508669.218750 57601.769531    57451 53816 49617 50551 54304 56111 62439 51944 58855 65046 70455 60776 57458
68074631 68374631 977966 67576.460938 57318.000000 566313 508995.531250 57317.460938    57191 53822 49605 49724 53546 55915 61919 52074 58559 64913 69931 60804 57124
68374632 68674632 977946 66941.695312 56834.539062 566280 509446.375000 56833.617188    57344 52974 49128 49506 53378 55378 61164 51270 57466 64444 69462 60726 56597
68674633 68974633 977881 66596.843750 56556.617188 566256 509700.062500 56555.921875    56593 52985 48782 49221 53098 55023 61324 50806 57613 64140 69271 60151 56220
68974634 69274634 977938 66257.304688 56300.691406 566290 509989.937500 56300.078125    56265 52472 48583 48962 53300 54966 61010 50639 57569 63779 68582 60036 55738
69274635 69574635 977840 66019.617188 56089.847656 566228 510138.375000 56089.617188    56317 52455 47896 49099 52801 54656 59896 50836 57089 63571 68668 60030 55851
69574636 69874636 977977 65621.765625 55804.308594 566317 510513.062500 55803.921875    55769 52181 47831 48935 52612 54610 59866 50027 56918 63492 68404 59226 55580
69874637 70174637 977734 65396.460938 55569.230469 566170 510601.156250 55568.847656    55366 51974 47827 48415 52177 54155 59678 50112 56516 62956 68137 59579 55503
70174638 70474638 977881 64979.921875 55320.617188 566265 510944.687500 55320.308594    55170 51215 47880 48425 51751 54118 59900 49861 56435 63162 67466 58763 55018
70474639 70774639 977805 64678.921875 55050.000000 566203 511153.687500 55049.308594    55157 51358 47458 47869 51834 53780 59118 49702 55848 62429 67831 58452 54805
70774640 71074640 973796 64233.000000 54701.691406 563904 509202.687500 54701.308594    55217 51245 46784 47322 51330 53122 59089 49746 55449 62052 67066 58118 54577
71074641 71374641 977974 64242.308594 54694.152344 566310 511616.531250 54693.460938    54668 50739 47342 48094 51233 53334 59117 49673 55806 61951 66699 57941 54418
71374642 71674642 977889 63942.152344 54499.769531 566254 511755.000000 54499.000000    54535 50798 47242 47511 51558 53104 58664 49136 55163 61746 66888 57827 54315
71674643 71974643 977941 63557.921875 54177.382812 566305 512128.625000 54176.382812    53841 50924 46484 47549 50709 53081 58113 49169 54782 61711 66393 57835 53702
71974644 72274644 977940 63240.769531 53879.847656 566267 512388.000000 53879.000000    53982 50122 46289 47211 50431 52841 58190 48415 55219 61058 65975 57263 53431
72274645 72574645 977973 62935.460938 53710.078125 566321 512611.468750 53709.539062    53499 50072 46497 47106 50233 52479 58089 48283 54165 61175 65928 57149 53549
72574646 72874646 977942 62482.769531 53320.460938 566272 512952.000000 53320.000000    52984 49933 46233 46582 50040 52328 57520 47766 54223 60453 65217 56495 53386
72874647 73174647 977967 62136.539062 53053.921875 566314 513260.843750 53053.152344    52800 49863 45341 46228 49872 52058 57515 48130 53764 59659 64916 56697 52848
73174648 73474648 977975 61811.230469 52769.921875 566296 513526.687500 52769.308594    52840 49263 45695 46048 49405 51621 56727 47495 53736 60116 64206 56494 52355
73474649 73774649 977778 61884.230469 52821.230469 566207 513386.625000 52820.382812    52746 49430 45376 46304 49271 51786 57000 47805 53961 60016 64326 56135 52509
73774650 74074650 977971 63011.152344 53720.769531 566302 512581.937500 53720.078125    53950 49992 46345 47214 50367 52606 58098 48603 54585 60795 65582 57248 52976
74074651 74374651 977940 62493.617188 53323.921875 566279 512955.468750 53323.539062    53635 49712 45979 46365 49708 52075 57846 48008 54103 60733 65095 56877 53070
74374652 74674652 977978 62328.539062 53188.921875 566315 513126.625000 53188.382812    53479 49447 45576 45953 50026 52328 57438 48131 53751 60529 65077 56649 53065
74674653 74974653 977869 61888.769531 52834.617188 566237 513403.156250 52833.847656    52883 49220 45800 46092 49351 51744 57047 47569 53750 59945 64612 55916 52911
74974654 75274654 977882 61630.000000 52673.152344 566274 513601.468750 52672.539062    52558 48832 45561 46222 49618 51857 56655 47293 53462 59702 64390 56182 52411
75274655 75574655 977884 61316.539062 52424.382812 566236 513812.000000 52424.000000    52341 48982 45169 45701 49360 51169 56347 47259 53132 59522 64496 55891 52143
75574656 75874656 977996 61122.382812 52233.382812 566337 514104.062500 52232.921875    52015 48434 45245 45725 48909 51154 56372 47379 53010 59444 63946 55730 51665
75874657 76174657 977872 60673.382812 51886.000000 566241 514356.000000 51885.000000    51633 48599 44700 45354 48750 50611 55860 46752 52999 58834 63704 55014 51695
76174658 76474658 977903 60215.078125 51500.769531 566277 514777.312500 51499.691406    51657 48205 44304 44798 48047 50575 55600 46396 52167 58463 63148 55104 51032
76474659 76774659 977837 60106.847656 51399.078125 566223 514824.531250 51398.460938    51333 48150 44132 44969 48182 50241 55527 46393 52183 58302 62931 54852 50985
76774660 77074660 977945 60141.617188 51429.460938 566293 514863.937500 51429.078125    51562 47676 44357 44965 48589 50223 55528 46172 52158 58397 63022 54888 51041
77074661 77374661 977963 59836.152344 51237.460938 566307 515070.312500 51236.691406    51762 47830 43846 44768 47915 50471 55681 46053 52093 57699 62643 54434 50882
77374662 77674662 977939 59579.921875 51000.230469 566276 515276.375000 50999.617188    51360 48068 43689 44495 47771 50325 54697 46007 51423 58194 62006 54377 50583
77674663 77974663 977907 59235.230469 50694.152344 566281 515587.781250 50693.230469    50654 47208 43839 44108 47528 49803 55008 45524 51334 57177 62337 54124 50368
77974664 78274664 977904 58986.152344 50532.230469 566253 515721.218750 50531.769531    50879 47009 43803 44389 47067 49353 54340 45365 51087 57049 62468 53473 50631
78274665 78574665 977912 58668.000000 50285.230469 566292 516007.156250 50284.847656    50310 47163 43282 44092 47485 49191 54530 45405 50496 56686 61721 53268 50074
78574666 78874666 977974 58503.382812 50169.230469 566285 516116.625000 50168.382812    50199 46892 43508 43861 47138 48938 54033 44993 50927 56787 61435 53323 50155
78874667 79174667 977968 58227.078125 49932.230469 566318 516386.218750 49931.769531    49891 46794 42884 43825 47338 49253 53884 44793 50276 56070 61352 53008 49745
79174668 79474668 977974 58040.921875 49800.921875 566296 516495.937500 49800.078125    49840 46260 42802 43871 46963 48857 53770 44827 50524 56560 60793 52989 49345
79474669 79774669 978008 58016.691406 49763.078125 566328 516565.531250 49762.460938    49965 46303 43062 43465 46463 48751 53967 44564 50308 56062 61287 52760 49955
79774670 80074670 978033 57746.308594 49519.308594 566335 516816.218750 49518.769531    49599 46458 42163 43028 46372 48683 53584 44604 50144 56330 60652 52848 49279
80074671 80374671 977942 57478.539062 49316.921875 566282 516965.843750 49316.152344    49396 45850 42304 42819 45921 48408 53538 43952 50371 56041 60876 52756 48878
80374672 80674672 977935 56418.847656 48481.382812 566295 517814.375000 48480.617188    48434 44908 41961 42348 45752 47472 52072 43462 49022 54952 59694 51912 48259
80674673 80974673 977844 57095.769531 49011.691406 566226 517215.000000 49011.000000    49272 45692 41770 42876 45910 48327 53090 44148 49467 55635 59944 52291 48721
80974674 81274674 977871 56778.769531 48736.308594 566264 517528.218750 48735.769531    48789 45400 41744 42735 45713 47362 52660 43958 49412 55040 59881 52220 48651
81274675 81574675 977968 56596.308594 48596.000000 566288 517692.781250 48595.230469    48839 45112 41668 42365 45568 47184 52777 43817 49459 54900 59713 52001 48335
81574676 81874676 977881 56242.230469 48343.460938 566271 517928.312500 48342.691406    48174 45022 41708 42167 45181 47117 52309 43582 49052 54695 59362 51808 48278
81874677 82174677 977808 56153.000000 48266.691406 566199 517933.156250 48265.847656    48546 45173 41360 42230 45695 46883 52047 42949 48913 54800 59290 51767 47803
82174678 82474678 977966 55952.382812 48118.617188 566315 518197.156250 48117.847656    48155 45078 41281 42006 45225 47042 51667 43302 48749 54696 59290 51365 47676
82474679 82774679 977912 55629.000000 47878.152344 566268 518390.312500 47877.691406    47717 44547 41128 41781 44838 46880 52025 43003 48127 54441 58969 51105 47849
82774680 83074680 977947 55434.921875 47680.617188 566289 518609.062500 47679.921875    47487 44569 41248 41953 44811 46734 51462 42338 47876 54110 58487 50940 47824
83074681 83374681 977841 55301.539062 47583.000000 566243 518660.531250 47582.460938    47892 44048 41114 41301 44786 46517 51663 42543 48372 54003 58177 50842 47314
83374682 83674682 977874 55131.000000 47432.769531 566240 518807.468750 47432.539062    47497 43962 40717 41382 44640 46421 51607 42442 48223 53664 58382 50633 47053
83674683 83974683 977963 54917.769531 47281.847656 566319 519038.062500 47280.921875    47400 43921 40639 41364 44671 46500 50984 42392 47718 53671 57801 50572 47019
83974684 84274684 977935 54508.382812 46922.382812 566276 519354.156250 46921.847656    46981 43754 40484 41004 43967 46190 51034 42243 47233 52948 57665 50007 46474
84274685 84574685 977812 54274.308594 46735.230469 566232 519498.000000 46734.000000    47066 43558 40406 40561 43680 46050 50422 41902 47066 52685 57590 49599 46957
84574686 84874686 977968 54282.847656 46782.230469 566286 519504.625000 46781.382812    46892 43506 40461 40905 43497 45796 51335 41642 47004 52814 57437 50220 46649
84874687 85174687 977972 53966.617188 46508.308594 566318 519810.062500 46507.921875    46755 43252 40055 40423 43595 45696 50413 41888 46892 53093 57186 49378 45977
85174688 85474688 977813 53789.000000 46335.847656 566205 519869.843750 46335.152344    46253 43206 39846 40478 43446 45756 50250 41301 46745 52506 57033 49040 46497
85474689 85774689 978006 53672.308594 46294.382812 566333 520039.687500 46293.308594    46072 42953 39651 40612 43772 45575 50420 41553 47064 52307 56715 49115 46004
85774690 86074690 977945 53380.000000 46005.000000 566284 520279.531250 46004.460938    46461 43083 39617 39898 43036 45068 49717 41410 46376 52243 56561 49125 45463
86074691 86374691 977938 53142.769531 45846.308594 566285 520439.468750 45845.539062    46123 42707 39477 40145 42728 45059 49517 41023 46331 51674 56422 48954 45832
86374692 86674692 977967 52954.691406 45679.078125 566313 520634.625000 45678.382812    45924 42646 39425 39610 42907 44865 49103 41103 46323 51668 55896 48605 45744
86674693 86974693 977875 52784.078125 45568.847656 566234 520665.843750 45568.152344    45556 42561 39653 39768 42426 45118 49101 40790 45737 51720 56086 48348 45522
86974694 87274694 977970 52472.847656 45254.921875 566320 521065.375000 45254.617188    45536 42105 38665 39514 42783 44499 48604 40891 45323 51589 55604 48280 44917
87274695 87574695 977811 52455.000000 45293.617188 566201 520907.625000 45293.382812    45552 42237 39034 39501 42579 44426 48803 40811 45572 51301 55477 48365 45156
87574696 87874696 977746 52249.152344 45122.847656 566204 521081.625000 45122.382812    45243 41979 38772 39024 42082 44393 48635 40428 45781 51063 55740 48334 45117
87874697 88174697 977898 52019.847656 44923.539062 566252 521329.000000 44923.000000    45161 42158 38612 38962 42130 44241 48551 40350 45331 50843 55204 47944 44512
88174698 88474698 978008 51642.769531 44616.617188 566331 521715.000000 44616.000000    45009 41640 38369 38787 41722 43796 48133 40041 45185 50384 55077 47793 44072
88474699 88774699 977905 51189.460938 44235.460938 566266 522030.781250 44235.230469    44354 41136 38547 38547 41302 43714 47960 39626 44721 50064 54393 46968 43726
88774700 89074700 977970 51466.152344 44455.078125 566306 521851.062500 44454.921875    44469 41510 38393 38691 41876 43552 48311 39913 44723 50268 54115 47697 44396
89074701 89374701 977913 51270.847656 44317.769531 566277 521959.937500 44317.078125    44384 41197 38285 38554 41686 43385 48123 39822 44695 50098 54292 47505 44096
89374702 89674702 977939 51116.847656 44168.539062 566276 522108.312500 44167.691406    44688 41213 37894 38417 41479 43358 47707 39495 44403 49897 54265 47248 44116
89674703 89974703 978037 50939.078125 44036.691406 566353 522317.000000 44036.000000    44046 41266 38006 38318 41019 43327 47687 39372 44287 49969 54359 47123 43689
89974704 90274704 977942 50656.230469 43804.769531 566272 522468.218750 43803.769531    43963 40705 37706 38151 41315 42895 47678 39287 44286 49334 53789 46623 43717
90274705 90574705 978004 50454.691406 43659.460938 566336 522676.843750 43659.152344    43599 40764 37667 38060 40933 42890 47102 39428 44292 49432 53480 46470 43452
90574706 90874706 978011 50360.078125 43561.000000 566303 522742.687500 43560.308594    43817 40667 37522 38087 40973 42620 47423 39070 43707 49244 53198 46387 43569
90874707 91174707 977908 50249.847656 43491.152344 566288 522797.781250 43490.230469    43653 40597 37222 38036 40669 42748 46648 39202 43937 49150 53515 46491 43505
91174708 91474708 977968 49995.308594 43267.152344 566292 523025.375000 43266.617188    43693 40445 37222 37426 40410 42824 47221 38839 43621 48676 53084 46154 42851
91474709 91774709 977877 49721.921875 43058.921875 566257 523198.781250 43058.230469    43170 39864 37110 37664 40287 41966 47058 38598 43663 48461 52976 45898 43042
91774710 92074710 977941 49531.539062 42909.460938 566285 523375.781250 42909.230469    43149 39906 36833 37378 40539 42201 46470 38289 43385 48467 52650 45754 42799
92074711 92374711 977864 49342.000000 42715.152344 566249 523534.468750 42714.539062    42761 39788 36640 37318 40272 41783 46740 38130 43046 47992 52754 45509 42556
92374712 92674712 977840 49386.308594 42753.539062 566241 523488.312500 42752.691406    42658 40016 36714 37567 39823 41841 46462 38245 43064 48247 52920 45591 42637
92674713 92974713 977907 49189.152344 42613.460938 566257 523644.218750 42612.769531    42580 40009 36502 37222 40237 42215 46339 37837 43052 48039 51928 45440 42566
92974714 93274714 977872 49002.152344 42494.230469 566266 523772.625000 42493.382812    42762 39423 36830 37026 39611 41884 46083 38262 42681 47974 51957 45606 42315
93274715 93574715 977747 48832.691406 42362.769531 566170 523807.625000 42362.382812    42193 39588 36269 36778 39778 41470 46283 38112 42845 48060 52097 44992 42246
93574716 93874716 978000 48576.230469 42103.921875 566337 524233.531250 42103.460938    42196 39434 36269 36625 39728 41312 45802 37609 42229 47539 52260 44860 41482
93874717 94174717 977804 48506.691406 42093.921875 566204 524110.843750 42093.152344    42344 39406 36550 37001 39388 41086 45724 37388 42902 47553 51360 44991 41518
94174718 94474718 977911 48258.921875 41862.539062 566281 524418.687500 41862.308594    41849 38715 36302 36790 39183 41165 45437 37358 42267 47282 51385 44508 41969
94474719 94774719 977873 48124.152344 41758.769531 566244 524486.250000 41757.769531    41976 39299 35987 36460 39032 41094 45420 37393 42099 46903 51266 44345 41577
94774720 95074720 977970 47963.078125 41622.769531 566307 524684.625000 41622.382812    41979 38604 36011 35924 38994 40876 45477 37157 41855 47292 51136 44498 41288
95074721 95374721 977942 47826.539062 41526.847656 566289 524762.562500 41526.460938    41775 38545 35611 36042 39057 40660 45011 37021 42063 46887 51170 44807 41195
95374722 95674722 977807 47605.382812 41338.308594 566210 524872.125000 41337.847656    41523 38713 35624 36195 38980 40568 44480 36973 41241 46907 50685 44340 41163
95674723 95974723 977908 47508.382812 41244.308594 566285 525041.437500 41243.539062    41425 38527 35561 35832 38472 40529 44888 37345 41369 46351 50580 44138 41149
95974724 96274724 977975 47375.308594 41130.921875 566290 525159.937500 41130.078125    41324 38564 35198 36168 38642 40405 44493 36979 41179 46497 50215 44242 40785
96274725 96574725 977936 46650.230469 40610.152344 566301 525691.437500 40609.539062    40498 37954 35406 35278 37886 40064 44047 36552 40705 46077 49773 42997 40687
96574726 96874726 977940 47086.617188 40908.000000 566273 525365.875000 40907.152344    40774 38044 35301 35610 38055 40538 44334 36562 41265 46153 50430 44015 40712
96874727 97174727 977838 46912.769531 40762.691406 566249 525487.562500 40761.460938    41011 38193 35008 35736 37880 39958 44209 36568 41156 46252 49767 43429 40732
97174728 97474728 977897 46693.617188 40586.230469 566257 525671.312500 40585.691406    40779 37980 34834 35274 38400 39908 44085 36040 40692 45589 49949 43838 40246
97474729 97774729 977948 46561.769531 40441.691406 566296 525854.937500 40441.078125    40239 37873 35034 35086 38012 39597 44064 36325 40577 45558 49860 43268 40241
97774730 98074730 977961 46417.078125 40320.691406 566296 525976.125000 40319.847656    40328 37605 34701 35111 37638 39953 43549 36154 40503 45794 49392 43415 40015
98074731 98374731 977941 46303.847656 40296.230469 566289 525993.312500 40295.691406    40065 37707 34598 35214 37500 39838 44083 36001 40600 45253 49665 43378 39942
98374732 98674732 977870 46077.921875 40052.078125 566262 526210.312500 40051.691406    40032 37361 34153 34658 37733 39395 43412 35675 40662 45270 49702 42975 39644
98674733 98974733 978002 46100.000000 40083.152344 566308 526225.750000 40082.230469    40032 37246 34477 34642 37833 39548 43812 35661 40704 45348 48831 43175 39760
98974734 99274734 977807 45791.691406 39885.691406 566234 526348.875000 39885.152344    40039 37136 34358 34787 37383 39465 43130 35704 40267 45086 48554 42971 39627
99274735 99574735 958949 44611.539062 38812.921875 555288 516475.625000 38812.382812    38714 36296 33591 33873 36427 38283 42291 34498 38881 43433 47682 41732 38860
99574736 99874736 977978 45411.847656 39539.921875 566298 526758.937500 39539.078125    39562 36640 33974 34359 37133 38894 42850 35302 39932 44848 48649 42377 39488
99874737 100174737 978012 45435.769531 39528.152344 566325 526797.437500 39527.539062    39694 36837 34312 34399 37020 38882 42716 35051 39817 44703 48820 42233 39374
100174738 100474738 977971 45235.152344 39387.539062 566304 526916.937500 39387.078125    39587 36726 34001 34347 36979 38918 42663 35370 39524 44502 48354 41876 39185
100474739 100774739 977875 45031.769531 39171.847656 566248 527076.687500 39171.308594    39089 36538 33613 34108 36653 38299 42824 35221 39382 44295 48341 41833 39031
100774740 101074740 977939 44964.691406 39183.078125 566299 527116.687500 39182.308594    39099 36557 33831 34040 37006 38345 42454 34993 39359 44109 48806 41862 38909
101074741 101374741 977942 44802.078125 39028.000000 566271 527243.625000 39027.382812    38947 36420 33477 33670 36354 38428 42462 34853 39643 44300 48193 41568 39041
101374742 101674742 977937 44659.847656 38896.691406 566303 527406.937500 38896.078125    38657 36114 33474 33953 36122 38115 42886 34825 39334 43893 47892 41700 38684
101674743 101974743 978005 44562.460938 38833.382812 566303 527470.375000 38832.617188    38593 36223 33333 34141 36464 37899 41907 35059 39490 43553 47921 41444 38797
101974744 102274744 977811 44327.152344 38686.308594 566239 527553.250000 38685.769531    38241 36274 33190 33657 36090 38342 42387 35165 38822 43560 47499 41457 38231
102274745 102574745 977940 44212.152344 38520.539062 566270 527750.062500 38519.921875    38273 35812 33035 33650 36119 37637 41715 34688 38947 43653 47721 41121 38388
102574746 102874746 977940 44044.460938 38418.152344 566293 527875.562500 38417.460938    38502 35934 32834 33182 36213 37550 41914 34503 38326 43545 47407 41145 38372
102874747 103174747 977933 43962.000000 38351.539062 566284 527932.750000 38351.230469    38352 36045 32983 33355 36127 37194 41826 34577 38305 43332 47485 41080 37905
103174748 103474748 977976 43783.230469 38181.460938 566301 528119.875000 38181.152344    38277 35626 32852 33404 35584 37575 41683 34411 38166 43247 46778 40733 38019
103474749 103774749 977968 43150.617188 37657.078125 566310 528673.062500 37636.921875    38115 34878 32562 33057 35245 37128 41122 33828 37872 42175 45581 40130 37587
103774750 104074750 977848 43581.617188 38034.230469 566225 528191.750000 38033.230469    38157 35556 32609 33164 35733 37436 41361 34165 38482 42951 46463 40556 37799
104074751 104374751 978035 43435.152344 37881.539062 566351 528470.437500 37880.539062    37818 35509 32634 32876 35580 37412 41101 33687 37722 42807 46943 40418 37940
104374752 104674752 977878 43334.152344 37864.000000 566239 528375.625000 37863.382812    37818 35096 32490 32885 35583 37078 41286 34120 38193 42861 46505 40216 38093
104674753 104974753 977946 43050.152344 37580.308594 566308 528728.125000 37579.847656    37991 34896 32481 32709 35099 36879 40687 33708 37597 42452 46418 40328 37293
104974754 105274754 978002 42944.617188 37488.382812 566303 528815.250000 37487.769531    37457 34973 32398 32815 34722 36905 40816 33317 37813 42294 46220 40128 37483
105274755 105574755 977944 42951.308594 37493.617188 566301 528807.875000 37493.152344    37712 35201 31953 32420 35079 36772 41086 33650 37420 42571 46051 40092 37404
105574756 105874756 977844 42743.460938 37343.617188 566224 528881.000000 37343.000000    37372 34713 32321 32360 35128 36854 40704 33454 37331 42041 46107 40004 37070
105874757 106174757 977971 42661.152344 37287.078125 566309 529022.437500 37286.539062    37285 34658 32084 32531 35131 36737 40862 33296 37246 42068 45675 39733 37419
106174758 106474758 977875 42562.460938 37147.539062 566252 529104.687500 37147.308594    37198 34932 31727 32502 34703 36595 40600 33333 37068 41786 45889 39729 36853
106474759 106774759 977878 42331.769531 36939.769531 566246 529306.875000 36939.152344    36890 34852 31802 32075 34556 36440 40152 33095 36727 41736 45560 39631 36693
106774760 107074760 978036 42161.152344 36831.000000 566350 529519.312500 36830.691406    36972 34631 31553 31923 34664 36055 40178 33017 36934 41473 45675 39068 36656
107074761 107374761 977975 42097.152344 36793.308594 566292 529499.312500 36792.691406    36735 34444 31795 31805 34828 36220 40342 32691 36684 41459 45385 39415 36502
107374762 107674762 977900 41925.000000 36644.539062 566281 529637.125000 36643.847656    36140 34218 31401 31827 34304 36127 40159 32788 36833 41629 45204 39185 36555
107674763 107974763 977877 41814.078125 36592.000000 566241 529649.250000 36591.769531    36566 33986 31386 31722 34196 36149 39805 32835 36943 41482 45167 39120 36336
107974764 108274764 977941 41634.382812 36429.308594 566302 529873.437500 36428.539062    36580 33770 31163 32088 34588 35670 39413 32745 36214 41293 45061 38771 36215
108274765 108574765 977966 41639.230469 36419.308594 566290 529871.125000 36418.847656    36071 33846 31203 31772 34481 35855 39529 32897 36548 40918 45014 39340 35971
108574766 108874766 977941 41478.617188 36274.769531 566296 530021.562500 36274.460938    36266 33793 31138 31655 34204 35639 39637 32152 36306 41084 44649 38821 36224
108874767 109174767 977974 41390.539062 36176.921875 566295 530118.437500 36176.539062    36125 33770 31354 31815 33560 35456 39334 32453 36386 40421 44659 38947 36015
109174768 109474768 977905 41274.539062 36108.617188 566275 530166.875000 36108.152344    36201 33668 31213 31436 33791 35582 39467 32237 36243 40580 44668 38465 35855
109474769 109774769 977977 41055.617188 35927.382812 566311 530384.125000 35926.847656    35752 33578 30749 31471 33779 35388 39159 32348 36045 40867 44257 37916 35740
109774770 110074770 977884 41004.691406 35875.382812 566242 530367.437500 35874.539062    35998 33680 30849 31136 33433 35124 38975 32305 35951 40230 44235 38649 35804
110074771 110374771 977997 40880.460938 35783.308594 566334 530550.750000 35783.230469    35845 33515 30730 31142 33412 35264 38914 32062 35649 40277 44299 38073 36000
110374772 110674772 977876 40657.152344 35578.769531 566240 530661.875000 35578.152344    35473 33250 30607 30955 33572 34786 38706 31790 35758 40287 43694 38153 35485
110674773 110974773 977867 40752.078125 35669.078125 566266 530597.250000 35668.769531    36039 33322 30933 30939 33302 35326 38601 31976 35721 40156 43847 38139 35393
110974774 111274774 977937 40056.847656 35090.230469 566271 531181.562500 35089.460938    35301 32773 30282 30539 32924 34516 38407 31252 34987 39299 43181 37700 35002
111274775 111574775 977903 40171.152344 35209.152344 566280 531071.562500 35208.460938    35213 32850 30212 30641 33095 34640 38171 31472 35591 40044 43346 37612 34823
111574776 111874776 977968 40348.617188 35359.460938 566293 530934.125000 35358.847656    35333 32854 30664 30671 32799 34831 38618 31774 35643 39969 43828 37677 35004
111874777 112174777 977870 40112.152344 35140.847656 566259 531118.625000 35140.382812    35251 32900 30355 30619 32895 34347 38123 31684 35107 39787 43241 37569 34947
112174778 112474778 977868 39930.460938 34977.382812 566244 531266.937500 34977.078125    34705 32419 30152 30548 32634 34600 38306 31506 35100 39273 43199 37474 34786
112474779 112774779 977931 39846.769531 34913.617188 566283 531369.750000 34913.230469    35316 32625 30015 30576 32774 34113 37840 30965 34983 39424 43119 37574 34548
112774780 113074780 977945 39755.382812 34856.921875 566302 531445.625000 34856.382812    35004 32571 30036 30337 33052 34383 38091 30897 34663 39113 42796 37340 34850
113074781 113374781 977814 39678.460938 34753.691406 566201 531448.000000 34753.000000    34654 32259 29755 30390 32608 34026 38252 31170 34787 39073 43224 37138 34453
113374782 113674782 977999 39611.921875 34733.691406 566337 531604.000000 34733.000000    34556 32540 29735 30346 32638 34027 37817 31109 34571 39051 43139 37578 34422
113674783 113974783 977944 39469.078125 34597.230469 566273 531676.312500 34596.691406    34465 32197 29327 30214 32618 33851 37541 30940 35113 39107 42913 37297 34174
113974784 114274784 977908 39272.617188 34413.308594 566286 531873.437500 34412.539062    34289 32116 29813 29939 32755 33669 37399 30881 34287 38576 42525 36789 34325
114274785 114574785 977874 39089.539062 34266.691406 566239 531973.000000 34266.000000    34123 31609 29804 29862 31970 33688 37768 30841 34353 38504 42594 36503 33839
114574786 114874786 977909 39033.539062 34212.152344 566281 532069.562500 34211.460938    34265 31895 29248 30080 32181 33776 37302 30770 34533 38331 42029 36332 34007
114874787 115174787 977902 38863.382812 34098.921875 566261 532162.937500 34098.078125    34173 31756 29374 29378 32186 33643 37020 30371 34284 38357 42211 36469 34053
115174788 115474788 977865 38793.460938 34053.308594 566256 532203.562500 34052.460938    34383 31780 29292 29411 31827 33429 37080 30429 34052 38578 41970 36639 33812
115474789 115774789 977873 38671.152344 33938.769531 566253 532314.687500 33938.308594    34095 31515 29293 29373 31968 33210 37071 30300 33997 38195 42359 36168 33654
115774790 116074790 977932 38618.382812 33909.769531 566277 532368.062500 33908.921875    33850 31636 28944 29728 32020 33657 36854 30476 33582 38498 41856 36131 33584
116074791 116374791 977909 38467.078125 33745.617188 566285 532539.875000 33745.152344    33937 31426 28917 29370 31604 33335 36915 30063 33647 37997 41845 35794 33837
116374792 116674792 977841 38297.078125 33601.308594 566217 532615.875000 33601.152344    33911 31278 28885 29198 31363 33019 36690 29976 33523 37967 41842 35791 33372
116674793 116974793 977937 38196.539062 33564.000000 566302 532738.375000 33563.617188    33451 31248 29018 29295 31330 33050 36454 29849 33484 37770 41836 35989 33553
116974794 117274794 977742 38081.230469 33450.308594 566167 532717.125000 33449.847656    33788 31241 28756 28993 31128 32994 36596 29774 33720 37672 41013 35919 33254
117274795 117574795 978030 38002.847656 33386.539062 566349 532963.312500 33385.691406    33607 31335 28769 29237 31143 32971 36142 29820 33320 37858 41087 35783 32942
117574796 117874796 977909 37831.769531 33239.078125 566259 533020.562500 33238.460938    33154 31016 28392 29261 31455 32785 36247 29802 33598 37235 41232 35242 32681
117874797 118174797 977909 37692.382812 33100.230469 566276 533176.562500 33099.460938    33247 30965 28498 29137 30945 32293 36075 29466 32972 37464 40837 35338 33056
118174798 118474798 978006 37663.539062 33089.921875 566315 533225.687500 33089.308594    33114 30929 28414 28948 30755 32457 35752 29761 33199 37378 40911 35562 32981
118474799 118774799 977974 37044.921875 32559.000000 566306 533747.625000 32558.384766    32866 30149 27793 28155 30540 32352 35784 28944 32557 36826 39943 35073 32277
118774800 119074800 977906 37514.539062 32962.847656 566273 533310.875000 32962.152344    33065 30556 28514 28642 30850 32423 35728 29792 33242 37189 40628 35029 32850
119074801 119374801 978002 37383.152344 32846.691406 566307 533461.375000 32845.617188    32642 30625 28245 28378 30626 32264 35823 29612 32765 37268 40594 35417 32734
119374802 119674802 977977 37280.847656 32739.845703 566320 533580.625000 32739.384766    32765 30302 27799 28589 30807 32102 35636 29283 32511 37132 40664 35152 32870
119674803 119974803 977811 37159.152344 32689.384766 566205 533516.062500 32688.923828    32747 30501 27824 28400 30617 32304 35732 29149 32774 36846 40321 35171 32570
119974804 120274804 977931 37058.921875 32585.845703 566303 533717.625000 32585.384766    32216 30453 28317 28395 30622 32171 35536 28945 32833 36659 40230 34561 32672
120274805 120574805 977916 36873.617188 32420.460938 566256 533836.125000 32419.845703    32610 30375 28221 28324 30394 32003 34833 29155 32211 36534 40055 34641 32102
120574806 120874806 977970 36946.308594 32503.615234 566313 533809.875000 32503.154297    32439 30157 28137 28433 30602 31800 35631 28892 32428 36944 40443 34696 31939
120874807 121174807 977942 36808.308594 32389.154297 566280 533891.250000 32388.769531    32031 30191 27788 28379 30458 31778 35421 28675 32778 36510 40143 34525 32377
121174808 121474808 977909 36610.308594 32208.230469 566272 534064.125000 32207.845703    32544 30034 27852 28212 29628 31598 34989 29053 31855 36424 39920 34506 32087
121474809 121774809 977864 36604.847656 32202.154297 566251 534049.312500 32201.691406    32542 29824 27646 28090 30200 31720 35026 28901 32069 36531 39613 34437 32023
121774810 122074810 977974 36339.539062 31960.000000 566299 534339.625000 31959.384766    32154 29789 27590 27753 30186 31513 34799 28599 31660 36143 39098 34453 31735
122074811 122374811 977940 36198.691406 31870.230469 566299 534429.125000 31869.845703    31874 29815 27182 27699 29892 31381 34591 28738 32093 36187 39131 34325 31400
122374812 122674812 977969 36197.382812 31855.460938 566290 534435.312500 31854.691406    31805 29751 27488 27820 29704 31145 34520 28357 31925 35891 39636 34271 31798
122674813 122974813 977815 36019.539062 31680.230469 566238 534558.250000 31679.769531    31773 29549 27162 27829 29637 31277 33980 28745 31618 36090 39052 33606 31519
122974814 123274814 977941 36039.078125 31733.308594 566271 534538.437500 31732.539062    31726 29532 27269 27951 29725 31605 34317 28255 31478 36021 38918 33843 31883
123274815 123574815 977904 35887.152344 31587.691406 566290 534702.562500 31587.460938    31383 29371 27097 27412 29409 31464 34858 28064 31495 35911 39080 33819 31274
123574816 123874816 977879 35833.460938 31549.000000 566238 534689.437500 31548.539062    31438 29603 27163 27645 29525 31068 34749 28008 31536 35761 38641 33844 31150
123874817 124174817 977968 35708.617188 31440.539062 566315 534874.875000 31440.154297    31497 29430 27145 27485 29701 31117 34246 27994 31496 35019 38851 33555 31186
124174818 124474818 977848 35583.617188 31334.230469 566230 534896.062500 31333.923828    31583 29009 27087 27166 29422 30637 34012 28168 31103 35304 38930 33663 31257
124474819 124774819 977976 35614.308594 31365.000000 566307 534942.437500 31364.539062    31397 29112 26717 27596 29445 31048 33967 27969 31569 35396 38743 33560 31220
124774820 125074820 978002 35275.078125 31045.076172 566329 535284.375000 31044.615234    31385 28988 26548 27069 28990 30488 33884 27749 30794 35177 38599 33210 30699
125074821 125374821 977734 35427.308594 31211.539062 566165 534953.750000 31211.230469    31340 29132 26646 27211 29184 30802 34282 27634 31106 35454 38376 33510 31069
125374822 125674822 977878 19862.308594 17666.845703 566268 548601.375000 17666.615234    17661 16681 15063 15379 16555 17547 19439 15600 17551 19916 21900 18743 17631
125674823 125974823 977968 35104.000000 30940.230469 566288 535348.062500 30939.923828    30842 28855 26774 26971 28749 30187 33989 27990 30792 34887 38278 33306 30599
125974824 126021954 153606 5423.922852 4781.230957 88952 84170.921875 4781.077148    4882 4375 4102 4159 4417 4650 5278 4284 4795 5421 5909 5083 4799
