85 590
34804668 35104668 975335 19031.000000 16417.333984 161520 145102.671875 16417.333984    16389 15317 13852 14003 15582 15715 17366 14705 16267 18662 19497 17509 16147
35104669 35404669 977978 17959.666016 15520.000000 161974 146454.000000 15520.000000    15597 14341 13090 13339 14608 14685 16519 13975 15484 17614 18470 16424 15433
35404670 35704670 977914 13496.583008 11770.500000 161955 150184.578125 11770.416992    11791 10976 9934 10116 11135 11118 12451 10484 11518 13390 13981 12735 11732
35704671 36004671 977951 18709.416016 16138.250000 161976 145837.750000 16138.250000    16166 14936 13626 13975 15038 15383 16787 14460 16067 18400 19242 17487 16067
36004672 36304672 977880 18648.250000 16096.416992 161944 145862.078125 16081.916992    15783 14980 13547 14038 14895 15580 17110 14476 15918 18167 19144 17272 16111
36304673 36604673 977786 18509.916016 15964.333008 161943 145978.671875 15964.333008    15647 14956 13476 13456 14771 15169 16752 14304 16007 18334 19003 17182 15971
36604674 36904674 978008 18514.833984 15987.250000 161971 145983.750000 15987.250000    15827 14887 13434 13734 14938 15391 16830 14353 15867 18018 19122 17232 15948
36904675 37204675 977890 18394.333984 15900.833008 161963 146062.250000 15900.750000    15780 14922 13339 13782 14765 14973 16866 14257 15673 18330 18720 17407 15777
37204676 37504676 977876 18016.916016 15579.250000 161949 146369.750000 15579.250000    15338 14578 13015 13219 14728 14730 16651 14030 15546 17549 18504 16840 15442
37504677 37804677 977978 18428.416016 15939.500000 161977 146037.500000 15939.500000    15650 14907 13581 13789 15048 14975 16788 14241 15822 18197 18981 17191 15893
37804678 38104678 977917 18290.500000 15815.666992 161960 146144.421875 15815.583008    15608 14926 13328 13784 14797 15055 16646 14126 15732 17967 18627 17252 15723
38104679 38404679 977736 18172.083984 15715.500000 161922 146206.578125 15715.416992    15693 14516 13228 13461 14752 15038 16384 13994 15461 18142 18798 16982 15597
38404680 38704680 977974 18249.416016 15789.250000 161977 146187.828125 15789.166992    15497 14637 13520 13501 14711 15081 16447 14038 15672 18224 18683 17211 15749
38704681 39004681 977978 18114.833984 15668.333008 161967 146298.671875 15668.333008    15524 14479 13358 13581 14660 14927 16486 13949 15582 17915 18816 16772 15552
39004682 39304682 977851 17827.166016 15414.750000 161956 146541.328125 15414.666992    15518 14277 13079 13153 14383 14795 16161 13733 15222 17628 18250 16578 15352
39304683 39604683 977939 8677.166992 7516.916504 161956 154439.171875 7516.833496    7530 6891 6392 6542 7021 7019 8040 6822 7607 8448 8855 8074 7503
39604684 39904684 977948 1612.750000 1465.000000 161978 160513.000000 1465.000000    1507 1399 1161 1246 1394 1405 1582 1261 1425 1689 1774 1522 1461
39904685 40204685 977975 4623.416504 4162.583496 161966 157803.421875 4162.583496    4190 3860 3564 3507 3916 3997 4404 3598 4061 4773 4942 4545 4101
40204686 40504686 977805 10851.166992 9599.083008 161944 152344.921875 9599.083008    9606 8993 8085 8147 8899 9089 10145 8406 9483 11037 11582 10327 9537
40504687 40804687 977877 16700.083984 14507.833008 161951 147443.250000 14507.750000    14410 13546 12234 12507 13562 13729 15376 13007 14274 16563 17326 15567 14499
40804688 41104688 977859 15859.083008 13816.916992 161958 148141.078125 13816.916992    13753 12846 11385 9285 13116 13358 14531 12192 13828 15747 16474 14893 13680
41104689 41404689 977698 9365.000000 8316.333008 161959 153642.750000 8316.250000    8284 7715 7082 0 7707 7968 8763 7391 8188 9395 9981 8987 8334
41404690 41704690 977557 3916.416748 3537.666748 161924 158386.500000 3537.500000    3559 3234 3082 0 3265 3394 3824 3042 3395 4014 4392 3825 3424
41704691 42004691 977724 1169.583374 1062.250000 161965 160902.750000 1062.250000    1100 1016 939 0 942 1039 1170 907 1070 1189 1231 1126 1018
42004692 42304692 977555 13393.833008 11600.000000 161917 150317.000000 11600.000000    11644 10708 9666 0 10831 11159 12307 10262 11324 13175 14007 12536 11581
42304693 42604693 977636 17624.583984 15275.666992 161955 146679.328125 15275.666992    15173 14265 12826 0 14338 14501 16094 13525 15195 17569 18333 16218 15271
42604694 42904694 977695 17645.916016 15291.166992 161949 146657.828125 15291.166992    15269 14160 12901 0 14352 14649 16185 13577 15357 17397 18157 16272 15218
42904695 43204695 977626 17677.750000 15313.666992 161946 146632.328125 15313.666992    15279 14309 12850 0 14310 14569 16214 13707 15190 17378 18259 16456 15243
43204696 43504696 977659 17608.416016 15230.333008 161944 146713.671875 15230.333008    15144 14254 12777 0 14159 14478 15796 13711 15078 17476 18329 16539 15023
43504697 43804697 977733 17605.000000 15266.583008 161966 146699.500000 15266.500000    15137 14267 12844 0 14293 14724 16017 13549 15081 17210 18284 16509 15283
43804698 44104698 977732 17534.333984 15189.333008 161965 146775.671875 15189.333008    14825 14217 12631 0 14217 14353 16019 13644 15409 17290 17994 16451 15222
44104699 44404699 977727 17517.750000 15198.000000 161957 146759.078125 15197.916992    14756 14201 12995 0 14234 14379 16031 13738 15106 17254 18170 16322 15189
44404700 44704700 977398 17597.666016 15245.833008 161897 146651.171875 15245.833008    15199 14426 12584 0 14371 14563 15883 13628 15260 17342 18119 16244 15331
44704701 45004701 977698 17491.833984 15165.500000 161953 146787.578125 15165.416992    15164 14272 12574 0 14084 14290 15912 13446 15046 17307 18257 16509 15124
45004702 45304702 977551 17569.750000 15245.083008 161924 146679.000000 15245.000000    15148 14078 12883 0 14244 14535 16169 13620 15191 17218 18206 16365 15283
45304703 45604703 977565 17531.416016 15193.000000 161921 146728.000000 15193.000000    14820 14193 12796 0 14172 14509 16194 13562 15005 17295 18270 16302 15198
45604704 45904704 977497 17468.416016 15165.916992 161927 146761.078125 15165.916992    15061 14218 12766 0 14127 14853 15870 13630 15015 17211 18008 16316 14916
45904705 46204705 975957 17277.583984 14953.500000 161667 146713.578125 14953.416992    15079 13988 12741 0 13926 14139 15873 13305 14731 16996 17691 16141 14831
46204706 46504706 977692 17277.583984 14999.083008 161960 146960.921875 14999.083008    14798 13993 12485 0 13884 14393 15765 13244 15368 17074 18056 16083 14846
46504707 46804707 977759 17349.000000 15051.666992 161963 146911.328125 15051.666992    14959 13876 12705 0 14087 14333 15829 13375 14838 17156 18137 16222 15103
46804708 47104708 977729 17245.000000 14933.416992 161965 147031.578125 14933.416992    14903 13898 12596 0 14122 14199 15825 13251 14784 16909 17802 15865 15047
47104709 47404709 977663 17169.416016 14873.583008 161952 147078.421875 14873.583008    14893 13826 12486 0 14027 14251 15604 13184 14958 16879 17735 15835 14805
47404710 47704710 977730 17191.250000 14901.833008 161951 147049.250000 14901.750000    14712 13840 12386 0 13974 14305 15803 13179 14810 17229 17882 16007 14694
47704711 48004711 977764 17121.166016 14839.833008 161974 147134.250000 14839.750000    14804 13834 12399 0 13900 14101 15666 13458 14782 16768 17624 16115 14626
48004712 48304712 977695 17098.166016 14827.166992 161948 147120.828125 14827.166992    14839 13903 12458 0 13891 14017 15434 13426 14894 16979 17503 15750 14832
48304713 48604713 977594 17091.083984 14781.166992 161941 147159.828125 14781.166992    14684 13696 12492 0 13897 13956 15596 13136 14656 16976 17599 15966 14720
48604714 48904714 977659 17059.416016 14767.750000 161937 147169.328125 14767.666992    14603 13582 12294 0 13666 14278 15802 13072 14706 16950 17573 15933 14753
48904715 49204715 977766 17039.833984 14773.083008 161980 147207.171875 14772.833008    14617 13753 12333 0 13895 14123 15502 13029 14641 16890 17642 16086 14763
49204716 49504716 977660 16900.666016 14643.250000 161939 147296.000000 14643.000000    14812 13740 12435 0 13834 14111 15540 13013 14401 16532 17312 15488 14498
49504717 49804717 977590 16908.500000 14656.750000 161935 147278.328125 14656.666992    14828 13425 12407 0 13586 13900 15557 13025 14518 16776 17489 15731 14638
49804718 50104718 977683 16580.083984 14380.833008 161949 147568.250000 14380.750000    14485 13258 12019 0 13414 13846 14982 12752 14238 16399 17340 15536 14300
50104719 50404719 977690 16542.750000 14354.916992 161957 147602.078125 14354.916992    14234 13236 12023 0 13497 13866 15078 12795 14131 16228 17330 15515 14326
50404720 50704720 977728 16463.166016 14313.500000 161965 147651.500000 14313.500000    14370 13077 11993 0 13399 13562 15197 12951 14283 16234 17199 15237 14260
50704721 51004721 977690 16412.000000 14272.250000 161947 147674.750000 14272.250000    14265 13285 11965 0 13299 13654 15167 12737 14207 16114 17033 15391 14150
51004722 51304722 977635 16444.250000 14293.333008 161948 147654.750000 14293.250000    14117 13333 11929 0 13519 13866 15040 12581 13948 16460 17064 15367 14295
51304723 51604723 977664 16442.666016 14320.166992 161943 147622.921875 14320.083008    14325 13305 11995 0 13450 13632 15073 12876 14086 16252 17192 15345 14310
51604724 51904724 977695 16367.500000 14220.416992 161962 147741.671875 14220.333008    14097 13401 11757 0 13306 13592 14963 12665 13909 16320 17000 15408 14226
51904725 52204725 977598 16328.916992 14216.583008 161929 147712.578125 14216.416992    14308 13182 11917 0 13317 13551 14921 12522 14116 16414 17223 15196 13930
52204726 52504726 977495 16217.166992 14105.833008 161922 147816.250000 14105.750000    13982 13255 11830 0 13251 13445 14716 12514 13827 16052 16748 15339 14310
52504727 52804727 977627 16233.166992 14108.166992 161938 147829.921875 14108.083008    14148 13085 11788 0 13201 13652 14866 12621 13734 16106 16863 15249 13984
52804728 53104728 977667 16113.083008 13993.583008 161955 147961.421875 13993.583008    13626 12937 11895 0 13111 13438 14587 12499 13921 16047 16801 15131 13930
53104729 53404729 977699 16203.916992 14038.166992 161953 147915.250000 14037.750000    13892 13148 11738 0 13264 13384 14699 12678 13970 15924 16756 14920 14080
53404730 53704730 977721 16210.750000 14040.000000 161957 147917.250000 14039.750000    13860 13099 11895 0 12965 13537 14885 12532 13803 16100 16925 14909 13967
53704731 54004731 977696 16160.666992 14000.583008 161960 147959.500000 14000.500000    13805 13221 11810 0 13156 13377 14697 12373 13695 15978 16881 15107 13906
54004732 54304732 977723 16159.666992 13989.166992 161948 147958.828125 13989.166992    13848 12988 11731 0 13089 13411 14666 12438 13930 16016 16769 15071 13913
54304733 54604733 977534 16046.083008 13951.250000 161931 147979.828125 13951.166992    13853 12914 11904 0 12868 13476 14545 12363 13977 15820 16765 14882 14047
54604734 54904734 977701 15955.583008 13878.166992 161951 148073.000000 13878.000000    13897 12750 11782 0 13014 13030 14699 12419 13758 15878 16670 14866 13773
54904735 55204735 977796 15870.083008 13799.833008 161983 148183.250000 13799.750000    13686 12907 11449 0 12692 13331 14634 12390 13725 15611 16455 14939 13778
55204736 55504736 977665 15844.416992 13791.333008 161947 148155.671875 13791.333008    13591 12779 11571 0 12989 13103 14575 12239 13653 15784 16630 14650 13932
55504737 55804737 977729 15869.416992 13803.083008 161968 148165.171875 13802.833008    13854 12778 11305 0 12943 13167 14439 12341 13750 15937 16388 14800 13932
55804738 56104738 977627 15842.583008 13759.750000 161936 148176.421875 13759.583008    13715 12691 11640 0 12870 13136 14440 12236 13659 15673 16502 14864 13689
56104739 56404739 977665 15913.750000 13682.666992 161950 148267.578125 13682.416992    13548 12687 11533 0 12703 13055 14602 12140 13576 15648 16372 14756 13569
56404740 56704740 977687 16115.833008 13602.416992 161956 148355.500000 13600.500000    13515 12616 11604 0 12672 13050 14276 12059 13342 15668 16127 14626 13651
56704741 57004741 977760 16196.916992 13577.083008 161962 148387.078125 13574.916992    13430 12604 11316 0 12663 13213 14150 11927 13498 15597 16232 14675 13594
57004742 57304742 977668 16267.916992 13654.750000 161956 148302.921875 13653.083008    13619 12930 11507 0 12664 12853 14383 12052 13589 15622 16462 14735 13421
57304743 57604743 977767 15896.000000 13573.166992 161960 148388.000000 13572.000000    13336 12577 11237 0 12703 12879 14429 12150 13478 15566 16183 14604 13722
57604744 57904744 977697 14924.416992 13015.083008 161963 148948.078125 13014.916992    12824 12213 11143 0 12078 12341 13422 11716 12883 14937 15653 13985 12984
57904745 58204745 977759 11040.250000 9693.083008 161965 152272.000000 9693.000000    9593 8839 8172 0 8944 9324 10202 8636 9807 11119 11523 10410 9747
58204746 58504746 977763 15400.416992 13411.500000 161976 148564.500000 13411.500000    13267 12493 11297 0 12532 12664 14122 11830 13377 15407 16041 14481 13427
58504747 58804747 977537 15337.583008 13388.250000 161921 148533.000000 13388.000000    13270 12494 11167 0 12495 12722 14129 11917 13460 15258 16081 14247 13416
58804748 59104748 977731 15290.666992 13333.916992 161971 148637.171875 13333.833008    13331 12327 11312 0 12419 12931 13862 11770 13240 15154 15881 14501 13278
59104749 59404749 977661 15366.083008 13420.500000 161947 148526.578125 13420.416992    13405 12447 11292 0 12506 12753 14278 11877 13065 15361 16040 14549 13472
59404750 59704750 977666 15327.750000 13391.750000 161949 148557.328125 13391.666992    13065 12345 11341 0 12592 12772 14279 11945 13312 15268 16147 14411 13223
59704751 60004751 977591 15257.250000 13316.916992 161936 148619.078125 13316.916992    13251 12424 11130 0 12357 12670 14230 11532 13348 15095 16101 14425 13240
60004752 60023057 59670 924.833313 805.500000 9880 9074.500000 805.500000    805 735 680 0 732 763 861 686 768 913 984 876 863
