27 3563
71168348 71197475 2016061 4043.153809 3958.846191 2016061 2012102.500000 3958.846191    4294 3788 3386 3389 3627 3842 4148 3482 4026 4490 4645 4446 3902
71261617 71290737 2014905 8.153846 3.769231 2014905 2014901.250000 3.769231    2 2 2 4 2 7 2 6 5 2 7 7 1
71300940 71330116 2019497 8.846154 5.230769 2019497 2019491.750000 5.230769    10 4 2 2 4 6 12 2 5 4 5 8 4
71341748 71370919 2019681 10.769231 7.153846 2019681 2019673.875000 7.153846    10 5 4 4 4 6 10 5 8 12 10 6 9
71381047 71410251 2021247 17.461538 13.923077 2021247 2021233.250000 13.923077    9 16 14 11 11 10 18 11 16 22 20 8 15
71421879 71450994 2016117 41.615383 36.923077 2016117 2016080.000000 36.923077    38 30 33 28 38 33 31 39 45 48 36 48 33
71462666 71490402 1919636 100.846153 95.000000 1919636 1919540.875000 95.000000    108 97 73 74 83 106 89 101 87 97 121 110 89
71502039 71531196 2018171 266.461548 257.538452 2018171 2017913.500000 257.538452    271 240 235 204 243 267 251 221 246 300 317 311 242
71542847 71570478 1912201 565.076904 549.384644 1912201 1911651.500000 549.384644    594 523 521 487 477 531 588 485 517 610 690 604 515
71582127 71609807 1916300 1158.846191 1131.230713 1916300 1915168.875000 1131.230713    1192 1063 966 939 1087 1153 1174 997 1118 1354 1324 1191 1148
71621458 71650664 2022132 2063.692383 2017.846191 2022132 2020114.125000 2017.846191    2147 1918 1756 1713 1928 2030 2201 1750 1942 2256 2484 2218 1889
71660858 71689920 2012125 2995.846191 2928.538574 2012125 2009196.500000 2928.538574    3081 2719 2525 2562 2654 2934 3182 2522 2991 3308 3519 3261 2813
71701588 71729341 1921355 3542.692383 3467.769287 1921355 1917887.250000 3467.769287    3647 3274 2972 2927 3235 3501 3740 3026 3410 3890 4219 3793 3447
71741001 71770056 2011081 3984.000000 3900.153809 2011081 2007180.875000 3900.153809    4083 3732 3296 3422 3588 3879 4209 3461 3853 4592 4691 4200 3696
71780323 71809396 2012337 3734.923096 3654.384521 2012337 2008682.750000 3654.384521    3919 3535 3174 3089 3277 3586 3857 3156 3625 4089 4399 4197 3604
71821071 71848773 1916578 2817.307617 2753.153809 1916578 1913824.875000 2753.153809    2965 2669 2293 2412 2407 2746 2952 2345 2794 3138 3389 3012 2669
71861928 71889604 1916020 1928.153809 1883.846191 1916020 1914136.000000 1883.846191    1997 1851 1614 1589 1763 1866 1993 1560 1861 2141 2316 2039 1900
71901252 71928885 1912331 1118.461548 1092.076904 1912331 1911238.750000 1092.076904    1188 1028 1009 861 1002 1091 1100 1018 1068 1232 1342 1220 1038
71940539 71969675 2017255 586.461548 570.384644 2017255 2016684.625000 570.384644    620 569 470 475 489 544 603 540 573 641 691 618 582
71979906 72009010 2014345 250.307693 242.000000 2014345 2014103.125000 242.000000    267 231 215 193 200 251 269 197 255 283 288 256 241
72020661 72049870 2021768 101.307693 95.230766 2021768 2021672.875000 95.230766    90 100 90 70 92 83 112 73 98 120 112 109 89
72059977 72089115 2016813 36.076923 32.384617 2016813 2016780.625000 32.384617    43 32 31 22 20 40 29 29 33 40 33 36 33
72100845 72128462 1911379 15.846154 12.538462 1911379 1911366.500000 12.538462    9 12 9 10 13 7 16 9 12 15 19 23 9
72140118 72167878 1921299 8.461538 5.692307 1921299 1921293.375000 5.692307    5 5 6 3 4 5 9 5 6 7 6 4 9
72180973 72208606 1913043 9.923077 4.923077 1913043 1913038.125000 4.923077    5 2 3 2 10 3 8 1 3 7 7 6 7
72220241 72247943 1917811 6.000000 3.000000 1917811 1917808.000000 3.000000    5 4 3 1 1 3 2 3 3 5 5 3 1
72313550 72342636 2012467 3988.846191 3907.692383 2012467 2008559.375000 3907.692383    4172 3700 3434 3303 3577 3947 4099 3349 3916 4373 4719 4443 3768
