19 3563
28254731 28554731 20315052 39911.460938 39107.769531 20315052 20275944.000000 39107.769531    41078 36500 33667 33126 35813 39076 41579 34149 38880 44845 47558 43706 38424
28554732 28854732 20573647 40013.308594 39192.000000 20573647 20534456.000000 39192.000000    41312 37071 33659 33231 35828 39250 41674 34008 39048 44988 47148 43815 38464
28854733 29154733 20710633 25283.460938 24756.923828 20710633 20685878.000000 24756.923828    26427 23688 21116 21009 22503 24849 26401 21344 24619 28050 29818 27933 24083
29154734 29454734 20650374 4738.000000 4612.769043 20650374 20645762.000000 4612.769043    4880 4294 3830 3820 4274 4746 4908 4010 4655 5227 5549 5230 4543
29454735 29754735 20757155 30173.076172 29539.230469 20757155 20727616.000000 29539.230469    31126 27946 25560 25224 27091 29647 31473 25782 29083 33464 35726 33053 28835
29754736 30054736 20741216 1851.384644 1784.153809 20741216 20739432.000000 1784.153809    1892 1662 1608 1455 1627 1800 1887 1606 1691 2120 2147 1938 1761
30054737 30354737 20758031 23366.615234 22877.615234 20758031 20735154.000000 22877.615234    24161 21666 19606 19073 21108 22882 24386 19865 22832 26166 27826 25402 22436
30354738 30654738 20759303 2486.769287 2409.769287 20759303 20756894.000000 2409.769287    2529 2267 2056 2008 2178 2422 2629 2150 2303 2766 3013 2659 2347
30654739 30954739 20756567 30425.000000 29785.308594 20756567 20726782.000000 29785.308594    31146 28316 25724 24970 27396 29659 32005 25908 29704 33652 36100 33549 29080
30954740 31254740 20757082 3300.153809 3206.923096 20757082 20753874.000000 3206.923096    3367 3000 2738 2704 2885 3251 3440 2792 3223 3572 3987 3594 3137
31254741 31554741 20758889 24329.769531 23816.615234 20758889 20735070.000000 23816.615234    25193 22367 20449 19941 21928 23926 25442 20741 23658 27287 28944 26578 23162
31554742 31854742 20756525 957.769226 908.769226 20756525 20755616.000000 908.769226    974 865 729 771 816 915 1000 774 918 1087 1031 999 935
31854743 32154743 20756525 28157.615234 27577.000000 20756525 20728948.000000 27577.000000    29067 26365 23577 23421 25295 27446 29486 24014 27190 31243 33499 30861 27037
32154744 32454744 20760072 6935.461426 6772.461426 20760072 20753300.000000 6772.461426    7147 6476 5910 5737 6342 6761 7003 5787 6809 7808 8133 7542 6587
32454745 32754745 20758687 15036.154297 14704.154297 20758687 20743982.000000 14704.154297    15265 14003 12610 12457 13476 14664 15619 12820 14597 16834 17906 16479 14424
32754746 33054746 20760001 1669.923096 1603.230713 20760001 20758398.000000 1603.230713    1682 1510 1377 1394 1451 1679 1712 1368 1613 1804 1893 1743 1616
33054747 33354747 20758710 30036.000000 29400.154297 20758710 20729310.000000 29400.154297    31013 27699 25068 24924 27011 29564 31442 25514 29157 33457 35669 32886 28798
33354748 33654748 20751822 5129.461426 4991.615234 20751822 20746828.000000 4991.615234    5298 4837 4395 4204 4559 4994 5399 4365 5075 5731 6056 5557 4421
33654749 33840662 12864089 9992.384766 9768.077148 12864089 12854322.000000 9768.077148    10230 9145 8450 8279 8968 9825 10308 8511 9601 11095 11968 10927 9678
