27 32
70906880 70936060 281901 522.214294 509.428558 243811 243301.578125 509.428558    554 494 488 455 472 514 466 513 619 578 588 542 425 424
71000093 71027859 268220 0.785714 0.357143 231978 231977.640625 0.357143    0 1 0 1 0 1 1 0 1 0 0 0 0 0
71038061 71067102 280556 0.571429 0.214286 242646 242645.781250 0.214286    0 0 0 0 2 0 0 0 1 0 0 0 0 0
71077300 71105037 267940 0.642857 0.357143 231735 231734.640625 0.357143    0 0 0 0 1 1 0 1 1 0 0 0 0 1
71115230 71144370 281437 1.142857 0.857143 243411 243410.140625 0.857143    1 0 1 2 2 0 1 0 0 0 1 1 2 1
71154564 71182251 267377 2.500000 2.000000 231249 231247.000000 2.000000    4 0 3 0 3 2 0 5 2 2 2 3 1 1
71192465 71221560 281000 5.785714 5.571429 243031 243025.421875 5.571429    5 6 8 6 3 6 2 9 6 6 8 7 4 2
71231752 71259517 268208 15.285714 14.428572 231969 231954.578125 14.428572    18 19 17 9 13 11 10 17 15 19 13 11 17 13
71269711 71298785 280876 40.071430 38.428570 242924 242885.578125 38.428570    32 37 42 25 41 43 25 43 51 42 40 35 47 35
71308984 71336667 267415 103.071426 99.928574 231284 231184.078125 99.928574    106 88 93 109 97 113 89 97 118 133 115 91 79 71
71346862 71376060 281997 224.571426 217.785721 243892 243674.218750 217.785721    261 219 219 193 206 212 192 222 226 268 253 200 190 188
71386257 71413939 267328 356.000000 346.428558 231205 230858.578125 346.428558    358 340 311 338 333 398 317 352 399 425 369 331 307 272
71424137 71453196 280652 485.357147 471.285706 242731 242259.718750 471.285706    541 465 442 418 455 503 440 490 495 593 521 437 409 389
71461973 71491075 281147 556.285706 541.000000 243158 242617.000000 541.000000    583 534 506 481 507 586 500 554 618 642 571 581 454 457
71501270 71530437 281774 480.642853 466.285706 243701 243234.718750 466.285706    515 473 449 429 431 496 444 510 522 531 490 427 403 408
71540633 71568349 267735 345.428558 335.142853 231560 231224.921875 335.071442    382 356 306 296 322 356 325 371 359 402 336 308 300 272
71578541 71607695 281575 217.142853 210.285721 243528 243317.718750 210.285721    233 214 184 195 189 230 194 215 233 249 224 195 191 198
71617923 71645588 267165 94.714287 91.357140 231067 230975.640625 91.357140    104 114 78 85 85 94 85 100 88 113 82 74 100 77
71655724 71684915 281931 40.928570 40.071430 243836 243795.921875 40.071430    40 38 31 39 40 40 29 38 62 61 34 30 41 38
71695115 71722790 267338 14.000000 13.500000 231216 231202.500000 13.500000    24 16 15 11 8 11 11 14 14 19 13 13 11 9
71732988 71762065 280905 4.214286 3.928571 242950 242946.078125 3.928571    5 1 5 5 7 6 1 5 6 1 2 3 2 6
71772260 71800037 268327 2.285714 1.714286 232070 232068.281250 1.714286    4 0 1 2 2 4 0 1 1 3 2 1 1 2
71810202 71839281 280846 0.642857 0.428571 242900 242899.578125 0.428571    0 0 2 0 2 0 0 0 0 0 0 1 0 1
71849485 71877177 267423 0.500000 0.357143 231290 231289.640625 0.357143    1 0 1 1 0 0 0 0 1 0 0 1 0 0
71887367 71916544 281796 0.285714 0.142857 243718 243717.859375 0.142857    1 0 0 0 0 0 0 0 0 1 0 0 0 0
71926737 71954427 267483 0.571429 0.357143 231341 231340.640625 0.357143    1 0 0 0 1 0 0 1 0 0 0 2 0 0
72018562 72046168 266672 505.214294 492.214294 230640 230147.781250 492.214294    570 503 461 403 512 538 483 488 532 574 521 516 380 410
