== Start of scan in CROSSING plane at 08:03:13 UTC ===
28993655 29022757 0
29085431 29113142 -0.590493
29124798 29153855 -0.541285
29164077 29193219 -0.492077
29204871 29232530 -0.44287
29244189 29271909 -0.393662
29283540 29312744 -0.344454
29322884 29352006 -0.295246
29363712 29391399 -0.246039
29403052 29430658 -0.196831
29443818 29471477 -0.147623
29481691 29510893 -0.0984155
29523990 29553071 -0.0492077
29563249 29592421 -1.38778e-17
29604061 29631722 0.0492077
29643371 29671070 0.0984155
29682799 29711947 0.147623
29722081 29751224 0.196831
29762862 29790622 0.246039
29802216 29829947 0.295246
29841585 29870677 0.344454
29880897 29910007 0.393662
29921669 29949346 0.44287
29960993 29990197 0.492077
30000415 30029468 0.541285
30039676 30068823 0.590493
30131517 30159220 0
== Start of scan in SEPARATION plane at 08:23:47 UTC ===
30227623 30256740 0
30322339 30350045 -0.590493
30361674 30389340 -0.541285
30401059 30430164 -0.492077
30441810 30470932 -0.44287
30481182 30510338 -0.393662
30521974 30549619 -0.344454
30561277 30590471 -0.295246
30600618 30629797 -0.246039
30641370 30670514 -0.196831
30680736 30709940 -0.147623
30721526 30749257 -0.0984155
30760902 30788527 -0.0492077
30801693 30829407 -1.38778e-17
30841053 30868654 0.0492077
30881807 30909522 0.0984155
30921275 30950250 0.147623
30961919 30989583 0.196831
31001247 31028989 0.246039
31040637 31069745 0.295246
31081390 31109048 0.344454
31120716 31149904 0.393662
31161537 31189268 0.44287
31200911 31230067 0.492077
31240185 31269351 0.541285
31279577 31308660 0.590493
31374236 31401971 0
== Start of scan in SEPARATION plane at 08:44:36 UTC ===
31476274 31505353 0
31569528 31598614 -0.590493
31610269 31639427 -0.541285
31651096 31680211 -0.492077
31690451 31719582 -0.44287
31731225 31760375 -0.393662
31770597 31799675 -0.344454
31811355 31839062 -0.295246
31850725 31878410 -0.246039
31890060 31919209 -0.196831
31929370 31958487 -0.147623
31970114 31999295 -0.0984155
32009516 32038634 -0.0492077
32048872 32077956 -1.38778e-17
32089612 32117301 0.0492077
32128986 32158095 0.0984155
32169772 32198941 0.147623
32209133 32238228 0.196831
32249856 32279024 0.246039
32289186 32318350 0.295246
32330031 32357694 0.344454
32369392 32398503 0.393662
32410199 32437856 0.44287
32449470 32478609 0.492077
32488794 32517915 0.541285
32528151 32557308 0.590493
32621403 32650595 0
== Start of scan in CROSSING plane at 09:04:17 UTC ===
32657799 32685511 0
32748126 32777282 -0.590493
32787462 32816605 -0.541285
32828258 32856009 -0.492077
32867657 32896759 -0.44287
32908460 32936077 -0.393662
32947718 32976898 -0.344454
32987123 33016284 -0.295246
33027922 33055574 -0.246039
33067189 33094943 -0.196831
33106574 33135707 -0.147623
33145887 33175050 -0.0984155
33185204 33214378 -0.0492077
33226014 33253757 -1.38778e-17
33265414 33294474 0.0492077
33304691 33333903 0.0984155
33344032 33373231 0.147623
33384870 33412556 0.196831
33424152 33453338 0.246039
33463488 33492694 0.295246
33502909 33532004 0.344454
33543637 33571376 0.393662
33583020 33612086 0.44287
33622297 33651471 0.492077
33661702 33690794 0.541285
33702425 33730184 0.590493
33792814 33821957 0
== Start of scan in CROSSING plane at 09:25:18 UTC ===
33918100 33956000 0
34047807 34087067 0.44287
34100244 34139529 0.393662
34152713 34191990 0.344454
34205116 34244499 0.295246
34257534 34296866 0.246039
34310020 34349393 0.196831
34362496 34401798 0.147623
34414899 34454264 0.0984155
34467373 34506748 0.0492077
34519799 34559121 1.249e-16
34572283 34611602 -0.0492077
34624677 34664005 -0.0984155
34677121 34716496 -0.147623
34729664 34768986 -0.196831
34782069 34821413 -0.246039
34834468 34873864 -0.295246
34886949 34926346 -0.344454
34939428 34978789 -0.393662
34991850 35031240 -0.44287
== Start of scan in SEPARATION plane at 09:49:13 UTC ===
35353231 35391030 0
35477032 35516324 0.44287
35529469 35568829 0.393662
35581898 35621299 0.344454
35634389 35673705 0.295246
35686857 35726174 0.246039
35739258 35777146 0.196831
35793237 35829583 0.147623
35844190 35882055 0.0984155
35896626 35934472 0.0492077
35949074 35986977 1.249e-16
36001556 36039407 -0.0492077
36054017 36091871 -0.0984155
36106467 36144307 -0.147623
36158886 36196729 -0.196831
36211381 36249187 -0.246039
36263769 36301613 -0.295246
36316207 36354148 -0.344454
36368644 36406552 -0.393662
36421139 36458972 -0.44287
== Start of scan in CROSSING plane at 10:10:51 UTC ===
36651342 36690718 0
36773712 36811564 -0.44287
36826173 36864051 -0.393662
36878660 36916545 -0.344454
36931035 36968904 -0.295246
36983546 37021359 -0.246039
37034535 37035948 -0.196831
== Start of scan in CROSSING plane at 10:18:27 UTC ===
37107342 37146680 0
37229694 37269067 -0.44287
37282242 37321530 -0.393662
37334631 37373954 -0.344454
37387119 37426429 -0.295246
37439499 37478874 -0.246039
37492006 37531348 -0.196831
37544437 37582348 -0.147623
37595461 37634729 -0.0984155
37647919 37687214 -0.0492077
37700302 37739665 -1.249e-16
37752829 37792145 0.0492077
37805268 37843127 0.0984155
37857705 37895531 0.147623
37910127 37948004 0.196831
37962607 38000506 0.246039
38015049 38052966 0.295246
38067519 38105355 0.344454
38118521 38156404 0.393662
38170894 38208794 0.44287
== Start of scan in SEPARATION plane at 10:38:36 UTC ===
38316674 38355944 0
38452142 38491503 -0.44287
38506061 38543939 -0.393662
38558455 38597826 -0.344454
38612400 38651706 -0.295246
38664847 38704150 -0.246039
38717332 38756599 -0.196831
38769739 38807599 -0.147623
38823616 38861536 -0.0984155
38876068 38915429 -0.0492077
38928644 38967926 -1.249e-16
38980964 39020360 0.0492077
39033412 39072837 0.0984155
39087328 39125275 0.147623
39141308 39179099 0.196831
39193685 39231625 0.246039
39244739 39284076 0.295246
39297113 39336489 0.344454
39351066 39390437 0.393662
39404964 39442826 0.44287
== Start of scan in CROSSING plane at 11:04:04 UTC ===
39844939 39904677 0
39952738 39954255 -0.0984155
39955687 40013938 -0.0984155
40035861 40037302 -2.77556e-17
40060643 40062065 -0.0984155
40063479 40121775 -0.0984155
40142219 40143634 -2.77556e-17
40168429 40169843 -0.0984155
40171364 40229646 -0.0984155
40251439 40252960 -2.77556e-17
40276244 40277662 -0.0984155
40279179 40337395 -0.0984155
40357788 40359316 -2.77556e-17
40382618 40384056 -0.0984155
40385499 40443800 -0.0984155
40465666 40467086 -2.77556e-17
40490379 40493316 0.0984155
40494750 40553067 0.0984155
40573477 40574911 -2.77556e-17
40598252 40599675 0.0984155
40601097 40659400 0.0984155
40679846 40681261 -2.77556e-17
40706016 40707532 0.0984155
40708970 40767213 0.0984155
40789054 40790571 -2.77556e-17
40813839 40815271 0.0984155
40816803 40875090 0.0984155
40895467 40896904 -2.77556e-17
40920230 40921640 0.0984155
40923156 40981445 0.0984155
41035342 41093552 -5.55112e-17
== Start of scan in SEPARATION plane at 11:28:40 UTC ===
41320858 41379098 0
41434536 41435951 -0.0984155
41437471 41495685 -0.0984155
41519038 41520479 -2.77556e-17
41542298 41543817 -0.0984155
41545233 41605000 -0.0984155
41628321 41629744 -2.77556e-17
41651558 41653079 -0.0984155
41654503 41712748 -0.0984155
41737526 41739042 -2.77556e-17
41760862 41762284 -0.0984155
41763808 41822059 -0.0984155
41845414 41846837 -2.77556e-17
41870165 41871610 -0.0984155
41873048 41931286 -0.0984155
41956121 41957530 -2.77556e-17
41979393 41980910 0.0984155
41982324 42040577 0.0984155
42063883 42065402 -2.77556e-17
42088652 42090168 0.0984155
42091584 42149854 0.0984155
42174675 42176105 -2.77556e-17
42197938 42199453 0.0984155
42200867 42260647 0.0984155
42283905 42285420 -2.77556e-17
42307279 42308694 0.0984155
42310119 42368399 0.0984155
42393230 42394675 -2.77556e-17
42416543 42417958 0.0984155
42419374 42477657 0.0984155
42527275 42585535 -5.55112e-17
== Start of scan in CROSSING plane at 11:58:40 UTC ===
43120211 43178477 0
43226616 43228044 -0.0984155
43229467 43289246 -0.0984155
43309615 43311029 -2.77556e-17
43334341 43335866 -0.0984155
43337285 43343091 -0.0984155
== Start of scan in CROSSING plane at 12:06:19 UTC ===
43579133 43608322 0
43669489 43698659 -0.590493
43710254 43737954 -0.541285
43749589 43778705 -0.492077
43788927 43818058 -0.44287
43828313 43857437 -0.393662
43869080 43896755 -0.344454
43908446 43937569 -0.295246
43947759 43976898 -0.246039
43987128 44016260 -0.196831
44027923 44055580 -0.147623
44067259 44094919 -0.0984155
44106615 44135712 -0.0492077
44145927 44175005 -1.38778e-17
44186731 44214406 0.0492077
44226062 44253679 0.0984155
44265400 44294478 0.147623
44304693 44333877 0.196831
44345501 44373216 0.246039
44384873 44412525 0.295246
44424179 44453348 0.344454
44463552 44492609 0.393662
44504270 44531976 0.44287
44543647 44571365 0.492077
44583015 44612116 0.541285
44622282 44651420 0.590493
44714113 44741765 0
== Start of scan in SEPARATION plane at 12:27:29 UTC ===
44849572 44877317 0
44942813 44970496 -0.590493
44982234 45011366 -0.541285
45022941 45050693 -0.492077
45062279 45091505 -0.44287
45103156 45130817 -0.393662
45143904 45171581 -0.344454
45183239 45210927 -0.295246
45222635 45251750 -0.246039
45261904 45291075 -0.196831
45302746 45331906 -0.147623
45343467 45371210 -0.0984155
45382831 45411985 -0.0492077
45423670 45451394 -1.38778e-17
45463032 45492095 0.0492077
45502326 45531450 0.0984155
45543110 45570823 0.147623
45582487 45610113 0.196831
45621795 45650914 0.246039
45662565 45690273 0.295246
45701950 45731109 0.344454
45742729 45770426 0.393662
45782081 45811233 0.44287
45822823 45850578 0.492077
45862232 45891372 0.541285
45902961 45930629 0.590493
45996271 46023870 0
