2018.08.15 14:49:56.322,Scan triggered MANUALLY from Panel with mode Forced Enable =  FALSE
2018.08.15 14:49:56.369,Configuration used for Scan: DEFAULT

2018.08.15 14:49:56.385,HpFT0,HpFT1,HpFT2,HpFT3,HpNT0,HpNT1,HpNT2,HpNT3,HmFT0,HmFT1,HmFT2,HmFT3,HmNT0,HmNT1,HmNT2,HmNT3
2018.08.15 14:49:56.400,#channels,v0,v1,i0,i1,rUp,rDwn,triptime,vMaxSoftValue,vMon,iMon,DIP(telescope+instLumi)
2018.08.15 14:49:56.416,16,1,0,1,0,0,0,0,0,1,1,1
2018.08.15 14:49:56.587,#1,100,100,100,100,100,100,100,100,100,100,100,100,100,100,100,100,200,200,200,200,200,200,200,200,200,200,200,200,200,200,200,200,799.97998046875,799.98999023438,800.15002441406,800.03002929688,800.04998779297,800.11999511719,800.03002929688,799.95001220703,500.14999389648,800.19000244141,800.20001220703,800.09002685547,500.10998535156,800.10998535156,800.16998291016,800.19000244141,102.54000091553,110.12000274658,98.924003601074,99.592002868652,118.23600006104,100.13800048828,118.90200042725,99.375999450684,86.805999755859,114.9759979248,97.195999145508,139.54600524902,153.38800048828,95.524002075195,111.61199951172,112.452003479,3235474,2316756,2775158,2164981,2895758,3509969,3115971,3201338,1488258,3230410,2860206,3299405,7643,2937240,3255571,2179195,8073.05859375
2018.08.15 14:50:06.025,#M,631.59997558594,632.59997558594,613.48999023438,614.42999267578,633.95001220703,634.96997070313,635.28997802734,636.19000244141,325.36999511719,626.67999267578,626.88000488281,627.78997802734,327.95999145508,629.01000976563,629.28997802734,630.53997802734,75.998001098633,72.01000213623,72.811996459961,68.209999084473,81.543998718262,73.685997009277,84.96199798584,69.59400177002,48.254001617432,77.230003356934,69.758003234863,85.681999206543,67.286003112793,73.984001159668,76.954002380371,89.050003051758,3127306,2198736,2666531,2046758,2835365,3430064,3027224,3025419,1288514,3178936,2786393,3225956,6704,2840271,3140949,2030792,7809.947265625
2018.08.15 14:50:16.025,#M,382.2200012207,382.89001464844,383.11999511719,383.92001342773,384.14999389648,384.57998657227,385.95999145508,386.23999023438,100.91000366211,376.7799987793,377.32998657227,378.10000610352,99.660003662109,379.35000610352,379.79998779297,381.13000488281,48.560001373291,47.034000396729,48.236000061035,45.340000152588,51.813999176025,47.712001800537,53.487998962402,46.419998168945,12.119999885559,49.673999786377,45.06600189209,52.515998840332,14.293999671936,47.872001647949,49.77799987793,55.414001464844,1037392,884892,983765,949782,1572039,1305995,1209743,977401,8029,1607036,1332731,1290365,58,1121384,1151195,822024,3313.2998046875
2018.08.15 14:50:26.025,#M,132.53999328613,133.17999267578,133.9700012207,134.91999816895,134.44000244141,135.38999938965,136.4700012207,136.67999267578,100.61000061035,127.18000030518,127.55999755859,128.50999450684,99.819999694824,129.99000549316,129.7799987793,131.60000610352,9.0979995727539,9.706000328064,9.039999961853,9.0659999847412,9.9980001449585,9.7320003509521,10.49199962616,9.8000001907349,13.102000236511,8.9940004348755,7.8540000915527,8.7840003967285,16.597999572754,8.1459999084473,8.789999961853,11.859999656677,42950,264048,52011,274481,465841,119194,155346,39933,16468,37361,129152,45645,123,32896,103501,51956,-1
2018.08.15 14:50:36.024,#M,99.680000305176,99.550003051758,99.410003662109,100.70999908447,99.589996337891,99.129997253418,99.769996643066,99.610000610352,100.43000030518,99.830001831055,99.680000305176,99.629997253418,99.830001831055,99.809997558594,99.769996643066,99.879997253418,7.8140001296997,7.8699998855591,7.6459999084473,7.3860001564026,8.0699996948242,7.7519998550415,8.3319997787476,7.691999912262,14.397999763489,7.8660001754761,7.0320000648499,7.8359999656677,16.846000671387,7.3520002365112,7.6939997673035,9.0679998397827,561,3417,446,2649,5448,1100,1539,499,20251,331,890,274,206,252,836,326,7.7471947669983
2018.08.15 14:50:46.024,#M,99.620002746582,99.529998779297,99.680000305176,100,99.599998474121,99.73999786377,99.76000213623,99.669998168945,100.20999908447,99.76000213623,99.709999084473,99.680000305176,99.849998474121,99.730003356934,99.75,99.819999694824,7.8979997634888,7.9520001411438,7.7300000190735,7.4679999351501,8.1560001373291,7.8579998016357,8.4139995574951,7.7779998779297,14.371999740601,7.9559998512268,7.1300001144409,7.9320001602173,16.870000839233,7.441999912262,7.7760000228882,9.1300001144409,1289,7548,1030,6260,12136,2545,3554,1202,41201,811,2135,718,354,545,1897,701,8.6950616836548
2018.08.15 14:50:56.024,#M,99.620002746582,99.529998779297,99.800003051758,99.919998168945,99.620002746582,100.08999633789,99.809997558594,99.720001220703,100.04000091553,99.769996643066,99.730003356934,99.699996948242,99.839996337891,99.76000213623,99.76000213623,99.769996643066,7.9739999771118,8.0260000228882,7.8099999427795,7.5539999008179,8.2259998321533,7.9260001182556,8.4879999160767,7.8540000915527,14.366000175476,8.0240001678467,7.210000038147,8.0059995651245,16.870000839233,7.5159997940063,7.8520002365112,9.1780004501343,1295,7830,1072,6588,12984,2694,3876,1249,41834,854,2320,765,444,600,1972,793,9.3636503219604
2018.08.15 14:51:06.023,#M,99.589996337891,99.529998779297,99.699996948242,99.669998168945,99.639999389648,100.18000030518,99.790000915527,99.730003356934,100.33000183105,99.849998474121,99.690002441406,99.730003356934,99.849998474121,99.75,99.790000915527,99.800003051758,8.0279998779297,8.076000213623,7.8619999885559,7.6079998016357,8.2760000228882,7.981999874115,8.53600025177,7.9039998054504,14.368000030518,8.076000213623,7.2620000839233,8.0600004196167,16.865999221802,7.5720000267029,7.9000000953674,9.1960000991821,1383,8409,1144,7276,14088,2937,3969,1281,42177,869,2348,802,450,652,2020,812,9.8770198822021
2018.08.15 14:51:16.023,#M,99.580001831055,99.540000915527,99.790000915527,99.849998474121,99.639999389648,100.31999969482,99.790000915527,99.720001220703,100.30000305176,99.860000610352,99.709999084473,99.730003356934,99.849998474121,99.790000915527,99.790000915527,99.839996337891,8.0679998397827,8.1099996566772,7.9019999504089,7.6319999694824,8.3140001296997,8.0139999389648,8.5699996948242,7.941999912262,14.366000175476,8.1120004653931,7.3000001907349,8.0939998626709,16.864000320435,7.6160001754761,7.9359998703003,9.2119998931885,694,4182,577,3779,7209,1490,2048,629,21774,452,1224,402,196,344,1090,428,10.187573432922
2018.08.15 14:51:26.023,#M,99.629997253418,99.540000915527,99.75,99.949996948242,99.650001525879,100.5299987793,99.779998779297,99.730003356934,100.41999816895,99.849998474121,99.75,99.709999084473,99.870002746582,99.819999694824,99.800003051758,99.809997558594,8.0959997177124,8.1400003433228,7.938000202179,7.6620001792908,8.3439998626709,8.0380001068115,8.5959997177124,7.9720001220703,14.376000404358,8.1379995346069,7.3299999237061,8.1219997406006,16.865999221802,7.6440000534058,7.9640002250671,9.2239999771118,1437,8914,1226,7827,14556,2956,4338,1408,43506,966,2551,876,431,676,2154,890,10.59254360199
2018.08.15 14:51:27.162,#2,150,150,150,150,150,150,150,150,150,150,150,150,150,150,150,150,200,200,200,200,200,200,200,200,200,200,200,200,200,200,200,200,99.629997253418,99.540000915527,99.75,99.949996948242,99.650001525879,100.5299987793,99.779998779297,99.730003356934,100.41999816895,99.849998474121,99.75,99.709999084473,99.870002746582,99.819999694824,99.800003051758,99.809997558594,8.0959997177124,8.1400003433228,7.938000202179,7.6620001792908,8.3439998626709,8.0380001068115,8.5959997177124,7.9720001220703,14.376000404358,8.1379995346069,7.3299999237061,8.1219997406006,16.865999221802,7.6440000534058,7.9640002250671,9.2239999771118,1389,9017,1283,7740,14854,2971,4313,1341,43564,963,2653,824,434,724,2225,847,10.669518470764
2018.08.15 14:51:37.021,#M,149.91999816895,149.67999267578,150.36000061035,152.05000305176,150.35000610352,150.03999328613,150.22999572754,150.61000061035,150.11999511719,150.60000610352,150.11999511719,149.83000183105,150.32000732422,150.38999938965,149.99000549316,150.00999450684,14.293999671936,14.359999656677,14.055999755859,13.583999633789,14.843999862671,14.079999923706,15.373999595642,14.005999565125,22.242000579834,14.494000434875,13.121999740601,14.645999908447,26.426000595093,13.583999633789,14.291999816895,16.670000076294,99582,273499,97040,365084,540583,224069,232196,67187,419808,44822,166265,60655,1834,42838,137471,59134,513.53924560547
2018.08.15 14:51:47.020,#M,149.69000244141,149.61000061035,150.19999694824,149.38000488281,150.25999450684,149.77000427246,150.88000488281,150.80000305176,149.7200012207,150.10000610352,150.16000366211,149.86000061035,150.16000366211,149.80999755859,149.80999755859,149.88999938965,14.034000396729,14.166000366211,13.819999694824,13.428000450134,14.631999969482,13.902000427246,15.083999633789,13.824000358582,22.142000198364,14.267999649048,12.928000450134,14.371999740601,26.343999862671,13.317999839783,14.026000022888,16.413999557495,74862,245826,73975,309679,478135,174149,192262,51406,417875,34451,134511,44024,1965,31934,105348,43863,423.40814208984
2018.08.15 14:51:57.020,#M,149.75,149.74000549316,150.16999816895,149.38000488281,150.36999511719,149.69999694824,150.86000061035,150.36999511719,149.75,149.88999938965,150.36999511719,150,150.19000244141,149.82000732422,149.88000488281,149.92999267578,13.826000213623,13.99199962616,13.604000091553,13.244000434875,14.409999847412,13.706000328064,14.833999633789,13.637999534607,22.073999404907,14.078000068665,12.723999977112,14.105999946594,26.288000106812,13.092000007629,13.791999816895,16.195999145508,62946,222741,60017,277604,430431,146643,167098,42827,416254,29143,113900,36143,1931,26642,87671,37005,368.94290161133
2018.08.15 14:52:07.020,#M,149.71000671387,149.75999450684,150.05999755859,149.30999755859,150.41999816895,149.7200012207,151.0299987793,150.28999328613,149.53999328613,149.89999389648,150.02000427246,149.91999816895,150.33000183105,149.89999389648,149.80000305176,149.94000244141,13.626000404358,13.829999923706,13.397999763489,13.078000068665,14.236000061035,13.543999671936,14.635999679565,13.482000350952,22.011999130249,13.902000427246,12.550000190735,13.881999969482,26.246000289917,12.878000259399,13.586000442505,16.003999710083,53708,212371,52218,254495,396955,130682,148863,38112,414327,26164,100058,31631,1855,22109,76522,32281,332.6819152832
2018.08.15 14:52:17.019,#M,149.66999816895,149.80999755859,150.13000488281,149.42999267578,150.47999572754,149.75999450684,151.05999755859,150.35000610352,149.80999755859,149.94000244141,150.10000610352,149.80999755859,150.22999572754,149.80000305176,149.88000488281,149.91999816895,13.479999542236,13.711999893188,13.25800037384,12.920000076294,14.095999717712,13.420000076294,14.470000267029,13.357999801636,21.989999771118,13.774000167847,12.413999557495,13.708000183105,26.219999313354,12.71399974823,13.4359998703,15.857999801636,48762,203959,47506,237555,380148,117831,138773,35150,413729,24215,92338,28223,1890,20354,70645,29430,307.06768798828
2018.08.15 14:52:27.019,#M,149.71000671387,149.75999450684,150.11000061035,149.44000244141,150.4700012207,149.82000732422,151.07000732422,150.4700012207,150.05000305176,149.80999755859,150.10000610352,149.74000549316,150.19000244141,149.83000183105,149.80999755859,149.86999511719,13.364000320435,13.621999740601,13.145999908447,12.847999572754,13.99199962616,13.3140001297,14.352000236511,13.263999938965,21.945999145508,13.680000305176,12.307999610901,13.583999633789,26.197999954224,12.588000297546,13.312000274658,15.734000205994,45475,197810,43298,225887,368484,110747,126724,32377,413167,21842,87411,25588,1929,18914,65982,27217,291.04086303711
2018.08.15 14:52:33.181,#3,200,200,200,200,200,200,200,200,200,200,200,200,200,200,200,200,200,200,200,200,200,200,200,200,200,200,200,200,200,200,200,200,149.69000244141,149.71000671387,150.16000366211,149.69000244141,150.44000244141,149.78999328613,151.02000427246,150.41000366211,149.9700012207,149.85000610352,150.21000671387,149.83999633789,150.19999694824,149.86999511719,149.80999755859,149.91999816895,13.3140001297,13.579999923706,13.102000236511,12.793999671936,13.942000389099,13.267999649048,14.302000045776,13.223999977112,21.951999664307,13.623999595642,12.255999565125,13.512000083923,26.187999725342,12.526000022888,13.255999565125,15.671999931335,43309,194954,41675,220117,359381,104289,123515,31566,413219,21522,84450,24420,1923,17810,63273,26485,282.52243041992
2018.08.15 14:52:43.025,#M,199.72999572754,199.69999694824,199.86999511719,199.86000061035,199.88999938965,199.75,199.92999267578,200.2799987793,199.33000183105,199.72999572754,199.99000549316,199.63000488281,199.80000305176,200,199.78999328613,199.97999572754,20.82200050354,20.809999465942,20.374000549316,19.847999572754,21.719999313354,20.676000595093,22.629999160767,20.497999191284,30.162000656128,21.804000854492,19.624000549316,21.979999542236,36.81600189209,20.236000061035,21.357999801636,24.879999160767,758463,664108,698204,1046975,986066,1108022,985871,550102,467918,424247,711427,577036,1939,526875,850060,474495,2130.8459472656
2018.08.15 14:52:53.024,#M,199.69999694824,199.57000732422,199.80000305176,199.94000244141,200.02000427246,199.60000610352,200.05000305176,200.05999755859,200.2200012207,199.94000244141,199.83000183105,199.77000427246,199.85000610352,199.78999328613,199.85000610352,199.83999633789,20.554000854492,20.620000839233,20.115999221802,19.656000137329,21.479999542236,20.431999206543,22.347999572754,20.274000167847,30.139999389648,21.558000564575,19.347999572754,21.662000656128,36.737998962402,19.923999786377,21.054000854492,24.562000274658,652064,638598,614321,1006904,979784,1007217,912877,448506,461207,356133,648172,476874,1866,425964,731886,396154,1914.3671875
2018.08.15 14:53:03.024,#M,199.58999633789,199.64999389648,199.82000732422,199.74000549316,199.96000671387,199.64999389648,200.0299987793,200.17999267578,199.89999389648,199.91999816895,199.86999511719,199.75999450684,199.86000061035,199.78999328613,199.92999267578,199.88000488281,20.336000442505,20.479999542236,19.902000427246,19.444000244141,21.323999404907,20.225999832153,22.106000900269,20.090000152588,30.093999862671,21.35000038147,19.124000549316,21.392000198364,36.673999786377,19.658000946045,20.802000045776,24.295999526978,582184,623585,554451,968938,970824,923597,855371,390564,459455,316666,613326,416735,1966,368660,651947,348060,1788.6749267578
2018.08.15 14:53:13.024,#M,199.61999511719,199.63000488281,199.82000732422,199.75999450684,199.97999572754,199.67999267578,199.91000366211,200.13000488281,199.71000671387,199.80999755859,199.88999938965,199.75999450684,199.91000366211,199.7799987793,199.91999816895,199.85000610352,20.14999961853,20.364000320435,19.719999313354,19.280000686646,21.190000534058,20.04400062561,21.893999099731,19.930000305176,30.059999465942,21.167999267578,18.936000823975,21.158000946045,36.630001068115,19.423999786377,20.590000152588,24.059999465942,534751,613988,513103,944632,965951,865626,812615,347824,457231,289576,583159,374134,1871,320164,598362,316132,1679.8626708984
2018.08.15 14:53:23.023,#M,199.61999511719,199.66999816895,199.77000427246,199.61000061035,200.0299987793,199.66000366211,200.0299987793,200.17999267578,199.92999267578,199.94000244141,199.94999694824,199.75999450684,199.92999267578,199.80999755859,199.86000061035,199.86999511719,20.010000228882,20.271999359131,19.57799911499,19.163999557495,21.07799911499,19.903999328613,21.732000350952,19.808000564575,30.024000167847,21.020000457764,18.791999816895,20.993999481201,36.602001190186,19.256000518799,20.431999206543,23.865999221802,494963,596164,480152,920493,955106,827491,776715,324381,458530,266774,551568,343305,1902,294996,558110,296826,1596.8305664063
2018.08.15 14:53:33.023,#M,199.60000610352,199.67999267578,199.80000305176,199.64999389648,200.00999450684,199.66000366211,200.10000610352,200.16000366211,199.80999755859,200,200.00999450684,199.7799987793,199.89999389648,199.80999755859,199.86000061035,199.88999938965,19.902000427246,20.194000244141,19.482000350952,19.073999404907,20.988000869751,19.795999526978,21.615999221802,19.708000183105,29.989999771118,20.917999267578,18.687999725342,20.875999450684,36.583999633789,19.125999450684,20.305999755859,23.728000640869,468136,590147,458024,898414,948217,786255,747036,300654,456918,250504,532744,319084,1954,277204,524135,278681,1531.9675292969
2018.08.15 14:53:39.185,#4,250,250,250,250,250,250,250,250,250,250,250,250,250,250,250,250,200,200,200,200,200,200,200,200,200,200,200,200,200,200,200,200,199.60000610352,199.66000366211,199.7799987793,199.71000671387,199.94999694824,199.66999816895,200.13999938965,200.00999450684,199.71000671387,199.94000244141,199.97999572754,199.80999755859,199.88999938965,199.80999755859,199.83999633789,199.88000488281,19.854000091553,20.152000427246,19.434000015259,19.040000915527,20.945999145508,19.743999481201,21.555999755859,19.658000946045,29.986000061035,20.868000030518,18.624000549316,20.802000045776,36.571998596191,19.068000793457,20.247999191284,23.658000946045,457125,584242,441689,892064,946044,765777,735333,291248,455270,244271,526853,310735,1920,262987,512463,270752,1506.9696044922
2018.08.15 14:53:49.029,#M,249.69000244141,249.41000366211,249.67999267578,249.69999694824,249.88000488281,249.83000183105,249.72999572754,249.66999816895,249.88000488281,250.0299987793,249.85000610352,249.80000305176,249.88999938965,249.97999572754,249.82000732422,250.11999511719,28.718000411987,28.788000106812,28.260000228882,27.525999069214,30.194000244141,28.79400062561,31.54400062561,28.054000854492,38.332000732422,30.295999526978,26.917999267578,30.162000656128,48.243999481201,27.923999786377,29.784000396729,33.397998809814,1054931,678148,968554,1024188,815751,1295233,1181878,1163831,760605,737603,767499,999002,3001,951687,1259580,890523,2821.1071777344
2018.08.15 14:53:59.028,#M,249.64999389648,249.75,249.91999816895,249.63999938965,249.74000549316,249.7200012207,249.69000244141,249.69000244141,249.94999694824,249.83999633789,249.91000366211,249.75999450684,249.86999511719,249.82000732422,249.85000610352,249.91000366211,28.492000579834,28.686000823975,28.087999343872,27.385999679565,29.983999252319,28.799999237061,31.559999465942,28.052000045776,38.333999633789,30.209999084473,26.736000061035,29.945999145508,48.195999145508,27.694000244141,29.590000152588,33.299999237061,1064393,680369,969272,1038313,823135,1316064,1188795,1130896,749972,725061,777947,993632,3024,944695,1254640,867747,2819.3283691406
2018.08.15 14:54:09.028,#M,249.60000610352,249.77000427246,249.77000427246,249.63000488281,249.72999572754,249.69999694824,249.75,249.69000244141,249.97999572754,249.89999389648,249.85000610352,249.75,249.86999511719,249.78999328613,249.89999389648,249.88000488281,28.291999816895,28.552000045776,27.951999664307,27.260000228882,29.791999816895,28.625999450684,31.447999954224,27.993999481201,38.321998596191,30.106000900269,26.563999176025,29.756000518799,48.158000946045,27.489999771118,29.430000305176,33.173999786377,1064774,678826,969325,1046521,827131,1321747,1188174,1093576,745372,713403,783650,985427,2910,929654,1240593,854622,2803.7817382813
2018.08.15 14:54:19.028,#M,249.57000732422,249.61000061035,249.82000732422,249.61999511719,249.74000549316,249.66999816895,249.71000671387,249.69999694824,249.94000244141,249.89999389648,249.86999511719,249.77000427246,249.86000061035,249.75999450684,249.94000244141,249.89999389648,28.110000610352,28.412000656128,27.610000610352,27.129999160767,29.639999389648,28.444000244141,31.302000045776,27.874000549316,38.307998657227,29.964000701904,26.416000366211,29.601999282837,48.139999389648,27.318000793457,29.290000915527,33.034000396729,1065109,683445,971297,1056130,833081,1324701,1188493,1071061,740978,706650,785346,977377,2997,921388,1228043,835633,2793.8049316406
2018.08.15 14:54:29.027,#M,249.60000610352,249.69999694824,249.80999755859,249.64999389648,249.75,249.71000671387,249.75999450684,249.72999572754,249.99000549316,249.88000488281,249.88999938965,249.75999450684,249.86999511719,249.80000305176,249.94000244141,249.91000366211,27.983999252319,28.309999465942,27.469999313354,27.041999816895,29.520000457764,28.290000915527,31.167999267578,27.752000808716,38.31600189209,29.840000152588,26.308000564575,29.478000640869,48.118000030518,27.190000534058,29.184000015259,32.923999786377,1064786,687165,971254,1060286,838309,1328883,1189909,1051823,740707,699703,786908,969747,2933,913106,1214952,827294,2786.9753417969
2018.08.15 14:54:39.027,#M,249.58000183105,249.66999816895,249.7799987793,249.69999694824,249.75,249.69999694824,249.75999450684,249.71000671387,249.94000244141,249.88999938965,249.85000610352,249.77000427246,249.86999511719,249.80000305176,249.94000244141,249.88999938965,27.875999450684,28.228000640869,27.384000778198,26.97200012207,29.437999725342,28.176000595093,31.048000335693,27.645999908447,38.301998138428,29.746000289917,26.22200012207,29.381999969482,48.108001708984,27.090000152588,29.10000038147,32.833999633789,1055210,682170,965094,1062991,836109,1326048,1183427,1027732,731982,690756,790988,958101,2966,899844,1199863,815208,2763.6301269531
2018.08.15 14:54:43.161,#5,300,300,300,300,300,300,300,300,300,300,300,300,300,300,300,300,200,200,200,200,200,200,200,200,200,200,200,200,200,200,200,200,249.58999633789,249.69000244141,249.78999328613,249.67999267578,249.7799987793,249.71000671387,249.75,249.69999694824,249.94999694824,249.91000366211,249.88000488281,249.7799987793,249.88000488281,249.83000183105,249.94000244141,249.88000488281,27.846000671387,28.204000473022,27.354000091553,26.945999145508,29.402000427246,28.128000259399,31.011999130249,27.611999511719,38.307998657227,29.718000411987,26.194000244141,29.351999282837,48.10599899292,27.059999465942,29.07200050354,32.799999237061,1054114,682491,963496,1058942,837954,1327088,1182010,1022274,729221,688686,791413,954803,2856,893224,1193075,811732,2759.0361328125
2018.08.15 14:54:53.020,#M,299.57000732422,299.7200012207,299.7799987793,299.82000732422,299.83999633789,299.85998535156,299.75,299.76998901367,300.19000244141,299.92999267578,299.83999633789,299.91000366211,299.94000244141,299.88000488281,299.92999267578,299.95999145508,36.751998901367,36.64400100708,36.358001708984,35.340000152588,38.588001251221,36.582000732422,40.703998565674,35.818000793457,44.863998413086,38.821998596191,34.372001647949,39.012001037598,59.611999511719,35.986000061035,38.257999420166,42.257999420166,619179,495345,578854,581167,659669,754074,734209,802100,865566,675491,561565,638357,4144,591458,786291,598624,2482.44921875
2018.08.15 14:55:03.020,#M,299.61999511719,299.73001098633,299.76998901367,299.70001220703,299.79998779297,299.83999633789,299.7799987793,299.75,300.07000732422,300.05999755859,299.86999511719,299.86999511719,299.88000488281,299.89001464844,299.95001220703,299.91000366211,36.540000915527,36.470001220703,36.158000946045,35.214000701904,38.40599822998,36.423999786377,40.520000457764,35.675998687744,44.858001708984,38.692001342773,34.18399810791,38.798000335693,59.622001647949,35.765998840332,37.990001678467,42.263999938965,822859,648983,774443,770893,854409,1003116,980175,1081921,1137257,857861,732614,845071,5267,787788,1054536,799480,2464.7490234375
2018.08.15 14:55:13.020,#M,299.66000366211,299.7200012207,299.76998901367,299.75,299.85000610352,299.80999755859,299.76998901367,299.67999267578,300.01998901367,300.01998901367,299.80999755859,299.89999389648,299.89999389648,299.88000488281,299.89999389648,299.91000366211,36.333999633789,36.307998657227,35.992000579834,35.074001312256,38.245998382568,36.285999298096,39.953998565674,35.546001434326,44.858001708984,38.540000915527,34.020000457764,38.602001190186,59.645999908447,35.57799911499,37.641998291016,42.217998504639,832285,649583,782653,783117,842577,1016694,991601,1097016,1146591,849313,729679,851061,5455,797146,1067066,810542,2482.1320800781
2018.08.15 14:55:23.019,#M,299.70999145508,299.73001098633,299.76998901367,299.73999023438,299.83999633789,299.80999755859,299.76998901367,299.73001098633,299.98001098633,299.98999023438,299.80999755859,299.85000610352,299.89001464844,299.85000610352,299.95001220703,299.89999389648,36.186000823975,36.180000305176,35.852001190186,34.951999664307,38.10599899292,36.141998291016,39.669998168945,35.444000244141,44.854000091553,38.408000946045,33.881999969482,38.439998626709,59.659999847412,35.431999206543,37.442001342773,42.113998413086,836277,645633,783949,782096,829890,1021717,994885,1095815,1140387,832629,721995,849715,5424,797684,1073773,809893,2477.2412109375
2018.08.15 14:55:33.019,#M,299.69000244141,299.73001098633,299.76000976563,299.73001098633,299.82998657227,299.82998657227,299.75,299.7200012207,300.01998901367,299.98999023438,299.82000732422,299.83999633789,299.88000488281,299.83999633789,299.95999145508,299.92999267578,36.074001312256,36.083999633789,35.748001098633,34.858001708984,37.995998382568,36.026000976563,39.521999359131,35.358001708984,44.858001708984,38.304000854492,33.782001495361,38.31600189209,59.664001464844,35.326000213623,37.318000793457,42.029998779297,836962,640625,785260,785294,825440,1023113,993326,1100943,1133225,822255,718122,849141,5297,797093,1081186,808102,2474.3393554688
2018.08.15 14:55:43.019,#M,299.70001220703,299.7200012207,299.76998901367,299.76000976563,299.82998657227,299.82000732422,299.76998901367,299.69000244141,300.01000976563,300.01000976563,299.83999633789,299.85998535156,299.89001464844,299.85998535156,299.92999267578,299.94000244141,36.001998901367,36.021999359131,35.681999206543,34.799999237061,37.92200088501,35.944000244141,39.437999725342,35.290000915527,44.85599899292,38.212001800537,33.709999084473,38.226001739502,59.659999847412,35.251998901367,37.229999542236,41.958000183105,845693,643988,793774,789591,830075,1032375,1000359,1114258,1142010,828645,717656,856557,5391,804035,1082863,815775,2493.1694335938
2018.08.15 14:55:48.182,#6,325,325,325,325,325,325,325,325,325,325,325,325,325,325,325,325,200,200,200,200,200,200,200,200,200,200,200,200,200,200,200,200,299.70001220703,299.73001098633,299.76998901367,299.73999023438,299.85998535156,299.83999633789,299.76000976563,299.73999023438,300.04998779297,300,299.82998657227,299.88000488281,299.91000366211,299.86999511719,299.92001342773,299.92999267578,35.97200012207,35.995998382568,35.653999328613,34.765998840332,37.895999908447,35.911998748779,39.403999328613,35.256000518799,44.85599899292,38.18399810791,33.681999206543,38.189998626709,59.65599822998,35.223999023438,37.201999664307,41.928001403809,423149,323093,395733,396115,413088,517163,499586,556976,572542,411719,358574,427432,2707,402927,542798,408822,2493.0456542969
2018.08.15 14:55:58.026,#M,324.76000976563,324.79998779297,324.60998535156,324.48999023438,324.82998657227,324.64001464844,324.82000732422,324.79998779297,325.01000976563,325.01000976563,324.82998657227,324.89001464844,324.80999755859,324.70001220703,325,324.94000244141,40.307998657227,39.964000701904,39.854000091553,38.64400100708,42.32799911499,39.990001678467,43.597999572754,39.159999847412,47.830001831055,42.529998779297,37.61600112915,42.877998352051,65.265998840332,39.574001312256,41.439998626709,46.430000305176,828793,686442,754593,741639,1014782,998620,960081,958303,1243145,1065896,822025,880180,6194,769354,972624,753103,2503.4523925781
2018.08.15 14:56:08.026,#M,324.64001464844,324.73999023438,324.73001098633,324.7200012207,324.82998657227,324.69000244141,324.79000854492,324.79998779297,325.04000854492,324.95001220703,324.85000610352,324.83999633789,324.94000244141,324.89999389648,324.94000244141,324.85998535156,40.15599822998,39.889999389648,39.759998321533,38.585998535156,42.245998382568,39.877998352051,43.450000762939,39.063999176025,47.821998596191,42.425998687744,37.534000396729,42.784000396729,65.269996643066,39.490001678467,41.35599899292,46.36600112915,821106,680741,751766,741735,1003991,997862,958245,962613,1239814,1051357,806501,873176,6071,765206,971526,753331,2487.6066894531
2018.08.15 14:56:18.025,#M,324.69000244141,324.76000976563,324.82000732422,324.7799987793,324.82998657227,324.73001098633,324.79998779297,324.79998779297,324.98999023438,324.9700012207,324.82000732422,324.85998535156,324.92001342773,324.89001464844,324.94000244141,324.85998535156,40.063999176025,39.82799911499,39.689998626709,38.509998321533,42.147998809814,39.487998962402,43.299999237061,38.990001678467,47.818000793457,42.349998474121,37.456001281738,42.701999664307,65.283996582031,39.403999328613,41.284000396729,46.299999237061,827462,683631,755561,746424,1009249,997858,961972,971708,1243080,1044242,808493,875582,6234,770185,980569,756699,2497.3569335938
2018.08.15 14:56:28.025,#M,324.7200012207,324.76000976563,324.80999755859,324.79000854492,324.82998657227,324.79998779297,324.82000732422,324.82000732422,325,324.98001098633,324.82000732422,324.85998535156,324.9700012207,324.86999511719,324.9700012207,324.89001464844,40.001998901367,39.762001037598,39.619998931885,38.448001861572,42.07799911499,39.214000701904,43.189998626709,38.930000305176,47.812000274658,42.27799987793,37.395999908447,42.63399887085,65.291999816895,39.340000152588,41.256000518799,46.243999481201,826708,684490,757807,745921,1003067,999227,966633,974187,1245636,1036297,805101,875846,6301,770347,985553,763140,2501.8581542969
2018.08.15 14:56:38.025,#M,324.73001098633,324.73999023438,324.79998779297,324.7200012207,324.82998657227,324.79998779297,324.82998657227,324.79998779297,325.0299987793,324.95999145508,324.85998535156,324.89999389648,324.91000366211,324.82998657227,324.98999023438,324.89999389648,39.953998565674,39.720001220703,39.576000213623,38.397998809814,42.026000976563,39.068000793457,43.111999511719,38.895999908447,47.804000854492,42.234001159668,37.349998474121,42.569999694824,65.295997619629,39.284000396729,41.217998504639,46.201999664307,824860,682590,756491,748272,994206,997565,965458,976372,1242324,1033738,810970,874821,6320,774945,988863,762987,2500.3583984375
2018.08.15 14:56:48.024,#M,324.70999145508,324.79000854492,324.64999389648,324.76000976563,324.83999633789,324.82998657227,324.79998779297,324.82000732422,325.0299987793,324.94000244141,324.85998535156,324.89999389648,324.92999267578,324.86999511719,324.95001220703,324.91000366211,39.916000366211,39.680000305176,39.52799987793,38.35599899292,41.987998962402,38.981998443604,43.049999237061,38.861999511719,47.787998199463,42.198001861572,37.312000274658,42.52799987793,65.283996582031,39.248001098633,41.192001342773,46.17200088501,824347,683183,757212,747051,992218,994973,963577,977573,1247455,1027158,805288,876916,6221,768716,987034,758971,2494.9233398438
2018.08.15 14:56:52.174,#7,350,350,350,350,350,350,350,350,350,350,350,350,350,350,350,350,200,200,200,200,200,200,200,200,200,200,200,200,200,200,200,200,324.69000244141,324.79000854492,324.70999145508,324.76000976563,324.85000610352,324.82000732422,324.79000854492,324.80999755859,325,324.98999023438,324.85998535156,324.88000488281,324.94000244141,324.83999633789,324.95999145508,324.89999389648,39.90599822998,39.669998168945,39.521999359131,38.340000152588,41.978000640869,38.958000183105,43.029998779297,38.849998474121,47.784000396729,42.186000823975,37.299999237061,42.513999938965,65.274002075195,39.236000061035,41.17200088501,46.159999847412,818578,678205,753763,743782,988040,991968,959594,974771,1240526,1021345,800109,870100,6103,766884,983013,756685,2483.3618164063
2018.08.15 14:57:02.018,#M,349.73999023438,349.79000854492,350.01998901367,349.67001342773,350.01000976563,349.75,349.83999633789,349.95999145508,350.16000366211,350.01998901367,349.91000366211,349.82998657227,349.88000488281,349.92001342773,349.92001342773,349.88000488281,44.141998291016,43.215999603271,43.57799911499,41.787998199463,46.340000152588,42.976001739502,47.653999328613,42.459999084473,51.150001525879,46.458000183105,41.023998260498,47.02799987793,72.365997314453,43.431999206543,45.346000671387,50.437999725342,969861,783150,869757,830321,1324871,1187512,1087817,923586,1309188,1405300,1055040,1080077,6746,909923,1020996,761279,2913.6279296875
2018.08.15 14:57:12.017,#M,349.76000976563,349.76998901367,349.85000610352,349.70999145508,349.89001464844,349.82998657227,349.82000732422,349.91000366211,350.20999145508,350.04000854492,349.91000366211,349.83999633789,349.88000488281,349.89001464844,349.92999267578,349.85998535156,44.051998138428,43.195999145508,43.492000579834,41.714000701904,46.282001495361,42.891998291016,47.557998657227,42.409999847412,51.150001525879,46.372001647949,40.958000183105,46.964000701904,72.365997314453,43.361999511719,45.270000457764,50.402000427246,959147,777919,857939,822878,1307122,1179027,1078977,923601,1308003,1381671,1046504,1069881,6737,896386,1013509,756885,2881.6408691406
2018.08.15 14:57:22.017,#M,349.75,349.7799987793,349.85000610352,349.76000976563,349.85000610352,349.82000732422,349.83999633789,349.86999511719,350.20001220703,349.98999023438,349.92999267578,349.85000610352,349.94000244141,349.88000488281,349.92999267578,349.88000488281,43.967998504639,43.131999969482,43.437999725342,41.67200088501,46.212001800537,42.791999816895,47.458000183105,42.354000091553,51.131999969482,46.293998718262,40.895999908447,46.886001586914,72.358001708984,43.299999237061,45.201999664307,50.363998413086,952749,771712,856162,814878,1293610,1168467,1073737,922520,1307539,1369798,1032164,1072960,6722,893165,1009580,759246,2861.470703125
2018.08.15 14:57:32.017,#M,349.76000976563,349.76998901367,349.85998535156,349.75,349.86999511719,349.80999755859,349.83999633789,349.86999511719,350.2799987793,350.0299987793,349.92001342773,349.85000610352,349.94000244141,349.89999389648,349.95001220703,349.92001342773,43.916000366211,43.096000671387,43.402000427246,41.641998291016,46.159999847412,42.708000183105,47.380001068115,42.301998138428,51.11600112915,46.234001159668,40.847999572754,46.833999633789,72.339996337891,43.251998901367,45.147998809814,50.340000152588,949472,769115,850715,815499,1273465,1168190,1073268,921785,1303394,1363134,1023184,1062573,6591,887162,1004780,757225,2847.181640625
2018.08.15 14:57:42.016,#M,349.7799987793,349.76998901367,349.85998535156,349.7200012207,349.92001342773,349.82998657227,349.83999633789,349.82998657227,350.11999511719,350.05999755859,349.92999267578,349.85000610352,349.95999145508,349.89001464844,349.95001220703,349.89001464844,43.886001586914,43.071998596191,43.377998352051,41.611999511719,46.130001068115,42.639999389648,47.313999176025,42.263999938965,51.097999572754,46.194000244141,40.819999694824,46.791999816895,72.328002929688,43.217998504639,45.102001190186,50.326000213623,949255,771457,851602,816065,1280975,1162969,1069646,922742,1302863,1363007,1018954,1061204,6691,884388,1007208,757353,2847.3762207031
2018.08.15 14:57:52.016,#M,349.7799987793,349.79000854492,349.85998535156,349.75,349.86999511719,349.85000610352,349.82998657227,349.89001464844,350.20999145508,349.94000244141,349.91000366211,349.83999633789,349.95001220703,349.89999389648,349.92999267578,349.91000366211,43.868000030518,43.054000854492,43.36600112915,41.583999633789,46.110000610352,42.588001251221,47.284000396729,42.240001678467,51.088001251221,46.150001525879,40.793998718262,46.762001037598,72.31600189209,43.192001342773,45.07799911499,50.310001373291,946504,763691,852431,810943,1285126,1163242,1071598,922961,1306083,1362908,1020093,1055179,6712,884067,1003657,756980,2843.8815917969
2018.08.15 14:57:56.181,#8,375,375,375,375,375,375,375,375,375,375,375,375,375,375,375,375,200,200,200,200,200,200,200,200,200,200,200,200,200,200,200,200,349.76998901367,349.76000976563,349.82000732422,349.76998901367,349.83999633789,349.85998535156,349.82998657227,349.89999389648,350.2200012207,349.94000244141,349.92999267578,349.82998657227,349.95001220703,349.89999389648,349.94000244141,349.88000488281,43.860000610352,43.048000335693,43.35599899292,41.479999542236,46.102001190186,42.569999694824,47.271999359131,42.231998443604,51.080001831055,46.136001586914,40.785999298096,46.748001098633,72.314002990723,43.181999206543,45.069999694824,50.301998138428,947439,769800,849946,817646,1279056,1164999,1062960,922066,1305318,1359837,1017726,1055039,6723,879572,1004850,757217,2841.6208496094
2018.08.15 14:58:06.025,#M,374.82000732422,374.63000488281,374.67999267578,374.5299987793,374.94000244141,374.70999145508,374.88000488281,374.79000854492,375.32000732422,375,375.10000610352,374.79998779297,374.82998657227,374.94000244141,374.89001464844,374.86999511719,47.833999633789,45.914001464844,46.849998474121,43.728000640869,50.304000854492,46.318000793457,51.751998901367,45.273998260498,54.84400177002,50.11600112915,43.891998291016,50.950000762939,81.63200378418,46.846000671387,49.035999298096,54.054000854492,1243876,1027343,1211311,1074393,1826443,1575944,1431917,1018284,1347235,1891068,1567705,1514368,6899,1340964,1246653,815899,3824.5275878906
2018.08.15 14:58:16.025,#M,374.70999145508,374.69000244141,374.73999023438,374.70001220703,374.88000488281,374.86999511719,374.85000610352,374.82998657227,375.10998535156,374.92001342773,374.98001098633,374.82000732422,374.92001342773,374.89999389648,374.98001098633,374.86999511719,47.771999359131,45.900001525879,46.826000213623,43.709999084473,50.259998321533,46.279998779297,51.667999267578,45.240001678467,54.835998535156,50.082000732422,43.861999511719,50.917999267578,81.657997131348,46.819999694824,48.986000061035,54.013999938965,1227377,1020063,1192167,1057265,1801576,1553839,1409393,1007885,1340182,1864227,1549740,1489980,6819,1317089,1233250,812491,3773.2416992188
2018.08.15 14:58:26.024,#M,374.70001220703,374.70999145508,374.73001098633,374.73001098633,374.89001464844,374.85998535156,374.82000732422,374.85998535156,375.10000610352,374.91000366211,374.95999145508,374.82000732422,374.88000488281,374.86999511719,375.01000976563,374.89999389648,47.703998565674,45.880001068115,46.799999237061,43.680000305176,50.212001800537,46.217998504639,51.59400177002,45.220001220703,54.830001831055,50.043998718262,43.833999633789,50.868000030518,81.694000244141,46.785999298096,48.944000244141,53.978000640869,1220981,1016469,1185182,1065197,1793937,1541287,1407793,1001104,1341324,1855140,1529847,1487548,6849,1302353,1225335,810057,3753.9655761719
2018.08.15 14:58:36.024,#M,374.70999145508,374.70999145508,374.73999023438,374.73999023438,374.89999389648,374.83999633789,374.82998657227,374.85998535156,375.17999267578,374.95001220703,374.89999389648,374.86999511719,374.89999389648,374.88000488281,375,374.91000366211,47.661998748779,45.858001708984,46.790000915527,43.658000946045,50.180000305176,46.180000305176,51.52799987793,45.198001861572,54.821998596191,50.012001037598,43.804000854492,50.835998535156,81.727996826172,46.763999938965,48.916000366211,53.965999603271,1217436,1016029,1175819,1062202,1784623,1529426,1404788,999638,1343114,1846141,1516624,1479972,6918,1303169,1219738,808968,3738.6252441406
2018.08.15 14:58:46.024,#M,374.70999145508,374.7200012207,374.73999023438,374.66000366211,374.85000610352,374.76000976563,374.85000610352,374.85998535156,375.17001342773,374.95999145508,374.89999389648,374.88000488281,374.91000366211,374.92999267578,374.95001220703,374.92001342773,47.638000488281,45.854000091553,46.784000396729,43.636001586914,50.158000946045,46.14400100708,51.495998382568,45.175998687744,54.807998657227,49.998001098633,43.790000915527,50.812000274658,81.763999938965,46.748001098633,48.888000488281,53.964000701904,1218402,1009161,1178669,1055226,1784442,1531459,1401475,997544,1341625,1841206,1527449,1486395,6998,1292088,1220234,809825,3732.1357421875
2018.08.15 14:58:56.023,#M,374.75,374.73999023438,374.80999755859,374.7200012207,374.89001464844,374.73999023438,374.91000366211,374.82998657227,375.17001342773,374.94000244141,374.92999267578,374.89001464844,374.88000488281,374.86999511719,374.94000244141,374.94000244141,47.624000549316,45.846000671387,46.77799987793,43.618000030518,50.139999389648,46.118000030518,51.464000701904,45.164001464844,54.787998199463,49.970001220703,43.779998779297,50.799999237061,81.795997619629,46.740001678467,48.860000610352,53.964000701904,1218195,1006308,1172596,1054499,1783296,1528237,1390295,997662,1343365,1826918,1518270,1480733,6882,1301393,1214413,810496,3722.1557617188
2018.08.15 14:59:00.173,#9,400,400,400,400,400,400,400,400,400,400,400,400,400,400,400,400,200,200,200,200,200,200,200,200,200,200,200,200,200,200,200,200,374.7200012207,374.73001098633,374.76998901367,374.73001098633,374.89001464844,374.83999633789,374.86999511719,374.85998535156,375.20999145508,374.95001220703,374.92001342773,374.89999389648,374.89001464844,374.80999755859,374.98999023438,374.92001342773,47.619998931885,45.846000671387,46.779998779297,43.613998413086,50.131999969482,46.10599899292,51.458000183105,45.159999847412,54.784000396729,49.959999084473,43.770000457764,50.790000915527,81.807998657227,46.736000061035,48.847999572754,53.964000701904,1215616,998037,1164680,1057611,1779495,1526640,1392106,1000278,1342043,1828923,1528413,1480500,6914,1298241,1211667,808643,3719.6789550781
2018.08.15 14:59:10.016,#M,399.83999633789,399.76998901367,400.07000732422,399.80999755859,400.01000976563,400.04998779297,399.80999755859,399.85000610352,400.0299987793,399.98999023438,399.95999145508,399.94000244141,399.85000610352,399.98001098633,400.20001220703,399.98999023438,51.046001434326,48.145999908447,49.428001403809,45.638000488281,53.93399810791,49.305999755859,55.548000335693,47.541999816895,58.852001190186,53.369998931885,46.131999969482,54.369998931885,93.470001220703,49.641998291016,52.127998352051,57.217998504639,1748075,1373115,1730028,1330290,2229805,2157419,2003446,1277154,1362878,2409671,2059527,2131015,6961,1932014,1740268,1023105,5068.26953125
2018.08.15 14:59:20.016,#M,399.75,399.76998901367,399.73001098633,399.7200012207,399.95999145508,399.80999755859,399.79998779297,399.79998779297,399.94000244141,400.10000610352,399.88000488281,399.89001464844,399.9700012207,399.85998535156,399.95001220703,399.85000610352,51.018001556396,48.139999389648,49.42200088501,45.622001647949,53.908000946045,49.273998260498,55.513999938965,47.534000396729,59.012001037598,53.368000030518,46.130001068115,54.349998474121,93.494003295898,49.627998352051,52.11600112915,57.178001403809,1742317,1354480,1697244,1322192,2224399,2131939,1985950,1256001,1370050,2397412,2061644,2123623,6899,1933412,1728732,1022875,5038.6123046875
2018.08.15 14:59:30.016,#M,399.76000976563,399.76000976563,399.7200012207,399.76998901367,399.95999145508,399.85998535156,399.83999633789,399.7799987793,399.92001342773,400.04000854492,399.89999389648,399.88000488281,399.95999145508,399.92001342773,399.95999145508,399.91000366211,50.987998962402,48.141998291016,49.425998687744,45.622001647949,53.891998291016,49.259998321533,55.478000640869,47.535999298096,58.875999450684,53.360000610352,46.136001586914,54.32799911499,93.533996582031,49.622001647949,52.096000671387,57.124000549316,1722726,1353540,1709468,1313678,2224430,2123590,1981074,1266831,1368657,2391814,2061946,2122494,6777,1919346,1724145,1019499,5025.4145507813
2018.08.15 14:59:40.015,#M,399.76000976563,399.76998901367,399.70999145508,399.82000732422,399.92999267578,399.86999511719,399.83999633789,399.76998901367,399.88000488281,400.01000976563,399.91000366211,399.89001464844,399.95999145508,399.91000366211,399.9700012207,399.91000366211,50.970001220703,48.147998809814,49.442001342773,45.622001647949,53.886001586914,49.243999481201,55.442001342773,47.549999237061,58.841999053955,53.354000091553,46.13399887085,54.313999176025,93.575996398926,49.622001647949,52.088001251221,57.076000213623,1721823,1345300,1715094,1321162,2218691,2122461,1972790,1251633,1370327,2388249,2056707,2109538,7077,1921408,1715817,1011322,5012.037109375
2018.08.15 14:59:50.015,#M,399.73999023438,399.76998901367,399.76000976563,399.82000732422,399.94000244141,399.83999633789,399.82998657227,399.7799987793,399.89001464844,400.07998657227,399.91000366211,399.88000488281,399.95001220703,399.92999267578,399.95999145508,399.92999267578,50.964000701904,48.164001464844,49.459999084473,45.630001068115,53.886001586914,49.228000640869,55.43399810791,47.551998138428,58.869998931885,53.34400177002,46.13399887085,54.307998657227,93.613998413086,49.622001647949,52.088001251221,57.054000854492,1730300,1349471,1715625,1313541,2217637,2107056,1973311,1250921,1367860,2381835,2054242,2117547,6990,1914486,1710777,1015640,5008.2221679688
2018.08.15 15:00:00.030,#M,399.7799987793,399.79998779297,399.82000732422,399.80999755859,399.95001220703,399.85998535156,399.82000732422,399.80999755859,399.86999511719,400.07000732422,399.89999389648,399.91000366211,399.98999023438,399.92001342773,400.01000976563,399.92001342773,50.97200012207,48.175998687744,49.478000640869,45.638000488281,53.895999908447,49.228000640869,55.43399810791,47.560001373291,58.928001403809,53.341999053955,46.131999969482,54.304000854492,93.653999328613,49.619998931885,52.09400177002,57.082000732422,1716266,1342895,1710541,1319445,2215075,2109832,1968986,1252225,1368380,2379234,2049501,2106707,6900,1906267,1707056,1022519,4999.33203125
2018.08.15 15:00:03.182,#10,425,425,425,425,425,425,425,425,425,425,425,425,425,425,425,425,200,200,200,200,200,200,200,200,200,200,200,200,200,200,200,200,399.7799987793,399.79000854492,399.82000732422,399.79998779297,399.95001220703,399.85998535156,399.82000732422,399.82000732422,399.86999511719,400.07998657227,399.92001342773,399.92001342773,399.98999023438,399.92001342773,400.01000976563,399.91000366211,50.973999023438,48.180000305176,49.479999542236,45.638000488281,53.897998809814,49.226001739502,55.436000823975,47.563999176025,58.93399810791,53.346000671387,46.130001068115,54.307998657227,93.664001464844,49.619998931885,52.096000671387,57.096000671387,1715860,1340098,1704069,1320573,2216199,2109463,1965845,1251064,1365046,2374515,2051600,2110259,6977,1906902,1698251,1014429,4993.9672851563
2018.08.15 15:00:13.025,#M,424.70001220703,424.82000732422,424.80999755859,424.58999633789,424.79998779297,424.76998901367,424.83999633789,424.73999023438,424.85998535156,425.04998779297,424.91000366211,424.89999389648,424.9700012207,424.92001342773,424.89001464844,425.05999755859,53.717998504639,50.326000213623,51.636001586914,47.72200012207,57.004001617432,51.880001068115,58.928001403809,49.652000427246,63.363998413086,56.040000915527,48.051998138428,57.270000457764,107.19599914551,51.902000427246,54.659999847412,59.585998535156,2292431,1583787,2056533,1500528,2418208,2668833,2381859,1761680,1388741,2696695,2314134,2544622,6985,2261317,2242388,1268083,6000.5405273438
2018.08.15 15:00:23.025,#M,424.75,424.83999633789,424.76998901367,424.85998535156,424.89999389648,424.82998657227,424.79998779297,424.73001098633,424.88000488281,424.95999145508,424.98999023438,424.85000610352,424.89001464844,424.91000366211,424.98999023438,424.94000244141,53.717998504639,50.319999694824,51.61600112915,47.669998168945,57.009998321533,51.88399887085,58.919998168945,49.652000427246,63.408000946045,56.071998596191,48.049999237061,57.276000976563,107.21600341797,51.925998687744,54.673999786377,59.526000976563,2267888,1584010,2055597,1510420,2420246,2655030,2387075,1722426,1386836,2695512,2313228,2543050,6906,2255720,2239038,1274239,5988.3520507813
2018.08.15 15:00:33.025,#M,424.70999145508,424.82998657227,424.80999755859,424.75,424.86999511719,424.89001464844,424.79998779297,424.76998901367,425.01000976563,424.95999145508,424.98999023438,424.89999389648,424.86999511719,424.94000244141,425.01000976563,424.95001220703,53.720001220703,50.346000671387,51.622001647949,47.658000946045,57.021999359131,51.877998352051,58.911998748779,49.667999267578,63.428001403809,55.57799911499,48.074001312256,57.293998718262,107.26000213623,51.936000823975,54.701999664307,59.467998504639,2274260,1580361,2049020,1498809,2419930,2648516,2384050,1736214,1389537,2699815,2308801,2551743,6945,2253376,2224993,1270889,5985.9262695313
2018.08.15 15:00:43.024,#M,424.75,424.82998657227,424.76000976563,424.82998657227,424.85000610352,424.85998535156,424.79998779297,424.76998901367,425.11999511719,424.9700012207,424.95999145508,424.85998535156,424.89001464844,424.98001098633,425.01000976563,424.94000244141,53.723999023438,50.361999511719,51.631999969482,47.661998748779,57.023998260498,51.872001647949,58.923999786377,49.669998168945,63.444000244141,55.388000488281,48.088001251221,57.299999237061,107.30400085449,51.956001281738,54.715999603271,59.425998687744,2273484,1596315,2046971,1502696,2422241,2646943,2384241,1715072,1385808,2693504,2310152,2535955,6828,2250940,2227012,1262525,5983.6142578125
2018.08.15 15:00:53.024,#M,424.75,424.79998779297,424.73999023438,424.73999023438,424.85000610352,424.88000488281,424.79000854492,424.73001098633,425.05999755859,424.98999023438,424.9700012207,424.85998535156,424.92001342773,424.98001098633,424.95001220703,424.98999023438,53.720001220703,50.375999450684,51.636001586914,47.65599822998,57.026000976563,51.86600112915,58.903999328613,49.673999786377,63.444000244141,55.338001251221,48.088001251221,57.312000274658,107.33999633789,51.970001220703,54.731998443604,59.400001525879,2261674,1600569,2046008,1498615,2417099,2648034,2376298,1723300,1389217,2696315,2305381,2537617,6849,2256129,2230503,1274857,5980.6904296875
2018.08.15 15:01:03.024,#M,424.75,424.82998657227,424.76000976563,424.76998901367,424.85000610352,424.85998535156,424.79000854492,424.75,425.08999633789,425.01998901367,424.9700012207,424.85998535156,424.92001342773,424.95999145508,424.98999023438,424.95999145508,53.709999084473,50.372001647949,51.627998352051,47.65599822998,57.020000457764,51.854000091553,58.891998291016,49.667999267578,63.451999664307,55.338001251221,48.091999053955,57.310001373291,107.37200164795,51.978000640869,54.740001678467,59.381999969482,2267572,1609170,2043424,1493909,2419946,2651464,2376089,1708890,1390538,2694139,2305762,2534089,6779,2251582,2228504,1259936,5972.4326171875
2018.08.15 15:01:07.173,#11,450,450,450,450,450,450,450,450,450,450,450,450,450,450,450,450,200,200,200,200,200,200,200,200,200,200,200,200,200,200,200,200,424.73999023438,424.83999633789,424.7799987793,424.79998779297,424.85998535156,424.88000488281,424.80999755859,424.76000976563,425.07998657227,424.95001220703,424.95999145508,424.86999511719,424.92001342773,424.94000244141,424.98999023438,424.98001098633,53.703998565674,50.372001647949,51.622001647949,47.647998809814,57.018001556396,51.84400177002,58.881999969482,49.664001464844,63.453998565674,55.335998535156,48.09400177002,57.307998657227,107.38200378418,51.978000640869,54.740001678467,59.375999450684,2272507,1603808,2035977,1495903,2415345,2643888,2370754,1709903,1387451,2696181,2293944,2527445,6867,2243301,2224401,1268460,5964.1879882813
2018.08.15 15:01:17.017,#M,449.73999023438,449.76000976563,449.7200012207,450.04998779297,450.05999755859,450,449.80999755859,449.82998657227,450.07998657227,449.98001098633,450.14001464844,449.95999145508,450.01000976563,449.88000488281,450.0299987793,449.94000244141,55.931999206543,52.395999908447,53.712001800537,49.403999328613,59.518001556396,54.217998504639,61.639999389648,51.658000946045,68.519996643066,57.59400177002,49.868000030518,59.880001068115,122.41400146484,54.015998840332,56.847999572754,61.619998931885,2573818,1757715,2231403,1623962,2526903,2922129,2576821,2169659,1402467,2842623,2434483,2743724,6779,2418595,2537895,1464424,6541.2885742188
2018.08.15 15:01:27.017,#M,449.73001098633,449.75,449.85000610352,449.79000854492,449.89999389648,449.94000244141,449.79998779297,449.85998535156,450.07000732422,450.04998779297,450.01000976563,449.94000244141,450.0299987793,449.9700012207,449.98999023438,449.95001220703,55.925998687744,52.408000946045,53.678001403809,49.431999206543,59.513999938965,54.187999725342,61.619998931885,51.650001525879,68.52799987793,57.599998474121,49.868000030518,59.880001068115,122.41600036621,54.034000396729,56.861999511719,61.608001708984,2585493,1749455,2228116,1614008,2522042,2929340,2572941,2156107,1403392,2835404,2436266,2750203,7012,2431053,2540748,1464568,6540.6484375
2018.08.15 15:01:37.016,#M,449.73001098633,449.82998657227,449.86999511719,449.79998779297,449.92001342773,449.92999267578,449.80999755859,449.85998535156,450.07998657227,450.0299987793,449.98001098633,449.95999145508,450.01998901367,449.95001220703,450.01000976563,449.91000366211,55.931999206543,52.411998748779,53.666000366211,49.417999267578,59.512001037598,54.161998748779,61.611999511719,51.641998291016,68.52799987793,57.602001190186,49.86600112915,59.880001068115,122.42400360107,54.029998779297,56.847999572754,61.57799911499,2584185,1757977,2230054,1607808,2522129,2926809,2576910,2161712,1402164,2840204,2441537,2753791,6872,2421676,2530830,1460295,6538.3715820313
2018.08.15 15:01:47.016,#M,449.73001098633,449.80999755859,449.82000732422,449.76998901367,449.92999267578,449.92999267578,449.79998779297,449.85000610352,450.07998657227,450.01998901367,449.95999145508,449.95001220703,450,449.9700012207,450,449.89999389648,55.925998687744,52.40599822998,53.65599822998,49.389999389648,59.512001037598,54.153999328613,61.624000549316,51.631999969482,68.522003173828,57.599998474121,49.868000030518,59.868000030518,122.43599700928,54.032001495361,56.85599899292,61.554000854492,2575106,1758709,2225004,1609745,2525701,2922587,2576662,2154159,1399574,2836001,2434373,2755436,7032,2416045,2524111,1458899,6533.2963867188
2018.08.15 15:01:57.016,#M,449.73001098633,449.76998901367,449.82000732422,449.76998901367,449.92001342773,449.92999267578,449.79998779297,449.85000610352,450.07998657227,450.01998901367,449.9700012207,449.9700012207,450.01000976563,449.95001220703,450.07000732422,449.91000366211,55.911998748779,52.39400100708,53.645999908447,49.372001647949,59.509998321533,54.14400100708,61.613998413086,51.624000549316,68.519996643066,57.588001251221,49.847999572754,59.854000091553,122.44000244141,54.02799987793,56.872001647949,61.535999298096,2581129,1755159,2225790,1602792,2524159,2919934,2575241,2141604,1405406,2835762,2438763,2753327,6919,2427794,2526601,1453848,6529.4750976563
2018.08.15 15:02:07.015,#M,449.73999023438,449.88000488281,449.82000732422,449.79998779297,449.92999267578,449.95001220703,449.80999755859,449.89001464844,450.08999633789,450.01000976563,449.9700012207,449.95999145508,450,449.9700012207,450.0299987793,449.94000244141,55.908000946045,52.388000488281,53.639999389648,49.368000030518,59.506000518799,54.122001647949,61.585998535156,51.611999511719,68.519996643066,57.585998535156,49.838001251221,59.84400177002,122.44799804688,54.035999298096,56.875999450684,61.523998260498,2577248,1755415,2233048,1617223,2522876,2917175,2574364,2148235,1399871,2835099,2433606,2753438,6935,2416989,2523194,1473108,6533.0786132813
2018.08.15 15:02:11.180,#12,475,475,475,475,475,475,475,475,475,475,475,475,475,475,475,475,200,200,200,200,200,200,200,200,200,200,200,200,200,200,200,200,449.75,449.88000488281,449.82000732422,449.82000732422,449.89999389648,449.94000244141,449.79998779297,449.89001464844,450.07998657227,450.01000976563,449.9700012207,449.95999145508,450.01998901367,449.98999023438,450.05999755859,449.92001342773,55.90599822998,52.386001586914,53.639999389648,49.35599899292,59.507999420166,54.11600112915,61.585998535156,51.608001708984,68.519996643066,57.591999053955,49.838001251221,59.841999053955,122.45400238037,54.035999298096,56.880001068115,61.521999359131,2569888,1757943,2228904,1608862,2519191,2921109,2572540,2135647,1402408,2835341,2434910,2746926,6872,2418662,2527237,1458559,6524.4814453125
2018.08.15 15:02:21.024,#M,474.95001220703,474.82998657227,474.89999389648,475.08999633789,474.7799987793,474.92001342773,474.80999755859,474.86999511719,475.17001342773,474.95001220703,475.01000976563,474.95999145508,475.10998535156,474.9700012207,475.05999755859,474.92001342773,58.206001281738,54.470001220703,55.695999145508,51.293998718262,61.847999572754,56.444000244141,63.936000823975,53.698001861572,74.339996337891,59.782001495361,51.647998809814,62.34400177002,138.7740020752,56.041999816895,58.869998931885,63.77799987793,2733125,1854683,2347338,1702353,2587962,3063960,2690869,2418582,1414304,2916148,2511571,2875374,6945,2521176,2694863,1598575,6866.3095703125
2018.08.15 15:02:31.024,#M,474.7799987793,474.82998657227,474.76000976563,474.85000610352,474.82000732422,474.92001342773,474.85998535156,474.89001464844,475.10998535156,474.91000366211,475,474.92999267578,475.08999633789,474.92001342773,475.07000732422,474.92001342773,58.209999084473,54.479999542236,55.68399810791,51.310001373291,61.846000671387,56.448001861572,63.953998565674,53.695999145508,74.346000671387,59.773998260498,51.631999969482,62.338001251221,138.75799560547,56.041999816895,58.874000549316,63.77799987793,2727985,1850519,2340871,1704679,2585413,3061762,2686929,2435910,1410590,2914072,2517514,2874965,6861,2516898,2696149,1593282,6862.7124023438
2018.08.15 15:02:41.023,#M,474.7799987793,474.82998657227,474.76000976563,474.82000732422,474.82000732422,474.91000366211,474.85000610352,474.82998657227,475.13000488281,474.95001220703,475,474.91000366211,475.10000610352,474.92999267578,475.07000732422,474.88000488281,58.206001281738,54.484001159668,55.686000823975,51.305999755859,61.858001708984,56.445999145508,63.944000244141,53.694000244141,74.349998474121,59.743999481201,51.638000488281,62.333999633789,138.74600219727,56.046001434326,58.88399887085,63.770000457764,2734299,1854233,2339356,1688413,2589190,3060075,2684434,2424001,1406489,2914263,2514094,2868480,6788,2521278,2694366,1579433,6848.3403320313
2018.08.15 15:02:51.023,#M,474.79998779297,474.83999633789,474.7799987793,474.83999633789,474.79998779297,474.92001342773,474.86999511719,474.88000488281,475.11999511719,474.98001098633,475,474.86999511719,475.10000610352,474.95001220703,475.04000854492,474.86999511719,58.203998565674,54.478000640869,55.692001342773,51.291999816895,61.875999450684,56.445999145508,63.950000762939,53.694000244141,74.349998474121,59.737998962402,51.641998291016,62.326000213623,138.74600219727,56.046001434326,58.902000427246,63.768001556396,2724020,1846142,2330438,1698668,2584537,3063710,2683284,2422056,1405218,2914464,2514807,2869629,6890,2514997,2688921,1599314,6848.2495117188
2018.08.15 15:03:01.023,#M,474.79998779297,474.85000610352,474.75,474.89001464844,474.82998657227,474.92001342773,474.85998535156,474.91000366211,475.11999511719,475,475,474.85998535156,475.10000610352,474.94000244141,475.07000732422,474.89999389648,58.203998565674,54.481998443604,55.701999664307,51.279998779297,61.891998291016,56.439998626709,63.970001220703,53.686000823975,74.349998474121,59.742000579834,51.638000488281,62.324001312256,138.73199462891,56.051998138428,58.900001525879,63.763999938965,2724223,1851667,2332543,1692603,2582449,3058684,2683087,2432469,1411600,2913895,2501286,2863075,6809,2510482,2683983,1590419,6844.0703125
2018.08.15 15:03:11.022,#M,474.79998779297,474.83999633789,474.79998779297,474.82000732422,474.82998657227,474.92001342773,474.88000488281,474.92001342773,475.11999511719,474.95001220703,475,474.85000610352,475.10000610352,474.9700012207,475.04000854492,474.92999267578,58.206001281738,54.481998443604,55.698001861572,51.268001556396,61.888000488281,56.437999725342,63.981998443604,53.675998687744,74.358001708984,59.742000579834,51.625999450684,62.313999176025,138.7200012207,56.062000274658,58.902000427246,63.762001037598,2728360,1861827,2324146,1700885,2584174,3067579,2684972,2421716,1410453,2912690,2512328,2858817,6826,2513774,2684256,1585063,6847.8090820313
2018.08.15 15:03:15.188,#13,500,500,500,500,500,500,500,500,500,500,500,500,500,500,500,500,200,200,200,200,200,200,200,200,200,200,200,200,200,200,200,200,474.80999755859,474.85000610352,474.76000976563,474.85000610352,474.82998657227,474.92001342773,474.85998535156,474.85998535156,475.11999511719,474.95999145508,475.01000976563,474.83999633789,475.10000610352,474.94000244141,475.0299987793,474.9700012207,58.208000183105,54.481998443604,55.701999664307,51.270000457764,61.891998291016,56.436000823975,63.981998443604,53.675998687744,74.360000610352,59.743999481201,51.622001647949,62.313999176025,138.71600341797,56.063999176025,58.903999328613,63.759998321533,2736992,1853451,2330881,1696420,2586832,3060033,2684174,2417820,1410654,2909846,2516500,2867107,6950,2518514,2688312,1572185,6847.5561523438
2018.08.15 15:03:25.016,#M,499.70999145508,499.76000976563,499.7799987793,499.83999633789,499.83999633789,499.86999511719,499.79998779297,499.83999633789,500.11999511719,499.9700012207,499.91000366211,499.86999511719,499.98999023438,499.89999389648,500.11999511719,499.88000488281,60.437999725342,56.585998535156,58.138000488281,52.57799911499,64.22200012207,58.787998199463,66.178001403809,55.728000640869,81.31600189209,62.057998657227,53.537998199463,64.81600189209,155.92999267578,58.096000671387,60.877998352051,66.134002685547,2824877,1927836,2399842,1760431,2630430,3142724,2761490,2579787,1418294,2960296,2568642,2943584,6883,2579526,2796146,1689828,7060.3603515625
2018.08.15 15:03:35.015,#M,499.76000976563,499.80999755859,499.76998901367,499.80999755859,499.85000610352,499.89999389648,499.80999755859,499.79998779297,500.10998535156,499.94000244141,500.01000976563,499.86999511719,500.01000976563,499.89999389648,500.0299987793,499.91000366211,60.437999725342,56.59400177002,58.124000549316,52.574001312256,64.236000061035,58.784000396729,66.18399810791,55.720001220703,81.319999694824,62.104000091553,53.543998718262,64.804000854492,155.91600036621,58.099998474121,60.888000488281,66.127998352051,2825043,1932073,2401928,1769963,2629158,3144200,2761835,2572905,1419364,2958223,2565987,2938387,7030,2595027,2804446,1691001,7058.7841796875
2018.08.15 15:03:45.031,#M,499.76998901367,499.79998779297,499.7799987793,499.79000854492,499.86999511719,499.89001464844,499.83999633789,499.80999755859,500.11999511719,499.94000244141,500.04000854492,499.86999511719,500.01000976563,499.92999267578,500.07000732422,499.92001342773,60.43399810791,56.608001708984,58.11600112915,52.557998657227,64.237998962402,58.771999359131,66.208000183105,55.712001800537,81.333999633789,62.082000732422,53.541999816895,64.800003051758,155.89399719238,58.096000671387,60.911998748779,66.13200378418,2821190,1920682,2395472,1756822,2625907,3146027,2756686,2565297,1419879,2958361,2559721,2932245,6874,2595243,2796494,1693738,7051.3955078125
2018.08.15 15:03:55.030,#M,499.76998901367,499.79998779297,499.79000854492,499.80999755859,499.85998535156,499.89001464844,499.79998779297,499.82000732422,500.10998535156,499.94000244141,500.01998901367,499.85000610352,500.01000976563,499.89001464844,500.04000854492,499.92001342773,60.437999725342,56.618000030518,58.127998352051,52.548000335693,64.255996704102,58.763999938965,66.213996887207,55.708000183105,81.339996337891,62.057998657227,53.546001434326,64.802001953125,155.87600708008,58.09400177002,60.93399810791,66.134002685547,2823659,1930519,2397532,1769584,2628069,3140169,2758147,2580728,1418622,2958527,2562460,2940030,6851,2588906,2795331,1681953,7058.4208984375
2018.08.15 15:04:05.030,#M,499.73999023438,499.80999755859,499.7799987793,499.82000732422,499.85998535156,499.89001464844,499.82998657227,499.79998779297,500.10000610352,499.95001220703,500.04000854492,499.82000732422,500.01000976563,499.92001342773,500.07000732422,499.92001342773,60.439998626709,56.630001068115,58.13399887085,52.541999816895,64.27799987793,58.759998321533,66.223999023438,55.708000183105,81.351997375488,62.068000793457,53.543998718262,64.802001953125,155.85800170898,58.091999053955,60.956001281738,66.136001586914,2816932,1922814,2396450,1767594,2626886,3144490,2764630,2596133,1416607,2955160,2554996,2934519,6878,2592704,2797828,1682101,7057.9077148438
2018.08.15 15:04:15.030,#M,499.76000976563,499.79998779297,499.79998779297,499.82998657227,499.86999511719,499.89999389648,499.85000610352,499.80999755859,500.10998535156,499.94000244141,500.01998901367,499.82000732422,500.01000976563,499.94000244141,500.05999755859,499.92001342773,60.437999725342,56.638000488281,58.139999389648,52.534000396729,64.274002075195,58.762001037598,66.225997924805,55.700000762939,81.356002807617,62.085998535156,53.535999298096,64.793998718262,155.83200073242,58.104000091553,60.97200012207,66.136001586914,2819458,1916953,2395776,1772043,2624847,3136629,2759961,2592003,1414001,2954421,2559012,2931405,6774,2591672,2798153,1686360,7055.1791992188
2018.08.15 15:04:20.162,#14,550,550,550,550,550,550,550,550,500,550,550,550,500,550,550,550,200,200,200,200,200,200,200,200,200,200,200,200,200,200,200,200,499.76998901367,499.80999755859,499.7799987793,499.80999755859,499.86999511719,499.89999389648,499.83999633789,499.80999755859,500.10998535156,499.94000244141,500.01000976563,499.86999511719,500.01998901367,499.92001342773,500.07998657227,499.92001342773,60.437999725342,56.64400100708,58.141998291016,52.532001495361,64.27799987793,58.759998321533,66.232002258301,55.695999145508,81.358001708984,62.102001190186,53.532001495361,64.793998718262,155.82200622559,58.10599899292,60.973999023438,66.136001586914,2813207,1913673,2398131,1777865,2621773,3134417,2755263,2577899,1413165,2955826,2556500,2937453,7051,2591399,2792268,1676912,7049.7978515625
2018.08.15 15:04:30.021,#M,549.75,549.78002929688,549.84997558594,549.86999511719,549.90997314453,549.96997070313,549.96002197266,549.88000488281,500.11999511719,550,550.02001953125,549.89001464844,500.01998901367,549.96997070313,550.11999511719,549.84002685547,64.776000976563,61.138000488281,62.38399887085,56.666000366211,69.033996582031,63.408000946045,70.708000183105,59.981998443604,81.360000610352,66.092002868652,57.448001861572,70.164001464844,155.78799438477,63.40599822998,65.176002502441,71.041999816895,2926084,2027531,2490137,1872282,2675409,3233988,2843241,2774383,1412620,3016584,2623557,3023743,6888,2678246,2921984,1801677,7313.0556640625
2018.08.15 15:04:40.021,#M,549.77001953125,549.77001953125,549.84997558594,549.84997558594,549.90997314453,549.94000244141,549.90002441406,549.89001464844,500.11999511719,550,550,549.88000488281,500.01998901367,549.92999267578,550.09002685547,549.90997314453,64.802001953125,61.178001403809,62.39400100708,56.666000366211,69.050003051758,63.414001464844,70.720001220703,59.993999481201,81.372001647949,66,57.451999664307,70.180000305176,155.76800537109,63.408000946045,65.197998046875,71.033996582031,2928411,2032258,2490525,1870533,2677717,3227125,2846943,2773879,1410788,3013356,2627107,3027446,6947,2677315,2927761,1822579,7319.4829101563
2018.08.15 15:04:50.036,#M,549.78002929688,549.77001953125,549.84997558594,549.84997558594,549.90002441406,549.94000244141,549.90002441406,549.86999511719,500.10998535156,550,549.98999023438,549.88000488281,500.01000976563,549.95001220703,550.08001708984,549.90997314453,64.804000854492,61.187999725342,62.389999389648,56.667999267578,69.071998596191,63.414001464844,70.72200012207,59.993999481201,81.375999450684,65.930000305176,57.439998626709,70.190002441406,155.74800109863,63.391998291016,65.223999023438,71.02799987793,2930452,2029646,2491434,1867340,2679090,3228030,2840264,2774391,1409963,3011060,2622723,3023681,6671,2673778,2924940,1831916,7316.7456054688
2018.08.15 15:05:00.020,#M,549.77001953125,549.76000976563,549.84997558594,549.85998535156,549.90002441406,549.95001220703,549.90002441406,549.89001464844,500.11999511719,550.01000976563,549.98999023438,549.88000488281,500.0299987793,549.95001220703,550.09997558594,549.90997314453,64.805999755859,61.192001342773,62.391998291016,56.667999267578,69.083999633789,63.40599822998,70.709999084473,59.990001678467,81.370002746582,65.886001586914,57.419998168945,70.190002441406,155.72399902344,63.36600112915,65.251998901367,71.017997741699,2922877,2034725,2491918,1856692,2669969,3226562,2845948,2787641,1411841,3008315,2619692,3019911,6711,2670114,2915175,1824184,7310.1708984375
2018.08.15 15:05:10.020,#M,549.77001953125,549.76000976563,549.85998535156,549.85998535156,549.90002441406,549.96002197266,549.90002441406,549.89001464844,500.11999511719,550.01000976563,550,549.89001464844,500.0299987793,549.96002197266,550.09002685547,549.90997314453,64.809997558594,61.201999664307,62.397998809814,56.659999847412,69.089996337891,63.39400100708,70.716003417969,59.981998443604,81.372001647949,65.837997436523,57.395999908447,70.192001342773,155.70199584961,63.34400177002,65.26000213623,71.008003234863,2930846,2023805,2485854,1860364,2671221,3227022,2838212,2781239,1412089,3006604,2617240,3020296,6769,2670119,2912851,1827429,7302.6787109375
2018.08.15 15:05:20.020,#M,549.77001953125,549.78002929688,549.85998535156,549.85998535156,549.90002441406,549.96997070313,549.90997314453,549.88000488281,500.10998535156,550.01000976563,550,549.88000488281,500.0299987793,549.95001220703,550.09002685547,549.91998291016,64.81600189209,61.212001800537,62.388000488281,56.645999908447,69.103996276855,63.389999389648,70.72200012207,59.978000640869,81.365997314453,65.774002075195,57.372001647949,70.204002380371,155.68800354004,63.341999053955,65.281997680664,71.008003234863,2924728,2022620,2490095,1867001,2670920,3224864,2834834,2777831,1415753,3007444,2617063,3016638,6858,2671446,2916463,1823495,7308.2705078125
2018.08.15 15:05:26.166,#15,600,600,600,600,600,600,600,600,500,600,600,600,500,600,600,600,200,200,200,200,200,200,200,200,200,200,200,200,200,200,200,200,549.78002929688,549.78997802734,549.85998535156,549.85998535156,549.90002441406,549.96002197266,549.90997314453,549.88000488281,500.11999511719,550.02001953125,550,549.88000488281,500.0299987793,549.96002197266,550.09002685547,549.92999267578,64.825996398926,61.214000701904,62.38399887085,56.636001586914,69.106002807617,63.388000488281,70.72200012207,59.976001739502,81.374000549316,65.748001098633,57.363998413086,70.204002380371,155.67999267578,63.335998535156,65.28800201416,71.005996704102,2929149,2024023,2493905,1864202,2670979,3226654,2829642,2771305,1413072,3007126,2621201,3013022,6850,2667424,2915166,1821569,7302.9541015625
2018.08.15 15:05:36.025,#M,599.82000732422,599.80999755859,599.85998535156,599.84997558594,599.90997314453,599.94000244141,599.89001464844,599.84997558594,500.10998535156,599.94000244141,600.09002685547,599.92999267578,500.04000854492,599.94000244141,600.07000732422,600.08001708984,69.314002990723,66.139999389648,67.258003234863,61.167999267578,74.208000183105,68.486000061035,76.120002746582,64.994003295898,81.377998352051,71.059997558594,62.338001251221,75.589996337891,155.64799499512,68.608001708984,69.842002868652,75.966003417969,2995928,2104514,2551245,1930177,2708916,3274368,2884714,2877941,1411179,3043248,2655637,3074915,6791,2726653,2991186,1914117,7467.3432617188
2018.08.15 15:05:46.025,#M,599.79998779297,599.80999755859,599.85998535156,599.88000488281,599.90997314453,599.96002197266,599.91998291016,599.84997558594,500.10998535156,599.96002197266,600.03997802734,599.91998291016,500.0299987793,599.94000244141,600.04998779297,600,69.330001831055,66.174003601074,67.274002075195,61.186000823975,74.234001159668,68.486000061035,76.103996276855,65.01000213623,81.375999450684,71.043998718262,62.326000213623,75.627998352051,155.62800598145,68.610000610352,69.858001708984,75.966003417969,2986960,2104121,2548068,1927905,2712917,3275999,2888377,2881465,1412380,3042101,2660992,3076707,6872,2714739,2990589,1924899,7464.1098632813
2018.08.15 15:05:56.025,#M,599.79998779297,599.79998779297,599.86999511719,599.85998535156,599.90997314453,599.96002197266,599.90002441406,599.84997558594,500.11999511719,599.97998046875,600.03997802734,599.91998291016,500.0299987793,599.96002197266,600.04998779297,600,69.34400177002,66.206001281738,67.291999816895,61.201999664307,74.265998840332,68.487998962402,76.059997558594,65.024002075195,81.374000549316,70.543998718262,62.310001373291,75.646003723145,155.61199951172,68.611999511719,69.877998352051,75.97200012207,2981854,2095243,2544352,1912507,2707211,3272503,2883423,2878101,1408444,3041017,2654121,3067870,6876,2715876,2992935,1922999,7460.2094726563
2018.08.15 15:06:06.024,#M,599.82000732422,599.79998779297,599.88000488281,599.84997558594,599.95001220703,599.96997070313,599.90997314453,599.84997558594,500.11999511719,600,600.03997802734,599.92999267578,500.0299987793,599.94000244141,600.05999755859,600,69.346000671387,66.220001220703,67.295997619629,61.212001800537,74.295997619629,68.475997924805,76.022003173828,65.024002075195,81.379997253418,70.353996276855,62.287998199463,75.660003662109,155.59399414063,68.61799621582,69.889999389648,75.97200012207,2987322,2095624,2549338,1925040,2710172,3274129,2882062,2872270,1409219,3036437,2653317,3067652,6746,2718417,2985325,1925317,7458.11328125
2018.08.15 15:06:16.024,#M,599.82000732422,599.80999755859,599.88000488281,599.85998535156,599.96997070313,599.96997070313,599.90997314453,599.85998535156,500.11999511719,600,600.03002929688,599.92999267578,500.0299987793,599.95001220703,600.04998779297,600.01000976563,69.356002807617,66.22200012207,67.297996520996,61.206001281738,74.291999816895,68.454002380371,75.975997924805,65.015998840332,81.379997253418,70.295997619629,62.276000976563,75.669998168945,155.57800292969,68.61799621582,69.902000427246,75.97200012207,2984861,2088027,2542532,1928988,2704608,3274701,2888196,2885788,1408110,3043456,2654570,3068813,6645,2713890,2995518,1902469,7457.0029296875
2018.08.15 15:06:26.024,#M,599.82000732422,599.80999755859,599.86999511719,599.85998535156,599.98999023438,599.96997070313,599.91998291016,599.84997558594,500.11999511719,600,600.03997802734,599.92999267578,500.04000854492,599.96002197266,600.05999755859,600.01000976563,69.351997375488,66.209999084473,67.290000915527,61.194000244141,74.297996520996,68.430000305176,75.924003601074,65.005996704102,81.379997253418,70.255996704102,62.236000061035,75.676002502441,155.56399536133,68.601997375488,69.902000427246,75.970001220703,2987005,2090416,2543199,1929704,2705471,3268240,2883992,2890648,1408140,3039221,2654863,3067779,6647,2725248,2990597,1908912,7458.6489257813
2018.08.15 15:06:32.170,#16,650,650,650,650,650,650,650,650,500,650,650,650,500,650,650,650,200,200,200,200,200,200,200,200,200,200,200,200,200,200,200,200,599.82000732422,599.82000732422,599.88000488281,599.85998535156,599.97998046875,599.96997070313,599.92999267578,599.85998535156,500.11999511719,600,600.04998779297,599.92999267578,500.04000854492,599.96002197266,600.05999755859,600.01000976563,69.351997375488,66.202003479004,67.291999816895,61.18399810791,74.297996520996,68.414001464844,75.902000427246,64.996002197266,81.386001586914,70.218002319336,62.217998504639,75.688003540039,155.55200195313,68.597999572754,69.898002624512,75.96199798584,2989073,2089812,2544283,1930709,2705783,3273947,2881596,2893335,1410831,3038618,2657483,3069896,6805,2721654,2983416,1912599,7459.9067382813
2018.08.15 15:06:42.029,#M,649.84997558594,649.83001708984,649.90002441406,649.90997314453,649.92999267578,649.96997070313,650.01000976563,649.96002197266,500.11999511719,650.07000732422,650.05999755859,650,500.0299987793,649.89001464844,650.08001708984,649.97998046875,74.06600189209,71.608001708984,72.25,66.078002929688,79.870002746582,73.403999328613,81.59400177002,69.113998413086,81.372001647949,75.88200378418,66.769996643066,82.234001159668,155.51800537109,73.674003601074,74.914001464844,82.421997070313,3028443,2136399,2583450,1977581,2732050,3303281,2920904,2957424,1411018,3060453,2683739,3105574,6821,2749776,3038971,1969484,7563.9208984375
2018.08.15 15:06:52.029,#M,649.82000732422,649.83001708984,649.90002441406,649.88000488281,649.90002441406,649.96997070313,650,649.96997070313,500.13000488281,650.04998779297,650.03002929688,649.96002197266,500.04000854492,649.90997314453,650.08001708984,650.01000976563,74.06600189209,71.625999450684,72.244003295898,66.101997375488,79.88200378418,73.403999328613,81.571998596191,69.080001831055,81.365997314453,75.837997436523,66.776000976563,82.262001037598,155.49800109863,73.685997009277,74.926002502441,82.400001525879,3026848,2151542,2579968,1970386,2726227,3300693,2916473,2935421,1407994,3057713,2684189,3103263,6695,2747060,3032058,1965846,7554.6552734375
2018.08.15 15:07:02.029,#M,649.82000732422,649.82000732422,649.90997314453,649.88000488281,649.90002441406,649.97998046875,650.01000976563,649.96997070313,500.13000488281,650.04998779297,650.03002929688,649.96002197266,500.04000854492,649.90002441406,650.08001708984,650.01000976563,74.082000732422,71.638000488281,72.276000976563,66.13200378418,79.888000488281,73.410003662109,81.545997619629,69.050003051758,81.365997314453,75.736000061035,66.772003173828,82.302001953125,155.4759979248,73.697998046875,74.926002502441,82.388000488281,3024257,2147777,2578932,1968743,2729592,3292873,2917593,2934068,1409762,3054600,2685538,3100587,6898,2755687,3035308,1975960,7553.5634765625
2018.08.15 15:07:12.028,#M,649.82000732422,649.82000732422,649.89001464844,649.88000488281,649.90002441406,649.97998046875,650,649.96997070313,500.11999511719,650.05999755859,650.04998779297,649.95001220703,500.0299987793,649.90002441406,650.09002685547,650.01000976563,74.099998474121,71.652000427246,72.307998657227,66.160003662109,79.898002624512,73.410003662109,81.517997741699,69.029998779297,81.365997314453,75.662002563477,66.765998840332,82.346000671387,155.46000671387,73.709999084473,74.935997009277,82.365997314453,3023424,2152010,2587139,1961644,2727117,3292153,2919561,2935077,1404715,3057756,2684304,3095481,6651,2749706,3029749,1971956,7553.6337890625
2018.08.15 15:07:22.028,#M,649.84997558594,649.83001708984,649.89001464844,649.89001464844,649.90997314453,649.97998046875,650.01000976563,649.96997070313,500.11999511719,650.05999755859,650.04998779297,649.96002197266,500.04000854492,649.89001464844,650.08001708984,650,74.124000549316,71.653999328613,72.333999633789,66.188003540039,79.919998168945,73.403999328613,81.482002258301,69.019996643066,81.374000549316,75.638000488281,66.755996704102,82.374000549316,155.44599914551,73.720001220703,74.947998046875,82.375999450684,3024939,2146317,2584070,1968321,2724150,3297229,2916773,2933764,1410172,3056027,2679107,3100530,6594,2741875,3035684,1968625,7550.0444335938
2018.08.15 15:07:32.028,#M,649.88000488281,649.84002685547,649.90997314453,649.90997314453,649.91998291016,649.98999023438,650.01000976563,649.97998046875,500.11999511719,650.05999755859,650.03997802734,649.96997070313,500.04000854492,649.90002441406,650.08001708984,650.01000976563,74.146003723145,71.653999328613,72.351997375488,66.206001281738,79.940002441406,73.403999328613,81.46199798584,69.019996643066,81.384002685547,75.664001464844,66.748001098633,82.400001525879,155.42999267578,73.734001159668,74.958000183105,82.541999816895,3020881,2136753,2588480,1972745,2725296,3294691,2919701,2941410,1408353,3057386,2681585,3098212,6840,2746614,3023714,1972870,7551.2836914063
2018.08.15 15:07:36.162,#17,700,700,700,700,700,700,700,700,500,700,700,700,500,700,700,700,200,200,200,200,200,200,200,200,200,200,200,200,200,200,200,200,649.89001464844,649.84002685547,649.90002441406,649.90002441406,649.91998291016,649.98999023438,650.01000976563,649.97998046875,500.11999511719,650.05999755859,650.04998779297,649.96997070313,500.04000854492,649.90997314453,650.08001708984,650.01000976563,74.150001525879,71.653999328613,72.360000610352,66.213996887207,79.952003479004,73.402000427246,81.456001281738,69.017997741699,81.386001586914,75.674003601074,66.75,82.412002563477,155.42599487305,73.741996765137,74.963996887207,82.601997375488,3018703,2137488,2585177,1969437,2724717,3294375,2923489,2937035,1408513,3057623,2684045,3098422,6873,2743466,3025619,1953994,7546.232421875
2018.08.15 15:07:46.021,#M,699.92999267578,699.88000488281,700.05999755859,699.91998291016,699.95001220703,699.98999023438,699.94000244141,699.90997314453,500.11999511719,700.08001708984,700.15002441406,700.01000976563,500.04998779297,699.92999267578,700.15002441406,700.03002929688,79.064002990723,77.195999145508,77.447998046875,71.680000305176,85.699996948242,78.150001525879,87.611999511719,74.353996276855,81.389999389648,81.774002075195,71.56600189209,90.388000488281,155.39799499512,78.954002380371,80.569999694824,88.386001586914,3043486,2163814,2612668,2003656,2736917,3297219,2939713,2983629,1400032,3063863,2702147,3110472,6706,2764216,3054967,2013077,7609.1879882813
2018.08.15 15:07:56.021,#M,699.92999267578,699.84997558594,700.01000976563,699.91998291016,699.94000244141,700.03997802734,699.91998291016,699.91998291016,500.13000488281,700.05999755859,700.11999511719,700,500.04998779297,699.86999511719,700.15997314453,700.05999755859,79.083999633789,77.209999084473,77.435997009277,71.709999084473,85.741996765137,78.09400177002,87.599998474121,74.356002807617,81.391998291016,81.762001037598,71.592002868652,90.513999938965,155.38000488281,78.980003356934,80.597999572754,88.370002746582,3042937,2190266,2611682,2005106,2735213,3297548,2938930,2973150,1407305,3067212,2697198,3118435,6755,2764790,3054379,2011782,7618.6030273438
2018.08.15 15:08:06.020,#M,699.90997314453,699.85998535156,700.02001953125,699.91998291016,699.92999267578,700.03002929688,699.91998291016,699.90997314453,500.13000488281,700.08001708984,700.13000488281,699.98999023438,500.04000854492,699.90002441406,700.15002441406,700.03997802734,79.113998413086,77.216003417969,77.452003479004,71.746002197266,85.763999938965,78.075996398926,87.606002807617,74.361999511719,81.430000305176,81.77799987793,71.608001708984,90.639999389648,155.36399841309,79.017997741699,80.608001708984,88.438003540039,3048242,2177209,2601758,2003455,2740351,3298517,2940803,2978197,1404838,3073573,2706529,3123090,6647,2773465,3056004,2019562,7618.6206054688
2018.08.15 15:08:16.020,#M,699.92999267578,699.85998535156,700.03002929688,699.91998291016,699.92999267578,700.03002929688,699.91998291016,699.90997314453,500.11999511719,700.07000732422,700.13000488281,699.98999023438,500.04000854492,699.90997314453,700.14001464844,700.04998779297,79.045997619629,77.204002380371,77.459999084473,71.786003112793,85.772003173828,78.047996520996,87.559997558594,74.36799621582,81.458000183105,81.72200012207,71.613998413086,90.75,155.35000610352,79.054000854492,81.255996704102,88.473999023438,3049115,2169722,2604285,2000226,2738306,3299449,2946808,2990279,1404589,3069940,2702335,3122856,6810,2772488,3062760,2017096,7619.5961914063
2018.08.15 15:08:26.020,#M,699.92999267578,699.86999511719,700.03002929688,699.91998291016,699.92999267578,700.03997802734,699.92999267578,699.90997314453,500.13000488281,700.08001708984,700.14001464844,699.98999023438,500.0299987793,699.90997314453,700.13000488281,700.03997802734,78.980003356934,77.192001342773,77.475997924805,71.81600189209,85.783996582031,78.017997741699,87.519996643066,74.365997314453,81.458000183105,81.692001342773,71.620002746582,90.84400177002,155.33999633789,79.073997497559,81.526000976563,88.603996276855,3049536,2171226,2608390,1992830,2739079,3304886,2942919,2998604,1404815,3072259,2701702,3119600,6651,2773721,3056057,2034591,7623.2602539063
2018.08.15 15:08:36.019,#M,699.92999267578,699.88000488281,700.04998779297,699.92999267578,699.94000244141,700.03997802734,699.92999267578,699.90997314453,500.13000488281,700.08001708984,700.15002441406,699.98999023438,500.04000854492,699.90997314453,700.14001464844,700.04998779297,79.005996704102,77.176002502441,77.447998046875,71.833999633789,85.77799987793,77.973999023438,87.486000061035,74.370002746582,81.459999084473,81.646003723145,71.610000610352,90.914001464844,155.32000732422,79.089996337891,81.536003112793,88.648002624512,3043592,2177076,2607444,2003242,2739291,3304182,2946064,2989300,1403379,3070758,2704332,3124585,6654,2770400,3061426,2028841,7624.2890625
2018.08.15 15:08:41.167,#18,750,750,750,750,750,750,750,750,500,750,750,750,500,750,750,750,200,200,200,200,200,200,200,200,200,200,200,200,200,200,200,200,699.92999267578,699.88000488281,700.04998779297,699.92999267578,699.94000244141,700.03997802734,699.92999267578,699.90997314453,500.13000488281,700.07000732422,700.14001464844,699.98999023438,500.04000854492,699.90997314453,700.15002441406,700.05999755859,79.017997741699,77.169998168945,77.452003479004,71.837997436523,85.772003173828,77.970001220703,87.473999023438,74.372001647949,81.456001281738,81.627998352051,71.606002807617,90.945999145508,155.30999755859,79.097999572754,81.515998840332,88.63200378418,3048343,2177693,2605288,1996284,2739800,3302474,2944221,2998562,1401984,3071051,2706046,3125403,6625,2773356,3056325,2030703,7623.7211914063
2018.08.15 15:08:51.027,#M,749.90002441406,749.94000244141,749.96997070313,749.89001464844,749.90997314453,750.04998779297,749.91998291016,749.84997558594,500.11999511719,750.05999755859,750.09002685547,750.03002929688,500.04998779297,749.96002197266,750.05999755859,750.02001953125,84.21199798584,83.162002563477,82.842002868652,78.374000549316,91.984001159668,82.56600189209,94.181999206543,80.337997436523,81.452003479004,87.730003356934,76.599998474121,100,155.2799987793,84.370002746582,88.181999206543,95.328002929688,3071379,2203746,2625204,2020888,2751558,3310848,2966803,3046461,1406149,3082049,2722357,3138900,6679,2792589,3084565,2072937,7684.638671875
2018.08.15 15:09:01.026,#M,749.88000488281,749.85998535156,749.97998046875,749.90997314453,749.90997314453,750.04998779297,749.90997314453,749.86999511719,500.14001464844,750.08001708984,750.13000488281,750.02001953125,500.04998779297,749.91998291016,750.08001708984,750,84.225997924805,83.286003112793,82.886001586914,78.389999389648,92.008003234863,82.554000854492,94.18399810791,80.353996276855,81.447998046875,87.928001403809,76.608001708984,100.07800292969,155.25999450684,84.398002624512,88.190002441406,95.356002807617,3067804,2207986,2631115,2021329,2752371,3311697,2963214,3044573,1406226,3079867,2721839,3137983,6660,2795142,3086630,2076531,7685.4169921875
2018.08.15 15:09:11.026,#M,749.89001464844,749.86999511719,749.97998046875,749.89001464844,749.90997314453,750.03002929688,749.90002441406,749.86999511719,500.13000488281,750.07000732422,750.11999511719,750.02001953125,500.04998779297,749.95001220703,750.04998779297,750,84.248001098633,83.304000854492,83.045997619629,78.536003112793,92.01000213623,82.526000976563,94.162002563477,80.38200378418,81.445999145508,87.963996887207,76.61799621582,100.27200317383,155.24200439453,84.431999206543,88.167999267578,95.384002685547,3072151,2198100,2629642,2030004,2754332,3314225,2965415,3031200,1404726,3083870,2723875,3134163,6751,2785650,3082218,2066300,7680.3461914063
2018.08.15 15:09:21.026,#M,749.89001464844,749.88000488281,749.96997070313,749.90002441406,749.90997314453,750.03997802734,749.90997314453,749.88000488281,500.11999511719,750.08001708984,750.11999511719,750.02001953125,500.04998779297,749.95001220703,750.05999755859,750.01000976563,84.297996520996,83.319999694824,82.98999786377,78.557998657227,91.968002319336,82.503997802734,94.129997253418,80.416000366211,81.442001342773,87.958000183105,76.639999389648,100.46800231934,155.2259979248,84.47200012207,88.097999572754,95.412002563477,3073317,2203856,2630426,2027824,2754410,3314885,2966853,3049970,1404146,3086945,2729209,3136496,6722,2794162,3083303,2048374,7685.7075195313
2018.08.15 15:09:31.025,#M,749.89001464844,749.89001464844,749.97998046875,749.90997314453,749.90997314453,750.04998779297,749.91998291016,749.86999511719,500.11999511719,750.08001708984,750.13000488281,750.02001953125,500.04998779297,749.95001220703,750.07000732422,750,84.328002929688,83.328002929688,83.026000976563,78.559997558594,91.944000244141,82.477996826172,94.115997314453,80.442001342773,81.442001342773,88.082000732422,76.639999389648,100.63600158691,155.21200561523,84.51000213623,88.047996520996,95.435997009277,3066807,2202619,2635701,2033177,2747913,3312326,2963916,3034860,1403001,3079467,2721527,3135938,6911,2784507,3083311,2054041,7677.5068359375
2018.08.15 15:09:41.025,#M,749.90002441406,749.88000488281,749.98999023438,749.90997314453,749.90997314453,750.04998779297,749.92999267578,749.86999511719,500.11999511719,750.09002685547,750.13000488281,750.02001953125,500.05999755859,749.96002197266,750.07000732422,750,84.353996276855,83.309997558594,82.996002197266,78.569999694824,91.968002319336,82.463996887207,94.071998596191,80.454002380371,81.440002441406,87.825996398926,76.643997192383,100.79399871826,155.19999694824,84.529998779297,87.984001159668,95.452003479004,3061987,2208688,2626334,2030852,2746196,3307386,2964088,3028515,1403839,3077529,2716504,3133468,6668,2780923,3077540,2050980,7667.837890625
2018.08.15 15:09:47.156,#19,800,800,800,800,800,800,800,800,500,800,800,800,500,800,800,800,200,200,200,200,200,200,200,200,200,200,200,200,200,200,200,200,749.90002441406,749.89001464844,749.98999023438,749.90002441406,749.90997314453,750.04998779297,749.92999267578,749.88000488281,500.11999511719,750.09002685547,750.13000488281,750.01000976563,500.05999755859,749.95001220703,750.07000732422,750.01000976563,84.363998413086,83.307998657227,83.003997802734,78.603996276855,91.968002319336,82.468002319336,94.055999755859,80.46199798584,81.442001342773,87.762001037598,76.650001525879,100.87200164795,155.19200134277,84.536003112793,87.926002502441,95.459999084473,3064002,2221409,2624297,2024679,2748618,3310691,2956967,3032416,1401838,3079518,2720206,3130736,6713,2785383,3077444,2048052,7671.587890625
2018.08.15 15:09:57.031,#M,799.92999267578,799.91998291016,800.04998779297,799.96997070313,800,800.04998779297,799.96997070313,799.86999511719,500.11999511719,800.10998535156,800.14001464844,800.02001953125,500.05999755859,800.05999755859,800.11999511719,800.07000732422,89.875999450684,89.01000213623,89.089996337891,85.23999786377,98.615997314453,88.09400177002,101.85399627686,87.912002563477,81.43399810791,95.674003601074,82.122001647949,113.04599761963,155.16600036621,90.050003051758,95.75,103.09999847412,3082243,2239741,2645928,2049813,2759979,3310929,2977955,3052155,1397702,3084704,2730731,3149096,6846,2800363,3097778,2079599,7716.1762695313
2018.08.15 15:10:07.030,#M,799.91998291016,799.91998291016,800.03002929688,799.94000244141,800.01000976563,800.03997802734,799.91998291016,799.86999511719,500.11999511719,800.15002441406,800.13000488281,800.02001953125,500.04998779297,800.02001953125,800.09002685547,800.15002441406,89.93399810791,89.026000976563,89.160003662109,85.197998046875,98.830001831055,88.083999633789,101.87400054932,87.73999786377,81.440002441406,95.737998962402,82.15599822998,113.30000305176,155.14999389648,90.096000671387,94.919998168945,103.12200164795,3073266,2237365,2632670,2054212,2749835,3302721,2971645,3058096,1392782,3076051,2726320,3145090,6673,2794105,3088503,2054152,7696.6962890625
2018.08.15 15:10:17.030,#M,799.91998291016,799.91998291016,800.03002929688,799.95001220703,800,800.03997802734,799.94000244141,799.86999511719,500.13000488281,800.15002441406,800.11999511719,799.98999023438,500.05999755859,800.03002929688,800.07000732422,800.11999511719,89.982002258301,88.987998962402,89.25,85.103996276855,98.837997436523,88.073997497559,101.87200164795,87.657997131348,81.442001342773,95.75,82.174003601074,113.58599853516,155.13600158691,90.141998291016,95.02799987793,103.15000152588,3077793,2238527,2638723,2053934,2754537,3305705,2968367,3054537,1394665,3078579,2729777,3145790,6676,2796005,3094432,2076668,7703.7719726563
2018.08.15 15:10:27.030,#M,799.92999267578,799.92999267578,800.04998779297,799.95001220703,800,800.04998779297,799.94000244141,799.88000488281,500.11999511719,800.15002441406,800.13000488281,800,500.05999755859,800.03002929688,800.07000732422,800.11999511719,90.02799987793,89.02799987793,89.613998413086,85.099998474121,98.863998413086,88.068000793457,101.86000061035,87.473999023438,81.442001342773,95.613998413086,82.199996948242,113.85800170898,155.12800598145,90.190002441406,95.321998596191,103.19000244141,3082915,2233888,2642654,2055836,2756037,3309200,2971646,3059105,1397109,3084451,2734272,3143652,6793,2795227,3095165,2071804,7705.4038085938
2018.08.15 15:10:37.029,#M,799.91998291016,799.92999267578,800.08001708984,799.95001220703,800.01000976563,800.05999755859,799.94000244141,799.89001464844,500.13000488281,800.14001464844,800.13000488281,800.02001953125,500.05999755859,800.03002929688,800.05999755859,800.13000488281,90.06600189209,89.03800201416,89.543998718262,85.120002746582,98.811996459961,88.069999694824,101.84200286865,87.18399810791,81.452003479004,95.466003417969,82.232002258301,114.12000274658,155.11799621582,90.241996765137,95.358001708984,103.2320022583,3081039,2231255,2641274,2061277,2756608,3308068,2971940,3061048,1394491,3082036,2728995,3148800,6795,2791773,3092588,2083096,7711.7895507813
2018.08.15 15:10:47.029,#M,799.92999267578,799.91998291016,800.09997558594,799.96002197266,800.01000976563,800.05999755859,799.94000244141,799.89001464844,500.13000488281,800.11999511719,800.13000488281,800.04998779297,500.05999755859,800.03997802734,800.05999755859,800.13000488281,90.111999511719,89.026000976563,89.522003173828,85.143997192383,98.942001342773,88.064002990723,101.83599853516,87.008003234863,81.463996887207,95.498001098633,82.265998840332,114.36000061035,155.10800170898,90.279998779297,95.342002868652,103.26000213623,3080165,2236462,2643516,2051755,2754397,3308422,2970852,3066996,1400582,3081335,2728364,3146700,6659,2800055,3096144,2065996,7710.1640625
2018.08.15 15:10:53.097,#0,800,800,800,800,800,800,800,800,500,800,800,800,500,800,800,800,200,200,200,200,200,200,200,200,200,200,200,200,200,200,200,200,799.92999267578,799.90997314453,800.09002685547,799.96002197266,800.01000976563,800.05999755859,799.94000244141,799.90002441406,500.13000488281,800.15002441406,800.13000488281,800.04998779297,500.05999755859,800.03997802734,800.07000732422,800.13000488281,90.125999450684,89.008003234863,89.533996582031,85.157997131348,98.938003540039,88.064002990723,101.83200073242,86.938003540039,81.470001220703,95.554000854492,82.281997680664,114.47799682617,155.10600280762,90.297996520996,95.330001831055,103.2740020752,3076464,2228523,2647395,2051754,2754892,3306811,2973128,3055821,1396466,3082209,2729129,3148072,6667,2802044,3095241,2070932,7708.5068359375

2018.08.15 15:10:53.129,SCAN Finished with result COMPLETED OK! ;
