2022.06.24 14:20:10.924,Scan triggered MANUALLY from Panel with mode Forced Enable =  TRUE
2022.06.24 14:20:10.986,Configuration used for Scan: PLT HV SCAN Run3

2022.06.24 14:20:10.986,HpFT0,HpFT1,HpFT2,HpFT3,HpNT0,HpNT1,HpNT2,HpNT3,HmFT0,HmFT1,HmFT2,HmFT3,HmNT0,HmNT1,HmNT2,HmNT3
2022.06.24 14:20:11.002,#channels,v0,v1,i0,i1,rUp,rDwn,triptime,vMaxSoftValue,vMon,iMon,DIP(telescope+instLumi)
2022.06.24 14:20:11.018,16,1,0,1,0,0,0,0,0,1,1,1
2022.06.24 14:20:11.143,#1,50,50,50,50,50,50,50,50,50,50,50,50,50,50,50,50,200,200,200,200,200,200,200,200,200,200,200,200,200,200,200,200,99.910003662109,100.08000183105,100.08999633789,100,99.910003662109,100,99.98999786377,100.0299987793,100.08000183105,99.959999084473,99.949996948242,99.910003662109,100.04000091553,99.98999786377,99.940002441406,100.2200012207,-0.074000000953674,-0.17599999904633,-0.074000000953674,-0.03999999910593,-0.10999999940395,-0.1140000000596,-0.11599999666214,0.078000001609325,-0.065999999642372,-0.10999999940395,-0.1140000000596,-0.15600000321865,-0.092000000178814,-0.07599999755621,-0.10199999809265,-0.11200000345707,2973,2448,2636,2516,2598,3180,3046,3107,2159,2442,2279,1841,3026,3082,3183,2707,6.3979778289795
2022.06.24 14:20:21.032,#M,50.189998626709,49.939998626709,50.119998931885,49.639999389648,49.700000762939,49.840000152588,49.919998168945,49.630001068115,50.349998474121,50.209999084473,49.939998626709,49.939998626709,49.900001525879,50.069999694824,49.869998931885,50.209999084473,-0.068000003695488,-0.15800000727177,-0.07599999755621,-0.028000000864267,-0.11800000071526,-0.10400000214577,-0.10199999809265,0.024000000208616,-0.092000000178814,-0.090000003576279,-0.11200000345707,-0.14800000190735,-0.074000000953674,-0.065999999642372,-0.097999997437,-0.10800000280142,1562,1263,1928,1325,2053,2985,2418,2478,2558,2510,2473,2011,1711,2062,2289,2066,4.6807398796082
2022.06.24 14:20:31.031,#M,49.849998474121,50.040000915527,50.049999237061,50.049999237061,49.729999542236,49.860000610352,49.810001373291,50,49.950000762939,50.069999694824,49.979999542236,49.889999389648,50.060001373291,50.020000457764,50,50.009998321533,-0.086000002920628,-0.18400000035763,-0.079999998211861,-0.041999999433756,-0.10199999809265,-0.11599999666214,-0.10800000280142,-0.021999999880791,-0.074000000953674,-0.10999999940395,-0.1140000000596,-0.15399999916553,-0.097999997437,-0.090000003576279,-0.10999999940395,-0.1140000000596,1475,1413,1936,1333,1918,2808,2280,2411,2442,2628,2457,2044,1662,2047,2173,1999,4.9713768959045
2022.06.24 14:20:41.045,#M,49.880001068115,50.099998474121,50.029998779297,50.099998474121,49.840000152588,49.869998931885,49.909999847412,49.950000762939,49.939998626709,50.009998321533,49.880001068115,49.889999389648,49.979999542236,50,49.930000305176,50.119998931885,-0.079999998211861,-0.18000000715256,-0.078000001609325,-0.050000000745058,-0.10800000280142,-0.11599999666214,-0.1140000000596,-0.019999999552965,-0.070000000298023,-0.11200000345707,-0.11599999666214,-0.15600000321865,-0.096000000834465,-0.090000003576279,-0.10999999940395,-0.11599999666214,1535,1381,1960,1308,1895,2789,2266,2422,2392,2560,2464,2035,1502,1908,2114,1929,5.012282371521
2022.06.24 14:20:51.044,#M,49.860000610352,50.119998931885,49.979999542236,49.930000305176,49.830001831055,49.860000610352,49.930000305176,50,49.959999084473,49.880001068115,49.970001220703,49.779998779297,49.959999084473,50.020000457764,49.930000305176,50.099998474121,-0.083999998867512,-0.18000000715256,-0.078000001609325,-0.043999999761581,-0.1059999987483,-0.11599999666214,-0.11599999666214,-0.019999999552965,-0.07599999755621,-0.1140000000596,-0.11599999666214,-0.15800000727177,-0.093999996781349,-0.090000003576279,-0.1140000000596,-0.11800000071526,1532,1445,1881,1416,1911,2716,2323,2266,2466,2690,2585,2047,1484,1933,2073,1886,4.8707847595215
2022.06.24 14:21:01.043,#M,49.930000305176,50.119998931885,50.009998321533,49.930000305176,49.759998321533,49.849998474121,49.919998168945,50.020000457764,49.950000762939,50,49.919998168945,49.849998474121,50.029998779297,50.040000915527,49.900001525879,50.139999389648,-0.079999998211861,-0.18000000715256,-0.078000001609325,-0.03999999910593,-0.1059999987483,-0.11599999666214,-0.11599999666214,-0.01799999922514,-0.070000000298023,-0.11599999666214,-0.11800000071526,-0.15600000321865,-0.10000000149012,-0.090000003576279,-0.10999999940395,-0.11999999731779,1548,1415,1892,1377,1823,2767,2240,2205,2490,2602,2595,2114,1340,1865,1966,1801,4.8542308807373
2022.06.24 14:21:11.041,#M,49.849998474121,50.090000152588,50.009998321533,49.930000305176,49.880001068115,49.860000610352,49.759998321533,50.040000915527,50,49.979999542236,49.939998626709,49.880001068115,49.990001678467,50.009998321533,49.900001525879,50.110000610352,-0.079999998211861,-0.18600000441074,-0.078000001609325,-0.041999999433756,-0.10400000214577,-0.11599999666214,-0.11599999666214,-0.014000000432134,-0.070000000298023,-0.1140000000596,-0.1140000000596,-0.15399999916553,-0.096000000834465,-0.090000003576279,-0.1140000000596,-0.11800000071526,1549,1483,1885,1435,1840,2808,2100,2174,2499,2658,2534,2052,1294,1780,1864,1670,4.8389506340027
2022.06.24 14:21:17.133,#2,60,60,60,60,60,60,60,60,60,60,60,60,60,60,60,60,200,200,200,200,200,200,200,200,200,200,200,200,200,200,200,200,49.849998474121,50.040000915527,50.020000457764,49.930000305176,49.860000610352,49.860000610352,49.849998474121,50.020000457764,49.970001220703,49.970001220703,49.919998168945,49.930000305176,49.959999084473,50.040000915527,49.919998168945,50.099998474121,-0.082000002264977,-0.18400000035763,-0.078000001609325,-0.041999999433756,-0.1059999987483,-0.11599999666214,-0.1140000000596,-0.016000000759959,-0.068000003695488,-0.1140000000596,-0.11599999666214,-0.15600000321865,-0.096000000834465,-0.090000003576279,-0.11200000345707,-0.11999999731779,1606,1468,1995,1382,1797,2760,2202,2091,2540,2554,2588,2058,1308,1771,1850,1744,4.7919969558716
2022.06.24 14:21:27.038,#M,59.729999542236,60.029998779297,60.189998626709,60,59.799999237061,59.689998626709,59.709999084473,60.159999847412,59.869998931885,60.009998321533,59.950000762939,59.919998168945,59.799999237061,59.950000762939,59.790000915527,60.200000762939,-0.074000000953674,-0.18600000441074,-0.068000003695488,-0.035999998450279,-0.10199999809265,-0.11599999666214,-0.1140000000596,-0.0040000001899898,-0.078000001609325,-0.10999999940395,-0.11200000345707,-0.14800000190735,-0.083999998867512,-0.083999998867512,-0.10800000280142,-0.11800000071526,1171,1169,1932,1018,2531,3141,2890,3020,2588,2644,2573,1971,2528,2714,2869,2391,5.5106301307678
2022.06.24 14:21:37.036,#M,59.830001831055,60.080001831055,60.080001831055,60,59.779998779297,59.779998779297,59.930000305176,60.130001068115,59.919998168945,60.020000457764,59.970001220703,59.860000610352,59.970001220703,60.009998321533,59.880001068115,60.139999389648,-0.078000001609325,-0.18199999630451,-0.070000000298023,-0.037999998778105,-0.10400000214577,-0.11800000071526,-0.1140000000596,0,-0.071999996900558,-0.10999999940395,-0.11200000345707,-0.15600000321865,-0.090000003576279,-0.086000002920628,-0.10999999940395,-0.11800000071526,1169,1179,1898,1029,2625,3190,2927,3055,2516,2622,2472,1934,2487,2654,2887,2508,5.5174736976624
2022.06.24 14:21:47.051,#M,59.819999694824,60.169998168945,60,59.979999542236,59.790000915527,59.770000457764,59.919998168945,60.119998931885,59.979999542236,60.029998779297,59.970001220703,59.919998168945,60.060001373291,60.049999237061,59.909999847412,60.130001068115,-0.082000002264977,-0.18000000715256,-0.078000001609325,-0.037999998778105,-0.10400000214577,-0.11800000071526,-0.11599999666214,-0.016000000759959,-0.068000003695488,-0.10999999940395,-0.11599999666214,-0.15800000727177,-0.092000000178814,-0.087999999523163,-0.10999999940395,-0.11800000071526,1184,1169,1918,1019,2681,3243,2869,2946,2543,2619,2599,2032,2450,2712,2911,2560,5.4762501716614
2022.06.24 14:21:57.033,#M,59.770000457764,60.180000305176,60.049999237061,59.970001220703,59.799999237061,59.819999694824,59.909999847412,60.139999389648,60.029998779297,60.020000457764,59.939998626709,59.889999389648,60.080001831055,60.049999237061,59.900001525879,60.130001068115,-0.079999998211861,-0.17800000309944,-0.078000001609325,-0.037999998778105,-0.10400000214577,-0.11999999731779,-0.11200000345707,-0.019999999552965,-0.07599999755621,-0.10999999940395,-0.11800000071526,-0.15399999916553,-0.093999996781349,-0.087999999523163,-0.10999999940395,-0.1140000000596,1164,1116,1789,986,2540,3065,2890,2982,2502,2633,2490,1901,2370,2677,2866,2473,5.4993286132813
2022.06.24 14:22:07.032,#M,59.830001831055,60.069999694824,60.049999237061,59.979999542236,59.779998779297,59.860000610352,59.930000305176,60.020000457764,59.900001525879,60.020000457764,59.939998626709,59.900001525879,60.020000457764,60.069999694824,59.909999847412,60.110000610352,-0.078000001609325,-0.17399999499321,-0.078000001609325,-0.03999999910593,-0.10400000214577,-0.12399999797344,-0.11599999666214,-0.0080000003799796,-0.070000000298023,-0.10999999940395,-0.11800000071526,-0.15399999916553,-0.093999996781349,-0.087999999523163,-0.10800000280142,-0.11200000345707,1143,1113,1831,987,2632,3199,2963,3066,2468,2589,2559,1960,2487,2683,2842,2538,5.4682922363281
2022.06.24 14:22:17.046,#M,59.819999694824,60.150001525879,60.090000152588,59.990001678467,59.790000915527,59.849998474121,59.880001068115,59.869998931885,59.990001678467,60.020000457764,59.970001220703,59.900001525879,60.040000915527,60.040000915527,59.930000305176,60.099998474121,-0.070000000298023,-0.17800000309944,-0.07599999755621,-0.03999999910593,-0.10400000214577,-0.11800000071526,-0.10999999940395,-0.01799999922514,-0.065999999642372,-0.10999999940395,-0.11800000071526,-0.15399999916553,-0.090000003576279,-0.087999999523163,-0.10800000280142,-0.11200000345707,1226,1093,1992,972,2555,3220,2933,2945,2496,2609,2650,1914,2458,2713,2857,2568,5.5574240684509
2022.06.24 14:22:19.139,#3,70,70,70,70,70,70,70,70,70,70,70,70,70,70,70,70,200,200,200,200,200,200,200,200,200,200,200,200,200,200,200,200,59.810001373291,60.130001068115,60.090000152588,59.990001678467,59.799999237061,59.819999694824,59.909999847412,59.700000762939,59.900001525879,60.029998779297,59.970001220703,59.900001525879,60.080001831055,60.069999694824,59.909999847412,60.090000152588,-0.071999996900558,-0.18000000715256,-0.07599999755621,-0.03999999910593,-0.10400000214577,-0.11800000071526,-0.1140000000596,-0.014000000432134,-0.064000003039837,-0.10999999940395,-0.11599999666214,-0.15600000321865,-0.093999996781349,-0.087999999523163,-0.10800000280142,-0.1140000000596,1231,1167,1932,1047,2527,3161,2949,2992,2546,2681,2556,2007,2431,2682,2819,2554,5.5470786094666
2022.06.24 14:22:29.044,#M,69.889999389648,70.129997253418,70.160003662109,69.680000305176,70.120002746582,69.610000610352,70.099998474121,69.430000305176,70.099998474121,69.940002441406,69.889999389648,70.01000213623,69.849998474121,70.019996643066,69.919998168945,70.300003051758,-0.068000003695488,-0.18999999761581,-0.064000003039837,-0.032000001519918,-0.11800000071526,-0.093999996781349,-0.10800000280142,0.016000000759959,-0.065999999642372,-0.10999999940395,-0.10400000214577,-0.15000000596046,-0.10000000149012,-0.078000001609325,-0.10000000149012,-0.1140000000596,2027,1778,2403,1751,2659,3244,2907,3144,2469,2644,2602,1895,2862,2967,3195,2637,6.034761428833
2022.06.24 14:22:39.044,#M,69.870002746582,70.050003051758,70.120002746582,69.879997253418,69.800003051758,69.790000915527,69.910003662109,69.800003051758,70.029998779297,70.150001525879,69.900001525879,69.870002746582,69.98999786377,70,69.940002441406,70.25,-0.078000001609325,-0.18000000715256,-0.07599999755621,-0.035999998450279,-0.10800000280142,-0.10999999940395,-0.11599999666214,0.016000000759959,-0.070000000298023,-0.11599999666214,-0.1140000000596,-0.15800000727177,-0.090000003576279,-0.083999998867512,-0.10800000280142,-0.11200000345707,1858,1808,2355,1752,2735,3160,2989,3054,2433,2694,2464,1947,2990,2854,3130,2652,6.0562505722046
2022.06.24 14:22:49.042,#M,69.959999084473,70.019996643066,70.099998474121,69.870002746582,69.790000915527,69.709999084473,69.879997253418,69.930000305176,70.019996643066,70.019996643066,69.949996948242,69.930000305176,69.98999786377,70,69.900001525879,70.199996948242,-0.07599999755621,-0.18400000035763,-0.078000001609325,-0.043999999761581,-0.10400000214577,-0.1140000000596,-0.11800000071526,0.014000000432134,-0.070000000298023,-0.1140000000596,-0.11800000071526,-0.16400000452995,-0.093999996781349,-0.083999998867512,-0.10999999940395,-0.11599999666214,1944,1808,2374,1719,2648,3165,3077,3043,2434,2528,2516,1884,2924,2828,3124,2618,6.1299433708191
2022.06.24 14:22:59.040,#M,69.839996337891,69.98999786377,70.120002746582,69.879997253418,69.830001831055,69.849998474121,69.930000305176,70,70.040000915527,70,69.919998168945,69.860000610352,69.98999786377,70.01000213623,69.910003662109,70.160003662109,-0.078000001609325,-0.18400000035763,-0.078000001609325,-0.043999999761581,-0.10400000214577,-0.10999999940395,-0.1140000000596,0.016000000759959,-0.070000000298023,-0.10800000280142,-0.11200000345707,-0.15399999916553,-0.090000003576279,-0.083999998867512,-0.10800000280142,-0.11599999666214,1992,1819,2414,1711,2643,3097,3111,3121,2405,2684,2550,1868,2925,2846,3238,2661,6.0904698371887
2022.06.24 14:23:09.038,#M,69.910003662109,70.190002441406,70.099998474121,70,69.769996643066,69.919998168945,69.889999389648,69.919998168945,70.050003051758,70.099998474121,69.870002746582,69.819999694824,70.019996643066,70.01000213623,69.910003662109,70.129997253418,-0.074000000953674,-0.18400000035763,-0.078000001609325,-0.046000000089407,-0.10400000214577,-0.1140000000596,-0.12200000137091,0.016000000759959,-0.070000000298023,-0.10999999940395,-0.11200000345707,-0.15999999642372,-0.096000000834465,-0.083999998867512,-0.10400000214577,-0.1140000000596,1874,1836,2277,1738,2746,3235,3013,3085,2466,2640,2612,2003,2899,2867,3166,2672,6.0848994255066
2022.06.24 14:23:19.036,#M,69.860000610352,69.98999786377,70.069999694824,69.919998168945,69.839996337891,69.849998474121,69.819999694824,69.889999389648,70.029998779297,70.029998779297,69.910003662109,69.860000610352,70.01000213623,70.019996643066,69.919998168945,70.139999389648,-0.079999998211861,-0.17800000309944,-0.078000001609325,-0.043999999761581,-0.10800000280142,-0.11200000345707,-0.1140000000596,0.014000000432134,-0.070000000298023,-0.10999999940395,-0.11200000345707,-0.15800000727177,-0.096000000834465,-0.086000002920628,-0.10800000280142,-0.1140000000596,1995,1915,2432,1736,2678,3262,3033,3156,2450,2631,2447,2039,2981,2985,3071,2619,6.1197562217712
2022.06.24 14:23:21.129,#4,80,80,80,80,80,80,80,80,80,80,80,80,80,80,80,80,200,200,200,200,200,200,200,200,200,200,200,200,200,200,200,200,69.879997253418,70.01000213623,70.080001831055,69.910003662109,69.830001831055,69.889999389648,69.800003051758,69.940002441406,70.050003051758,69.980003356934,69.930000305176,69.849998474121,70.029998779297,70,69.940002441406,70.099998474121,-0.078000001609325,-0.18000000715256,-0.078000001609325,-0.043999999761581,-0.10400000214577,-0.11200000345707,-0.11599999666214,0.014000000432134,-0.070000000298023,-0.1140000000596,-0.1140000000596,-0.15800000727177,-0.093999996781349,-0.083999998867512,-0.1059999987483,-0.1140000000596,1897,1798,2331,1706,2664,3210,2955,3062,2534,2657,2482,1864,2973,2942,3193,2616,6.1012935638428
2022.06.24 14:23:31.049,#M,80.180000305176,80.029998779297,80.040000915527,79.870002746582,80.029998779297,79.709999084473,79.819999694824,80.150001525879,79.930000305176,80.080001831055,79.919998168945,79.809997558594,80.110000610352,80.029998779297,80,80.290000915527,-0.074000000953674,-0.16799999773502,-0.064000003039837,-0.059999998658895,-0.097999997437,-0.12200000137091,-0.11200000345707,0.056000001728535,-0.07599999755621,-0.10000000149012,-0.11200000345707,-0.14399999380112,-0.090000003576279,-0.078000001609325,-0.10199999809265,-0.097999997437,2578,2283,2805,2347,2551,3352,3051,3147,2350,2561,2519,1979,3020,2982,3056,2731,6.3932027816772
2022.06.24 14:23:41.032,#M,79.910003662109,80.01000213623,80.059997558594,79.919998168945,79.980003356934,79.800003051758,79.98999786377,80.01000213623,80.029998779297,79.98999786377,79.970001220703,79.919998168945,80.169998168945,79.959999084473,79.919998168945,80.180000305176,-0.078000001609325,-0.17000000178814,-0.071999996900558,-0.046000000089407,-0.10199999809265,-0.11599999666214,-0.11800000071526,0.041999999433756,-0.065999999642372,-0.10400000214577,-0.1140000000596,-0.15399999916553,-0.093999996781349,-0.082000002264977,-0.097999997437,-0.10999999940395,2594,2363,2687,2249,2761,3173,3002,3161,2287,2593,2471,1937,2993,3012,3141,2710,6.3890647888184
2022.06.24 14:23:51.046,#M,79.970001220703,80.089996337891,80.089996337891,79.970001220703,79.910003662109,79.889999389648,79.98999786377,79.98999786377,79.980003356934,80.110000610352,79.970001220703,79.930000305176,80.069999694824,79.98999786377,79.959999084473,80.160003662109,-0.079999998211861,-0.17399999499321,-0.07599999755621,-0.034000001847744,-0.10400000214577,-0.11800000071526,-0.1140000000596,0.037999998778105,-0.065999999642372,-0.10800000280142,-0.11599999666214,-0.15600000321865,-0.096000000834465,-0.082000002264977,-0.10199999809265,-0.11200000345707,2549,2387,2637,2252,2733,3237,2992,3124,2317,2566,2545,1884,3023,3001,3177,2660,6.3763308525085
2022.06.24 14:24:01.045,#M,79.970001220703,79.910003662109,80.089996337891,79.940002441406,79.940002441406,79.889999389648,79.980003356934,80.059997558594,80.120002746582,80.150001525879,79.98999786377,79.959999084473,80.019996643066,79.970001220703,79.98999786377,80.150001525879,-0.074000000953674,-0.18000000715256,-0.07599999755621,-0.043999999761581,-0.1059999987483,-0.11800000071526,-0.1140000000596,0.037999998778105,-0.061999998986721,-0.11200000345707,-0.11599999666214,-0.15600000321865,-0.093999996781349,-0.079999998211861,-0.10400000214577,-0.1140000000596,2551,2309,2609,2291,2726,3183,2990,3168,2430,2579,2525,1930,3032,2933,3160,2543,6.3195085525513
2022.06.24 14:24:11.043,#M,79.940002441406,79.870002746582,80.099998474121,80.029998779297,79.73999786377,79.940002441406,79.98999786377,80.069999694824,80.059997558594,80,80,79.980003356934,80,80.01000213623,80,80.110000610352,-0.07599999755621,-0.17800000309944,-0.07599999755621,-0.03999999910593,-0.1059999987483,-0.11800000071526,-0.11200000345707,0.035999998450279,-0.065999999642372,-0.10999999940395,-0.11599999666214,-0.15800000727177,-0.092000000178814,-0.082000002264977,-0.1059999987483,-0.11200000345707,2589,2314,2686,2352,2733,3269,2994,3154,2340,2572,2444,1891,2974,3003,3261,2668,6.4107103347778
2022.06.24 14:24:21.041,#M,79.949996948242,80.080001831055,80.089996337891,79.970001220703,79.860000610352,79.959999084473,79.980003356934,80.110000610352,80.089996337891,80.069999694824,79.970001220703,79.970001220703,80,79.980003356934,79.959999084473,80.180000305176,-0.079999998211861,-0.18000000715256,-0.078000001609325,-0.03999999910593,-0.10800000280142,-0.11599999666214,-0.11800000071526,0.035999998450279,-0.07599999755621,-0.10999999940395,-0.11599999666214,-0.15600000321865,-0.093999996781349,-0.082000002264977,-0.10199999809265,-0.11200000345707,2611,2268,2691,2235,2683,3178,3016,3109,2418,2551,2512,1914,3078,3015,3127,2644,6.4062538146973
2022.06.24 14:24:23.150,#5,90,90,90,90,90,90,90,90,90,90,90,90,90,90,90,90,200,200,200,200,200,200,200,200,200,200,200,200,200,200,200,200,79.919998168945,80.099998474121,80.099998474121,79.970001220703,79.839996337891,79.970001220703,80.01000213623,80.029998779297,80.019996643066,80.059997558594,79.980003356934,80.01000213623,80.019996643066,79.959999084473,79.959999084473,80.160003662109,-0.079999998211861,-0.18199999630451,-0.078000001609325,-0.03999999910593,-0.10800000280142,-0.11599999666214,-0.11800000071526,0.032000001519918,-0.07599999755621,-0.11200000345707,-0.11599999666214,-0.15800000727177,-0.093999996781349,-0.082000002264977,-0.10199999809265,-0.10999999940395,2633,2360,2761,2262,2732,3165,3098,3171,2335,2576,2541,1949,2982,2950,3210,2731,6.4420671463013
2022.06.24 14:24:33.039,#M,89.790000915527,90.220001220703,90.300003051758,89.830001831055,89.889999389648,90.110000610352,89.639999389648,90.089996337891,89.930000305176,90.129997253418,90.059997558594,89.970001220703,90.01000213623,89.980003356934,89.949996948242,90.059997558594,-0.070000000298023,-0.18000000715256,-0.070000000298023,-0.021999999880791,-0.097999997437,-0.11200000345707,-0.12800000607967,0.071999996900558,-0.029999999329448,-0.10999999940395,-0.10999999940395,-0.15199999511242,-0.083999998867512,-0.074000000953674,-0.096000000834465,-0.10400000214577,2892,2494,2839,2482,2733,3218,3015,3158,2219,2479,2423,1856,3139,3054,3182,2837,6.4917254447937
2022.06.24 14:24:43.038,#M,89.860000610352,90.110000610352,90.139999389648,89.900001525879,89.959999084473,89.949996948242,89.970001220703,90.050003051758,90.029998779297,90.059997558594,90,89.919998168945,90.059997558594,90.019996643066,89.959999084473,90.150001525879,-0.071999996900558,-0.17800000309944,-0.071999996900558,-0.034000001847744,-0.10800000280142,-0.11200000345707,-0.10999999940395,0.065999999642372,-0.059999998658895,-0.11200000345707,-0.11599999666214,-0.15399999916553,-0.090000003576279,-0.07599999755621,-0.10199999809265,-0.10999999940395,2851,2462,2749,2412,2672,3258,2962,3132,2255,2587,2394,1851,3191,3005,3104,2624,6.3413152694702
2022.06.24 14:24:53.036,#M,89.959999084473,90.150001525879,90.120002746582,89.980003356934,89.819999694824,89.889999389648,89.919998168945,89.98999786377,90.029998779297,89.980003356934,90.01000213623,89.889999389648,90.129997253418,90.01000213623,89.970001220703,90.169998168945,-0.074000000953674,-0.18000000715256,-0.07599999755621,-0.032000001519918,-0.10199999809265,-0.11200000345707,-0.11599999666214,0.064000003039837,-0.061999998986721,-0.10999999940395,-0.11599999666214,-0.15600000321865,-0.093999996781349,-0.07599999755621,-0.10199999809265,-0.11200000345707,2914,2455,2750,2505,2701,3154,2986,3254,2239,2523,2364,1863,3074,2957,3240,2681,6.4968190193176
2022.06.24 14:25:03.034,#M,89.970001220703,90.069999694824,90.089996337891,89.949996948242,89.949996948242,89.910003662109,90,90,90.01000213623,90.099998474121,89.980003356934,89.879997253418,90.080001831055,90.040000915527,89.980003356934,90.180000305176,-0.074000000953674,-0.17800000309944,-0.074000000953674,-0.037999998778105,-0.10999999940395,-0.11200000345707,-0.1140000000596,0.056000001728535,-0.068000003695488,-0.11599999666214,-0.1140000000596,-0.15399999916553,-0.090000003576279,-0.078000001609325,-0.10400000214577,-0.11200000345707,2864,2470,2708,2490,2692,3256,3025,3066,2201,2577,2373,1871,3159,3039,3182,2696,6.49427318573
2022.06.24 14:25:13.033,#M,89.930000305176,90.050003051758,90.110000610352,90.040000915527,89.830001831055,89.879997253418,89.970001220703,90.050003051758,90.059997558594,90.139999389648,90.019996643066,89.970001220703,90.040000915527,90.040000915527,90.01000213623,90.199996948242,-0.078000001609325,-0.17399999499321,-0.07599999755621,-0.041999999433756,-0.10400000214577,-0.10999999940395,-0.11999999731779,0.056000001728535,-0.070000000298023,-0.11200000345707,-0.11599999666214,-0.15600000321865,-0.093999996781349,-0.079999998211861,-0.10400000214577,-0.11200000345707,2900,2410,2702,2453,2779,3187,3031,3090,2217,2512,2392,1885,3072,3033,3241,2697,6.4688062667847
2022.06.24 14:25:23.031,#M,89.970001220703,90.029998779297,90.089996337891,89.930000305176,89.910003662109,89.919998168945,89.879997253418,90.129997253418,90.040000915527,90.059997558594,89.98999786377,89.919998168945,90.019996643066,90.040000915527,89.980003356934,90.169998168945,-0.074000000953674,-0.17399999499321,-0.074000000953674,-0.043999999761581,-0.10800000280142,-0.11599999666214,-0.11599999666214,0.05799999833107,-0.064000003039837,-0.10199999809265,-0.11599999666214,-0.15800000727177,-0.096000000834465,-0.078000001609325,-0.10400000214577,-0.11200000345707,2891,2456,2690,2479,2707,3149,2962,3086,2236,2554,2396,1814,3192,3022,3103,2698,6.4052987098694
2022.06.24 14:25:26.125,#6,100,100,100,100,100,100,100,100,100,100,100,100,100,100,100,100,200,200,200,200,200,200,200,200,200,200,200,200,200,200,200,200,89.98999786377,90.019996643066,90.099998474121,89.879997253418,89.839996337891,89.949996948242,89.860000610352,90.089996337891,89.980003356934,90,89.98999786377,89.919998168945,90.059997558594,90.029998779297,89.970001220703,90.180000305176,-0.071999996900558,-0.17399999499321,-0.07599999755621,-0.043999999761581,-0.10999999940395,-0.11599999666214,-0.11999999731779,0.056000001728535,-0.070000000298023,-0.10199999809265,-0.11599999666214,-0.15600000321865,-0.096000000834465,-0.078000001609325,-0.10400000214577,-0.11200000345707,2816,2505,2785,2449,2819,3138,2998,3128,2341,2595,2492,1869,3146,3083,3185,2668,6.4355401992798
2022.06.24 14:25:36.045,#M,99.790000915527,99.930000305176,100.09999847412,100.19000244141,99.930000305176,100.15000152588,99.959999084473,99.980003356934,100.05999755859,99.889999389648,99.940002441406,99.970001220703,99.900001525879,100.01000213623,99.919998168945,100.05000305176,-0.079999998211861,-0.17800000309944,-0.070000000298023,-0.034000001847744,-0.10000000149012,-0.090000003576279,-0.11999999731779,0.086000002920628,-0.059999998658895,-0.10999999940395,-0.1140000000596,-0.14800000190735,-0.090000003576279,-0.071999996900558,-0.093999996781349,-0.10400000214577,3003,2495,2681,2433,2635,3177,3044,3111,2015,2477,2361,1792,3202,3016,3185,2698,6.3861989974976
2022.06.24 14:25:46.046,#M,99.889999389648,100.08999633789,100.11000061035,100.05000305176,99.849998474121,100.08000183105,99.919998168945,99.98999786377,100.08000183105,100.0299987793,99.910003662109,99.910003662109,100.06999969482,99.980003356934,100.01000213623,100.15000152588,-0.078000001609325,-0.17800000309944,-0.074000000953674,-0.037999998778105,-0.10400000214577,-0.1059999987483,-0.10999999940395,0.078000001609325,-0.064000003039837,-0.10999999940395,-0.11200000345707,-0.15000000596046,-0.093999996781349,-0.078000001609325,-0.097999997437,-0.11200000345707,2984,2449,2829,2445,2711,3256,2979,3116,2151,2443,2271,1901,3178,2929,3223,2703,6.4286966323853
2022.06.24 14:25:56.046,#M,99.919998168945,100.12000274658,100.08000183105,99.98999786377,99.900001525879,100,99.940002441406,99.98999786377,100.05999755859,100.12999725342,99.930000305176,99.900001525879,100.05999755859,99.980003356934,100.01000213623,100.18000030518,-0.074000000953674,-0.17399999499321,-0.074000000953674,-0.037999998778105,-0.10800000280142,-0.11200000345707,-0.10999999940395,0.078000001609325,-0.065999999642372,-0.1140000000596,-0.11200000345707,-0.15199999511242,-0.093999996781349,-0.078000001609325,-0.10000000149012,-0.10800000280142,2915,2545,2754,2463,2722,3228,3031,3100,2094,2509,2280,1884,3196,2918,3163,2622,6.4043440818787
2022.06.24 14:26:06.044,#M,99.919998168945,100.05000305176,100.09999847412,100,99.879997253418,99.910003662109,99.919998168945,99.970001220703,100.05000305176,100.05999755859,99.949996948242,99.919998168945,100.05999755859,99.959999084473,99.970001220703,100.16999816895,-0.074000000953674,-0.17800000309944,-0.071999996900558,-0.037999998778105,-0.10400000214577,-0.11800000071526,-0.11599999666214,0.078000001609325,-0.065999999642372,-0.11999999731779,-0.11200000345707,-0.15399999916553,-0.093999996781349,-0.078000001609325,-0.10199999809265,-0.1140000000596,3012,2466,2727,2568,2759,3230,3123,3173,2071,2482,2398,1833,3090,3077,3256,2696,6.4379281997681
2022.06.24 14:26:16.042,#M,99.930000305176,100.13999938965,100.12000274658,100,99.830001831055,99.959999084473,99.919998168945,99.980003356934,100.06999969482,100.06999969482,99.930000305176,99.900001525879,100.05999755859,99.980003356934,99.959999084473,100.16999816895,-0.074000000953674,-0.17399999499321,-0.071999996900558,-0.037999998778105,-0.1059999987483,-0.10999999940395,-0.11599999666214,0.078000001609325,-0.065999999642372,-0.11599999666214,-0.11200000345707,-0.15399999916553,-0.093999996781349,-0.078000001609325,-0.10199999809265,-0.1140000000596,3019,2469,2721,2481,2716,3205,2954,3115,2127,2604,2350,1752,3192,3074,3210,2623,6.4774017333984
2022.06.24 14:26:26.040,#M,99.949996948242,100.13999938965,100.06999969482,100,99.879997253418,99.809997558594,99.949996948242,100.04000091553,100.06999969482,99.959999084473,99.949996948242,99.900001525879,100.04000091553,99.98999786377,99.959999084473,100.16999816895,-0.074000000953674,-0.17200000584126,-0.074000000953674,-0.037999998778105,-0.10400000214577,-0.11200000345707,-0.1140000000596,0.078000001609325,-0.065999999642372,-0.11200000345707,-0.11599999666214,-0.15399999916553,-0.096000000834465,-0.078000001609325,-0.10199999809265,-0.1140000000596,2910,2543,2749,2508,2709,3232,3059,3086,2169,2390,2254,1887,3136,2905,3228,2663,6.4654636383057
2022.06.24 14:26:28.134,#7,125,125,125,125,125,125,125,125,125,125,125,125,125,125,125,125,200,200,200,200,200,200,200,200,200,200,200,200,200,200,200,200,99.940002441406,100.12999725342,100.08000183105,99.98999786377,99.860000610352,99.779998779297,99.980003356934,100.01999664307,100.08000183105,99.959999084473,99.940002441406,99.900001525879,100.01999664307,100,99.970001220703,100.16999816895,-0.074000000953674,-0.17000000178814,-0.074000000953674,-0.037999998778105,-0.10800000280142,-0.1140000000596,-0.10800000280142,0.078000001609325,-0.065999999642372,-0.10999999940395,-0.1140000000596,-0.15600000321865,-0.093999996781349,-0.078000001609325,-0.10199999809265,-0.11200000345707,3074,2600,2767,2413,2707,3250,3015,3127,2208,2434,2344,1862,3084,3044,3263,2812,6.4130983352661
2022.06.24 14:26:38.038,#M,124.66000366211,125.08000183105,125.12000274658,124.83999633789,125.2200012207,124.83000183105,124.88999938965,124.91999816895,124.70999908447,125.58000183105,124.94000244141,125,124.83999633789,124.9700012207,125,125.18000030518,-0.052000001072884,-0.16400000452995,-0.064000003039837,-0.028000000864267,-0.11599999666214,-0.10800000280142,-0.14200000464916,0.13799999654293,-0.070000000298023,-0.14200000464916,-0.10199999809265,-0.14599999785423,-0.090000003576279,-0.071999996900558,-0.090000003576279,-0.10000000149012,2919,2449,2663,2534,2738,3110,3014,3046,1796,2357,1935,1717,3047,3052,3228,2641,6.2583894729614
2022.06.24 14:26:48.036,#M,124.79000091553,125.06999969482,125.08000183105,124.91000366211,124.88999938965,124.83999633789,124.91999816895,124.94999694824,124.94999694824,125.23000335693,124.93000030518,124.90000152588,124.94999694824,124.9700012207,124.98000335693,125.16000366211,-0.061999998986721,-0.16599999368191,-0.070000000298023,-0.032000001519918,-0.10800000280142,-0.10999999940395,-0.12200000137091,0.13600000739098,-0.064000003039837,-0.11599999666214,-0.1059999987483,-0.15199999511242,-0.090000003576279,-0.070000000298023,-0.092000000178814,-0.10199999809265,2874,2480,2686,2410,2692,3187,2977,3191,1783,2270,1960,1735,3111,3050,3199,2603,6.2708044052124
2022.06.24 14:26:58.034,#M,124.84999847412,125.06999969482,125.06999969482,125,124.90000152588,124.83999633789,124.90000152588,124.9700012207,124.98999786377,124.93000030518,124.9700012207,124.86000061035,124.9700012207,124.9700012207,124.9700012207,125.15000152588,-0.068000003695488,-0.16799999773502,-0.070000000298023,-0.028000000864267,-0.10400000214577,-0.11200000345707,-0.10800000280142,0.13400000333786,-0.065999999642372,-0.11599999666214,-0.10999999940395,-0.15199999511242,-0.090000003576279,-0.070000000298023,-0.093999996781349,-0.1059999987483,2914,2440,2677,2372,2750,3194,3135,3118,1718,2351,2011,1801,3058,3068,3134,2718,6.2765336036682
2022.06.24 14:27:08.035,#M,124.83999633789,125.05999755859,125.08000183105,124.9700012207,124.86000061035,124.80000305176,124.80999755859,124.98000335693,124.66999816895,124.95999908447,124.94000244141,124.91000366211,124.87000274658,124.94999694824,124.9700012207,125.16000366211,-0.068000003695488,-0.16799999773502,-0.071999996900558,-0.032000001519918,-0.10199999809265,-0.1140000000596,-0.10800000280142,0.13199999928474,-0.070000000298023,-0.11200000345707,-0.10999999940395,-0.15199999511242,-0.093999996781349,-0.071999996900558,-0.096000000834465,-0.1059999987483,2964,2480,2752,2462,2664,3199,2973,3034,1702,2336,1948,1704,3067,3028,3268,2688,6.2649149894714
2022.06.24 14:27:18.034,#M,124.90000152588,125.06999969482,125.08000183105,124.94000244141,124.93000030518,124.80000305176,125.05000305176,124.98000335693,124.80000305176,125.12999725342,124.93000030518,124.91000366211,124.90000152588,124.94999694824,124.94999694824,125.15000152588,-0.068000003695488,-0.16799999773502,-0.071999996900558,-0.032000001519918,-0.10199999809265,-0.11599999666214,-0.11200000345707,0.13199999928474,-0.065999999642372,-0.11999999731779,-0.10999999940395,-0.15199999511242,-0.090000003576279,-0.071999996900558,-0.096000000834465,-0.1059999987483,2953,2484,2714,2481,2676,3102,3010,3048,1717,2405,2063,1747,3002,2947,3194,2615,6.2322854995728
2022.06.24 14:27:28.033,#M,124.90000152588,125.06999969482,125.06999969482,125,124.76000213623,124.80999755859,124.94999694824,124.9700012207,124.94999694824,125.06999969482,124.91000366211,124.88999938965,124.93000030518,124.91999816895,124.94999694824,125.16999816895,-0.068000003695488,-0.16799999773502,-0.071999996900558,-0.034000001847744,-0.10199999809265,-0.11599999666214,-0.10800000280142,0.13199999928474,-0.064000003039837,-0.1140000000596,-0.11200000345707,-0.15199999511242,-0.092000000178814,-0.071999996900558,-0.096000000834465,-0.1059999987483,2964,2481,2739,2479,2695,3170,2955,3136,1747,2348,2050,1808,3041,2986,3244,2691,6.285924911499
2022.06.24 14:27:31.142,#8,150,150,150,150,150,150,150,150,150,150,150,150,150,150,150,150,200,200,200,200,200,200,200,200,200,200,200,200,200,200,200,200,124.91999816895,125.05999755859,125.06999969482,124.98999786377,124.83000183105,124.81999969482,124.94999694824,124.98000335693,125.23000335693,125.05000305176,124.94000244141,124.91000366211,124.94999694824,124.91999816895,124.95999908447,125.13999938965,-0.068000003695488,-0.17000000178814,-0.071999996900558,-0.034000001847744,-0.10400000214577,-0.11800000071526,-0.10400000214577,0.13199999928474,-0.059999998658895,-0.10999999940395,-0.11200000345707,-0.15399999916553,-0.092000000178814,-0.070000000298023,-0.096000000834465,-0.1059999987483,2981,2476,2703,2493,2681,3209,3019,3066,1702,2320,2093,1796,3019,2955,3214,2633,6.2617311477661
2022.06.24 14:27:41.046,#M,149.91000366211,150.30999755859,149.85000610352,150.72999572754,149.9700012207,150.14999389648,149.91000366211,150.11000061035,152.16000366211,150.74000549316,149.7200012207,149.94000244141,150.00999450684,150.36999511719,149.94000244141,149.55000305176,-0.061999998986721,-0.15399999916553,-0.071999996900558,-0.024000000208616,-0.092000000178814,-0.12200000137091,-0.10199999809265,0.17800000309944,-0.059999998658895,-0.087999999523163,-0.092000000178814,-0.14599999785423,-0.082000002264977,-0.083999998867512,-0.07599999755621,-0.10400000214577,2978,2442,2825,2414,2749,3175,2971,3125,1447,2129,1725,1751,3127,3049,3147,2762,6.1339225769043
2022.06.24 14:27:51.044,#M,149.92999267578,150.03999328613,149.96000671387,149.58999633789,149.91000366211,149.80000305176,149.92999267578,150.19999694824,149.7799987793,150.00999450684,149.71000671387,149.91000366211,149.97999572754,149.75999450684,149.72999572754,150.21000671387,-0.061999998986721,-0.16400000452995,-0.068000003695488,-0.037999998778105,-0.097999997437,-0.10400000214577,-0.10800000280142,0.18400000035763,-0.086000002920628,-0.10800000280142,-0.097999997437,-0.14800000190735,-0.087999999523163,-0.061999998986721,-0.086000002920628,-0.097999997437,2960,2472,2667,2522,2733,3193,3000,3116,1453,2080,1723,1725,3110,2979,3133,2770,6.0887188911438
2022.06.24 14:28:01.043,#M,149.91000366211,149.91999816895,150.05000305176,149.83999633789,149.92999267578,149.71000671387,149.92999267578,150.00999450684,149.71000671387,150.16000366211,149.7200012207,149.92999267578,149.97999572754,149.92999267578,149.91000366211,150.13000488281,-0.064000003039837,-0.17399999499321,-0.070000000298023,-0.037999998778105,-0.10199999809265,-0.1140000000596,-0.10999999940395,0.17599999904633,-0.056000001728535,-0.11599999666214,-0.10199999809265,-0.15000000596046,-0.090000003576279,-0.064000003039837,-0.092000000178814,-0.10000000149012,2937,2516,2784,2466,2712,3138,2988,3168,1491,2122,1710,1685,3135,2942,3174,2641,6.0914235115051
2022.06.24 14:28:11.042,#M,149.89999389648,150.02000427246,150,150.74000549316,149.92999267578,149.80999755859,149.92999267578,149.74000549316,149.77000427246,149.9700012207,149.75,149.91999816895,149.99000549316,149.92999267578,149.94000244141,150.13000488281,-0.064000003039837,-0.17399999499321,-0.074000000953674,-0.037999998778105,-0.10199999809265,-0.1140000000596,-0.10999999940395,0.17599999904633,-0.082000002264977,-0.1140000000596,-0.11599999666214,-0.15199999511242,-0.090000003576279,-0.05799999833107,-0.090000003576279,-0.10199999809265,3009,2422,2741,2465,2734,3223,3068,3171,1502,2136,1671,1735,3136,2980,3072,2618,6.1043171882629
2022.06.24 14:28:21.041,#M,149.91000366211,150.16000366211,150.05000305176,150.2200012207,149.92999267578,149.85000610352,149.91999816895,150.05000305176,150.02000427246,149.91999816895,149.91000366211,149.88999938965,150,150.02000427246,150.07000732422,150.22999572754,-0.064000003039837,-0.16200000047684,-0.068000003695488,-0.037999998778105,-0.10199999809265,-0.11200000345707,-0.10999999940395,0.17800000309944,-0.070000000298023,-0.11599999666214,-0.11800000071526,-0.15199999511242,-0.090000003576279,-0.059999998658895,-0.096000000834465,-0.1059999987483,2934,2424,2692,2380,2785,3233,2989,3098,1491,2085,1708,1676,3006,3012,3252,2548,6.1024079322815
2022.06.24 14:28:31.039,#M,149.91999816895,149.94999694824,150.22999572754,150.02000427246,149.91999816895,150.0299987793,149.92999267578,150.08000183105,150.14999389648,149.83000183105,149.89999389648,149.89999389648,150,150.05999755859,150.11000061035,150.28999328613,-0.064000003039837,-0.16799999773502,-0.068000003695488,-0.050000000745058,-0.10199999809265,-0.12200000137091,-0.10999999940395,0.18000000715256,-0.064000003039837,-0.1140000000596,-0.10800000280142,-0.15199999511242,-0.090000003576279,-0.05799999833107,-0.093999996781349,-0.1059999987483,2911,2475,2743,2471,2648,3191,2966,3093,1412,2106,1745,1667,3050,3006,3086,2702,6.0969953536987
2022.06.24 14:28:34.148,#9,175,175,175,175,175,175,175,175,175,175,175,175,175,175,175,175,200,200,200,200,200,200,200,200,200,200,200,200,200,200,200,200,149.91000366211,150.08000183105,150.11000061035,149.80000305176,149.92999267578,149.99000549316,149.91999816895,149.99000549316,149.86999511719,149.89999389648,150.13000488281,149.88999938965,149.97999572754,150.07000732422,150.05000305176,150.16999816895,-0.065999999642372,-0.16799999773502,-0.068000003695488,-0.046000000089407,-0.10199999809265,-0.11599999666214,-0.11200000345707,0.17599999904633,-0.07599999755621,-0.1140000000596,-0.10400000214577,-0.15199999511242,-0.090000003576279,-0.056000001728535,-0.097999997437,-0.10400000214577,2860,2511,2631,2523,2723,3219,2976,3105,1452,2153,1684,1759,3089,3027,3196,2758,6.098427772522
2022.06.24 14:28:44.037,#M,174.7200012207,174.08000183105,175.86999511719,174.9700012207,173.7799987793,175.05999755859,173.52000427246,174.36999511719,172.80999755859,174.72999572754,176.64999389648,174.63999938965,174.66000366211,174.66999816895,175.07000732422,175.05000305176,-0.068000003695488,-0.16599999368191,-0.050000000745058,-0.026000000536442,-0.10999999940395,-0.071999996900558,-0.10199999809265,0.20999999344349,-0.048000000417233,-0.07599999755621,-0.11599999666214,-0.13600000739098,-0.10000000149012,-0.029999999329448,-0.090000003576279,-0.087999999523163,2940,2487,2659,2524,2701,3240,2973,3003,1286,1909,1466,1589,3091,3063,3246,2717,6.0169358253479
2022.06.24 14:28:54.036,#M,174.99000549316,175.19000244141,175.35000610352,174.89999389648,174.85000610352,174.58000183105,175.41999816895,175.32000732422,175.46000671387,174.53999328613,174.72999572754,174.86000061035,174.77000427246,174.92999267578,174.94000244141,175.07000732422,-0.064000003039837,-0.16400000452995,0.0040000001899898,-0.028000000864267,-0.10400000214577,-0.097999997437,-0.093999996781349,0.22200000286102,-0.065999999642372,-0.10400000214577,-0.10000000149012,-0.12999999523163,-0.092000000178814,-0.052000001072884,-0.10199999809265,-0.10400000214577,2931,2434,2717,2494,2758,3178,3118,3162,1195,1968,1445,1620,3081,3003,3190,2702,6.0347619056702
2022.06.24 14:29:04.034,#M,174.80000305176,175.07000732422,175.25,174.96000671387,174.86000061035,174.55000305176,174.66999816895,175.07000732422,174.69000244141,174.82000732422,174.78999328613,175,174.7799987793,174.80000305176,174.88000488281,175.05999755859,-0.061999998986721,-0.15800000727177,-0.0040000001899898,-0.032000001519918,-0.093999996781349,-0.093999996781349,-0.10400000214577,0.22200000286102,-0.05799999833107,-0.10800000280142,-0.10999999940395,-0.14000000059605,-0.078000001609325,-0.050000000745058,-0.097999997437,-0.096000000834465,2897,2472,2708,2453,2668,3280,3079,3145,1213,1924,1518,1583,3012,2977,3109,2638,6.0003819465637
2022.06.24 14:29:14.032,#M,174.7200012207,175.00999450684,175.05000305176,175.00999450684,174.97999572754,174.77000427246,175.07000732422,174.9700012207,174.88000488281,175.10000610352,174.97999572754,174.77000427246,175.13000488281,174.7799987793,174.88999938965,175.16999816895,-0.065999999642372,-0.16400000452995,-0.028000000864267,-0.034000001847744,-0.097999997437,-0.11200000345707,-0.097999997437,0.22800000011921,-0.074000000953674,-0.11999999731779,-0.1140000000596,-0.15199999511242,-0.092000000178814,-0.054000001400709,-0.092000000178814,-0.10199999809265,2857,2419,2705,2426,2772,3144,2977,3159,1219,1851,1483,1617,3120,2955,3216,2754,5.9625010490417
2022.06.24 14:29:24.046,#M,174.86000061035,175.07000732422,174.77000427246,175,174.69000244141,174.57000732422,174.86000061035,174.77000427246,174.55999755859,175.05999755859,174.85000610352,174.75999450684,174.77000427246,174.88000488281,174.88000488281,175.02000427246,-0.071999996900558,-0.17000000178814,-0.016000000759959,-0.037999998778105,-0.097999997437,-0.10999999940395,-0.10400000214577,0.23600000143051,-0.083999998867512,-0.12200000137091,-0.1059999987483,-0.15800000727177,-0.065999999642372,-0.059999998658895,-0.093999996781349,-0.097999997437,3033,2443,2593,2488,2647,3179,3013,3147,1231,1876,1436,1648,2948,3015,3180,2645,6.0188450813293
2022.06.24 14:29:34.044,#M,174.89999389648,174.99000549316,174.94000244141,174.96000671387,174.75,174.60000610352,174.99000549316,174.86999511719,175.17999267578,175.22999572754,174.91999816895,174.85000610352,174.86999511719,174.89999389648,174.86000061035,175.10000610352,-0.071999996900558,-0.16400000452995,-0.0099999997764826,-0.034000001847744,-0.096000000834465,-0.11200000345707,-0.096000000834465,0.2419999986887,-0.082000002264977,-0.1140000000596,-0.1059999987483,-0.15800000727177,-0.068000003695488,-0.05799999833107,-0.090000003576279,-0.10400000214577,2983,2422,2657,2559,2710,3287,2983,3109,1230,1959,1461,1644,3027,3008,3133,2711,6.009295463562
2022.06.24 14:29:37.138,#10,200,200,200,200,200,200,200,200,200,200,200,200,200,200,200,200,200,200,200,200,200,200,200,200,200,200,200,200,200,200,200,200,174.86000061035,174.86000061035,175.00999450684,174.94999694824,174.75999450684,174.60000610352,174.7200012207,175.05999755859,174.75999450684,175.08000183105,174.75,174.88999938965,174.74000549316,174.88000488281,174.86000061035,175.13999938965,-0.070000000298023,-0.16400000452995,-0.016000000759959,-0.028000000864267,-0.10000000149012,-0.1059999987483,-0.11200000345707,0.22800000011921,-0.064000003039837,-0.1059999987483,-0.10800000280142,-0.15600000321865,-0.078000001609325,-0.061999998986721,-0.092000000178814,-0.10400000214577,2867,2437,2643,2516,2729,3133,3065,3106,1230,2004,1510,1641,3037,3022,3199,2692,5.9266881942749
2022.06.24 14:29:47.046,#M,199.86000061035,199.46000671387,199.78999328613,198.64999389648,198.86000061035,200.13999938965,199.30999755859,200.61999511719,199.63000488281,200.38999938965,198.91999816895,199.63000488281,200.14999389648,198.96000671387,199.91000366211,199.7799987793,-0.035999998450279,-0.18400000035763,0.3759999871254,-0.021999999880791,-0.096000000834465,-0.074000000953674,-0.029999999329448,0.28600001335144,-0.10199999809265,-0.061999998986721,-0.087999999523163,-0.14800000190735,-0.083999998867512,-0.074000000953674,-0.078000001609325,-0.065999999642372,2876,2475,2591,2414,2653,3156,2987,3106,1119,1706,1279,1621,3014,2962,3148,2595,5.925892829895
2022.06.24 14:29:57.044,#M,199.86999511719,200.25999450684,199.7799987793,199.4700012207,200.16000366211,199.91000366211,200.05999755859,199.83999633789,199.47999572754,199.42999267578,199.99000549316,199.71000671387,199.82000732422,200,200.02000427246,199.99000549316,-0.05799999833107,-0.18400000035763,0.36199998855591,-0.032000001519918,-0.078000001609325,-0.10800000280142,-0.097999997437,0.28000000119209,-0.059999998658895,-0.090000003576279,-0.1140000000596,-0.14399999380112,-0.083999998867512,-0.026000000536442,-0.092000000178814,-0.097999997437,2971,2402,2651,2445,2751,3244,3102,3139,1112,1695,1249,1587,2979,3122,3204,2680,5.9082245826721
2022.06.24 14:30:07.042,#M,199.66999816895,199.99000549316,200.2200012207,200.00999450684,199.63999938965,199.99000549316,199.80999755859,199.88000488281,200.33000183105,199.83000183105,199.69000244141,199.66000366211,200.22999572754,199.88000488281,199.88999938965,200.24000549316,-0.071999996900558,-0.17399999499321,0.36199998855591,-0.041999999433756,-0.079999998211861,-0.10999999940395,-0.10000000149012,0.28200000524521,-0.050000000745058,-0.097999997437,-0.1140000000596,-0.14800000190735,-0.10400000214577,-0.043999999761581,-0.097999997437,-0.10199999809265,2971,2448,2732,2382,2708,3189,3017,3116,1097,1775,1289,1578,2998,3011,3140,2640,5.9039278030396
2022.06.24 14:30:17.040,#M,199.94999694824,199.67999267578,200.41000366211,200.27000427246,199.66000366211,199.69999694824,199.99000549316,199.58999633789,200,199.80999755859,200.07000732422,199.85000610352,199.96000671387,199.91000366211,199.86999511719,200.35000610352,-0.061999998986721,-0.16599999368191,0.3740000128746,-0.021999999880791,-0.10199999809265,-0.1059999987483,-0.10800000280142,0.28999999165535,-0.052000001072884,-0.10999999940395,-0.11599999666214,-0.13799999654293,-0.093999996781349,-0.03999999910593,-0.092000000178814,-0.092000000178814,2909,2407,2606,2500,2664,3116,3029,3107,1064,1812,1239,1649,2971,3038,3053,2645,5.8633399009705
2022.06.24 14:30:27.039,#M,199.89999389648,199.89999389648,200.30000305176,200,199.94999694824,200.07000732422,199.75999450684,200.03999328613,199.75,199.66999816895,199.69999694824,199.64999389648,200.16000366211,200.0299987793,199.63000488281,200.08000183105,-0.059999998658895,-0.16200000047684,0.37799999117851,-0.037999998778105,-0.090000003576279,-0.1140000000596,-0.10199999809265,0.27599999308586,-0.065999999642372,-0.10199999809265,-0.10800000280142,-0.14599999785423,-0.10400000214577,-0.050000000745058,-0.092000000178814,-0.090000003576279,2937,2498,2659,2497,2744,3157,3101,3115,1111,1788,1230,1587,3075,2897,3142,2705,5.9074296951294
2022.06.24 14:30:37.037,#M,199.94000244141,200.13999938965,200.19000244141,199.5299987793,199.66000366211,199.75999450684,200.05999755859,199.80999755859,200.25,199.86000061035,199.7200012207,199.77000427246,199.88000488281,199.99000549316,199.88000488281,200.08999633789,-0.061999998986721,-0.16599999368191,0.36199998855591,-0.029999999329448,-0.090000003576279,-0.10199999809265,-0.10800000280142,0.28000000119209,-0.071999996900558,-0.11200000345707,-0.11200000345707,-0.14599999785423,-0.10000000149012,-0.061999998986721,-0.092000000178814,-0.097999997437,2912,2431,2639,2444,2610,3229,3034,3140,1085,1844,1264,1591,3022,3003,3148,2681,5.8627042770386
2022.06.24 14:30:40.130,#11,225,225,225,225,225,225,225,225,225,225,225,225,225,225,225,225,200,200,200,200,200,200,200,200,200,200,200,200,200,200,200,200,200.05999755859,199.91999816895,200.08999633789,199.55999755859,199.78999328613,199.66000366211,200.10000610352,200.08999633789,200.36000061035,199.92999267578,199.85000610352,199.67999267578,199.7799987793,199.91000366211,199.86000061035,199.94999694824,-0.065999999642372,-0.16799999773502,0.36399999260902,-0.035999998450279,-0.090000003576279,-0.093999996781349,-0.10199999809265,0.27799999713898,-0.083999998867512,-0.10999999940395,-0.11599999666214,-0.15000000596046,-0.096000000834465,-0.052000001072884,-0.092000000178814,-0.096000000834465,2936,2526,2658,2464,2660,3303,3064,3145,1052,1774,1240,1576,2994,3064,3056,2631,5.8980383872986
2022.06.24 14:30:50.160,#M,224.92999267578,225.9700012207,225.83000183105,224.83999633789,224.69999694824,224.86999511719,223.97999572754,225.78999328613,226.21000671387,224.58000183105,224.4700012207,223.69999694824,224.96000671387,224.32000732422,225.2799987793,224.07000732422,-0.056000001728535,-0.1140000000596,1.2960000038147,-0.0060000000521541,-0.032000001519918,-0.11200000345707,-0.037999998778105,0.41600000858307,-0.029999999329448,-0.093999996781349,-0.096000000834465,-0.15600000321865,-0.11800000071526,0.0020000000949949,-0.10199999809265,-0.07599999755621,2915,2448,2717,2461,2737,3160,2919,3104,976,1625,1072,1564,3025,2959,3186,2603,5.838987827301
2022.06.24 14:31:00.033,#M,224.96000671387,225.61999511719,225.33999633789,224.7200012207,224.83000183105,224.88999938965,224.58999633789,225.11000061035,225.19999694824,224.69999694824,224.86999511719,224.61999511719,225.00999450684,224.80000305176,225.19000244141,224.96000671387,-0.046000000089407,-0.13600000739098,1.305999994278,-0.016000000759959,-0.070000000298023,-0.11200000345707,-0.087999999523163,0.358000010252,-0.05799999833107,-0.10400000214577,-0.10199999809265,-0.15000000596046,-0.10199999809265,-0.032000001519918,-0.092000000178814,-0.10199999809265,2970,2418,2719,2429,2742,3194,2987,3089,932,1610,1064,1572,3004,2937,3102,2658,5.8079509735107
2022.06.24 14:31:10.031,#M,224.7799987793,225.13999938965,224.88999938965,224.63000488281,224.94000244141,224.78999328613,224.69000244141,224.99000549316,225.10000610352,225.2799987793,224.7200012207,224.69000244141,225.08000183105,224.77000427246,225.11000061035,225.02000427246,-0.050000000745058,-0.15000000596046,1.3320000171661,-0.028000000864267,-0.10000000149012,-0.10400000214577,-0.10000000149012,0.34999999403954,-0.054000001400709,-0.1140000000596,-0.10400000214577,-0.14800000190735,-0.10199999809265,-0.056000001728535,-0.097999997437,-0.10199999809265,2963,2378,2704,2426,2736,3157,2919,3157,982,1522,1020,1584,2980,2938,3132,2596,5.8190932273865
2022.06.24 14:31:20.046,#M,224.78999328613,225.08000183105,224.91999816895,224.94000244141,225.05999755859,224.5299987793,224.94000244141,224.78999328613,224.92999267578,224.77000427246,224.82000732422,224.97999572754,225.16000366211,224.64999389648,224.86000061035,225.0299987793,-0.050000000745058,-0.15000000596046,1.3420000076294,-0.028000000864267,-0.10400000214577,-0.10400000214577,-0.10800000280142,0.3459999859333,-0.070000000298023,-0.11999999731779,-0.11800000071526,-0.14800000190735,-0.10199999809265,-0.043999999761581,-0.074000000953674,-0.092000000178814,3034,2551,2725,2442,2691,3147,3009,3153,954,1665,1104,1641,2897,3044,3261,2673,5.8386702537537
2022.06.24 14:31:30.044,#M,224.72999572754,225.21000671387,225.14999389648,224.91999816895,224.80999755859,224.57000732422,224.99000549316,224.58999633789,225.07000732422,224.57000732422,224.80000305176,224.88999938965,225.32000732422,224.77000427246,224.69000244141,225.07000732422,-0.064000003039837,-0.15199999511242,1.3300000429153,-0.043999999761581,-0.086000002920628,-0.10800000280142,-0.11999999731779,0.35600000619888,-0.086000002920628,-0.12600000202656,-0.12200000137091,-0.15399999916553,-0.10000000149012,-0.052000001072884,-0.090000003576279,-0.10199999809265,2945,2503,2784,2438,2713,3287,2955,3144,940,1661,1059,1541,2944,2959,3111,2659,5.8412170410156
2022.06.24 14:31:40.042,#M,224.94000244141,224.96000671387,224.9700012207,224.66999816895,224.82000732422,224.91000366211,225.28999328613,224.7200012207,224.63999938965,225.14999389648,224.80000305176,224.80999755859,225.32000732422,224.88999938965,225.07000732422,225.05000305176,-0.050000000745058,-0.16799999773502,1.3400000333786,-0.056000001728535,-0.10000000149012,-0.10999999940395,-0.11800000071526,0.3459999859333,-0.082000002264977,-0.10999999940395,-0.10400000214577,-0.14800000190735,-0.083999998867512,-0.037999998778105,-0.090000003576279,-0.10199999809265,2944,2428,2599,2499,2693,3248,3024,3096,955,1539,1054,1565,2962,2970,3178,2619,5.7953767776489
2022.06.24 14:31:43.151,#12,250,250,250,250,250,250,250,250,250,250,250,250,250,250,250,250,200,200,200,200,200,200,200,200,200,200,200,200,200,200,200,200,224.96000671387,224.89999389648,225.25,224.49000549316,224.75,224.78999328613,225.10000610352,224.58000183105,224.50999450684,224.85000610352,224.78999328613,224.82000732422,225.03999328613,224.9700012207,224.91000366211,225.02000427246,-0.056000001728535,-0.17800000309944,1.3279999494553,-0.037999998778105,-0.093999996781349,-0.10400000214577,-0.11999999731779,0.358000010252,-0.065999999642372,-0.11200000345707,-0.087999999523163,-0.14399999380112,-0.078000001609325,-0.041999999433756,-0.10400000214577,-0.1140000000596,2917,2494,2669,2424,2657,3197,3043,3096,951,1621,1111,1639,2966,2942,3133,2641,5.8151135444641
2022.06.24 14:31:53.039,#M,249.55000305176,249.83000183105,249.99000549316,250.5299987793,251.13000488281,250.16000366211,250.4700012207,251.11000061035,248.7799987793,252.19000244141,250.96000671387,249.97999572754,249.83999633789,249.16000366211,249.92999267578,249.25999450684,-0.032000001519918,-0.13400000333786,2.8359999656677,0.052000001072884,-0.052000001072884,-0.10000000149012,-0.065999999642372,0.41800001263618,-0.019999999552965,-0.1140000000596,-0.10999999940395,-0.13400000333786,-0.07599999755621,-0.0099999997764826,-0.064000003039837,-0.12999999523163,2874,2411,2721,2513,2604,3206,2934,3055,895,1484,945,1565,3100,3041,3183,2705,5.7732529640198
2022.06.24 14:32:03.038,#M,249.58999633789,249.86999511719,249.78999328613,249.96000671387,249.69999694824,249.36999511719,249.61000061035,250.39999389648,249.27000427246,250.08000183105,249.82000732422,249.7799987793,250.11999511719,249.66000366211,249.9700012207,249.61999511719,-0.048000000417233,-0.15000000596046,2.7999999523163,-0.029999999329448,-0.096000000834465,-0.11200000345707,-0.092000000178814,0.41999998688698,-0.029999999329448,-0.1140000000596,-0.12800000607967,-0.18600000441074,-0.082000002264977,-0.03999999910593,-0.087999999523163,-0.086000002920628,2956,2473,2621,2422,2669,3162,3000,3165,847,1475,986,1600,2982,2975,3199,2668,5.791079044342
2022.06.24 14:32:13.037,#M,249.80000305176,249.89999389648,249.94000244141,249.92999267578,249.38000488281,249.35000610352,250.03999328613,249.9700012207,249.67999267578,250.08999633789,249.9700012207,249.85000610352,249.88000488281,249.86000061035,249.97999572754,249.63999938965,-0.059999998658895,-0.14599999785423,2.7960000038147,-0.019999999552965,-0.096000000834465,-0.1059999987483,-0.092000000178814,0.43200001120567,-0.037999998778105,-0.10800000280142,-0.11200000345707,-0.15399999916553,-0.083999998867512,-0.021999999880791,-0.092000000178814,-0.07599999755621,2910,2479,2625,2421,2685,3306,2963,3146,892,1438,895,1610,2925,2982,3059,2713,5.760998249054
2022.06.24 14:32:23.035,#M,249.94999694824,249.71000671387,250.25,249.55999755859,249.78999328613,249.58000183105,250.16000366211,249.66000366211,249.7799987793,249.83999633789,249.61999511719,249.83000183105,250.16000366211,249.77000427246,250.00999450684,249.96000671387,-0.065999999642372,-0.15999999642372,2.805999994278,-0.016000000759959,-0.083999998867512,-0.12600000202656,-0.1140000000596,0.44200000166893,-0.05799999833107,-0.10199999809265,-0.11200000345707,-0.14800000190735,-0.096000000834465,-0.028000000864267,-0.090000003576279,-0.082000002264977,2917,2504,2688,2485,2748,3210,3080,3168,843,1453,936,1594,2960,2981,3112,2665,5.7590870857239
2022.06.24 14:32:33.034,#M,249.88999938965,249.69999694824,250.08000183105,249.86999511719,249.69999694824,250.13999938965,249.75999450684,249.80000305176,249.69999694824,250.02000427246,249.91000366211,249.49000549316,250.08999633789,250.02000427246,249.96000671387,250.11999511719,-0.052000001072884,-0.15999999642372,2.8120000362396,-0.016000000759959,-0.083999998867512,-0.1140000000596,-0.10800000280142,0.44600000977516,-0.05799999833107,-0.10999999940395,-0.090000003576279,-0.14599999785423,-0.087999999523163,-0.029999999329448,-0.083999998867512,-0.10000000149012,2877,2419,2670,2376,2693,3257,2980,3134,880,1482,941,1577,2856,2934,3126,2676,5.7667264938354
2022.06.24 14:32:43.032,#M,249.88999938965,249.89999389648,250.25,249.80999755859,249.96000671387,249.83999633789,249.83000183105,249.7200012207,250.16000366211,249.96000671387,249.9700012207,249.66999816895,249.71000671387,249.89999389648,249.85000610352,249.97999572754,-0.032000001519918,-0.15000000596046,2.7999999523163,-0.032000001519918,-0.083999998867512,-0.12600000202656,-0.1140000000596,0.43599998950958,-0.070000000298023,-0.097999997437,-0.10000000149012,-0.13600000739098,-0.093999996781349,-0.028000000864267,-0.070000000298023,-0.10800000280142,2992,2520,2648,2461,2734,3192,3067,3135,874,1500,896,1645,3030,2934,3190,2657,5.8007884025574
2022.06.24 14:32:46.142,#0,100,100,100,100,100,100,100,100,100,100,100,100,100,100,100,100,200,200,200,200,200,200,200,200,200,200,200,200,200,200,200,200,249.94999694824,250.02000427246,250.13999938965,249.69999694824,249.94000244141,249.88999938965,249.89999389648,249.86999511719,250.16999816895,249.9700012207,249.80999755859,249.78999328613,250,249.82000732422,249.78999328613,250,-0.032000001519918,-0.14000000059605,2.7880001068115,-0.019999999552965,-0.092000000178814,-0.11200000345707,-0.10400000214577,0.42800000309944,-0.070000000298023,-0.10199999809265,-0.11200000345707,-0.13600000739098,-0.078000001609325,-0.029999999329448,-0.071999996900558,-0.10800000280142,2972,2432,2714,2434,2674,3182,3068,3074,889,1458,922,1568,2950,3130,3138,2662,5.7326655387878

2022.06.24 14:32:46.157,SCAN Finished with result COMPLETED OK! ;
