2022.06.19 17:18:08.258,Scan triggered MANUALLY from Panel with mode Forced Enable =  TRUE
2022.06.19 17:18:08.321,Configuration used for Scan: PLT HV SCAN Run3

2022.06.19 17:18:08.336,HpFT0,HpFT1,HpFT2,HpFT3,HpNT0,HpNT1,HpNT2,HpNT3,HmFT0,HmFT1,HmFT2,HmFT3,HmNT0,HmNT1,HmNT2,HmNT3
2022.06.19 17:18:08.352,#channels,v0,v1,i0,i1,rUp,rDwn,triptime,vMaxSoftValue,vMon,iMon,DIP(telescope+instLumi)
2022.06.19 17:18:08.367,16,1,0,1,0,0,0,0,0,1,1,1
2022.06.19 17:18:08.508,#1,50,50,50,50,50,50,50,50,50,50,50,50,50,50,50,50,200,200,200,200,200,200,200,200,200,200,200,200,200,200,200,200,99.910003662109,100.09999847412,100.05999755859,100,99.790000915527,99.830001831055,100,100.01000213623,100.05000305176,100.05000305176,99.889999389648,99.940002441406,100.01999664307,100.01000213623,99.959999084473,100.16000366211,-0.078000001609325,-0.17399999499321,-0.07599999755621,-0.03999999910593,-0.10400000214577,-0.11999999731779,-0.1140000000596,0.071999996900558,-0.065999999642372,-0.1140000000596,-0.11599999666214,-0.15399999916553,-0.096000000834465,-0.071999996900558,-0.10199999809265,-0.11200000345707,2440,1933,2239,1906,2096,2544,2385,2443,1798,2018,1938,1593,2477,2427,2518,2160,5.1978492736816
2022.06.19 17:18:18.037,#M,50.099998474121,50.040000915527,49.909999847412,50.400001525879,49.549999237061,49.830001831055,50.180000305176,49.970001220703,49.930000305176,49.979999542236,49.799999237061,49.729999542236,50.090000152588,50.159999847412,50.009998321533,50.310001373291,-0.093999996781349,-0.20000000298023,-0.10400000214577,-0.061999998986721,-0.12600000202656,-0.13799999654293,-0.14800000190735,-0.035999998450279,-0.03999999910593,-0.14399999380112,-0.07599999755621,-0.11999999731779,-0.11999999731779,-0.10999999940395,-0.086000002920628,-0.092000000178814,1318,1124,1634,1038,1690,2318,2004,2110,2024,2010,1995,1726,1453,1617,1869,1717,3.7977392673492
2022.06.19 17:18:28.036,#M,49.919998168945,50.119998931885,49.869998931885,49.919998168945,49.790000915527,49.840000152588,50.180000305176,50.029998779297,49.849998474121,50.060001373291,49.889999389648,49.810001373291,50.049999237061,49.950000762939,49.979999542236,50.080001831055,-0.082000002264977,-0.18400000035763,-0.07599999755621,-0.043999999761581,-0.1059999987483,-0.1140000000596,-0.11200000345707,-0.024000000208616,-0.065999999642372,-0.11599999666214,-0.11200000345707,-0.15000000596046,-0.090000003576279,-0.092000000178814,-0.10999999940395,-0.11800000071526,1367,1197,1596,1067,1631,2333,1888,2028,1947,2119,2078,1786,1404,1745,1821,1731,4.139000415802
2022.06.19 17:18:38.034,#M,49.889999389648,50.080001831055,50.009998321533,49.799999237061,49.659999847412,49.840000152588,50.020000457764,49.930000305176,49.909999847412,50,49.880001068115,49.810001373291,50.049999237061,50.020000457764,49.919998168945,50.099998474121,-0.079999998211861,-0.18400000035763,-0.078000001609325,-0.046000000089407,-0.1059999987483,-0.11599999666214,-0.11599999666214,-0.024000000208616,-0.068000003695488,-0.11599999666214,-0.11800000071526,-0.15600000321865,-0.096000000834465,-0.087999999523163,-0.1140000000596,-0.11800000071526,1373,1196,1506,1116,1606,2313,1893,1968,2050,2019,2008,1712,1327,1581,1769,1594,4.0335030555725
2022.06.19 17:18:48.032,#M,49.880001068115,50.110000610352,49.979999542236,49.909999847412,49.709999084473,49.830001831055,49.869998931885,49.919998168945,49.840000152588,50.029998779297,49.869998931885,49.830001831055,50.029998779297,50,49.880001068115,50.060001373291,-0.083999998867512,-0.18000000715256,-0.078000001609325,-0.043999999761581,-0.10800000280142,-0.11599999666214,-0.1140000000596,-0.024000000208616,-0.070000000298023,-0.11599999666214,-0.11800000071526,-0.15800000727177,-0.096000000834465,-0.090000003576279,-0.1140000000596,-0.11800000071526,1341,1193,1581,1092,1529,2185,1746,1939,2012,2079,2016,1735,1272,1558,1721,1622,3.9775469303131
2022.06.19 17:18:58.045,#M,49.909999847412,50.090000152588,50,49.970001220703,49.689998626709,49.840000152588,49.880001068115,50.060001373291,49.909999847412,49.939998626709,49.900001525879,49.830001831055,50.009998321533,50,49.930000305176,50.049999237061,-0.083999998867512,-0.18000000715256,-0.079999998211861,-0.043999999761581,-0.10800000280142,-0.11599999666214,-0.11999999731779,-0.019999999552965,-0.071999996900558,-0.11800000071526,-0.11800000071526,-0.15600000321865,-0.097999997437,-0.087999999523163,-0.11200000345707,-0.11800000071526,1288,1149,1554,1164,1491,2129,1778,1845,1995,2031,2046,1657,1242,1589,1639,1484,3.9083094596863
2022.06.19 17:19:08.044,#M,49.880001068115,50.110000610352,50.029998779297,49.959999084473,49.650001525879,49.849998474121,49.880001068115,50.060001373291,49.930000305176,49.909999847412,49.919998168945,49.830001831055,49.979999542236,49.959999084473,49.919998168945,50.090000152588,-0.083999998867512,-0.18000000715256,-0.082000002264977,-0.046000000089407,-0.10999999940395,-0.11599999666214,-0.11800000071526,-0.024000000208616,-0.070000000298023,-0.11599999666214,-0.11800000071526,-0.15999999642372,-0.096000000834465,-0.090000003576279,-0.1140000000596,-0.11800000071526,1354,1247,1558,1100,1468,2153,1791,1818,1921,2024,2020,1667,1128,1450,1582,1458,3.8844347000122
2022.06.19 17:19:14.136,#2,60,60,60,60,60,60,60,60,60,60,60,60,60,60,60,60,200,200,200,200,200,200,200,200,200,200,200,200,200,200,200,200,49.880001068115,50.110000610352,50.020000457764,49.930000305176,49.700000762939,49.840000152588,49.909999847412,50.009998321533,49.939998626709,50,49.909999847412,49.880001068115,49.970001220703,49.970001220703,49.959999084473,50.130001068115,-0.083999998867512,-0.18000000715256,-0.083999998867512,-0.03999999910593,-0.10999999940395,-0.11599999666214,-0.11599999666214,-0.024000000208616,-0.070000000298023,-0.11800000071526,-0.11800000071526,-0.15800000727177,-0.096000000834465,-0.087999999523163,-0.1140000000596,-0.11999999731779,1357,1240,1618,1152,1470,2201,1765,1875,1997,2055,2030,1712,1060,1494,1542,1523,3.8404154777527
2022.06.19 17:19:24.041,#M,59.889999389648,59.900001525879,60.049999237061,59.930000305176,59.770000457764,60.009998321533,60.209999084473,60.330001831055,60.259998321533,60.020000457764,60.139999389648,60.090000152588,59.900001525879,59.959999084473,60.259998321533,59.880001068115,-0.078000001609325,-0.17399999499321,-0.07599999755621,-0.032000001519918,-0.10199999809265,-0.11999999731779,-0.1140000000596,0.0080000003799796,-0.07599999755621,-0.1059999987483,-0.11599999666214,-0.14800000190735,-0.090000003576279,-0.082000002264977,-0.1140000000596,-0.11599999666214,1086,1024,1640,938,2041,2472,2367,2418,2005,2039,1975,1696,1874,2159,2285,1979,4.4426589012146
2022.06.19 17:19:34.039,#M,59.840000152588,60.020000457764,60,59.950000762939,59.770000457764,59.740001678467,59.939998626709,59.959999084473,60.099998474121,60.020000457764,59.950000762939,59.950000762939,60.020000457764,59.990001678467,59.860000610352,60.200000762939,-0.078000001609325,-0.18000000715256,-0.07599999755621,-0.037999998778105,-0.10400000214577,-0.12200000137091,-0.10999999940395,-0.0099999997764826,-0.074000000953674,-0.11200000345707,-0.11999999731779,-0.15600000321865,-0.096000000834465,-0.083999998867512,-0.10800000280142,-0.11800000071526,1067,1048,1572,901,2040,2502,2368,2369,2025,2044,2134,1717,2048,2202,2232,1997,4.4598178863525
2022.06.19 17:19:44.037,#M,59.880001068115,60.020000457764,60,59.970001220703,59.75,59.669998168945,59.900001525879,59.659999847412,60.029998779297,60.009998321533,59.970001220703,59.930000305176,60.029998779297,60.020000457764,59.889999389648,60.049999237061,-0.079999998211861,-0.18000000715256,-0.079999998211861,-0.037999998778105,-0.10400000214577,-0.11599999666214,-0.11599999666214,-0.0060000000521541,-0.070000000298023,-0.11200000345707,-0.11800000071526,-0.15800000727177,-0.10000000149012,-0.082000002264977,-0.10999999940395,-0.1140000000596,1073,1030,1559,920,2122,2500,2317,2423,2068,2062,1970,1674,1980,2125,2335,2022,4.509060382843
2022.06.19 17:19:54.035,#M,59.799999237061,60.080001831055,60,59.979999542236,59.770000457764,59.740001678467,59.869998931885,59.720001220703,59.979999542236,60.009998321533,59.909999847412,59.869998931885,59.959999084473,60.049999237061,59.919998168945,60.110000610352,-0.079999998211861,-0.17800000309944,-0.078000001609325,-0.037999998778105,-0.10400000214577,-0.11800000071526,-0.1140000000596,-0.0080000003799796,-0.070000000298023,-0.1140000000596,-0.11800000071526,-0.15399999916553,-0.10000000149012,-0.083999998867512,-0.10999999940395,-0.1140000000596,1066,1011,1544,881,2051,2609,2238,2460,1984,2123,2047,1644,1965,2151,2369,1968,4.4930939674377
2022.06.19 17:20:04.033,#M,59.770000457764,60.020000457764,60.049999237061,59.970001220703,59.770000457764,59.819999694824,59.869998931885,59.75,59.970001220703,60.020000457764,59.919998168945,59.869998931885,59.970001220703,60.040000915527,59.799999237061,60.159999847412,-0.078000001609325,-0.18000000715256,-0.079999998211861,-0.03999999910593,-0.10400000214577,-0.11800000071526,-0.1140000000596,-0.0060000000521541,-0.071999996900558,-0.1140000000596,-0.11800000071526,-0.15399999916553,-0.093999996781349,-0.083999998867512,-0.10999999940395,-0.11599999666214,1043,968,1609,865,2059,2462,2267,2398,2043,2098,1957,1643,1970,2118,2314,1977,4.4453444480896
2022.06.19 17:20:14.033,#M,59.840000152588,60.080001831055,60.029998779297,59.979999542236,59.770000457764,59.779998779297,59.900001525879,59.990001678467,60,60.009998321533,59.919998168945,59.889999389648,59.990001678467,60.080001831055,59.779998779297,60.049999237061,-0.083999998867512,-0.18000000715256,-0.082000002264977,-0.03999999910593,-0.10400000214577,-0.11800000071526,-0.11800000071526,-0.012000000104308,-0.070000000298023,-0.1140000000596,-0.11800000071526,-0.15800000727177,-0.093999996781349,-0.082000002264977,-0.1059999987483,-0.1140000000596,1108,1015,1586,881,2040,2516,2285,2439,2044,2137,1972,1701,1896,2202,2186,1964,4.4590721130371
2022.06.19 17:20:17.126,#3,70,70,70,70,70,70,70,70,70,70,70,70,70,70,70,70,200,200,200,200,200,200,200,200,200,200,200,200,200,200,200,200,59.880001068115,60.040000915527,60.040000915527,59.970001220703,59.779998779297,59.849998474121,59.919998168945,59.869998931885,60.009998321533,60.009998321533,59.919998168945,59.889999389648,60.009998321533,60.040000915527,59.759998321533,60.069999694824,-0.082000002264977,-0.17800000309944,-0.082000002264977,-0.03999999910593,-0.10400000214577,-0.11999999731779,-0.11599999666214,-0.012000000104308,-0.074000000953674,-0.1140000000596,-0.11999999731779,-0.15800000727177,-0.096000000834465,-0.083999998867512,-0.10800000280142,-0.1140000000596,1062,1002,1574,912,2105,2419,2405,2390,2017,2086,2127,1600,1993,2162,2310,1941,4.492199420929
2022.06.19 17:20:27.046,#M,69.610000610352,69.73999786377,70.209999084473,70.089996337891,69.080001831055,69.800003051758,70.160003662109,70.349998474121,69.860000610352,69.569999694824,70.089996337891,69.819999694824,70.160003662109,70.019996643066,69.900001525879,70.059997558594,-0.059999998658895,-0.15999999642372,-0.074000000953674,-0.019999999552965,-0.12800000607967,-0.12200000137091,-0.10400000214577,0.024000000208616,-0.059999998658895,-0.10400000214577,-0.11200000345707,-0.14800000190735,-0.082000002264977,-0.070000000298023,-0.10000000149012,-0.10199999809265,1626,1500,1905,1393,2156,2579,2433,2372,2011,2139,2010,1687,2426,2353,2513,2081,4.9094114303589
2022.06.19 17:20:37.030,#M,69.790000915527,70.029998779297,70.129997253418,69.830001831055,69.529998779297,69.889999389648,69.98999786377,70.040000915527,70.01000213623,69.930000305176,70.01000213623,69.819999694824,70.050003051758,70,69.879997253418,70.180000305176,-0.074000000953674,-0.17399999499321,-0.07599999755621,-0.03999999910593,-0.1140000000596,-0.11599999666214,-0.1140000000596,0.014000000432134,-0.068000003695488,-0.1140000000596,-0.11599999666214,-0.15800000727177,-0.093999996781349,-0.078000001609325,-0.10400000214577,-0.11200000345707,1643,1442,1916,1417,2102,2568,2403,2496,1992,2056,2010,1614,2355,2328,2524,2110,4.9238848686218
2022.06.19 17:20:47.044,#M,69.839996337891,70.050003051758,70.110000610352,69.860000610352,69.76000213623,69.849998474121,69.980003356934,69.959999084473,70.029998779297,69.98999786377,69.970001220703,69.809997558594,70.029998779297,70,69.900001525879,70.129997253418,-0.079999998211861,-0.17800000309944,-0.079999998211861,-0.03999999910593,-0.10800000280142,-0.11800000071526,-0.11800000071526,0.0099999997764826,-0.070000000298023,-0.11999999731779,-0.11599999666214,-0.15800000727177,-0.093999996781349,-0.078000001609325,-0.1059999987483,-0.11599999666214,1590,1485,1994,1447,2199,2515,2412,2427,1954,2131,2056,1704,2356,2345,2451,2095,4.8618106842041
2022.06.19 17:20:57.042,#M,69.849998474121,69.980003356934,70.089996337891,69.900001525879,69.720001220703,69.809997558594,70.050003051758,69.900001525879,70.050003051758,69.959999084473,69.930000305176,69.900001525879,70.019996643066,70.050003051758,69.900001525879,70.129997253418,-0.074000000953674,-0.17800000309944,-0.078000001609325,-0.037999998778105,-0.10800000280142,-0.1140000000596,-0.11200000345707,0.012000000104308,-0.070000000298023,-0.1140000000596,-0.11800000071526,-0.15399999916553,-0.10000000149012,-0.078000001609325,-0.10800000280142,-0.11599999666214,1627,1482,2000,1368,2190,2558,2322,2492,2072,2009,2056,1586,2331,2321,2417,2115,4.9058299064636
2022.06.19 17:21:07.042,#M,69.889999389648,70.050003051758,70.050003051758,69.860000610352,69.699996948242,69.860000610352,70.069999694824,69.889999389648,69.980003356934,70.01000213623,69.919998168945,69.870002746582,70,69.970001220703,69.910003662109,70.190002441406,-0.082000002264977,-0.17800000309944,-0.078000001609325,-0.043999999761581,-0.10800000280142,-0.11800000071526,-0.11599999666214,0.012000000104308,-0.064000003039837,-0.11200000345707,-0.11800000071526,-0.15399999916553,-0.096000000834465,-0.079999998211861,-0.10800000280142,-0.11200000345707,1565,1421,1919,1436,2126,2503,2395,2405,2038,2104,1939,1731,2358,2259,2395,2151,4.8928484916687
2022.06.19 17:21:17.040,#M,69.900001525879,70.150001525879,70.080001831055,69.819999694824,69.769996643066,69.910003662109,70.019996643066,69.949996948242,69.940002441406,69.910003662109,69.919998168945,69.870002746582,70.050003051758,69.98999786377,69.949996948242,70.129997253418,-0.07599999755621,-0.17800000309944,-0.078000001609325,-0.048000000417233,-0.10999999940395,-0.11800000071526,-0.11200000345707,0.0099999997764826,-0.070000000298023,-0.11200000345707,-0.11800000071526,-0.15600000321865,-0.093999996781349,-0.079999998211861,-0.10400000214577,-0.11800000071526,1545,1388,1964,1397,2049,2518,2397,2379,1991,2083,2094,1594,2328,2322,2485,2175,4.8807616233826
2022.06.19 17:21:19.134,#4,80,80,80,80,80,80,80,80,80,80,80,80,80,80,80,80,200,200,200,200,200,200,200,200,200,200,200,200,200,200,200,200,69.870002746582,70.129997253418,70.080001831055,69.819999694824,69.790000915527,69.889999389648,70.050003051758,69.940002441406,69.959999084473,69.940002441406,69.919998168945,69.870002746582,70.050003051758,70,69.940002441406,70.150001525879,-0.074000000953674,-0.18000000715256,-0.078000001609325,-0.046000000089407,-0.10999999940395,-0.11599999666214,-0.11200000345707,0.0080000003799796,-0.070000000298023,-0.10999999940395,-0.11800000071526,-0.15399999916553,-0.093999996781349,-0.079999998211861,-0.10400000214577,-0.11800000071526,1591,1568,1933,1445,2034,2555,2329,2436,1957,2022,2032,1656,2341,2358,2547,2178,4.8653922080994
2022.06.19 17:21:29.039,#M,80.019996643066,79.889999389648,80.169998168945,79.830001831055,79.680000305176,79.849998474121,80.110000610352,79.680000305176,80.220001220703,80.319999694824,80.069999694824,79.839996337891,80.050003051758,80.040000915527,79.949996948242,80.309997558594,-0.083999998867512,-0.17399999499321,-0.071999996900558,-0.041999999433756,-0.1059999987483,-0.11599999666214,-0.10400000214577,0.064000003039837,-0.074000000953674,-0.10800000280142,-0.1059999987483,-0.14800000190735,-0.086000002920628,-0.068000003695488,-0.092000000178814,-0.1140000000596,2115,1796,2206,1873,2156,2487,2372,2474,1927,2058,2011,1643,2373,2360,2565,2128,5.1186146736145
2022.06.19 17:21:39.037,#M,79.949996948242,79.930000305176,80.099998474121,79.919998168945,79.730003356934,79.889999389648,80.050003051758,79.930000305176,79.930000305176,80.080001831055,80.019996643066,79.910003662109,80.029998779297,79.98999786377,79.930000305176,80.160003662109,-0.079999998211861,-0.17200000584126,-0.07599999755621,-0.03999999910593,-0.1059999987483,-0.11999999731779,-0.10999999940395,0.03999999910593,-0.070000000298023,-0.10999999940395,-0.1140000000596,-0.15199999511242,-0.092000000178814,-0.07599999755621,-0.10199999809265,-0.1140000000596,2044,1880,2135,1840,2261,2556,2455,2387,1963,2073,2026,1567,2456,2399,2559,2122,5.1451754570007
2022.06.19 17:21:49.035,#M,79.919998168945,80,80.050003051758,79.949996948242,79.879997253418,79.860000610352,79.910003662109,79.970001220703,80.069999694824,80.089996337891,79.959999084473,79.910003662109,80.029998779297,79.980003356934,79.949996948242,80.160003662109,-0.079999998211861,-0.17599999904633,-0.07599999755621,-0.03999999910593,-0.11200000345707,-0.11800000071526,-0.11599999666214,0.034000001847744,-0.065999999642372,-0.1140000000596,-0.11599999666214,-0.15800000727177,-0.093999996781349,-0.07599999755621,-0.10400000214577,-0.1140000000596,2072,1857,2131,1831,2152,2531,2348,2377,2009,2028,2041,1646,2509,2392,2517,2178,5.1657671928406
2022.06.19 17:21:59.034,#M,79.879997253418,80.01000213623,80.029998779297,79.889999389648,79.830001831055,79.889999389648,79.970001220703,79.980003356934,80.029998779297,80.040000915527,79.959999084473,79.910003662109,80.029998779297,79.980003356934,79.970001220703,80.129997253418,-0.079999998211861,-0.18400000035763,-0.078000001609325,-0.041999999433756,-0.10400000214577,-0.12200000137091,-0.1140000000596,0.029999999329448,-0.065999999642372,-0.11999999731779,-0.11599999666214,-0.15600000321865,-0.093999996781349,-0.07599999755621,-0.10400000214577,-0.11200000345707,2061,1903,2155,1752,2164,2497,2389,2428,1966,2122,1959,1652,2485,2385,2472,2182,5.1587533950806
2022.06.19 17:22:09.032,#M,79.879997253418,80.059997558594,80.040000915527,79.839996337891,79.73999786377,79.860000610352,79.910003662109,79.949996948242,80.089996337891,80,79.98999786377,79.910003662109,80.040000915527,79.980003356934,79.949996948242,80.160003662109,-0.078000001609325,-0.18400000035763,-0.078000001609325,-0.041999999433756,-0.10800000280142,-0.11999999731779,-0.1140000000596,0.028000000864267,-0.068000003695488,-0.10800000280142,-0.11599999666214,-0.15800000727177,-0.096000000834465,-0.07599999755621,-0.1059999987483,-0.1140000000596,2054,1878,2178,1812,2186,2627,2424,2484,1880,2079,2005,1589,2440,2388,2507,2131,5.1332378387451
2022.06.19 17:22:19.032,#M,79.940002441406,80.089996337891,80.059997558594,79.910003662109,79.709999084473,79.860000610352,80.019996643066,79.949996948242,80.080001831055,80.019996643066,79.980003356934,79.919998168945,80.099998474121,79.970001220703,79.98999786377,80.120002746582,-0.079999998211861,-0.18000000715256,-0.078000001609325,-0.037999998778105,-0.10800000280142,-0.11800000071526,-0.1140000000596,0.026000000536442,-0.070000000298023,-0.10999999940395,-0.11599999666214,-0.15600000321865,-0.093999996781349,-0.07599999755621,-0.1059999987483,-0.11200000345707,2059,1906,2174,1816,2091,2543,2396,2384,1903,2121,1928,1547,2445,2390,2426,2095,5.1242847442627
2022.06.19 17:22:21.125,#5,90,90,90,90,90,90,90,90,90,90,90,90,90,90,90,90,200,200,200,200,200,200,200,200,200,200,200,200,200,200,200,200,79.900001525879,80.069999694824,80.050003051758,79.889999389648,79.699996948242,79.849998474121,79.959999084473,79.940002441406,80.110000610352,80.019996643066,79.98999786377,79.919998168945,80.089996337891,79.959999084473,79.970001220703,80.120002746582,-0.079999998211861,-0.17399999499321,-0.078000001609325,-0.037999998778105,-0.1059999987483,-0.11800000071526,-0.11200000345707,0.026000000536442,-0.070000000298023,-0.11200000345707,-0.11800000071526,-0.15600000321865,-0.093999996781349,-0.07599999755621,-0.10400000214577,-0.11200000345707,2042,1875,2182,1803,2162,2502,2404,2525,1977,2106,2021,1618,2504,2441,2474,2150,5.1906862258911
2022.06.19 17:22:31.031,#M,89.949996948242,90.019996643066,90.01000213623,89.870002746582,89.830001831055,90.059997558594,89.98999786377,90.160003662109,90.300003051758,90.470001220703,89.980003356934,89.940002441406,90.23999786377,89.940002441406,89.970001220703,90.129997253418,-0.074000000953674,-0.18000000715256,-0.068000003695488,-0.037999998778105,-0.090000003576279,-0.10400000214577,-0.11200000345707,0.056000001728535,-0.05799999833107,-0.092000000178814,-0.11200000345707,-0.14800000190735,-0.090000003576279,-0.068000003695488,-0.092000000178814,-0.10800000280142,2341,2056,2165,1984,2234,2537,2442,2446,1795,2122,1983,1583,2479,2359,2540,2148,5.2545518875122
2022.06.19 17:22:41.045,#M,89.919998168945,90.099998474121,90.029998779297,89.879997253418,89.930000305176,89.930000305176,89.919998168945,90.059997558594,90.110000610352,90.129997253418,89.970001220703,89.910003662109,90.139999389648,90.040000915527,89.970001220703,90.150001525879,-0.074000000953674,-0.17800000309944,-0.07599999755621,-0.03999999910593,-0.10199999809265,-0.11200000345707,-0.1140000000596,0.054000001400709,-0.064000003039837,-0.1059999987483,-0.1140000000596,-0.15399999916553,-0.092000000178814,-0.070000000298023,-0.10199999809265,-0.10800000280142,2173,1997,2221,1946,2179,2511,2344,2533,1869,2012,1958,1586,2507,2420,2535,2115,5.2184410095215
2022.06.19 17:22:51.043,#M,89.930000305176,90.069999694824,90.099998474121,89.98999786377,89.800003051758,89.870002746582,89.930000305176,90.120002746582,90.059997558594,90.169998168945,89.959999084473,89.910003662109,90.089996337891,90.040000915527,89.980003356934,90.150001525879,-0.078000001609325,-0.17800000309944,-0.07599999755621,-0.03999999910593,-0.10400000214577,-0.11599999666214,-0.12200000137091,0.050000000745058,-0.068000003695488,-0.11200000345707,-0.11599999666214,-0.15399999916553,-0.093999996781349,-0.071999996900558,-0.10199999809265,-0.11200000345707,2303,1968,2152,1895,2130,2515,2280,2479,1838,2090,1949,1574,2444,2394,2526,2120,5.1578588485718
2022.06.19 17:23:01.041,#M,89.900001525879,90.040000915527,90.089996337891,90.019996643066,89.900001525879,89.949996948242,89.910003662109,90.080001831055,90.080001831055,90.120002746582,89.970001220703,89.910003662109,90.029998779297,90.01000213623,89.959999084473,90.139999389648,-0.074000000953674,-0.17800000309944,-0.07599999755621,-0.041999999433756,-0.10400000214577,-0.11599999666214,-0.11999999731779,0.050000000745058,-0.065999999642372,-0.1140000000596,-0.11599999666214,-0.15600000321865,-0.093999996781349,-0.071999996900558,-0.10400000214577,-0.1140000000596,2341,1904,2198,1912,2159,2595,2356,2452,1869,2067,1996,1609,2465,2315,2550,2023,5.1398034095764
2022.06.19 17:23:11.039,#M,89.970001220703,89.98999786377,90.099998474121,90.01000213623,89.76000213623,89.830001831055,89.910003662109,90.050003051758,90.089996337891,90.040000915527,89.98999786377,89.879997253418,89.98999786377,89.970001220703,89.970001220703,90.120002746582,-0.074000000953674,-0.17800000309944,-0.078000001609325,-0.03999999910593,-0.1140000000596,-0.11599999666214,-0.11200000345707,0.050000000745058,-0.071999996900558,-0.1140000000596,-0.11599999666214,-0.15800000727177,-0.096000000834465,-0.07599999755621,-0.10400000214577,-0.11200000345707,2349,1912,2184,1869,2154,2426,2317,2431,1799,2104,1967,1570,2525,2437,2522,2206,5.1624841690063
2022.06.19 17:23:21.037,#M,89.940002441406,90.069999694824,90.129997253418,89.98999786377,89.769996643066,89.830001831055,89.819999694824,90.099998474121,90.050003051758,90.050003051758,89.970001220703,89.889999389648,89.98999786377,90.019996643066,89.970001220703,90.150001525879,-0.07599999755621,-0.17599999904633,-0.07599999755621,-0.03999999910593,-0.10999999940395,-0.11599999666214,-0.1140000000596,0.050000000745058,-0.071999996900558,-0.10800000280142,-0.11599999666214,-0.15800000727177,-0.096000000834465,-0.071999996900558,-0.10400000214577,-0.11200000345707,2242,1881,2220,1884,2228,2457,2381,2532,1883,1996,1957,1578,2450,2384,2554,2081,5.1402516365051
2022.06.19 17:23:24.131,#6,100,100,100,100,100,100,100,100,100,100,100,100,100,100,100,100,200,200,200,200,200,200,200,200,200,200,200,200,200,200,200,200,89.940002441406,90.059997558594,90.120002746582,89.970001220703,89.839996337891,89.819999694824,89.73999786377,90.120002746582,90.099998474121,90.110000610352,89.959999084473,89.889999389648,90.019996643066,90.01000213623,89.970001220703,90.150001525879,-0.078000001609325,-0.17800000309944,-0.07599999755621,-0.041999999433756,-0.10999999940395,-0.11599999666214,-0.11200000345707,0.048000000417233,-0.071999996900558,-0.10999999940395,-0.11800000071526,-0.15800000727177,-0.096000000834465,-0.071999996900558,-0.10400000214577,-0.1140000000596,2323,1987,2225,1887,2145,2593,2350,2446,1839,2073,1887,1590,2431,2335,2526,2088,5.2109808921814
2022.06.19 17:23:34.037,#M,99.819999694824,100.30000305176,100.0299987793,99.970001220703,99.790000915527,99.809997558594,100.61000061035,100.01999664307,100.0299987793,99.98999786377,99.900001525879,99.930000305176,99.889999389648,100.0299987793,100.01000213623,100.12000274658,-0.071999996900558,-0.16400000452995,-0.070000000298023,-0.032000001519918,-0.1140000000596,-0.13600000739098,-0.093999996781349,0.070000000298023,-0.059999998658895,-0.097999997437,-0.10800000280142,-0.15199999511242,-0.087999999523163,-0.061999998986721,-0.096000000834465,-0.1059999987483,2387,1934,2200,1961,2173,2486,2491,2465,1711,1957,1888,1631,2502,2293,2568,2081,5.1820316314697
2022.06.19 17:23:44.037,#M,99.830001831055,100.08000183105,100.11000061035,99.959999084473,99.839996337891,99.830001831055,100.05000305176,99.940002441406,100.04000091553,100.04000091553,99.930000305176,99.919998168945,100.01000213623,100.0299987793,99.980003356934,100.15000152588,-0.074000000953674,-0.17200000584126,-0.07599999755621,-0.037999998778105,-0.10800000280142,-0.11999999731779,-0.11200000345707,0.070000000298023,-0.065999999642372,-0.1140000000596,-0.11200000345707,-0.15399999916553,-0.090000003576279,-0.065999999642372,-0.10000000149012,-0.10999999940395,2361,1981,2200,1960,2163,2460,2396,2413,1739,1975,1788,1569,2570,2398,2498,2086,5.1565160751343
2022.06.19 17:23:54.035,#M,99.870002746582,100.15000152588,100.09999847412,99.980003356934,99.900001525879,99.839996337891,100.01999664307,99.919998168945,100.05000305176,100.05999755859,99.940002441406,99.910003662109,100,100.01000213623,99.970001220703,100.09999847412,-0.074000000953674,-0.17599999904633,-0.07599999755621,-0.037999998778105,-0.10999999940395,-0.11599999666214,-0.11599999666214,0.070000000298023,-0.065999999642372,-0.11599999666214,-0.1140000000596,-0.15399999916553,-0.093999996781349,-0.068000003695488,-0.10199999809265,-0.11200000345707,2352,1947,2102,2008,2155,2584,2376,2439,1688,1987,1908,1549,2443,2363,2534,2154,5.0762372016907
2022.06.19 17:24:04.033,#M,99.919998168945,100.12999725342,100.08999633789,99.980003356934,99.889999389648,99.959999084473,100,99.980003356934,100.05000305176,100.0299987793,99.930000305176,99.889999389648,100,99.970001220703,99.980003356934,100.16999816895,-0.078000001609325,-0.17599999904633,-0.07599999755621,-0.037999998778105,-0.1059999987483,-0.12200000137091,-0.1140000000596,0.068000003695488,-0.065999999642372,-0.11599999666214,-0.11599999666214,-0.15800000727177,-0.093999996781349,-0.068000003695488,-0.10199999809265,-0.11200000345707,2320,2023,2147,1950,2167,2545,2338,2423,1811,1989,1951,1532,2481,2385,2563,2130,5.1666626930237
2022.06.19 17:24:14.031,#M,99.889999389648,100.08999633789,100.08000183105,99.980003356934,99.849998474121,99.839996337891,100.01999664307,99.900001525879,100.05000305176,99.949996948242,99.930000305176,99.919998168945,100.01999664307,99.980003356934,99.980003356934,100.11000061035,-0.07599999755621,-0.17399999499321,-0.074000000953674,-0.037999998778105,-0.10800000280142,-0.11999999731779,-0.11599999666214,0.070000000298023,-0.065999999642372,-0.1140000000596,-0.11599999666214,-0.15600000321865,-0.093999996781349,-0.070000000298023,-0.10199999809265,-0.1140000000596,2418,1969,2110,1960,2138,2423,2399,2451,1882,2098,1802,1577,2468,2345,2468,2156,5.1808381080627
2022.06.19 17:24:24.046,#M,99.889999389648,100.16000366211,100.08000183105,99.980003356934,99.730003356934,99.76000213623,99.930000305176,99.940002441406,100.05999755859,100.0299987793,99.930000305176,99.900001525879,100.01000213623,99.970001220703,99.930000305176,100.13999938965,-0.078000001609325,-0.17399999499321,-0.078000001609325,-0.037999998778105,-0.10800000280142,-0.1140000000596,-0.11599999666214,0.068000003695488,-0.065999999642372,-0.1140000000596,-0.11599999666214,-0.15399999916553,-0.092000000178814,-0.068000003695488,-0.10199999809265,-0.1140000000596,2402,2011,2180,1949,2162,2505,2374,2443,1714,1981,1920,1563,2524,2321,2557,2157,5.124135017395
2022.06.19 17:24:26.139,#7,125,125,125,125,125,125,125,125,125,125,125,125,125,125,125,125,200,200,200,200,200,200,200,200,200,200,200,200,200,200,200,200,99.889999389648,100.16000366211,100.08000183105,99.980003356934,99.790000915527,99.839996337891,99.940002441406,99.98999786377,100.05000305176,100.05999755859,99.959999084473,99.900001525879,100.01999664307,99.970001220703,99.940002441406,100.13999938965,-0.074000000953674,-0.17800000309944,-0.078000001609325,-0.037999998778105,-0.10800000280142,-0.11800000071526,-0.11200000345707,0.070000000298023,-0.065999999642372,-0.11200000345707,-0.11599999666214,-0.15399999916553,-0.093999996781349,-0.068000003695488,-0.10199999809265,-0.11200000345707,2286,1919,2070,1905,2074,2563,2405,2477,1757,1986,1892,1572,2397,2415,2522,2151,5.1317458152771
2022.06.19 17:24:36.044,#M,124.94000244141,125.06999969482,125.05000305176,124.94999694824,124.76000213623,125.37999725342,125.05999755859,125.01999664307,123.05000305176,125.16000366211,124.79000091553,124.66000366211,125.19000244141,124.93000030518,124.9700012207,125.12999725342,-0.068000003695488,-0.16400000452995,-0.070000000298023,-0.019999999552965,-0.11599999666214,-0.11200000345707,-0.10999999940395,0.13199999928474,-0.048000000417233,-0.087999999523163,-0.10400000214577,-0.14000000059605,-0.083999998867512,-0.054000001400709,-0.092000000178814,-0.10199999809265,2379,1969,2115,2001,2092,2530,2372,2351,1554,1874,1735,1549,2433,2411,2616,2063,5.1081690788269
2022.06.19 17:24:46.042,#M,124.88999938965,125.05000305176,125.05999755859,125.11000061035,124.90000152588,124.80000305176,124.95999908447,124.94000244141,127.48999786377,124.91000366211,124.93000030518,124.90000152588,124.84999847412,124.91999816895,124.94000244141,125.12000274658,-0.074000000953674,-0.16799999773502,-0.071999996900558,-0.034000001847744,-0.097999997437,-0.1140000000596,-0.097999997437,0.12800000607967,-0.046000000089407,-0.11999999731779,-0.10999999940395,-0.15600000321865,-0.087999999523163,-0.059999998658895,-0.096000000834465,-0.10400000214577,2402,1955,2169,1971,2173,2565,2333,2324,1546,1966,1633,1535,2384,2343,2562,2138,5.044602394104
2022.06.19 17:24:56.041,#M,124.94000244141,125.05000305176,125.05000305176,124.94999694824,124.83999633789,124.79000091553,124.79000091553,124.94999694824,126.05999755859,125.19000244141,124.91000366211,124.84999847412,124.87999725342,124.93000030518,124.94000244141,125.12999725342,-0.074000000953674,-0.17000000178814,-0.071999996900558,-0.032000001519918,-0.10199999809265,-0.11800000071526,-0.10800000280142,0.12800000607967,-0.070000000298023,-0.11800000071526,-0.11200000345707,-0.15800000727177,-0.090000003576279,-0.059999998658895,-0.096000000834465,-0.10800000280142,2352,1984,2204,1917,2133,2469,2417,2498,1529,1866,1733,1586,2490,2430,2498,2154,5.0707159042358
2022.06.19 17:25:06.040,#M,124.87999725342,125.04000091553,125.05000305176,124.94000244141,124.88999938965,124.79000091553,124.84999847412,124.94000244141,124.98000335693,125,124.91000366211,124.87999725342,124.93000030518,124.93000030518,124.94000244141,125.12999725342,-0.068000003695488,-0.17000000178814,-0.071999996900558,-0.032000001519918,-0.10199999809265,-0.11599999666214,-0.1059999987483,0.12800000607967,-0.070000000298023,-0.11200000345707,-0.11200000345707,-0.15399999916553,-0.096000000834465,-0.061999998986721,-0.096000000834465,-0.10800000280142,2282,1905,2122,1859,2200,2518,2368,2431,1555,1905,1667,1545,2412,2341,2424,2200,5.0786237716675
2022.06.19 17:25:16.038,#M,124.90000152588,125.04000091553,125.05000305176,124.90000152588,124.93000030518,124.76999664307,124.86000061035,124.94999694824,125.56999969482,124.93000030518,124.94999694824,124.91999816895,124.98000335693,124.94999694824,124.94999694824,125.12999725342,-0.071999996900558,-0.17000000178814,-0.074000000953674,-0.035999998450279,-0.10800000280142,-0.11599999666214,-0.10199999809265,0.12800000607967,-0.064000003039837,-0.11599999666214,-0.11200000345707,-0.15199999511242,-0.092000000178814,-0.061999998986721,-0.096000000834465,-0.10800000280142,2308,1864,2164,1944,2126,2498,2408,2540,1596,1906,1647,1451,2375,2375,2497,2159,5.0522122383118
2022.06.19 17:25:26.037,#M,124.84999847412,125.05000305176,125.05999755859,124.98000335693,124.94999694824,124.76999664307,125.05000305176,124.94999694824,125.29000091553,125.12000274658,124.94999694824,124.86000061035,124.91999816895,124.94999694824,124.94999694824,125.12000274658,-0.071999996900558,-0.17000000178814,-0.074000000953674,-0.035999998450279,-0.10800000280142,-0.11200000345707,-0.10999999940395,0.12800000607967,-0.068000003695488,-0.1140000000596,-0.11200000345707,-0.15399999916553,-0.092000000178814,-0.061999998986721,-0.096000000834465,-0.10800000280142,2283,1915,2202,1970,2185,2536,2325,2388,1571,1915,1744,1538,2458,2393,2566,2173,5.0975742340088
2022.06.19 17:25:29.130,#8,150,150,150,150,150,150,150,150,150,150,150,150,150,150,150,150,200,200,200,200,200,200,200,200,200,200,200,200,200,200,200,200,124.91000366211,125.05000305176,125.05999755859,124.9700012207,124.91000366211,124.83000183105,125.05000305176,124.94999694824,125.26000213623,125.06999969482,124.94000244141,124.83000183105,124.90000152588,124.94999694824,124.94999694824,125.11000061035,-0.068000003695488,-0.17000000178814,-0.074000000953674,-0.034000001847744,-0.10800000280142,-0.1140000000596,-0.1059999987483,0.12800000607967,-0.046000000089407,-0.1140000000596,-0.11200000345707,-0.15399999916553,-0.090000003576279,-0.059999998658895,-0.096000000834465,-0.10800000280142,2302,2019,2153,1943,2116,2547,2353,2433,1503,1927,1641,1495,2413,2370,2519,2096,5.0480341911316
2022.06.19 17:25:39.035,#M,149.91000366211,151.28999328613,150.38000488281,149.47999572754,149.91000366211,149.61000061035,149.91999816895,149.38999938965,150.99000549316,149.38000488281,149.75,149.91999816895,149.94999694824,150.19999694824,150,150.41999816895,-0.061999998986721,-0.15800000727177,-0.071999996900558,0.019999999552965,-0.096000000834465,-0.10999999940395,-0.10400000214577,0.23199999332428,-0.046000000089407,-0.14399999380112,-0.13400000333786,-0.12600000202656,-0.086000002920628,-0.01799999922514,-0.059999998658895,-0.071999996900558,2282,1959,2122,1940,2138,2487,2361,2396,1323,1786,1471,1482,2384,2391,2453,2121,4.9987931251526
2022.06.19 17:25:49.033,#M,149.91000366211,149.83000183105,150.05999755859,150.75,149.88000488281,149.74000549316,149.91999816895,149.86000061035,150.30999755859,150.22999572754,150.21000671387,149.92999267578,149.9700012207,149.80999755859,149.88999938965,150.28999328613,-0.065999999642372,-0.17399999499321,-0.078000001609325,-0.032000001519918,-0.096000000834465,-0.10999999940395,-0.1059999987483,0.18600000441074,-0.068000003695488,-0.10999999940395,-0.10199999809265,-0.15000000596046,-0.090000003576279,-0.03999999910593,-0.086000002920628,-0.096000000834465,2269,2007,2151,1952,2160,2479,2378,2438,1387,1811,1542,1492,2466,2336,2488,2145,4.9222440719604
2022.06.19 17:25:59.032,#M,149.89999389648,150.02000427246,149.9700012207,149.78999328613,149.89999389648,149.66999816895,149.91000366211,149.88000488281,149.88999938965,150.14999389648,149.9700012207,149.88000488281,149.94999694824,149.94000244141,149.94000244141,150.08999633789,-0.065999999642372,-0.17399999499321,-0.078000001609325,-0.03999999910593,-0.097999997437,-0.11800000071526,-0.10800000280142,0.18199999630451,-0.065999999642372,-0.1140000000596,-0.1140000000596,-0.15199999511242,-0.092000000178814,-0.043999999761581,-0.093999996781349,-0.10000000149012,2312,1954,2128,1909,2181,2455,2403,2394,1355,1751,1528,1530,2390,2370,2527,2098,4.9929733276367
2022.06.19 17:26:09.032,#M,149.89999389648,150.0299987793,150.10000610352,150.21000671387,149.91000366211,149.80999755859,149.86999511719,150.19000244141,150.27000427246,149.83999633789,149.82000732422,149.86999511719,149.96000671387,149.99000549316,149.94000244141,150.22999572754,-0.065999999642372,-0.18000000715256,-0.070000000298023,-0.029999999329448,-0.10000000149012,-0.10800000280142,-0.10999999940395,0.17800000309944,-0.070000000298023,-0.10199999809265,-0.11200000345707,-0.15399999916553,-0.092000000178814,-0.050000000745058,-0.097999997437,-0.097999997437,2363,1914,2139,2006,2098,2613,2349,2454,1341,1779,1433,1499,2398,2384,2479,2056,4.9817814826965
2022.06.19 17:26:19.046,#M,149.91000366211,150.05999755859,150.16999816895,149.78999328613,149.91000366211,149.63999938965,149.89999389648,149.92999267578,149.60000610352,150.11000061035,149.82000732422,149.86999511719,149.9700012207,149.72999572754,150.10000610352,150.21000671387,-0.065999999642372,-0.17399999499321,-0.064000003039837,-0.032000001519918,-0.10000000149012,-0.11599999666214,-0.11200000345707,0.16599999368191,-0.061999998986721,-0.1140000000596,-0.1059999987483,-0.15399999916553,-0.092000000178814,-0.048000000417233,-0.096000000834465,-0.10400000214577,2294,1962,2088,1932,2148,2484,2359,2433,1339,1709,1521,1467,2444,2333,2473,2120,4.9516396522522
2022.06.19 17:26:29.044,#M,149.89999389648,150.05000305176,150,149.9700012207,149.91999816895,149.80000305176,149.91000366211,149.72999572754,149.91999816895,149.9700012207,149.86000061035,149.83999633789,149.9700012207,149.91000366211,149.80999755859,150.08999633789,-0.068000003695488,-0.16799999773502,-0.07599999755621,-0.037999998778105,-0.10000000149012,-0.1059999987483,-0.11200000345707,0.16400000452995,-0.065999999642372,-0.11999999731779,-0.10400000214577,-0.15199999511242,-0.092000000178814,-0.061999998986721,-0.096000000834465,-0.097999997437,2379,1964,2088,1983,2162,2423,2299,2485,1301,1767,1502,1473,2388,2379,2550,2107,4.9828262329102
2022.06.19 17:26:33.138,#9,175,175,175,175,175,175,175,175,175,175,175,175,175,175,175,175,200,200,200,200,200,200,200,200,200,200,200,200,200,200,200,200,149.89999389648,150.05999755859,150.10000610352,150.11000061035,149.91999816895,149.78999328613,149.94000244141,149.86000061035,150.44000244141,149.75999450684,149.83999633789,149.91000366211,149.9700012207,149.86000061035,149.86000061035,150.07000732422,-0.068000003695488,-0.16599999368191,-0.078000001609325,-0.035999998450279,-0.10000000149012,-0.10800000280142,-0.10999999940395,0.16400000452995,-0.059999998658895,-0.10999999940395,-0.10999999940395,-0.15199999511242,-0.092000000178814,-0.068000003695488,-0.096000000834465,-0.10199999809265,2232,1895,2141,1930,2054,2469,2403,2458,1281,1729,1485,1517,2457,2363,2507,2060,4.9213480949402
2022.06.19 17:26:43.042,#M,174.78999328613,174.25999450684,174.50999450684,174.77000427246,175.57000732422,174.44999694824,174.02000427246,175.86999511719,174.25999450684,174.97999572754,176.17999267578,174.11999511719,175.08999633789,175.44999694824,174.25,174.58000183105,-0.043999999761581,-0.16599999368191,-0.070000000298023,0.029999999329448,-0.071999996900558,-0.082000002264977,-0.087999999523163,0.25799998641014,-0.050000000745058,-0.11999999731779,-0.090000003576279,-0.090000003576279,-0.11200000345707,-0.026000000536442,-0.046000000089407,-0.12999999523163,2379,1934,2087,1894,2123,2488,2355,2391,1180,1704,1322,1448,2364,2385,2486,2139,4.9109034538269
2022.06.19 17:26:53.041,#M,175.14999389648,174.91999816895,174.9700012207,175.13999938965,174.66999816895,174.67999267578,174.74000549316,174.69000244141,174.64999389648,175.05000305176,174.96000671387,174.77000427246,174.41999816895,175.0299987793,174.88000488281,175.27000427246,-0.061999998986721,-0.15800000727177,-0.064000003039837,-0.028000000864267,-0.10199999809265,-0.10400000214577,-0.087999999523163,0.21999999880791,-0.082000002264977,-0.093999996781349,-0.090000003576279,-0.15800000727177,-0.082000002264977,-0.035999998450279,-0.079999998211861,-0.10199999809265,2348,1938,2199,1901,2159,2459,2349,2440,1138,1686,1293,1422,2410,2320,2454,2127,4.8713607788086
2022.06.19 17:27:03.039,#M,174.96000671387,174.63000488281,175.21000671387,174.89999389648,174.85000610352,174.80000305176,174.71000671387,174.94000244141,174.96000671387,174.9700012207,174.78999328613,174.83000183105,174.7200012207,174.89999389648,174.91000366211,175.03999328613,-0.05799999833107,-0.16400000452995,-0.064000003039837,-0.037999998778105,-0.093999996781349,-0.11200000345707,-0.10199999809265,0.2119999974966,-0.064000003039837,-0.090000003576279,-0.11200000345707,-0.15800000727177,-0.083999998867512,-0.032000001519918,-0.097999997437,-0.097999997437,2312,1934,2162,1934,2120,2513,2318,2470,1220,1728,1346,1413,2410,2370,2453,2155,4.8664364814758
2022.06.19 17:27:13.037,#M,174.72999572754,174.88000488281,174.97999572754,174.99000549316,174.83999633789,174.80999755859,174.55000305176,174.67999267578,174.47999572754,175.4700012207,175.30000305176,174.75,174.94999694824,174.83000183105,174.92999267578,175.00999450684,-0.074000000953674,-0.17200000584126,-0.061999998986721,-0.028000000864267,-0.093999996781349,-0.10999999940395,-0.1140000000596,0.20999999344349,-0.065999999642372,-0.10400000214577,-0.097999997437,-0.15600000321865,-0.090000003576279,-0.028000000864267,-0.093999996781349,-0.10000000149012,2373,1951,2081,1964,2083,2520,2402,2423,1133,1744,1298,1405,2329,2375,2434,2127,4.8853878974915
2022.06.19 17:27:23.035,#M,174.69999694824,175.08999633789,175.10000610352,174.96000671387,174.88000488281,174.89999389648,174.63999938965,174.85000610352,175.75,175.38999938965,174.66000366211,174.61000061035,175.07000732422,174.88999938965,174.83999633789,175.14999389648,-0.065999999642372,-0.16799999773502,-0.05799999833107,-0.021999999880791,-0.10000000149012,-0.11200000345707,-0.12200000137091,0.21600000560284,-0.059999998658895,-0.10999999940395,-0.10800000280142,-0.15000000596046,-0.093999996781349,-0.043999999761581,-0.096000000834465,-0.11599999666214,2204,1957,2132,1908,2161,2456,2336,2437,1155,1574,1363,1546,2428,2298,2453,2120,4.8667349815369
2022.06.19 17:27:33.034,#M,174.74000549316,175.14999389648,174.94999694824,174.80999755859,175.07000732422,174.80000305176,174.72999572754,174.7799987793,174.88999938965,174.91000366211,174.88000488281,174.69000244141,174.75,175.05000305176,174.94999694824,175.11999511719,-0.061999998986721,-0.17200000584126,-0.052000001072884,-0.032000001519918,-0.097999997437,-0.10999999940395,-0.10800000280142,0.21600000560284,-0.052000001072884,-0.10800000280142,-0.11599999666214,-0.15399999916553,-0.086000002920628,-0.048000000417233,-0.083999998867512,-0.10800000280142,2249,1999,2126,1871,2137,2488,2339,2391,1208,1601,1390,1449,2356,2365,2482,2024,4.8859839439392
2022.06.19 17:27:36.127,#10,200,200,200,200,200,200,200,200,200,200,200,200,200,200,200,200,200,200,200,200,200,200,200,200,200,200,200,200,200,200,200,200,174.80000305176,175.13999938965,175.13999938965,174.75999450684,174.83000183105,174.61000061035,174.69000244141,174.7200012207,174.80999755859,175.25999450684,174.74000549316,174.71000671387,174.89999389648,174.83000183105,175.14999389648,175.11000061035,-0.05799999833107,-0.17200000584126,-0.054000001400709,-0.032000001519918,-0.096000000834465,-0.11200000345707,-0.1140000000596,0.2119999974966,-0.061999998986721,-0.10999999940395,-0.11800000071526,-0.15800000727177,-0.082000002264977,-0.037999998778105,-0.097999997437,-0.11200000345707,2308,2005,2059,1949,2091,2454,2318,2461,1161,1655,1351,1428,2414,2339,2416,2088,4.8685250282288
2022.06.19 17:27:46.031,#M,198.69999694824,199.75999450684,200.44000244141,199.52000427246,199.63999938965,199,200.63000488281,200.58999633789,200.05999755859,198.91999816895,199.53999328613,199.49000549316,201.39999389648,199.86000061035,199.85000610352,200.33999633789,-0.028000000864267,-0.18199999630451,0.10199999809265,0.0080000003799796,-0.13199999928474,-0.11599999666214,-0.10999999940395,0.27799999713898,-0.019999999552965,-0.014000000432134,-0.093999996781349,-0.13600000739098,-0.096000000834465,-0.0080000003799796,-0.07599999755621,-0.083999998867512,2297,1934,2117,1950,2106,2474,2396,2413,1029,1541,1113,1411,2383,2395,2506,2106,4.8004822731018
2022.06.19 17:27:56.045,#M,199.46000671387,200.10000610352,200.05000305176,199.88000488281,199.9700012207,199.7200012207,200.03999328613,200.14999389648,200.03999328613,199.9700012207,200.21000671387,200.17999267578,199.39999389648,199.9700012207,200.10000610352,199.78999328613,-0.052000001072884,-0.16799999773502,0.10999999940395,0,-0.093999996781349,-0.1059999987483,-0.097999997437,0.27200001478195,-0.064000003039837,-0.10400000214577,-0.10000000149012,-0.13799999654293,-0.082000002264977,-0.048000000417233,-0.079999998211861,-0.087999999523163,2352,1940,2102,1883,2108,2483,2282,2441,1008,1544,1237,1479,2429,2354,2485,2142,4.8151049613953
2022.06.19 17:28:06.043,#M,199.63999938965,200.35000610352,200.08000183105,200.16000366211,199.58999633789,199.88999938965,199.75999450684,199.58999633789,199.63000488281,200.03999328613,199.78999328613,199.80999755859,199.88999938965,199.80000305176,199.91999816895,199.91000366211,-0.05799999833107,-0.16200000047684,0.10199999809265,-0.01799999922514,-0.10000000149012,-0.10199999809265,-0.10000000149012,0.27399998903275,-0.056000001728535,-0.10999999940395,-0.11599999666214,-0.14399999380112,-0.093999996781349,-0.037999998778105,-0.086000002920628,-0.092000000178814,2425,1888,2184,1962,2266,2443,2404,2430,1057,1568,1224,1516,2343,2408,2484,2087,4.8291325569153
2022.06.19 17:28:16.042,#M,199.64999389648,200.17999267578,199.75999450684,200.30000305176,199.5,199.82000732422,199.80000305176,199.66999816895,199.77000427246,199.94999694824,199.86999511719,199.63000488281,199.9700012207,199.94000244141,199.75999450684,199.94000244141,-0.061999998986721,-0.18199999630451,0.1140000000596,-0.026000000536442,-0.096000000834465,-0.096000000834465,-0.11200000345707,0.27599999308586,-0.064000003039837,-0.10400000214577,-0.11200000345707,-0.14800000190735,-0.090000003576279,-0.028000000864267,-0.079999998211861,-0.096000000834465,2256,1943,2181,1939,2189,2435,2369,2481,1045,1526,1231,1415,2403,2376,2481,2071,4.8162989616394
2022.06.19 17:28:26.040,#M,199.67999267578,200.19000244141,199.80999755859,199.96000671387,199.61999511719,199.67999267578,199.78999328613,199.88999938965,199.66000366211,199.94000244141,200.08000183105,199.82000732422,199.72999572754,199.86999511719,199.74000549316,200.08000183105,-0.056000001728535,-0.16400000452995,0.11999999731779,-0.026000000536442,-0.093999996781349,-0.1140000000596,-0.10999999940395,0.2660000026226,-0.054000001400709,-0.11599999666214,-0.11599999666214,-0.15000000596046,-0.093999996781349,-0.019999999552965,-0.092000000178814,-0.092000000178814,2208,1993,2058,1952,2152,2568,2348,2369,1070,1566,1182,1408,2387,2295,2541,2156,4.8182396888733
2022.06.19 17:28:36.042,#M,199.80999755859,200.21000671387,199.80999755859,199.94000244141,199.83999633789,199.77000427246,199.74000549316,200.05000305176,200.4700012207,200.05999755859,199.94999694824,199.78999328613,199.66000366211,200.02000427246,200.13000488281,200.08999633789,-0.059999998658895,-0.15800000727177,0.10999999940395,-0.026000000536442,-0.1059999987483,-0.10000000149012,-0.11800000071526,0.25400000810623,-0.064000003039837,-0.10400000214577,-0.1140000000596,-0.15800000727177,-0.096000000834465,-0.032000001519918,-0.10000000149012,-0.096000000834465,2290,1889,2040,1941,2143,2538,2410,2383,1051,1500,1155,1394,2324,2284,2468,2141,4.7918281555176
2022.06.19 17:28:39.135,#11,225,225,225,225,225,225,225,225,225,225,225,225,225,225,225,225,200,200,200,200,200,200,200,200,200,200,200,200,200,200,200,200,199.83999633789,200.16999816895,200.05999755859,199.83000183105,199.7799987793,199.67999267578,199.63000488281,199.86000061035,200,199.91999816895,199.91000366211,199.80999755859,199.74000549316,199.89999389648,199.89999389648,200.05000305176,-0.065999999642372,-0.16599999368191,0.1140000000596,-0.016000000759959,-0.10800000280142,-0.10800000280142,-0.1140000000596,0.25999999046326,-0.064000003039837,-0.11200000345707,-0.11200000345707,-0.15199999511242,-0.092000000178814,-0.037999998778105,-0.10400000214577,-0.10400000214577,2332,1910,2039,1939,2071,2515,2360,2416,1087,1526,1163,1434,2441,2288,2364,2104,4.8227162361145
2022.06.19 17:28:49.055,#M,224.38000488281,224.69999694824,224.50999450684,225.05999755859,223.99000549316,224.52000427246,225.33999633789,225.13000488281,225.17999267578,226.22999572754,225.19000244141,225.25,226.25999450684,225.05999755859,226.05999755859,225.41999816895,-0.086000002920628,-0.17800000309944,0.75,0.05799999833107,-0.1140000000596,-0.13799999654293,-0.1140000000596,0.4040000140667,-0.032000001519918,-0.1059999987483,-0.13600000739098,-0.15399999916553,-0.043999999761581,0.014000000432134,-0.028000000864267,-0.086000002920628,2303,1947,2111,1996,2067,2532,2376,2455,954,1476,1074,1420,2352,2292,2525,2122,4.7676548957825
2022.06.19 17:28:59.037,#M,224.86000061035,224.94999694824,225.00999450684,224.83999633789,224.22999572754,224.80999755859,224.28999328613,224.83999633789,225.38999938965,225.49000549316,224.82000732422,225.10000610352,225.02000427246,224.86999511719,225.33999633789,224.97999572754,-0.050000000745058,-0.17200000584126,0.73400002717972,-0.014000000432134,-0.079999998211861,-0.093999996781349,-0.12200000137091,0.31999999284744,-0.052000001072884,-0.10199999809265,-0.13400000333786,-0.14800000190735,-0.070000000298023,-0.0099999997764826,-0.070000000298023,-0.096000000834465,2358,2046,2132,1898,2143,2526,2401,2417,962,1440,1069,1476,2326,2271,2441,2089,4.7625813484192
2022.06.19 17:29:09.037,#M,224.69999694824,224.80000305176,224.99000549316,225.14999389648,224.60000610352,225,224.75999450684,224.7799987793,224.9700012207,225.02000427246,224.72999572754,224.88000488281,224.85000610352,224.91000366211,224.89999389648,225.11999511719,-0.064000003039837,-0.16200000047684,0.75999999046326,-0.028000000864267,-0.086000002920628,-0.1059999987483,-0.10000000149012,0.33599999547005,-0.056000001728535,-0.11200000345707,-0.10000000149012,-0.14599999785423,-0.079999998211861,-0.016000000759959,-0.078000001609325,-0.096000000834465,2375,1966,2186,1930,2096,2548,2346,2479,970,1449,1015,1455,2363,2264,2477,2103,4.7782487869263
2022.06.19 17:29:19.036,#M,224.72999572754,225.05999755859,224.72999572754,225.0299987793,225.0299987793,225.00999450684,224.80000305176,224.66000366211,225,225.05999755859,224.92999267578,224.80000305176,225.02000427246,224.7200012207,225,224.91999816895,-0.052000001072884,-0.15999999642372,0.74199998378754,-0.029999999329448,-0.087999999523163,-0.1059999987483,-0.096000000834465,0.34000000357628,-0.052000001072884,-0.11200000345707,-0.087999999523163,-0.14599999785423,-0.086000002920628,-0.014000000432134,-0.092000000178814,-0.092000000178814,2310,1981,2077,1937,2184,2466,2393,2408,954,1408,1064,1418,2347,2336,2487,2182,4.767804145813
2022.06.19 17:29:29.035,#M,224.94999694824,225.14999389648,224.83000183105,224.83999633789,224.66999816895,224.89999389648,224.83000183105,224.91999816895,224.75999450684,225.19999694824,224.7799987793,224.74000549316,225.07000732422,224.89999389648,224.7799987793,225,-0.050000000745058,-0.16799999773502,0.74199998378754,-0.0080000003799796,-0.10000000149012,-0.10400000214577,-0.10199999809265,0.33599999547005,-0.07599999755621,-0.10199999809265,-0.1140000000596,-0.15399999916553,-0.10400000214577,-0.0099999997764826,-0.090000003576279,-0.096000000834465,2327,2007,2109,1993,2145,2533,2312,2443,978,1429,998,1465,2337,2327,2509,2150,4.7951107025146
2022.06.19 17:29:39.033,#M,224.60000610352,225.38000488281,224.80999755859,224.86999511719,225.00999450684,224.80000305176,224.92999267578,225,225.03999328613,224.80000305176,224.85000610352,224.96000671387,224.7200012207,225.10000610352,224.99000549316,225.03999328613,-0.050000000745058,-0.15800000727177,0.74800002574921,-0.0099999997764826,-0.086000002920628,-0.10000000149012,-0.10999999940395,0.32800000905991,-0.041999999433756,-0.087999999523163,-0.10800000280142,-0.14800000190735,-0.074000000953674,-0.019999999552965,-0.079999998211861,-0.10199999809265,2330,1961,2146,1905,2231,2510,2266,2442,944,1388,1073,1400,2314,2241,2551,2178,4.7646698951721
2022.06.19 17:29:42.126,#12,250,250,250,250,250,250,250,250,250,250,250,250,250,250,250,250,200,200,200,200,200,200,200,200,200,200,200,200,200,200,200,200,224.85000610352,225.19000244141,224.82000732422,224.66000366211,225.16999816895,224.82000732422,224.69000244141,225.05999755859,225.11999511719,224.74000549316,224.86000061035,224.91999816895,224.83999633789,225.0299987793,224.94000244141,224.89999389648,-0.050000000745058,-0.16599999368191,0.73199999332428,-0.0099999997764826,-0.079999998211861,-0.10199999809265,-0.10800000280142,0.33599999547005,-0.05799999833107,-0.093999996781349,-0.11200000345707,-0.14599999785423,-0.087999999523163,-0.019999999552965,-0.096000000834465,-0.097999997437,2318,1863,2079,1976,2096,2506,2384,2451,967,1395,1059,1374,2378,2364,2441,2093,4.7891416549683
2022.06.19 17:29:52.032,#M,248.5299987793,249.05000305176,251.28999328613,249.36000061035,250.17999267578,249.89999389648,249.17999267578,249.00999450684,250.30000305176,249.57000732422,250.03999328613,249.13000488281,248.16999816895,249.38999938965,250,249.7799987793,-0.061999998986721,-0.1879999935627,1.8140000104904,-0.052000001072884,-0.074000000953674,-0.10999999940395,-0.097999997437,0.47999998927116,-0.048000000417233,-0.10199999809265,-0.090000003576279,-0.14200000464916,-0.10800000280142,-0.070000000298023,-0.064000003039837,-0.064000003039837,2302,1921,2159,2042,2124,2438,2398,2515,869,1346,979,1494,2353,2357,2453,2077,4.7484049797058
2022.06.19 17:30:02.045,#M,250.10000610352,249.96000671387,250.08000183105,249.58000183105,249.4700012207,249.82000732422,249.55999755859,250.00999450684,249.72999572754,249.71000671387,249.82000732422,249.67999267578,250.46000671387,249.96000671387,249.89999389648,249.85000610352,-0.050000000745058,-0.15199999511242,1.944000005722,-0.019999999552965,-0.086000002920628,-0.097999997437,-0.10400000214577,0.4040000140667,-0.079999998211861,-0.10400000214577,-0.092000000178814,-0.14800000190735,-0.082000002264977,0.0060000000521541,-0.070000000298023,-0.065999999642372,2318,1942,2120,1918,2106,2510,2308,2393,852,1385,960,1410,2355,2321,2526,2090,4.7287092208862
2022.06.19 17:30:12.043,#M,250.16000366211,250.00999450684,249.92999267578,249.33000183105,249.69000244141,249.58999633789,249.82000732422,249.71000671387,249.61000061035,250.05000305176,249.86999511719,249.5299987793,249.91000366211,249.78999328613,249.86000061035,250.16999816895,-0.052000001072884,-0.15800000727177,1.9079999923706,-0.019999999552965,-0.093999996781349,-0.10999999940395,-0.10400000214577,0.40799999237061,-0.065999999642372,-0.11599999666214,-0.10800000280142,-0.16200000047684,-0.082000002264977,0.0040000001899898,-0.079999998211861,-0.087999999523163,2300,1941,2112,2008,2170,2513,2417,2409,864,1390,942,1372,2339,2329,2492,2201,4.7207999229431
2022.06.19 17:30:22.043,#M,249.86000061035,250.2799987793,249.86999511719,249.97999572754,249.58000183105,249.69000244141,250.08000183105,249.4700012207,249.71000671387,249.86999511719,249.96000671387,249.61000061035,249.86000061035,249.55000305176,249.91999816895,250.08999633789,-0.035999998450279,-0.15800000727177,1.9060000181198,-0.032000001519918,-0.086000002920628,-0.1059999987483,-0.1059999987483,0.43200001120567,-0.061999998986721,-0.1059999987483,-0.10999999940395,-0.16200000047684,-0.086000002920628,0.0060000000521541,-0.087999999523163,-0.093999996781349,2316,1907,2164,1973,1994,2493,2428,2445,921,1366,937,1461,2371,2355,2498,2170,4.7236347198486
2022.06.19 17:30:32.042,#M,249.83000183105,249.89999389648,249.83999633789,250.27000427246,249.83999633789,249.63000488281,249.85000610352,249.72999572754,249.85000610352,249.74000549316,249.77000427246,249.72999572754,249.75,249.86000061035,249.94000244141,249.99000549316,-0.046000000089407,-0.15999999642372,1.9019999504089,-0.032000001519918,-0.083999998867512,-0.11200000345707,-0.10199999809265,0.42599999904633,-0.074000000953674,-0.10800000280142,-0.11999999731779,-0.14200000464916,-0.087999999523163,-0.0020000000949949,-0.10199999809265,-0.10199999809265,2166,1955,2097,1945,2107,2563,2423,2435,853,1353,932,1455,2388,2324,2542,2093,4.71990442276
2022.06.19 17:30:42.041,#M,249.86000061035,250.16000366211,249.85000610352,249.74000549316,249.66000366211,249.66000366211,249.74000549316,249.85000610352,249.78999328613,249.91000366211,249.92999267578,249.64999389648,249.89999389648,249.89999389648,250,249.9700012207,-0.032000001519918,-0.14599999785423,1.9019999504089,-0.021999999880791,-0.068000003695488,-0.090000003576279,-0.11800000071526,0.41400000452995,-0.070000000298023,-0.092000000178814,-0.11599999666214,-0.13600000739098,-0.07599999755621,-0.0060000000521541,-0.083999998867512,-0.090000003576279,2274,1913,2199,1948,2158,2453,2357,2414,896,1396,929,1416,2276,2326,2422,2067,4.7167716026306
2022.06.19 17:30:46.134,#0,100,100,100,100,100,100,100,100,100,100,100,100,100,100,100,100,200,200,200,200,200,200,200,200,200,200,200,200,200,200,200,200,249.89999389648,250.2200012207,249.75,249.69999694824,249.91000366211,249.85000610352,249.63000488281,249.89999389648,249.99000549316,249.94999694824,249.85000610352,249.7200012207,249.80000305176,249.88999938965,249.94000244141,249.97999572754,-0.037999998778105,-0.14800000190735,1.9099999666214,-0.032000001519918,-0.078000001609325,-0.083999998867512,-0.10999999940395,0.41400000452995,-0.071999996900558,-0.097999997437,-0.10400000214577,-0.13600000739098,-0.078000001609325,-0.0040000001899898,-0.090000003576279,-0.10199999809265,2331,1927,2143,1921,2152,2480,2361,2427,849,1422,949,1401,2283,2379,2521,2103,4.7046842575073

2022.06.19 17:30:46.180,SCAN Finished with result COMPLETED OK! ;
