2022.06.03 11:37:31.584,Scan triggered MANUALLY from Panel with mode Forced Enable =  FALSE
2022.06.03 11:37:31.631,Configuration used for Scan: PLT HV SCAN Run3

2022.06.03 11:37:31.646,HpFT0,HpFT1,HpFT2,HpFT3,HpNT0,HpNT1,HpNT2,HpNT3,HmFT0,HmFT1,HmFT2,HmFT3,HmNT0,HmNT1,HmNT2,HmNT3
2022.06.03 11:37:31.662,#channels,v0,v1,i0,i1,rUp,rDwn,triptime,vMaxSoftValue,vMon,iMon,DIP(telescope+instLumi)
2022.06.03 11:37:31.677,16,1,0,1,0,0,0,0,0,1,1,1
2022.06.03 11:37:31.849,#1,50,50,50,50,50,50,50,50,50,50,50,50,50,50,50,50,200,200,200,200,200,200,200,200,200,200,200,200,200,200,200,200,99.900001525879,100.19000244141,100.13999938965,100.0299987793,99.830001831055,100.01999664307,99.959999084473,100.0299987793,100.09999847412,100.11000061035,99.98999786377,99.930000305176,100.01999664307,100.0299987793,100.01000213623,100.18000030518,-0.078000001609325,-0.18000000715256,-0.078000001609325,-0.03999999910593,-0.10000000149012,-0.12200000137091,-0.11999999731779,0.070000000298023,-0.065999999642372,-0.10999999940395,-0.1140000000596,-0.15399999916553,-0.090000003576279,-0.082000002264977,-0.10199999809265,-0.1140000000596,2,3,2,2,3,8,5,4,1,1,0,1,3,3,6,2,0.023324318230152
2022.06.03 11:37:41.035,#M,49.729999542236,47.790000915527,45.689998626709,45.220001220703,43.380001068115,44.290000915527,44.279998779297,44.360000610352,47.130001068115,47.520000457764,48.650001525879,48.919998168945,49.680000305176,49.380001068115,50.819999694824,52.5,0.65799999237061,0.4539999961853,0.32600000500679,0.20000000298023,-0.4040000140667,-0.12600000202656,-0.33799999952316,0.01799999922514,-0.51599997282028,-0.56800001859665,-0.57599997520447,-0.62800002098083,-0.56800001859665,-0.57400000095367,-0.60000002384186,-0.62800002098083,3,1,3,0,7,2,3,0,3,5,5,1,0,5,4,6,0.016438091173768
2022.06.03 11:37:51.033,#M,49.930000305176,50.049999237061,50.069999694824,49.959999084473,49.729999542236,49.849998474121,49.860000610352,49.860000610352,50.049999237061,50.110000610352,49.959999084473,49.909999847412,50.009998321533,50.069999694824,49.990001678467,50.209999084473,-0.096000000834465,-0.18000000715256,-0.07599999755621,-0.028000000864267,-0.097999997437,-0.12200000137091,-0.12200000137091,-0.024000000208616,-0.037999998778105,-0.10000000149012,-0.10999999940395,-0.15199999511242,-0.090000003576279,-0.086000002920628,-0.097999997437,-0.1140000000596,1,1,1,1,0,2,6,7,2,3,0,0,2,0,3,4,0.018742756918073
2022.06.03 11:38:01.031,#M,49.979999542236,50.090000152588,50.060001373291,50.090000152588,49.729999542236,49.840000152588,49.939998626709,49.979999542236,50.040000915527,50.009998321533,49.950000762939,49.930000305176,50.029998779297,50.040000915527,49.990001678467,50.060001373291,-0.086000002920628,-0.18400000035763,-0.079999998211861,-0.041999999433756,-0.10800000280142,-0.12200000137091,-0.11999999731779,-0.019999999552965,-0.059999998658895,-0.10999999940395,-0.11599999666214,-0.15800000727177,-0.092000000178814,-0.090000003576279,-0.10800000280142,-0.11800000071526,1,2,2,0,0,4,2,2,2,1,3,4,1,2,4,4,0.01589129306376
2022.06.03 11:38:11.045,#M,49.900001525879,50.080001831055,50.069999694824,50.009998321533,49.849998474121,49.830001831055,49.959999084473,49.979999542236,50.029998779297,50.099998474121,49.979999542236,49.790000915527,50.040000915527,50.060001373291,49.909999847412,50.099998474121,-0.083999998867512,-0.18400000035763,-0.082000002264977,-0.03999999910593,-0.10800000280142,-0.12200000137091,-0.11800000071526,-0.019999999552965,-0.065999999642372,-0.1140000000596,-0.1140000000596,-0.15800000727177,-0.090000003576279,-0.092000000178814,-0.10999999940395,-0.11800000071526,1,2,3,1,1,3,3,0,5,0,0,2,4,0,2,1,0.01742915995419
2022.06.03 11:38:21.043,#M,49.900001525879,50.119998931885,50.110000610352,49.950000762939,49.810001373291,49.860000610352,49.919998168945,49.939998626709,50.060001373291,50.020000457764,49.930000305176,49.810001373291,50.060001373291,50.009998321533,49.909999847412,50.099998474121,-0.082000002264977,-0.18400000035763,-0.082000002264977,-0.03999999910593,-0.1059999987483,-0.12200000137091,-0.11599999666214,-0.019999999552965,-0.065999999642372,-0.1140000000596,-0.11800000071526,-0.15800000727177,-0.090000003576279,-0.093999996781349,-0.10800000280142,-0.11999999731779,2,3,0,4,2,5,1,3,1,2,3,7,1,3,4,0,0.017326636239886
2022.06.03 11:38:31.041,#M,49.889999389648,50.169998168945,50,49.950000762939,49.709999084473,49.840000152588,50.009998321533,49.970001220703,50.099998474121,49.979999542236,49.930000305176,49.810001373291,50.029998779297,50,49.919998168945,50.220001220703,-0.083999998867512,-0.18400000035763,-0.078000001609325,-0.03999999910593,-0.10800000280142,-0.12200000137091,-0.11599999666214,-0.024000000208616,-0.065999999642372,-0.1140000000596,-0.11599999666214,-0.15999999642372,-0.093999996781349,-0.092000000178814,-0.10999999940395,-0.12200000137091,1,1,2,0,2,1,1,5,1,2,3,1,0,2,5,2,0.016184220090508
2022.06.03 11:38:40.103,#2,75,75,75,75,75,75,75,75,75,75,75,75,75,75,75,75,200,200,200,200,200,200,200,200,200,200,200,200,200,200,200,200,49.909999847412,50.130001068115,50.060001373291,49.979999542236,49.75,49.830001831055,50.009998321533,50.040000915527,50.009998321533,50.099998474121,49.919998168945,49.900001525879,50.060001373291,50.060001373291,49.919998168945,50.130001068115,-0.083999998867512,-0.18400000035763,-0.078000001609325,-0.03999999910593,-0.11200000345707,-0.12200000137091,-0.11599999666214,-0.01799999922514,-0.071999996900558,-0.1140000000596,-0.11599999666214,-0.15800000727177,-0.092000000178814,-0.093999996781349,-0.10999999940395,-0.11999999731779,1,3,2,4,3,2,2,1,2,3,4,0,2,2,0,2,0.011900161392987
2022.06.03 11:38:50.039,#M,74.839996337891,74.629997253418,75.169998168945,75.230003356934,74.589996337891,75.220001220703,74.849998474121,74.940002441406,74.569999694824,74.980003356934,74.98999786377,75.01000213623,74.900001525879,75.209999084473,74.98999786377,75.089996337891,-0.07599999755621,-0.17399999499321,-0.078000001609325,-0.032000001519918,-0.10800000280142,-0.11800000071526,-0.12999999523163,0.041999999433756,-0.043999999761581,-0.092000000178814,-0.10800000280142,-0.14800000190735,-0.093999996781349,-0.082000002264977,-0.10000000149012,-0.1140000000596,4,3,4,1,6,4,2,1,2,5,5,3,3,5,2,5,0.022907815873623
2022.06.03 11:39:00.037,#M,74.959999084473,75.099998474121,75.080001831055,75.150001525879,74.730003356934,74.940002441406,74.889999389648,75.050003051758,74.889999389648,75.199996948242,74.970001220703,74.879997253418,75.029998779297,75.040000915527,75,75.150001525879,-0.078000001609325,-0.17800000309944,-0.079999998211861,-0.034000001847744,-0.1059999987483,-0.1140000000596,-0.1140000000596,0.016000000759959,-0.065999999642372,-0.1140000000596,-0.11200000345707,-0.15800000727177,-0.087999999523163,-0.083999998867512,-0.10199999809265,-0.11200000345707,4,3,2,2,1,3,3,6,2,1,2,0,3,3,0,2,0.021241791546345
2022.06.03 11:39:10.035,#M,74.900001525879,75.160003662109,75.069999694824,75.080001831055,74.730003356934,75.01000213623,74.930000305176,75,75.059997558594,75.160003662109,75,74.879997253418,75.080001831055,75.050003051758,75,75.23999786377,-0.083999998867512,-0.18199999630451,-0.078000001609325,-0.037999998778105,-0.10999999940395,-0.12600000202656,-0.1140000000596,0.016000000759959,-0.070000000298023,-0.10999999940395,-0.11599999666214,-0.15399999916553,-0.093999996781349,-0.086000002920628,-0.1059999987483,-0.11599999666214,1,4,1,3,2,6,3,2,0,2,1,1,1,2,3,4,0.017326634377241
2022.06.03 11:39:20.034,#M,74.849998474121,74.930000305176,75.089996337891,74.98999786377,74.75,74.930000305176,75.019996643066,75.01000213623,75.050003051758,75.169998168945,74.959999084473,74.910003662109,75.059997558594,75.040000915527,74.98999786377,75.209999084473,-0.082000002264977,-0.17800000309944,-0.078000001609325,-0.03999999910593,-0.10999999940395,-0.12200000137091,-0.12200000137091,0.019999999552965,-0.065999999642372,-0.10800000280142,-0.11800000071526,-0.15399999916553,-0.092000000178814,-0.087999999523163,-0.10400000214577,-0.11599999666214,3,2,3,2,1,3,2,5,1,0,4,1,2,4,3,4,0.020468277856708
2022.06.03 11:39:30.032,#M,74.930000305176,75,75.069999694824,74.98999786377,74.73999786377,75.040000915527,74.98999786377,74.980003356934,74.940002441406,75.169998168945,74.940002441406,74.870002746582,75,75.069999694824,75.019996643066,75.279998779297,-0.083999998867512,-0.17800000309944,-0.078000001609325,-0.041999999433756,-0.10400000214577,-0.11800000071526,-0.11999999731779,0.019999999552965,-0.065999999642372,-0.11599999666214,-0.11200000345707,-0.15800000727177,-0.093999996781349,-0.087999999523163,-0.1059999987483,-0.1140000000596,3,1,5,2,3,3,4,1,2,4,1,2,3,3,0,1,0.021017517894506
2022.06.03 11:39:40.046,#M,74.910003662109,75.129997253418,75.089996337891,75.089996337891,74.73999786377,74.959999084473,74.919998168945,75.019996643066,74.949996948242,75.169998168945,75.01000213623,74.889999389648,74.98999786377,75.040000915527,75.01000213623,75.199996948242,-0.082000002264977,-0.18000000715256,-0.078000001609325,-0.03999999910593,-0.1140000000596,-0.11999999731779,-0.12200000137091,0.019999999552965,-0.068000003695488,-0.1140000000596,-0.11599999666214,-0.15800000727177,-0.093999996781349,-0.086000002920628,-0.1059999987483,-0.11800000071526,2,3,2,2,2,2,4,9,6,3,2,0,3,3,2,2,0.019159262999892
2022.06.03 11:39:43.108,#3,100,100,100,100,100,100,100,100,100,100,100,100,100,100,100,100,200,200,200,200,200,200,200,200,200,200,200,200,200,200,200,200,74.860000610352,75.150001525879,75.089996337891,75.059997558594,74.720001220703,75.01000213623,74.930000305176,74.949996948242,74.970001220703,75.220001220703,74.98999786377,74.919998168945,75.089996337891,75.029998779297,75.040000915527,75.209999084473,-0.079999998211861,-0.18000000715256,-0.078000001609325,-0.03999999910593,-0.10999999940395,-0.11800000071526,-0.12200000137091,0.019999999552965,-0.065999999642372,-0.1140000000596,-0.11599999666214,-0.15600000321865,-0.092000000178814,-0.086000002920628,-0.1059999987483,-0.11800000071526,3,2,3,2,3,4,3,0,2,3,2,1,5,3,3,9,0.022213634103537
2022.06.03 11:39:53.045,#M,100.05000305176,99.849998474121,100.16000366211,100.05999755859,100.15000152588,99.360000610352,99.889999389648,99.940002441406,100.12999725342,99.889999389648,99.849998474121,99.910003662109,100.12000274658,99.970001220703,99.930000305176,100.36000061035,-0.061999998986721,-0.16400000452995,-0.071999996900558,-0.035999998450279,-0.12399999797344,-0.12399999797344,-0.10400000214577,0.078000001609325,-0.061999998986721,-0.10400000214577,-0.10999999940395,-0.15199999511242,-0.086000002920628,-0.082000002264977,-0.10000000149012,-0.11200000345707,3,4,5,2,3,1,1,1,0,2,2,3,2,3,1,2,0.015410710126162
2022.06.03 11:40:03.043,#M,99.949996948242,99.970001220703,100.12999725342,99.98999786377,99.879997253418,99.75,100.04000091553,99.980003356934,100.09999847412,100.12999725342,99.949996948242,99.930000305176,100.05999755859,100,99.970001220703,100.23000335693,-0.071999996900558,-0.17599999904633,-0.07599999755621,-0.037999998778105,-0.10199999809265,-0.10800000280142,-0.11599999666214,0.070000000298023,-0.064000003039837,-0.11200000345707,-0.11200000345707,-0.15399999916553,-0.090000003576279,-0.082000002264977,-0.10199999809265,-0.11200000345707,3,1,2,1,4,5,0,3,1,1,6,5,3,2,2,2,0.015708213672042
2022.06.03 11:40:13.041,#M,99.930000305176,100.0299987793,100.12999725342,100.0299987793,99.949996948242,99.949996948242,99.970001220703,99.959999084473,100.11000061035,100.05999755859,99.959999084473,99.930000305176,100.06999969482,100.01000213623,100.01000213623,100.18000030518,-0.078000001609325,-0.18000000715256,-0.079999998211861,-0.037999998778105,-0.10000000149012,-0.11599999666214,-0.11599999666214,0.071999996900558,-0.065999999642372,-0.10999999940395,-0.1140000000596,-0.15399999916553,-0.090000003576279,-0.082000002264977,-0.10000000149012,-0.11599999666214,4,5,1,1,3,4,5,5,3,0,0,1,4,0,4,4,0.015232207253575
2022.06.03 11:40:23.040,#M,99.949996948242,100.16999816895,100.12000274658,100.04000091553,99.930000305176,99.930000305176,100.05000305176,99.98999786377,100.09999847412,100.13999938965,99.959999084473,99.98999786377,100.04000091553,100.0299987793,100,100.20999908447,-0.078000001609325,-0.17800000309944,-0.079999998211861,-0.037999998778105,-0.10400000214577,-0.11599999666214,-0.11599999666214,0.074000000953674,-0.065999999642372,-0.1140000000596,-0.11200000345707,-0.15600000321865,-0.090000003576279,-0.083999998867512,-0.10199999809265,-0.11800000071526,1,2,3,4,1,1,1,3,3,2,2,5,8,2,3,3,0.019575767219067
2022.06.03 11:40:33.039,#M,99.930000305176,100.16000366211,100.16000366211,100.0299987793,99.879997253418,99.940002441406,99.910003662109,100.06999969482,100.11000061035,100.20999908447,99.980003356934,99.98999786377,100.08000183105,100.01999664307,100.01999664307,100.18000030518,-0.082000002264977,-0.17399999499321,-0.078000001609325,-0.03999999910593,-0.10800000280142,-0.12200000137091,-0.1140000000596,0.070000000298023,-0.065999999642372,-0.10999999940395,-0.11200000345707,-0.15399999916553,-0.090000003576279,-0.083999998867512,-0.10199999809265,-0.11599999666214,3,1,1,2,4,4,3,3,1,8,2,1,3,4,5,6,0.018326248973608
2022.06.03 11:40:43.038,#M,99.919998168945,100.16000366211,100.12999725342,100.0299987793,99.860000610352,99.889999389648,99.900001525879,100.01000213623,100.09999847412,100.18000030518,99.959999084473,99.930000305176,100.08000183105,100.04000091553,99.980003356934,100.19000244141,-0.079999998211861,-0.17800000309944,-0.082000002264977,-0.037999998778105,-0.10999999940395,-0.12800000607967,-0.11800000071526,0.070000000298023,-0.065999999642372,-0.10800000280142,-0.1140000000596,-0.15399999916553,-0.092000000178814,-0.082000002264977,-0.10199999809265,-0.1140000000596,2,0,4,0,3,4,4,0,4,2,4,2,2,2,1,1,0.022657906636596
2022.06.03 11:40:46.100,#4,125,125,125,125,125,125,125,125,125,125,125,125,125,125,125,125,200,200,200,200,200,200,200,200,200,200,200,200,200,200,200,200,99.910003662109,100.16000366211,100.16999816895,100.01999664307,99.839996337891,99.930000305176,99.930000305176,99.980003356934,100.09999847412,100.2200012207,99.949996948242,99.940002441406,100.06999969482,100.04000091553,100,100.15000152588,-0.079999998211861,-0.18000000715256,-0.079999998211861,-0.03999999910593,-0.10400000214577,-0.12200000137091,-0.11999999731779,0.070000000298023,-0.065999999642372,-0.10800000280142,-0.11599999666214,-0.15600000321865,-0.092000000178814,-0.083999998867512,-0.10199999809265,-0.1140000000596,5,3,4,2,5,1,5,5,3,3,2,2,3,6,1,3,0.022372305393219
2022.06.03 11:40:56.035,#M,125.04000091553,125.12999725342,125.15000152588,124.86000061035,124.91999816895,124.20999908447,124.95999908447,125,125.80000305176,124.76000213623,124.95999908447,124.94000244141,124.94999694824,124.91999816895,125.01000213623,125.29000091553,-0.071999996900558,-0.16799999773502,-0.068000003695488,-0.0099999997764826,-0.078000001609325,-0.10199999809265,-0.10400000214577,0.13199999928474,-0.05799999833107,-0.097999997437,-0.1059999987483,-0.14599999785423,-0.07599999755621,-0.068000003695488,-0.092000000178814,-0.10400000214577,3,4,4,2,6,5,0,2,1,2,1,3,1,3,6,3,0.020944284275174
2022.06.03 11:41:06.035,#M,124.91999816895,125.12000274658,125.11000061035,124.90000152588,124.90000152588,124.65000152588,125.05999755859,124.98999786377,125.36000061035,125.06999969482,124.9700012207,124.94000244141,124.94999694824,125.01000213623,125,125.19999694824,-0.071999996900558,-0.17200000584126,-0.071999996900558,-0.024000000208616,-0.096000000834465,-0.11599999666214,-0.1140000000596,0.12800000607967,-0.054000001400709,-0.11599999666214,-0.10800000280142,-0.14800000190735,-0.090000003576279,-0.071999996900558,-0.096000000834465,-0.10800000280142,5,3,3,2,3,1,3,5,1,0,1,5,4,3,4,4,0.017326634377241
2022.06.03 11:41:16.034,#M,124.91999816895,125.11000061035,125.09999847412,124.94999694824,124.87999725342,124.84999847412,124.94000244141,124.98000335693,126.38999938965,124.98000335693,124.95999908447,124.90000152588,124.93000030518,124.98999786377,124.98999786377,125.18000030518,-0.074000000953674,-0.17399999499321,-0.074000000953674,-0.034000001847744,-0.10800000280142,-0.11599999666214,-0.11599999666214,0.12600000202656,-0.064000003039837,-0.11800000071526,-0.10999999940395,-0.14800000190735,-0.087999999523163,-0.07599999755621,-0.096000000834465,-0.10999999940395,3,2,7,0,3,3,1,4,3,4,0,5,2,3,2,2,0.020944284275174
2022.06.03 11:41:26.032,#M,124.95999908447,125.09999847412,125.09999847412,125.01000213623,124.98000335693,124.87000274658,125,124.98999786377,125.76000213623,125.01999664307,124.95999908447,124.91999816895,124.94999694824,124.95999908447,124.98999786377,125.18000030518,-0.074000000953674,-0.17399999499321,-0.07599999755621,-0.034000001847744,-0.1059999987483,-0.11999999731779,-0.10999999940395,0.12600000202656,-0.064000003039837,-0.10999999940395,-0.10999999940395,-0.15199999511242,-0.087999999523163,-0.078000001609325,-0.096000000834465,-0.10999999940395,2,1,4,2,1,0,1,2,3,1,1,1,2,5,2,4,0.018088245764375
2022.06.03 11:41:36.032,#M,124.91999816895,125.09999847412,125.08999633789,124.94999694824,124.93000030518,124.7799987793,124.9700012207,124.98999786377,125.80000305176,125.06999969482,124.95999908447,124.91000366211,124.98999786377,124.9700012207,124.98999786377,125.18000030518,-0.074000000953674,-0.17399999499321,-0.078000001609325,-0.032000001519918,-0.10800000280142,-0.12200000137091,-0.10800000280142,0.12600000202656,-0.065999999642372,-0.10800000280142,-0.10999999940395,-0.15600000321865,-0.087999999523163,-0.078000001609325,-0.096000000834465,-0.10999999940395,2,2,4,3,1,2,2,2,4,1,2,4,1,3,3,2,0.021658295765519
2022.06.03 11:41:46.031,#M,124.98999786377,125.08999633789,125.09999847412,124.9700012207,124.9700012207,124.7799987793,124.98000335693,125.01000213623,125.15000152588,125.19999694824,124.95999908447,124.87999725342,125.05000305176,125,124.98999786377,125.18000030518,-0.07599999755621,-0.17399999499321,-0.078000001609325,-0.034000001847744,-0.10199999809265,-0.12200000137091,-0.1140000000596,0.12399999797344,-0.05799999833107,-0.11200000345707,-0.10999999940395,-0.15600000321865,-0.090000003576279,-0.07599999755621,-0.096000000834465,-0.10999999940395,1,0,6,3,6,1,3,5,5,3,4,1,2,0,6,5,0.021658295765519
2022.06.03 11:41:49.109,#5,150,150,150,150,150,150,150,150,D,150,150,150,150,150,150,150,200,200,200,200,200,200,200,200,D,200,200,200,200,200,200,200,124.94000244141,125.09999847412,125.09999847412,124.98999786377,125,124.81999969482,124.98999786377,125,125.38999938965,125.12000274658,124.95999908447,124.87999725342,125.05999755859,125,124.98999786377,125.16999816895,-0.074000000953674,-0.17399999499321,-0.078000001609325,-0.035999998450279,-0.10400000214577,-0.12200000137091,-0.1140000000596,0.12399999797344,-0.05799999833107,-0.10999999940395,-0.10999999940395,-0.15399999916553,-0.090000003576279,-0.07599999755621,-0.096000000834465,-0.10999999940395,5,3,0,1,1,4,3,2,6,1,0,3,1,2,5,2,0.019547998905182
2022.06.03 11:41:59.044,#M,149.94000244141,150.44999694824,150.61000061035,150.05000305176,149.96000671387,148.94000244141,149.99000549316,149.92999267578,125.01000213623,150.16999816895,150.2200012207,149.94999694824,150.0299987793,149.89999389648,150.22999572754,150.38000488281,-0.065999999642372,-0.14800000190735,-0.028000000864267,-0.03999999910593,-0.097999997437,-0.10400000214577,-0.10999999940395,0.17200000584126,-0.059999998658895,-0.070000000298023,-0.10800000280142,-0.14800000190735,-0.082000002264977,-0.052000001072884,-0.1059999987483,-0.10400000214577,3,2,2,2,3,2,5,4,2,3,3,2,3,5,2,3,0.024573836475611
2022.06.03 11:42:09.042,#M,149.94000244141,150.33999633789,150.16000366211,150.19000244141,149.94000244141,149.41000366211,149.94999694824,150.02000427246,124.01000213623,150.17999267578,150.22999572754,149.91999816895,150,149.94000244141,150.0299987793,150.33999633789,-0.068000003695488,-0.15800000727177,-0.070000000298023,-0.034000001847744,-0.10199999809265,-0.10999999940395,-0.11200000345707,0.15999999642372,-0.059999998658895,-0.093999996781349,-0.11200000345707,-0.15000000596046,-0.086000002920628,-0.065999999642372,-0.096000000834465,-0.10800000280142,4,1,1,1,3,3,5,2,4,2,2,1,4,0,3,1,0.022372305393219
2022.06.03 11:42:19.041,#M,149.92999267578,150.11000061035,150.07000732422,150.21000671387,149.94999694824,149.63000488281,149.94999694824,150.03999328613,125.23000335693,150.05000305176,150,149.92999267578,150,150,150.08000183105,150.33999633789,-0.070000000298023,-0.17000000178814,-0.065999999642372,-0.037999998778105,-0.10199999809265,-0.11999999731779,-0.1140000000596,0.16400000452995,-0.064000003039837,-0.10800000280142,-0.11800000071526,-0.15199999511242,-0.086000002920628,-0.07599999755621,-0.096000000834465,-0.1140000000596,1,1,5,5,4,4,4,2,3,1,2,1,4,2,1,1,0.018564252182841
2022.06.03 11:42:29.056,#M,149.92999267578,149.99000549316,150.08999633789,149.97999572754,149.94000244141,150.25,149.92999267578,150.11999511719,125.30999755859,150.0299987793,150.05000305176,149.91999816895,150,149.94999694824,149.99000549316,150.30999755859,-0.071999996900558,-0.16400000452995,-0.068000003695488,-0.041999999433756,-0.10400000214577,-0.11800000071526,-0.1140000000596,0.17200000584126,-0.068000003695488,-0.10800000280142,-0.10800000280142,-0.15199999511242,-0.087999999523163,-0.071999996900558,-0.097999997437,-0.11599999666214,3,2,2,2,4,5,2,9,3,1,3,1,4,3,0,4,0.021325087174773
2022.06.03 11:42:39.038,#M,149.94000244141,150.21000671387,149.89999389648,150.25999450684,149.96000671387,150.00999450684,149.94000244141,149.91999816895,124.84999847412,150.10000610352,150.00999450684,149.91999816895,150.00999450684,150.11999511719,149.9700012207,150.19999694824,-0.071999996900558,-0.17399999499321,-0.061999998986721,-0.03999999910593,-0.10400000214577,-0.11999999731779,-0.1140000000596,0.15600000321865,-0.07599999755621,-0.11200000345707,-0.10800000280142,-0.15199999511242,-0.087999999523163,-0.071999996900558,-0.090000003576279,-0.10800000280142,5,2,4,3,1,3,5,2,2,2,2,1,5,2,3,3,0.015708213672042
2022.06.03 11:42:49.037,#M,149.94000244141,150.11000061035,150.11999511719,150.50999450684,149.94000244141,149.61999511719,149.92999267578,149.83000183105,125.9700012207,150.14999389648,150.0299987793,149.88999938965,150.00999450684,150.02000427246,149.99000549316,150.19000244141,-0.071999996900558,-0.17200000584126,-0.064000003039837,-0.03999999910593,-0.10400000214577,-0.1140000000596,-0.1140000000596,0.15000000596046,-0.05799999833107,-0.10800000280142,-0.11800000071526,-0.15199999511242,-0.087999999523163,-0.071999996900558,-0.092000000178814,-0.10199999809265,4,1,1,2,8,2,2,4,1,3,1,5,4,4,2,2,0.014756200835109
2022.06.03 11:42:53.099,#6,175,175,175,175,175,175,175,175,D,175,175,175,175,175,175,175,200,200,200,200,200,200,200,200,D,200,200,200,200,200,200,200,149.94000244141,150.10000610352,150.07000732422,150.25999450684,149.94999694824,149.61999511719,149.92999267578,149.86000061035,125.7799987793,150.13000488281,149.9700012207,149.86999511719,150.00999450684,150.03999328613,149.91000366211,150.27000427246,-0.071999996900558,-0.17200000584126,-0.065999999642372,-0.043999999761581,-0.10400000214577,-0.10999999940395,-0.1140000000596,0.15399999916553,-0.050000000745058,-0.1059999987483,-0.11599999666214,-0.15199999511242,-0.087999999523163,-0.068000003695488,-0.093999996781349,-0.1059999987483,4,5,2,4,3,2,2,4,0,3,0,1,3,1,3,5,0.022907814010978
2022.06.03 11:43:03.035,#M,175.07000732422,175.63999938965,174.91999816895,174.55999755859,174.66000366211,175.08000183105,175.66999816895,173.7799987793,124.98000335693,176.10000610352,175.41000366211,175.33999633789,174.33999633789,175.19999694824,175.55000305176,174.44000244141,-0.070000000298023,-0.19400000572205,0.80000001192093,-0.028000000864267,-0.12600000202656,-0.1059999987483,-0.12600000202656,0.2119999974966,-0.065999999642372,-0.10199999809265,-0.11200000345707,-0.13199999928474,-0.10800000280142,-0.083999998867512,-0.15600000321865,-0.07599999755621,2,0,3,3,2,3,3,3,1,0,0,1,2,2,4,2,0.021769361570477
2022.06.03 11:43:13.033,#M,174.89999389648,175.11999511719,174.97999572754,174.75,174.83999633789,174.89999389648,174.80000305176,174.57000732422,125.11000061035,175.08000183105,174.88000488281,174.88000488281,174.80999755859,175.05000305176,175.10000610352,175.08999633789,-0.068000003695488,-0.16400000452995,0.77399998903275,-0.029999999329448,-0.10999999940395,-0.11200000345707,-0.10999999940395,0.21600000560284,-0.07599999755621,-0.10199999809265,-0.10000000149012,-0.14599999785423,-0.10000000149012,-0.068000003695488,-0.11200000345707,-0.1140000000596,1,5,2,1,2,1,4,4,0,2,0,2,5,3,3,2,0.019040258601308
2022.06.03 11:43:23.031,#M,174.94999694824,175.21000671387,175.05000305176,174.85000610352,174.78999328613,174.94000244141,174.75999450684,174.60000610352,125.19999694824,175.25,174.78999328613,174.94999694824,174.94999694824,174.99000549316,175.07000732422,175.00999450684,-0.078000001609325,-0.17599999904633,0.90799999237061,-0.03999999910593,-0.11599999666214,-0.10999999940395,-0.13199999928474,0.2119999974966,-0.086000002920628,-0.10199999809265,-0.10800000280142,-0.14800000190735,-0.096000000834465,-0.071999996900558,-0.097999997437,-0.10800000280142,1,3,1,2,1,6,2,3,2,0,1,2,3,2,1,3,0.021769361570477
2022.06.03 11:43:33.031,#M,174.86999511719,174.94999694824,174.91000366211,174.80999755859,174.94999694824,174.7200012207,175.10000610352,174.75,125.15000152588,174.80999755859,174.7200012207,174.88000488281,174.82000732422,174.92999267578,174.92999267578,175.05000305176,-0.078000001609325,-0.17800000309944,1.1799999475479,-0.029999999329448,-0.10199999809265,-0.10999999940395,-0.10999999940395,0.22200000286102,-0.064000003039837,-0.1140000000596,-0.11200000345707,-0.15399999916553,-0.096000000834465,-0.078000001609325,-0.093999996781349,-0.10400000214577,2,3,1,1,3,1,3,4,6,3,1,1,2,4,3,1,0.023546453565359
2022.06.03 11:43:43.045,#M,174.94000244141,175.17999267578,174.97999572754,174.94000244141,175.11999511719,174.80999755859,174.94999694824,175.30000305176,126,174.91000366211,174.88000488281,174.83999633789,174.74000549316,174.92999267578,175.02000427246,175.07000732422,-0.068000003695488,-0.16799999773502,1.3099999427795,-0.032000001519918,-0.093999996781349,-0.11599999666214,-0.10800000280142,0.20999999344349,-0.07599999755621,-0.10999999940395,-0.11599999666214,-0.17000000178814,-0.078000001609325,-0.071999996900558,-0.096000000834465,-0.10800000280142,2,2,4,1,0,7,4,3,3,1,2,3,5,2,6,2,0.018215179443359
2022.06.03 11:43:53.043,#M,174.89999389648,175.25999450684,175.05000305176,174.92999267578,174.85000610352,174.63000488281,175.05999755859,175.05000305176,121.91999816895,175.24000549316,174.94000244141,174.83000183105,174.92999267578,174.94999694824,174.97999572754,175.13000488281,-0.074000000953674,-0.18000000715256,1.3500000238419,-0.034000001847744,-0.10199999809265,-0.10999999940395,-0.11999999731779,0.2119999974966,-0.074000000953674,-0.11200000345707,-0.11800000071526,-0.15199999511242,-0.07599999755621,-0.068000003695488,-0.090000003576279,-0.11200000345707,3,0,4,3,4,4,2,3,2,2,0,1,3,2,3,5,0.0204365439713
2022.06.03 11:43:56.105,#7,200,200,200,200,200,200,200,200,D,200,200,200,200,200,200,200,200,200,200,200,200,200,200,200,D,200,200,200,200,200,200,200,174.75999450684,175.16000366211,175.08000183105,174.99000549316,174.85000610352,174.69999694824,175.07000732422,175.24000549316,126.0299987793,175.16999816895,174.94000244141,174.96000671387,174.89999389648,174.89999389648,174.92999267578,175.07000732422,-0.074000000953674,-0.18400000035763,1.37399995327,-0.028000000864267,-0.10400000214577,-0.11599999666214,-0.1140000000596,0.21799999475479,-0.070000000298023,-0.11599999666214,-0.11599999666214,-0.15199999511242,-0.082000002264977,-0.061999998986721,-0.086000002920628,-0.1059999987483,3,2,6,3,6,3,4,3,3,2,0,0,2,6,1,2,0.018564252182841
2022.06.03 11:44:06.040,#M,200.07000732422,199.91999816895,199.74000549316,200.25,199.82000732422,199.11000061035,200.36999511719,200.36999511719,126.66000366211,200.11999511719,200.61000061035,198.80999755859,198.91999816895,198.80000305176,200.08000183105,199.94000244141,-0.071999996900558,-0.18400000035763,4.058000087738,0.059999998658895,-0.092000000178814,-0.093999996781349,-0.11999999731779,0.22800000011921,-0.064000003039837,-0.11599999666214,-0.14000000059605,-0.14200000464916,-0.12200000137091,-0.056000001728535,-0.12399999797344,-0.14000000059605,1,2,4,2,3,5,5,2,0,2,2,3,3,3,1,4,0.019547998905182
2022.06.03 11:44:16.039,#M,200.05999755859,200.19999694824,199.94999694824,199.75999450684,199.83000183105,199.72999572754,199.9700012207,200.16000366211,123.30999755859,200.03999328613,200.17999267578,199.44999694824,199.39999389648,199.61000061035,199.91999816895,200.19999694824,-0.10400000214577,-0.18199999630451,4.0599999427795,-0.021999999880791,-0.1140000000596,-0.11599999666214,-0.097999997437,0.28200000524521,-0.071999996900558,-0.12200000137091,-0.12800000607967,-0.15000000596046,-0.10000000149012,-0.065999999642372,-0.10400000214577,-0.11999999731779,0,4,6,6,4,1,1,1,2,1,1,3,5,2,4,6,0.017326636239886
2022.06.03 11:44:26.037,#M,199.63999938965,199.86999511719,200.16000366211,199.86999511719,199.7200012207,199.66000366211,199.94999694824,199.99000549316,123.16000366211,199.9700012207,200.08999633789,200.08000183105,200.10000610352,199.96000671387,199.82000732422,199.91000366211,-0.078000001609325,-0.16200000047684,4.0819997787476,-0.032000001519918,-0.11200000345707,-0.11599999666214,-0.10400000214577,0.26800000667572,-0.070000000298023,-0.10400000214577,-0.11200000345707,-0.15399999916553,-0.087999999523163,-0.071999996900558,-0.079999998211861,-0.097999997437,5,6,2,1,4,4,6,3,1,4,1,0,5,7,3,3,0.020825285464525
2022.06.03 11:44:36.035,#M,199.75999450684,199.92999267578,200.11999511719,199.88999938965,199.83000183105,199.58000183105,199.91999816895,199.75,126.11000061035,200.35000610352,200.08999633789,200.00999450684,200.05000305176,200.0299987793,199.86000061035,200.08999633789,-0.071999996900558,-0.17599999904633,4.0240001678467,-0.028000000864267,-0.10800000280142,-0.11599999666214,-0.11200000345707,0.28000000119209,-0.05799999833107,-0.10800000280142,-0.11200000345707,-0.15800000727177,-0.086000002920628,-0.050000000745058,-0.087999999523163,-0.12200000137091,5,1,1,1,5,3,3,3,2,0,0,2,3,5,1,5,0.01486604847014
2022.06.03 11:44:46.033,#M,199.83000183105,200.16999816895,200.11000061035,199.86000061035,199.96000671387,200.16999816895,199.96000671387,199.91000366211,125.4700012207,200.03999328613,200.17999267578,200.11000061035,199.99000549316,199.86999511719,199.94999694824,200.07000732422,-0.071999996900558,-0.16400000452995,4.0460000038147,-0.028000000864267,-0.10400000214577,-0.1059999987483,-0.10999999940395,0.27399998903275,-0.061999998986721,-0.1140000000596,-0.11200000345707,-0.15399999916553,-0.092000000178814,-0.056000001728535,-0.082000002264977,-0.10199999809265,1,3,0,5,4,3,2,3,2,2,1,3,2,3,0,2,0.015549545176327
2022.06.03 11:44:56.032,#M,199.86999511719,200.2200012207,200.00999450684,199.91999816895,200.30999755859,199.67999267578,200.0299987793,199.67999267578,127.25,199.9700012207,199.88000488281,199.88000488281,199.92999267578,199.80999755859,199.80999755859,200.22999572754,-0.061999998986721,-0.17399999499321,4.1319999694824,-0.034000001847744,-0.10199999809265,-0.10999999940395,-0.10999999940395,0.26800000667572,-0.071999996900558,-0.1059999987483,-0.096000000834465,-0.14000000059605,-0.093999996781349,-0.061999998986721,-0.086000002920628,-0.11200000345707,1,1,1,2,1,3,6,4,2,1,1,1,0,1,2,2,0.024752337485552
2022.06.03 11:44:59.093,#8,225,225,225,225,225,225,225,225,D,225,225,225,225,225,225,225,200,200,200,200,200,200,200,200,D,200,200,200,200,200,200,200,200.00999450684,200.24000549316,200.14999389648,199.88999938965,200.2200012207,199.64999389648,200.24000549316,199.64999389648,126.51000213623,200.07000732422,199.83999633789,199.91999816895,200.08999633789,199.72999572754,199.89999389648,200.05000305176,-0.070000000298023,-0.17800000309944,4.1500000953674,-0.037999998778105,-0.090000003576279,-0.11599999666214,-0.1140000000596,0.28000000119209,-0.079999998211861,-0.11999999731779,-0.086000002920628,-0.14000000059605,-0.093999996781349,-0.056000001728535,-0.092000000178814,-0.11200000345707,6,5,6,5,2,5,1,5,0,2,1,1,5,2,5,4,0.020880816504359
2022.06.03 11:45:09.045,#M,224.7799987793,225.17999267578,225.41999816895,224.89999389648,225.36000061035,224.08999633789,223.75999450684,225.27000427246,125.44000244141,224.05000305176,224.58999633789,224.41000366211,225.80999755859,224.86999511719,225.36000061035,224.94000244141,-0.043999999761581,-0.20200000703335,6.9539999961853,-0.0040000001899898,-0.086000002920628,-0.12800000607967,-0.13199999928474,0.27399998903275,-0.071999996900558,-0.10199999809265,-0.10400000214577,-0.17000000178814,-0.061999998986721,-0.041999999433756,-0.10800000280142,-0.052000001072884,2,3,3,2,4,2,3,2,1,1,2,4,2,2,5,2,0.022042762488127
2022.06.03 11:45:19.043,#M,224.60000610352,224.7799987793,225.10000610352,225.19999694824,224.42999267578,224.61000061035,224.58000183105,224.83000183105,125.18000030518,225.36999511719,224.91999816895,224.49000549316,224.80000305176,224.64999389648,225.10000610352,225.05000305176,-0.050000000745058,-0.17399999499321,-0.016000000759959,-0.01799999922514,-0.10800000280142,-0.097999997437,-0.10999999940395,0.34799998998642,-0.064000003039837,-0.10400000214577,-0.11200000345707,-0.14000000059605,-0.061999998986721,-0.050000000745058,-0.090000003576279,-0.086000002920628,2,2,6,2,1,7,5,1,3,1,0,3,4,3,4,2,0.0204365439713
2022.06.03 11:45:29.043,#M,224.61999511719,224.89999389648,224.80000305176,224.86999511719,224.83999633789,224.52000427246,224.63000488281,224.91000366211,125.56999969482,224.77000427246,224.97999572754,224.66000366211,224.61999511719,224.77000427246,224.83000183105,225.07000732422,-0.061999998986721,-0.16799999773502,-0.0020000000949949,-0.01799999922514,-0.10199999809265,-0.1059999987483,-0.10800000280142,0.33199998736382,-0.070000000298023,-0.097999997437,-0.11800000071526,-0.15199999511242,-0.093999996781349,-0.054000001400709,-0.096000000834465,-0.10800000280142,5,1,4,1,2,2,2,3,1,0,1,5,3,3,2,6,0.020880816504359
2022.06.03 11:45:39.041,#M,224.80000305176,225.00999450684,224.86000061035,224.77000427246,224.80999755859,224.74000549316,224.52000427246,224.89999389648,124.80999755859,224.83000183105,224.97999572754,224.99000549316,224.88999938965,225.02000427246,224.9700012207,224.96000671387,-0.064000003039837,-0.16799999773502,0.043999999761581,-0.035999998450279,-0.092000000178814,-0.11999999731779,-0.11999999731779,0.31999999284744,-0.07599999755621,-0.10400000214577,-0.10000000149012,-0.13199999928474,-0.096000000834465,-0.048000000417233,-0.082000002264977,-0.10000000149012,4,2,0,2,3,1,2,3,1,4,2,2,6,4,9,1,0.019992271438241
2022.06.03 11:45:49.040,#M,224.88999938965,225.16999816895,225.05000305176,224.88999938965,224.77000427246,224.83999633789,224.7200012207,224.85000610352,128.58999633789,225.03999328613,224.7799987793,224.75,224.97999572754,224.97999572754,224.91999816895,225.14999389648,-0.064000003039837,-0.16599999368191,0.11800000071526,-0.03999999910593,-0.090000003576279,-0.11800000071526,-0.12600000202656,0.31799998879433,-0.05799999833107,-0.11599999666214,-0.082000002264977,-0.14800000190735,-0.087999999523163,-0.059999998658895,-0.083999998867512,-0.1140000000596,0,2,3,2,6,4,2,0,1,3,1,0,2,4,1,1,0.022372303530574
2022.06.03 11:45:59.038,#M,224.52000427246,225.22999572754,225.03999328613,225.10000610352,224.83999633789,224.5299987793,224.85000610352,225,124.37999725342,225.02000427246,224.83000183105,224.77000427246,224.86000061035,224.7200012207,224.91000366211,225.30999755859,-0.061999998986721,-0.16200000047684,0.2339999973774,-0.050000000745058,-0.086000002920628,-0.10800000280142,-0.11999999731779,0.33399999141693,-0.059999998658895,-0.11599999666214,-0.11800000071526,-0.15199999511242,-0.10199999809265,-0.061999998986721,-0.096000000834465,-0.1059999987483,0,1,5,3,2,6,2,3,1,1,2,1,3,0,3,3,0.025545682758093
2022.06.03 11:46:03.100,#9,250,250,250,250,250,250,250,250,D,250,250,250,250,250,250,250,200,200,200,200,200,200,200,200,D,200,200,200,200,200,200,200,224.47999572754,224.9700012207,225.2200012207,225.13000488281,224.75999450684,224.41000366211,224.82000732422,225.11000061035,124.62999725342,225.05999755859,224.86999511719,224.80999755859,224.86999511719,224.69999694824,225,225.13999938965,-0.065999999642372,-0.16400000452995,0.26800000667572,-0.043999999761581,-0.096000000834465,-0.1059999987483,-0.11599999666214,0.33000001311302,-0.070000000298023,-0.12200000137091,-0.11200000345707,-0.15399999916553,-0.087999999523163,-0.064000003039837,-0.10199999809265,-0.10199999809265,3,3,3,1,3,6,2,2,1,4,1,1,2,4,2,3,0.01707673445344
2022.06.03 11:46:13.035,#M,250.58999633789,250.53999328613,249.08999633789,249.78999328613,249.35000610352,248.94999694824,249,248.89999389648,125.23000335693,250.80000305176,250.19999694824,249.53999328613,250.57000732422,249.7200012207,250.75999450684,249.33000183105,-0.05799999833107,-0.17399999499321,1.0420000553131,-0.0020000000949949,-0.11999999731779,-0.14399999380112,-0.12399999797344,0.45199999213219,-0.07599999755621,-0.10000000149012,-0.1140000000596,-0.14599999785423,-0.083999998867512,-0.014000000432134,-0.064000003039837,-0.028000000864267,6,4,4,3,3,3,1,6,2,1,1,1,4,3,3,2,0.015827216207981
2022.06.03 11:46:23.034,#M,250.38000488281,249.7799987793,250.0299987793,249.88999938965,250.00999450684,249.92999267578,249.67999267578,249.63999938965,124.73999786377,250.11999511719,249.58999633789,249.82000732422,249.36999511719,250.13999938965,249.91000366211,249.83999633789,-0.050000000745058,-0.16599999368191,1.027999997139,-0.026000000536442,-0.087999999523163,-0.10999999940395,-0.10999999940395,0.41999998688698,-0.071999996900558,-0.11599999666214,-0.10199999809265,-0.15999999642372,-0.097999997437,-0.05799999833107,-0.07599999755621,-0.082000002264977,6,4,5,3,1,3,2,4,5,0,0,1,4,3,3,3,0.021325090900064
2022.06.03 11:46:33.032,#M,249.78999328613,249.99000549316,250.16000366211,249.86999511719,249.75,249.69000244141,249.88999938965,249.72999572754,124.55000305176,250.19999694824,249.66999816895,249.86000061035,249.72999572754,249.92999267578,250,250.05999755859,-0.048000000417233,-0.17800000309944,1.027999997139,-0.0099999997764826,-0.11200000345707,-0.11200000345707,-0.10999999940395,0.40799999237061,-0.07599999755621,-0.097999997437,-0.10199999809265,-0.16400000452995,-0.092000000178814,-0.052000001072884,-0.079999998211861,-0.090000003576279,6,5,4,5,6,5,5,3,2,3,1,2,3,2,2,3,0.019159261137247
2022.06.03 11:46:43.045,#M,249.63000488281,249.99000549316,249.83999633789,249.72999572754,249.78999328613,249.69000244141,249.85000610352,249.71000671387,124,249.91000366211,249.75999450684,249.69999694824,250.07000732422,250.0299987793,249.86999511719,249.97999572754,-0.05799999833107,-0.18000000715256,1.0240000486374,-0.032000001519918,-0.090000003576279,-0.10400000214577,-0.11599999666214,0.41999998688698,-0.071999996900558,-0.092000000178814,-0.11200000345707,-0.16200000047684,-0.071999996900558,-0.054000001400709,-0.086000002920628,-0.097999997437,4,1,2,4,3,8,1,3,3,2,0,2,2,3,2,2,0.016660226508975
2022.06.03 11:46:53.045,#M,249.96000671387,249.9700012207,249.71000671387,249.55000305176,249.7799987793,249.30000305176,249.86999511719,249.74000549316,123.83000183105,249.92999267578,249.60000610352,249.88999938965,250.00999450684,250.07000732422,250,249.91000366211,-0.048000000417233,-0.17800000309944,1.0319999456406,-0.01799999922514,-0.096000000834465,-0.11200000345707,-0.1059999987483,0.39800000190735,-0.086000002920628,-0.11200000345707,-0.10999999940395,-0.15999999642372,-0.071999996900558,-0.041999999433756,-0.090000003576279,-0.10400000214577,4,2,4,2,2,4,2,5,4,1,0,4,2,0,5,2,0.018454404547811
2022.06.03 11:47:03.059,#M,249.92999267578,250.00999450684,250,249.75,249.83000183105,249.75,249.85000610352,249.80999755859,121.95999908447,250.00999450684,249.88999938965,249.89999389648,249.83999633789,249.75,249.88000488281,250.02000427246,-0.064000003039837,-0.17399999499321,1.0340000391006,-0.01799999922514,-0.092000000178814,-0.10999999940395,-0.11599999666214,0.40000000596046,-0.086000002920628,-0.11800000071526,-0.10999999940395,-0.15199999511242,-0.092000000178814,-0.037999998778105,-0.092000000178814,-0.11200000345707,2,2,1,3,2,1,3,6,2,1,0,1,2,2,6,1,0.019575767219067
2022.06.03 11:47:06.121,#0,100,100,100,100,100,100,100,100,100,100,100,100,100,100,100,100,200,200,200,200,200,200,200,200,200,200,200,200,200,200,200,200,249.92999267578,250.08999633789,249.96000671387,249.66999816895,249.77000427246,249.69999694824,249.85000610352,249.60000610352,125.73999786377,250,249.82000732422,249.86000061035,249.91000366211,249.78999328613,249.83999633789,250.16999816895,-0.059999998658895,-0.17599999904633,1.0060000419617,-0.024000000208616,-0.092000000178814,-0.10400000214577,-0.10999999940395,0.41800001263618,-0.086000002920628,-0.10800000280142,-0.10000000149012,-0.14200000464916,-0.083999998867512,-0.037999998778105,-0.090000003576279,-0.10800000280142,5,2,5,3,3,7,1,3,0,0,1,1,2,3,5,4,0.019992273300886

2022.06.03 11:47:06.136,List of channels disabled during scan: HmFT0 ;
2022.06.03 11:47:06.152,SCAN Finished with result COMPLETED OK! : BUT CHANNELS DISABLED DURING SCAN ;
