2022.10.20 17:27:05.081,Scan triggered MANUALLY from Panel with mode Forced Enable =  FALSE
2022.10.20 17:27:05.123,Configuration used for Scan: QuickScan

2022.10.20 17:27:05.139,HpFT0,HpFT1,HpFT2,HpFT3,HpNT0,HpNT1,HpNT2,HpNT3,HmFT0,HmFT1,HmFT2,HmFT3,HmNT0,HmNT1,HmNT2,HmNT3
2022.10.20 17:27:05.154,#channels,v0,v1,i0,i1,rUp,rDwn,triptime,vMaxSoftValue,vMon,iMon,DIP(telescope+instLumi)
2022.10.20 17:27:05.169,16,1,0,1,0,0,0,0,0,1,1,1
2022.10.20 17:27:05.439,#1,350,350,350,350,350,350,350,350,350,350,350,175,350,350,350,350,100,100,100,100,100,100,100,100,100,100,100,100,100,100,100,100,299.98001098633,300.16000366211,300.10998535156,300.4700012207,299.98001098633,299.95999145508,299.95999145508,299.98001098633,299.85000610352,302.70001220703,301.14999389648,149.75999450684,302.20999145508,301.29998779297,302.16000366211,300.23999023438,27.881999969482,23.892000198364,56.846000671387,20.447999954224,21.347999572754,25.761999130249,47.798000335693,25.545999526978,20.983999252319,20.662000656128,20.833999633789,5.5300002098083,25.106000900269,27.162000656128,24.92799949646,23.804000854492,5434191,4514439,5291883,4477812,4,5856458,3742371,5747746,4216997,3902026,3710089,3477080,5432345,5292644,5590250,4779678,16455.7734375
2022.10.20 17:27:15.022,#M,350.14001464844,350.08999633789,349.98001098633,349.89001464844,349.89001464844,349.92001342773,349.85998535156,349.89999389648,349.79000854492,349.29998779297,349.2200012207,175.11999511719,348.63000488281,349.44000244141,349.14001464844,349.75,38.770000457764,34.178001403809,82.720001220703,26.884000778198,27.423999786377,33.180000305176,69.571998596191,32.726001739502,29.413999557495,26.035999298096,27.402000427246,5.6939997673035,31.538000106812,39.013999938965,32.150001525879,32.742000579834,5434191,4514439,5291883,4477812,4,5856458,3742371,5747746,4216997,3902026,3710089,3477080,5432345,5292644,5590250,4779678,16442.220703125
2022.10.20 17:27:25.023,#M,349.83999633789,350.2200012207,349.98001098633,349.88000488281,349.92001342773,349.92999267578,349.86999511719,349.9700012207,349.82000732422,348.95001220703,349.32000732422,175.25,348.20999145508,350.10000610352,348.7200012207,349.54998779297,38.742000579834,34.161998748779,82.681999206543,26.870000839233,27.381999969482,33.153999328613,69.515998840332,32.686000823975,29.374000549316,26.035999298096,27.371999740601,5.6620001792908,31.517999649048,39.020000457764,32.141998291016,32.745998382568,5434191,4514439,5291883,4477812,4,5856458,3742371,5747746,4216997,3902026,3710089,3477080,5432345,5292644,5590250,4779678,16438.453125
2022.10.20 17:27:35.024,#M,349.85998535156,350.17001342773,350,349.89001464844,349.92999267578,349.94000244141,349.91000366211,349.98001098633,349.82000732422,348.88000488281,349.32000732422,175.13999938965,348.17001342773,349.95001220703,348.89999389648,349.67999267578,38.717998504639,34.158000946045,82.648002624512,26.870000839233,27.360000610352,33.141998291016,69.473999023438,32.673999786377,29.336000442505,26.031999588013,27.365999221802,5.6599998474121,31.513999938965,39.02799987793,32.152000427246,32.768001556396,5434191,4514439,5291883,4477812,4,5856458,3742371,5747746,4216997,3902026,3710089,3477080,5432345,5292644,5590250,4779678,16428.154296875
2022.10.20 17:27:45.025,#M,349.82000732422,350.08999633789,350,349.91000366211,349.92999267578,349.92999267578,349.89001464844,350.01000976563,349.82000732422,348.92001342773,349.29998779297,175.17999267578,348.19000244141,349.86999511719,348.85000610352,349.58999633789,38.695999145508,34.15599822998,82.608001708984,26.865999221802,27.35000038147,33.138000488281,69.430000305176,32.667999267578,29.298000335693,26.030000686646,27.351999282837,5.6560001373291,31.513999938965,39.023998260498,32.159999847412,32.790000915527,5434191,4514439,5291883,4477812,4,5856458,3742371,5747746,4216997,3902026,3710089,3477080,5432345,5292644,5590250,4779678,16426.00390625
2022.10.20 17:27:55.023,#M,349.86999511719,350.14001464844,349.98001098633,349.91000366211,349.95001220703,349.92001342773,349.89001464844,349.95999145508,349.82000732422,348.95001220703,349.2799987793,175.03999328613,348.17001342773,350,348.86999511719,349.61999511719,38.687999725342,34.152000427246,82.585998535156,26.870000839233,27.347999572754,33.131999969482,69.398002624512,32.666000366211,29.270000457764,26.031999588013,27.346000671387,5.6519999504089,31.517999649048,39.018001556396,32.17200088501,32.805999755859,5434191,4514439,5291883,4477812,4,5856458,3742371,5747746,4216997,3902026,3710089,3477080,5432345,5292644,5590250,4779678,16423.955078125
2022.10.20 17:28:05.129,#2,400,400,400,400,400,400,400,400,400,400,400,200,400,400,400,400,100,100,100,100,100,100,100,100,100,100,100,100,100,100,100,100,349.86999511719,350.19000244141,350,349.89001464844,349.92999267578,349.92999267578,349.89001464844,349.9700012207,349.82000732422,348.85998535156,349.26998901367,175.10000610352,348.20001220703,349.83999633789,348.85998535156,349.63000488281,38.678001403809,34.150001525879,82.564002990723,26.871999740601,27.346000671387,33.127998352051,69.36799621582,32.667999267578,29.246000289917,26.02799987793,27.336000442505,5.6579999923706,31.517999649048,39.006000518799,32.175998687744,32.812000274658,5434191,4514439,5291883,4477812,4,5856458,3742371,5747746,4216997,3902026,3710089,3477080,5432345,5292644,5590250,4779678,16417.578125
2022.10.20 17:28:15.023,#M,399.94000244141,400.2200012207,260.2200012207,400.05999755859,400.17001342773,399.83999633789,399.76998901367,399.91000366211,399.70999145508,400.91000366211,399.29998779297,199.7200012207,400.76000976563,400.48999023438,400.20999145508,400.79000854492,51.854000091553,47.164001464844,38.521999359131,36.17200088501,36.054000854492,42.768001556396,94.019996643066,42.25,40.437999725342,33.588001251221,36.099998474121,5.7960000038147,39.888000488281,56.147998809814,41.186000823975,42.978000640869,5434191,4514439,5291883,4477812,4,5856458,3742371,5747746,4216997,3902026,3710089,3477080,5432345,5292644,5590250,4779678,16408.009765625
2022.10.20 17:28:25.025,#M,399.92999267578,400.23001098633,18.35000038147,399.92001342773,399.89999389648,399.89999389648,399.82998657227,399.95001220703,399.75,401.0299987793,399.26998901367,199.7799987793,400.73999023438,400.60998535156,400.11999511719,400.79998779297,51.787998199463,47.122001647949,-0.18199999630451,36.111999511719,35.970001220703,42.701999664307,93.991996765137,42.169998168945,40.341999053955,33.512001037598,36.023998260498,5.7839999198914,39.790000915527,56.034000396729,41.124000549316,42.978000640869,5434191,4514439,5291883,4477812,4,5856458,3742371,5747746,4216997,3902026,3710089,3477080,5432345,5292644,5590250,4779678,16407.208984375
2022.10.20 17:28:35.021,#M,399.89999389648,400.14001464844,19.049999237061,399.91000366211,399.92001342773,399.88000488281,399.82000732422,399.89999389648,399.73001098633,400.98001098633,399.32000732422,199.74000549316,400.76998901367,400.48999023438,400.20999145508,400.80999755859,51.729999542236,46.998001098633,-0.2660000026226,36.046001434326,35.880001068115,42.64400100708,93.93399810791,42.122001647949,40.231998443604,33.416000366211,35.90599822998,5.7699999809265,39.703998565674,55.895999908447,41.088001251221,43.013999938965,5434191,4514439,5291883,4477812,4,5856458,3742371,5747746,4216997,3902026,3710089,3477080,5432345,5292644,5590250,4779678,16394.201171875
2022.10.20 17:28:45.019,#M,399.89001464844,400.14999389648,19.049999237061,399.89999389648,399.86999511719,399.88000488281,399.79998779297,399.92999267578,399.73001098633,401.07000732422,399.35998535156,199.77000427246,400.70001220703,400.54000854492,400.20999145508,400.83999633789,51.687999725342,46.931999206543,-0.2660000026226,35.998001098633,35.819999694824,42.602001190186,93.865997314453,42.085998535156,40.136001586914,33.35599899292,35.807998657227,5.7639999389648,39.650001525879,55.763999938965,41.06600189209,43.040000915527,5434191,4514439,5291883,4477812,4,5856458,3742371,5747746,4216997,3902026,3710089,3477080,5432345,5292644,5590250,4779678,16398.271484375
2022.10.20 17:28:55.018,#M,399.89999389648,400.19000244141,19.049999237061,399.92999267578,399.88000488281,399.89999389648,399.83999633789,399.95999145508,399.70999145508,400.98999023438,399.36999511719,199.75,400.73001098633,400.51000976563,400.25,400.80999755859,51.64400100708,46.86600112915,-0.2660000026226,35.953998565674,35.776000976563,42.569999694824,93.791999816895,42.054000854492,40.055999755859,33.298000335693,35.773998260498,5.7620000839233,39.610000610352,55.64400100708,41.048000335693,43.055999755859,5434191,4514439,5291883,4477812,4,5856458,3742371,5747746,4216997,3902026,3710089,3477080,5432345,5292644,5590250,4779678,16393.37109375
2022.10.20 17:29:05.122,#3,450,450,D,450,450,450,450,450,450,450,450,225,450,450,450,450,100,100,D,100,100,100,100,100,100,100,100,100,100,100,100,100,399.89999389648,400.19000244141,19.059999465942,399.95001220703,399.86999511719,399.89001464844,399.85000610352,399.9700012207,399.73001098633,400.98001098633,399.33999633789,199.77000427246,400.80999755859,400.57998657227,400.26998901367,400.85000610352,51.608001708984,46.826000213623,-0.2660000026226,35.925998687744,35.745998382568,42.554000854492,93.732002258301,42.041999816895,39.987998962402,33.262001037598,35.75,5.7579998970032,39.574001312256,55.549999237061,41.035999298096,43.062000274658,5434191,4514439,5291883,4477812,4,5856458,3742371,5747746,4216997,3902026,3710089,3477080,5432345,5292644,5590250,4779678,16386.935546875
2022.10.20 17:29:15.021,#M,449.95001220703,450.01000976563,19.129999160767,449.79000854492,449.82000732422,449.94000244141,286.92999267578,450.17999267578,449.58999633789,450.45001220703,450.26998901367,224.74000549316,449.92999267578,449.25,450.13000488281,449.7799987793,66.709999084473,61.442001342773,-0.26800000667572,48.032001495361,46.673999786377,54.214000701904,41.501998901367,53.541999816895,53.386001586914,42.88399887085,46.812000274658,5.8639998435974,49.970001220703,75.188003540039,51.305999755859,54.486000061035,5434191,4514439,5291883,4477812,4,5856458,3742371,5747746,4216997,3902026,3710089,3477080,5432345,5292644,5590250,4779678,16378.837890625
2022.10.20 17:29:25.020,#M,449.85000610352,449.98001098633,19.079999923706,449.85000610352,449.82000732422,449.86999511719,19.709999084473,450.05999755859,449.61999511719,450.39999389648,450.35998535156,224.66000366211,450.04000854492,449.32998657227,450.10998535156,449.82000732422,66.582000732422,61.340000152588,-0.26800000667572,47.925998687744,46.479999542236,54.02799987793,0.20200000703335,53.402000427246,53.217998504639,42.67200088501,46.641998291016,5.8619999885559,49.723999023438,74.833999633789,51.209999084473,54.513999938965,5434191,4514439,5291883,4477812,4,5856458,3742371,5747746,4216997,3902026,3710089,3477080,5432345,5292644,5590250,4779678,16377.107421875
2022.10.20 17:29:35.019,#M,449.86999511719,449.91000366211,19.059999465942,449.82000732422,449.80999755859,449.85998535156,18.670000076294,450.05999755859,449.60998535156,450.39999389648,450.44000244141,224.66999816895,450,449.35000610352,450.16000366211,449.79000854492,66.484001159668,61.206001281738,-0.26800000667572,47.82799911499,46.347999572754,53.900001525879,-0.29800000786781,53.290000915527,53.083999633789,42.537998199463,46.541999816895,5.8600001335144,49.599998474121,74.660003662109,51.131999969482,54.549999237061,5434191,4514439,5291883,4477812,4,5856458,3742371,5747746,4216997,3902026,3710089,3477080,5432345,5292644,5590250,4779678,16367.399414063
2022.10.20 17:29:45.029,#M,449.86999511719,449.95001220703,19.059999465942,449.83999633789,449.82998657227,449.85000610352,18.670000076294,450.05999755859,449.60000610352,450.39999389648,450.42001342773,224.66999816895,449.94000244141,449.2799987793,450.11999511719,449.79998779297,66.389999389648,61.069999694824,-0.26800000667572,47.734001159668,46.231998443604,53.790000915527,-0.30000001192093,53.187999725342,52.945999145508,42.389999389648,46.442001342773,5.8540000915527,49.486000061035,74.463996887207,51.041999816895,54.582000732422,5434191,4514439,5291883,4477812,4,5856458,3742371,5747746,4216997,3902026,3710089,3477080,5432345,5292644,5590250,4779678,16362.961914063
2022.10.20 17:29:55.017,#M,449.85000610352,449.91000366211,19.059999465942,449.82998657227,449.83999633789,449.85998535156,18.670000076294,450.07998657227,449.57998657227,450.39001464844,450.44000244141,224.7200012207,449.94000244141,449.33999633789,450.11999511719,449.79998779297,66.325996398926,60.97200012207,-0.26800000667572,47.67200088501,46.158000946045,53.726001739502,-0.30000001192093,53.141998291016,52.838001251221,42.330001831055,46.372001647949,5.8540000915527,49.377998352051,74.305999755859,51.02799987793,54.602001190186,5434191,4514439,5291883,4477812,4,5856458,3742371,5747746,4216997,3902026,3710089,3477080,5432345,5292644,5590250,4779678,16360.203125
2022.10.20 17:30:05.125,#4,500,500,D,500,500,500,D,500,500,450,500,250,500,500,500,500,100,100,D,100,100,100,D,100,100,100,100,100,100,100,100,100,449.83999633789,449.91000366211,19.059999465942,449.85000610352,449.82998657227,449.85998535156,18.680000305176,450.07998657227,449.55999755859,450.38000488281,450.51998901367,224.74000549316,449.89999389648,449.2799987793,450.14001464844,449.79000854492,66.262001037598,60.874000549316,-0.26800000667572,47.611999511719,46.09400177002,53.666000366211,-0.30000001192093,53.110000610352,52.728000640869,42.251998901367,46.301998138428,5.8499999046326,49.319999694824,74.134002685547,51.009998321533,54.60599899292,5434191,4514439,5291883,4477812,4,5856458,3742371,5747746,4216997,3902026,3710089,3477080,5432345,5292644,5590250,4779678,16354.819335938
2022.10.20 17:30:15.021,#M,499.82000732422,499.94000244141,19.159999847412,499.64999389648,499.92001342773,499.73001098633,18.790000915527,499.86999511719,499.54000854492,450.39001464844,499.9700012207,249.96000671387,499.75,499.38000488281,499.67999267578,499.7200012207,83.47200012207,77.138000488281,-0.26800000667572,61.618000030518,58.728000640869,67.643997192383,-0.30000001192093,66.597999572754,67.940002441406,42.189998626709,59.535999298096,5.9739999771118,61.801998138428,95.662002563477,63.048000335693,67.846000671387,5434191,4514439,5291883,4477812,4,5856458,3742371,5747746,4216997,3902026,3710089,3477080,5432345,5292644,5590250,4779678,16356.260742188
2022.10.20 17:30:25.025,#M,499.79000854492,499.94000244141,19.209999084473,499.70001220703,499.79998779297,499.79000854492,18.840000152588,499.91000366211,499.5299987793,450.41000366211,500.01000976563,249.72999572754,499.67001342773,499.42999267578,499.55999755859,499.70999145508,83.304000854492,76.96199798584,-0.27000001072884,61.493999481201,58.523998260498,67.454002380371,-0.30199998617172,66.43399810791,67.77799987793,42.124000549316,59.43399810791,5.9660000801086,61.631999969482,95.447998046875,62.89400100708,67.842002868652,5434191,4514439,5291883,4477812,4,5856458,3742371,5747746,4216997,3902026,3710089,3477080,5432345,5292644,5590250,4779678,16357.916015625
2022.10.20 17:30:35.027,#M,499.79000854492,499.94000244141,19.209999084473,499.66000366211,499.85000610352,499.80999755859,18.860000610352,499.88000488281,499.54000854492,450.42999267578,499.98001098633,249.80999755859,499.70001220703,499.45001220703,499.55999755859,499.70001220703,83.188003540039,76.793998718262,-0.27000001072884,61.375999450684,58.349998474121,67.28800201416,-0.30199998617172,66.328002929688,67.620002746582,42.108001708984,59.330001831055,5.9619998931885,61.481998443604,95.216003417969,62.807998657227,67.879997253418,5434191,4514439,5291883,4477812,4,5856458,3742371,5747746,4216997,3902026,3710089,3477080,5432345,5292644,5590250,4779678,16352.536132813
2022.10.20 17:30:45.026,#M,499.79998779297,499.95999145508,19.219999313354,499.73001098633,499.85998535156,499.79000854492,18.860000610352,499.85000610352,499.54998779297,450.42001342773,499.9700012207,249.64999389648,499.69000244141,499.4700012207,499.51000976563,499.73999023438,83.085998535156,76.641998291016,-0.27000001072884,61.265998840332,58.215999603271,67.153999328613,-0.30399999022484,66.25,67.473999023438,42.060001373291,59.226001739502,5.9619998931885,61.360000610352,94.984001159668,62.743999481201,67.900001525879,5434191,4514439,5291883,4477812,4,5856458,3742371,5747746,4216997,3902026,3710089,3477080,5432345,5292644,5590250,4779678,16350.305664063
2022.10.20 17:30:55.023,#M,499.79998779297,499.95999145508,19.219999313354,499.73999023438,499.85000610352,499.80999755859,18.870000839233,499.86999511719,499.54998779297,450.39999389648,499.95999145508,249.72999572754,499.73999023438,499.51000976563,499.54998779297,499.7200012207,82.998001098633,76.512001037598,-0.27000001072884,61.178001403809,58.119998931885,67.06600189209,-0.30399999022484,66.209999084473,67.342002868652,42.018001556396,59.138000488281,5.9640002250671,61.259998321533,94.753997802734,62.701999664307,67.919998168945,5434191,4514439,5291883,4477812,4,5856458,3742371,5747746,4216997,3902026,3710089,3477080,5432345,5292644,5590250,4779678,16348.154296875
2022.10.20 17:31:05.147,#0,300,300,0,300,300,300,0,300,300,300,300,150,300,300,300,300,100,100,100,100,100,100,100,100,100,100,100,100,100,100,100,100,499.79998779297,499.95999145508,19.219999313354,499.76000976563,499.85998535156,499.80999755859,18.870000839233,499.80999755859,499.54998779297,450.41000366211,499.92999267578,249.75,499.79000854492,499.45999145508,499.54998779297,499.73001098633,82.930000305176,76.414001464844,-0.27000001072884,61.108001708984,58.057998657227,67.013999938965,-0.30399999022484,66.180000305176,67.244003295898,42.013999938965,59.07799911499,5.9660000801086,61.194000244141,94.557998657227,62.67200088501,67.921997070313,5434191,4514439,5291883,4477812,4,5856458,3742371,5747746,4216997,3902026,3710089,3477080,5432345,5292644,5590250,4779678,16331.232421875

2022.10.20 17:31:05.177,MANUAL ACTION NEEDED TO RESTART CHANNELS. Nominal Values not applied in all channels because some of them were DU ERROR/OFF or corresponding LV OFF;
2022.10.20 17:31:05.193,List of channels not brought to nominal: HpFT2 | HpNT2 ;
2022.10.20 17:31:05.415,List of channels disabled during scan: HpFT2 | HpNT2 ;
2022.10.20 17:31:05.434,SCAN Finished with result COMPLETED OK! : BUT CHANNELS DISABLED DURING SCAN ;
