2022.10.26 12:02:40.636,Scan triggered MANUALLY from Panel with mode Forced Enable =  TRUE
2022.10.26 12:02:40.651,Configuration used for Scan: QuickScan

2022.10.26 12:02:40.667,HpFT0,HpFT1,HpFT2,HpFT3,HpNT0,HpNT1,HpNT2,HpNT3,HmFT0,HmFT1,HmFT2,HmFT3,HmNT0,HmNT1,HmNT2,HmNT3
2022.10.26 12:02:40.683,#channels,v0,v1,i0,i1,rUp,rDwn,triptime,vMaxSoftValue,vMon,iMon,DIP(telescope+PLT_instLumi)
2022.10.26 12:02:40.698,16,1,0,1,0,0,0,0,0,1,1,1
2022.10.26 12:02:40.792,#1,350,350,350,350,350,350,350,350,350,350,350,175,350,350,350,350,100,100,100,100,100,100,100,100,100,100,100,100,100,100,100,100,299.98999023438,300.13000488281,300.07000732422,299.9700012207,299.98999023438,299.98001098633,299.91000366211,300,299.79998779297,302.4700012207,300.63000488281,149.80000305176,302.04000854492,300.48999023438,302,300.20001220703,25.162000656128,22.167999267578,56.228000640869,20.540000915527,20.874000549316,24.565999984741,37.706001281738,24.364000320435,19.118000030518,20.416000366211,20.559999465942,5.3880000114441,24.931999206543,25.554000854492,24.253999710083,22.451999664307,NOT CORRECTLY RECEIVED,0
2022.10.26 12:02:50.026,#M,350.0299987793,349.86999511719,350,349.89001464844,349.85998535156,349.92001342773,349.86999511719,350.17999267578,349.79998779297,349.10000610352,349.60998535156,175.89999389648,348.20999145508,349.95001220703,349.30999755859,349.54998779297,33.742000579834,30.676000595093,80.975997924805,26.426000595093,25.708000183105,30.753999710083,54.540000915527,30.295999526978,25.274000167847,24.892000198364,26.145999908447,5.5720000267029,31.256000518799,35.071998596191,30.724000930786,30.871999740601,NOT CORRECTLY RECEIVED,0
2022.10.26 12:03:00.025,#M,349.89999389648,350.04998779297,350.01000976563,349.98001098633,349.95001220703,349.92999267578,349.89999389648,350.01000976563,349.7799987793,348.88000488281,349.51998901367,175.50999450684,347.86999511719,349.89999389648,349.44000244141,349.7799987793,33.731998443604,30.67799949646,80.93399810791,26.434000015259,25.714000701904,30.760000228882,54.513999938965,30.308000564575,25.263999938965,24.879999160767,26.125999450684,5.5380001068115,31.25,35.085998535156,30.718000411987,30.847999572754,NOT CORRECTLY RECEIVED,0
2022.10.26 12:03:10.024,#M,349.91000366211,350.07998657227,350.01998901367,349.86999511719,349.92001342773,349.92999267578,349.91000366211,349.95999145508,349.7799987793,348.91000366211,349.58999633789,175.17999267578,348.07998657227,349.95999145508,349.20001220703,349.73001098633,33.723999023438,30.67799949646,80.903999328613,26.440000534058,25.714000701904,30.766000747681,54.492000579834,30.313999176025,25.247999191284,24.889999389648,26.131999969482,5.5440001487732,31.257999420166,35.088001251221,30.724000930786,30.837999343872,NOT CORRECTLY RECEIVED,0
2022.10.26 12:03:20.023,#M,349.89001464844,350.07000732422,350.0299987793,349.92001342773,349.91000366211,349.92001342773,349.89999389648,349.92999267578,349.7799987793,349.0299987793,349.60000610352,175.27000427246,348.10998535156,349.9700012207,349.20001220703,349.75,33.709999084473,30.67799949646,80.86799621582,26.447999954224,25.718000411987,30.770000457764,54.465999603271,30.315999984741,25.238000869751,24.892000198364,26.131999969482,5.5500001907349,31.261999130249,35.083999633789,30.725999832153,30.829999923706,NOT CORRECTLY RECEIVED,0
2022.10.26 12:03:30.023,#M,349.85998535156,350.05999755859,350.04998779297,349.92999267578,349.92999267578,349.92001342773,349.89999389648,349.95999145508,349.76000976563,348.92001342773,349.60000610352,175.2799987793,348.01998901367,350.0299987793,349.23001098633,349.73001098633,33.708000183105,30.673999786377,80.837997436523,26.451999664307,25.719999313354,30.770000457764,54.442001342773,30.318000793457,25.229999542236,24.898000717163,26.131999969482,5.5460000038147,31.260000228882,35.083999633789,30.729999542236,30.823999404907,NOT CORRECTLY RECEIVED,0
2022.10.26 12:03:40.069,#2,400,400,400,400,400,400,400,400,400,400,400,200,400,400,400,400,100,100,100,100,100,100,100,100,100,100,100,100,100,100,100,100,349.89999389648,350.04998779297,350.0299987793,349.94000244141,349.92001342773,349.92001342773,349.89001464844,349.9700012207,349.79000854492,348.95999145508,349.61999511719,175.25999450684,348.05999755859,350.04000854492,349.26998901367,349.67999267578,33.695999145508,30.670000076294,80.809997558594,26.454000473022,25.72200012207,30.770000457764,54.423999786377,30.32200050354,25.219999313354,24.898000717163,26.134000778198,5.5479998588562,31.267999649048,35.085998535156,30.736000061035,30.819999694824,NOT CORRECTLY RECEIVED,0
2022.10.26 12:03:50.021,#M,399.95001220703,400.26000976563,284.25,399.82998657227,399.67999267578,399.91000366211,399.67999267578,399.89001464844,399.58999633789,401.30999755859,398.73999023438,199.36999511719,400.64999389648,400.39001464844,400.2799987793,400.7799987793,44.673999786377,42.186000823975,48.263999938965,34.349998474121,32.506000518799,39.051998138428,74.431999206543,38.32799911499,33.717998504639,31.173999786377,33.425998687744,5.7119998931885,39.330001831055,48.02799987793,38.847999572754,41.742000579834,NOT CORRECTLY RECEIVED,0
2022.10.26 12:04:00.020,#M,400.01000976563,400.23001098633,34.150001525879,399.88000488281,399.88000488281,399.88000488281,399.82998657227,400.10000610352,399.75,401.42999267578,399.17999267578,199.78999328613,400.79000854492,400,400.30999755859,400.79998779297,44.652000427246,42.124000549316,1.932000041008,34.349998474121,32.479999542236,39.013999938965,74.412002563477,38.291999816895,33.659999847412,31.104000091553,33.380001068115,5.688000202179,39.299999237061,47.992000579834,38.818000793457,41.695999145508,NOT CORRECTLY RECEIVED,0
2022.10.26 12:04:10.020,#M,399.89999389648,400.2200012207,19.110000610352,399.85998535156,399.88000488281,399.89999389648,399.83999633789,400.08999633789,399.7200012207,401.55999755859,399.32998657227,199.80000305176,400.7799987793,400.17999267578,400.32998657227,400.75,44.619998931885,42.088001251221,-0.26399999856949,34.338001251221,32.456001281738,38.992000579834,74.375999450684,38.276000976563,33.613998413086,31.063999176025,33.36600112915,5.688000202179,39.276000976563,47.973999023438,38.813999176025,41.661998748779,NOT CORRECTLY RECEIVED,0
2022.10.26 12:04:20.018,#M,399.95999145508,400.26998901367,19.110000610352,399.89999389648,399.89999389648,399.88000488281,399.85998535156,400.10998535156,399.73001098633,401.45999145508,399.35998535156,199.74000549316,400.70001220703,400.14001464844,400.29998779297,400.70999145508,44.596000671387,42.088001251221,-0.2660000026226,34.333999633789,32.444000244141,38.981998443604,74.328002929688,38.263999938965,33.568000793457,31.034000396729,33.368000030518,5.6859998703003,39.265998840332,47.956001281738,38.810001373291,41.630001068115,NOT CORRECTLY RECEIVED,0
2022.10.26 12:04:30.017,#M,399.9700012207,400.26000976563,19.120000839233,399.85000610352,399.94000244141,399.89999389648,399.88000488281,400.01998901367,399.75,401.44000244141,399.35000610352,199.75,400.73999023438,400.20999145508,400.2799987793,400.70001220703,44.57799911499,42.054000854492,-0.2660000026226,34.333999633789,32.436000823975,38.976001739502,74.281997680664,38.262001037598,33.534000396729,31.013999938965,33.332000732422,5.6820001602173,39.263999938965,47.93399810791,38.812000274658,41.610000610352,NOT CORRECTLY RECEIVED,0
2022.10.26 12:04:40.062,#3,450,450,D,450,450,450,450,450,450,450,450,225,450,450,450,450,100,100,D,100,100,100,100,100,100,100,100,100,100,100,100,100,399.95999145508,400.19000244141,19.120000839233,399.79998779297,399.89001464844,399.92001342773,399.86999511719,400.01998901367,399.75,401.44000244141,399.32998657227,199.7200012207,400.70999145508,400.26000976563,400.29000854492,400.75,44.563999176025,42.062000274658,-0.2660000026226,34.335998535156,32.43399810791,38.973999023438,74.25,38.263999938965,33.501998901367,30.997999191284,33.326000213623,5.6799998283386,39.257999420166,47.914001464844,38.81600189209,41.585998535156,NOT CORRECTLY RECEIVED,0
2022.10.26 12:04:50.029,#M,449.92999267578,449.51998901367,19.239999771118,449.69000244141,449.75,449.80999755859,449.83999633789,450.05999755859,449.54998779297,450.82998657227,450.33999633789,224.71000671387,450.13000488281,449.95999145508,450.26998901367,449.80999755859,56.909999847412,55.009998321533,-0.26800000667572,43.546001434326,40.812000274658,48.580001831055,96.839996337891,47.569999694824,44.423999786377,39.164001464844,41.950000762939,5.811999797821,48.282001495361,63.832000732422,47.436000823975,54.209999084473,NOT CORRECTLY RECEIVED,0
2022.10.26 12:05:00.027,#M,449.91000366211,449.94000244141,19.299999237061,449.82000732422,449.94000244141,449.85998535156,449.79000854492,450,449.61999511719,450.73001098633,450.39001464844,224.75,450.14001464844,449.95999145508,450.25,449.79000854492,56.826000213623,54.92200088501,-0.27000001072884,43.543998718262,40.680000305176,48.417999267578,96.77799987793,47.428001403809,44.299999237061,39.009998321533,41.854000091553,5.8060002326965,48.226001739502,64.09400177002,47.470001220703,54.10599899292,NOT CORRECTLY RECEIVED,0
2022.10.26 12:05:10.025,#M,449.89001464844,449.92001342773,19.319999694824,449.79998779297,449.91000366211,449.82998657227,449.7799987793,450.01998901367,449.60000610352,450.80999755859,450.39999389648,224.78999328613,450.13000488281,450.01000976563,450.23001098633,449.7799987793,56.779998779297,54.868000030518,-0.27000001072884,43.487998962402,40.596000671387,48.338001251221,96.720001220703,47.363998413086,44.203998565674,38.916000366211,41.773998260498,5.8020000457764,48.161998748779,63.944000244141,47.400001525879,54.046001434326,NOT CORRECTLY RECEIVED,0
2022.10.26 12:05:20.024,#M,449.86999511719,449.92001342773,19.319999694824,449.79998779297,449.89001464844,449.83999633789,449.7799987793,450.04998779297,449.60998535156,450.80999755859,450.44000244141,224.7200012207,450.17999267578,449.94000244141,450.26998901367,449.79000854492,56.75,54.835998535156,-0.27000001072884,43.464000701904,40.551998138428,48.298000335693,96.667999267578,47.330001831055,44.111999511719,38.840000152588,41.714000701904,5.8020000457764,48.122001647949,63.819999694824,47.368000030518,54.009998321533,NOT CORRECTLY RECEIVED,0
2022.10.26 12:05:30.024,#M,449.85998535156,449.88000488281,19.329999923706,449.80999755859,449.85998535156,449.89001464844,449.80999755859,450.08999633789,449.60998535156,450.85998535156,450.45001220703,224.75,450.17001342773,449.94000244141,450.2200012207,449.80999755859,56.742000579834,54.819999694824,-0.27000001072884,43.473999023438,40.52799987793,48.284000396729,96.624000549316,47.319999694824,44.040000915527,38.798000335693,41.695999145508,5.8039999008179,48.10599899292,63.807998657227,47.386001586914,53.981998443604,NOT CORRECTLY RECEIVED,0
2022.10.26 12:05:40.070,#4,500,500,D,500,500,500,500,500,500,450,500,250,500,500,500,500,100,100,D,100,100,100,100,100,100,100,100,100,100,100,100,100,449.89001464844,449.85998535156,19.340000152588,449.82998657227,449.86999511719,449.86999511719,449.79000854492,450.07000732422,449.60998535156,450.89001464844,450.48001098633,224.7200012207,450.17999267578,449.92999267578,450.26000976563,449.80999755859,56.742000579834,54.810001373291,-0.27000001072884,43.481998443604,40.512001037598,48.276000976563,96.589996337891,47.318000793457,43.981998443604,38.765998840332,41.67200088501,5.8039999008179,48.097999572754,63.731998443604,47.395999908447,53.962001800537,NOT CORRECTLY RECEIVED,0
2022.10.26 12:05:50.021,#M,499.92001342773,500.01000976563,19.379999160767,499.82000732422,499.73999023438,499.80999755859,304.26998901367,499.95999145508,499.70001220703,450.82998657227,499.51000976563,249.91000366211,499.67999267578,499.14001464844,500.54998779297,499.57998657227,69.996002197266,68.769996643066,-0.27000001072884,54.784000396729,51.012001037598,59.25,37.751998901367,58.083999633789,57.819999694824,38.734001159668,52.208000183105,5.938000202179,58.125999450684,82.302001953125,56.414001464844,67.524002075195,NOT CORRECTLY RECEIVED,0
2022.10.26 12:06:00.021,#M,499.82998657227,500,19.340000152588,499.64999389648,499.89001464844,499.80999755859,73.669998168945,499.85998535156,499.58999633789,450.86999511719,499.5299987793,249.66000366211,499.75,499.26998901367,500.63000488281,499.67001342773,69.902000427246,68.674003601074,-0.27000001072884,54.659999847412,50.877998352051,59.127998352051,6.5560002326965,57.895999908447,57.695999145508,38.715999603271,52.054000854492,5.941999912262,57.965999603271,82.129997253418,56.321998596191,67.416000366211,NOT CORRECTLY RECEIVED,0
2022.10.26 12:06:10.019,#M,499.82998657227,499.98999023438,19.329999923706,499.70999145508,499.89999389648,499.79998779297,18.909999847412,499.86999511719,499.54000854492,450.85998535156,499.51998901367,249.69999694824,499.73999023438,499.23999023438,500.66000366211,499.67001342773,69.795997619629,68.582000732422,-0.27000001072884,54.551998138428,50.726001739502,59,-0.29800000786781,57.782001495361,57.563999176025,38.695999145508,51.925998687744,5.9400000572205,57.861999511719,82.054000854492,56.270000457764,67.318000793457,NOT CORRECTLY RECEIVED,0
2022.10.26 12:06:20.020,#M,499.82000732422,499.98999023438,19.329999923706,499.70001220703,499.89999389648,499.7799987793,18.909999847412,499.85998535156,499.54000854492,450.91000366211,499.51998901367,249.7200012207,499.75,499.26000976563,500.67001342773,499.67001342773,69.720001220703,68.515998840332,-0.27000001072884,54.476001739502,50.627998352051,58.925998687744,-0.30000001192093,57.742000579834,57.465999603271,38.686000823975,51.846000671387,5.941999912262,57.798000335693,81.984001159668,56.248001098633,67.251998901367,NOT CORRECTLY RECEIVED,0
2022.10.26 12:06:30.019,#M,499.7799987793,500,19.329999923706,499.76000976563,499.89001464844,499.79000854492,18.909999847412,499.89001464844,499.5,450.85998535156,499.51998901367,249.7200012207,499.76000976563,499.26000976563,500.66000366211,499.67999267578,69.639999389648,68.449996948242,-0.27000001072884,54.40599822998,50.546001434326,58.874000549316,-0.30199998617172,57.686000823975,57.386001586914,38.667999267578,51.791999816895,5.938000202179,57.740001678467,81.930000305176,56.229999542236,67.197998046875,NOT CORRECTLY RECEIVED,0
2022.10.26 12:06:40.065,#0,300,300,0,300,300,300,0,300,300,300,300,150,300,300,300,300,100,100,100,100,100,100,100,100,100,100,100,100,100,100,100,100,499.82000732422,500,19.329999923706,499.7799987793,499.89999389648,499.79000854492,18.920000076294,499.86999511719,499.55999755859,450.86999511719,499.51998901367,249.69000244141,499.75,499.26998901367,500.64001464844,499.66000366211,69.582000732422,68.403999328613,-0.27000001072884,54.35599899292,50.492000579834,58.841999053955,-0.30199998617172,57.653999328613,57.293998718262,38.647998809814,51.731998443604,5.9439997673035,57.698001861572,81.849998474121,56.214000701904,67.139999389648,NOT CORRECTLY RECEIVED,0

2022.10.26 12:06:40.096,MANUAL ACTION NEEDED TO RESTART CHANNELS. Nominal Values not applied in all channels because some of them were DU ERROR/OFF or checkLV(ON) result FALSE;
2022.10.26 12:06:40.112,List of channels not brought to nominal: HpFT2 | HpNT2 ;
2022.10.26 12:06:40.268,List of channels disabled during scan: HpFT2 | HpNT2 ;
2022.10.26 12:06:40.284,SCAN Finished with result COMPLETED OK! : BUT CHANNELS DISABLED DURING SCAN ;
