2018.10.04 11:39:58.165,Scan triggered MANUALLY from Panel with mode Forced Enable =  FALSE
2018.10.04 11:39:58.208,Configuration used for Scan: DEFAULT

2018.10.04 11:39:58.223,HpFT0,HpFT1,HpFT2,HpFT3,HpNT0,HpNT1,HpNT2,HpNT3,HmFT0,HmFT1,HmFT2,HmFT3,HmNT0,HmNT1,HmNT2,HmNT3
2018.10.04 11:39:58.237,#channels,v0,v1,i0,i1,rUp,rDwn,triptime,vMaxSoftValue,vMon,iMon,DIP(telescope+instLumi)
2018.10.04 11:39:58.251,16,1,0,1,0,0,0,0,0,1,1,1
2018.10.04 11:39:58.421,#1,100,100,100,100,100,100,100,100,100,100,100,100,100,100,100,100,200,200,200,200,200,200,200,200,200,200,200,200,200,200,200,200,799.96997070313,799.92999267578,800.13000488281,800.01000976563,800.03002929688,800.10998535156,800.03997802734,799.91998291016,500.14999389648,800.16998291016,800.21002197266,800.04998779297,500.10998535156,800.07000732422,800.11999511719,800.17999267578,102.37000274658,99.678001403809,101.57199859619,96.708000183105,109.7440032959,94.513999938965,112.90200042725,94.012001037598,88.28800201416,107.2620010376,96.096000671387,134.93600463867,165.60200500488,100.80599975586,107.21800231934,112.15200042725,4211657,3305974,3703791,3345769,3580500,4405541,3985500,4248026,2411918,4090101,3776497,4305733,12963,3857618,4242343,3477526,9112.662109375
2018.10.04 11:40:08.026,#M,620.75,621.71997070313,621.89001464844,622.82000732422,623.09997558594,622.94000244141,624.44000244141,624.08001708984,320.89001464844,621.89001464844,621.97998046875,622.91998291016,323.14999389648,624.16998291016,624.45001220703,625.71002197266,82.38200378418,77.601997375488,80.522003173828,74.101997375488,86.627998352051,76.575996398926,90.059997558594,73.589996337891,53.908000946045,83.501998901367,74.910003662109,89.171997070313,69.858001708984,80.819999694824,84.994003295898,90.561996459961,4143215,3224560,3653319,3308472,3538484,4391341,3929466,4142699,2035494,4054802,3734409,4261923,12160,3794604,4155678,3391408,8984.4609375
2018.10.04 11:40:18.028,#M,371.20999145508,372.29000854492,372.38000488281,373.29000854492,373.57000732422,372.98001098633,375.04000854492,374.32000732422,100.58000183105,372.17001342773,372.5299987793,373.29000854492,99.809997558594,374.54000854492,374.88000488281,376.2799987793,51.599998474121,50.686000823975,51.763999938965,48.881999969482,54.166000366211,49.391998291016,56.270000457764,48.77799987793,13.515999794006,53.046001434326,48.549999237061,56.231998443604,15.218000411987,52.428001403809,54.180000305176,58.973999023438,2032748,1422372,1968428,2087123,2313558,2931244,2344688,1785800,66014,2730033,2301627,2700845,1909,1896211,1839469,1349685,6366.8686523438
2018.10.04 11:40:28.034,#M,121.80999755859,122.2200012207,122.7799987793,123.41000366211,123.81999969482,122.69000244141,125.34999847412,124.30999755859,100.26999664307,122.68000030518,122.90000152588,123.37000274658,99.819999694824,124.88999938965,124.84999847412,127.12999725342,8.8240003585815,9.0819997787476,8.7519998550415,8.46399974823,9.2659997940063,8.78600025177,9.8420000076294,8.8360004425049,15.553999900818,9.2259998321533,7.9980001449585,9.1759996414185,17.520000457764,8.5740003585815,9.1899995803833,11.381999969482,9819,44191,10439,145845,83591,92025,60298,14654,164695,20027,29751,11525,2664,11396,12334,14112,100.03366851807
2018.10.04 11:40:38.029,#M,99.599998474121,99.550003051758,99.790000915527,98.769996643066,99.669998168945,100.13999938965,99.849998474121,99.73999786377,100.44999694824,99.720001220703,99.779998779297,99.669998168945,99.809997558594,99.809997558594,99.809997558594,99.870002746582,8.1859998703003,8.0880002975464,7.9439997673035,7.6160001754761,8.2040004730225,7.9460000991821,8.6520004272461,7.7880001068115,15.765999794006,8.3420000076294,7.2940001487732,8.3599996566772,17.760000228882,7.7760000228882,8.1260004043579,9.3559999465942,2346,8210,1847,34208,13180,16121,11060,2794,219735,3160,4407,1592,3003,1541,1989,1600,12.902194976807
2018.10.04 11:40:48.034,#M,99.620002746582,99.529998779297,99.819999694824,99.620002746582,99.650001525879,100.09999847412,99.809997558594,99.699996948242,100.01999664307,99.76000213623,99.720001220703,99.680000305176,99.819999694824,99.779998779297,99.779998779297,99.819999694824,8.28600025177,8.1759996414185,8.0340003967285,7.6640000343323,8.293999671936,8.0179996490479,8.746000289917,7.8779997825623,15.803999900818,8.4280004501343,7.3839998245239,8.4580001831055,17.774000167847,7.8680000305176,8.2220001220703,9.4280004501343,2685,9089,2146,39378,15005,18653,13053,3155,221211,3545,5205,1898,2969,1870,2181,1923,15.231455802917
2018.10.04 11:40:58.033,#M,99.610000610352,99.540000915527,99.720001220703,99.519996643066,99.650001525879,100.05999755859,99.819999694824,99.690002441406,100.33000183105,99.839996337891,99.73999786377,99.699996948242,99.809997558594,99.779998779297,99.800003051758,99.860000610352,8.3559999465942,8.2440004348755,8.1099996566772,7.7259998321533,8.3660001754761,8.0719995498657,8.8140001296997,7.9499998092651,15.78600025177,8.4940004348755,7.460000038147,8.5299997329712,17.761999130249,7.9400000572205,8.2980003356934,9.4779996871948,2766,9654,2360,42329,15751,20404,13790,3277,223681,3766,5628,1962,3057,1929,2339,2011,16.324258804321
2018.10.04 11:41:08.030,#M,99.610000610352,99.540000915527,99.790000915527,99.839996337891,99.660003662109,100.15000152588,99.819999694824,99.73999786377,100.44000244141,99.849998474121,99.720001220703,99.690002441406,99.830001831055,99.830001831055,99.809997558594,99.860000610352,8.4079999923706,8.2880001068115,8.1619997024536,7.7740001678467,8.4160003662109,8.1219997406006,8.8599996566772,8,15.78600025177,8.5419998168945,7.5079998970032,8.5780000686646,17.753999710083,7.9899997711182,8.3520002365112,9.503999710083,2937,9709,2605,44531,16255,21549,14307,3429,223724,3973,5922,2002,3151,1992,2522,2074,17.183958053589
2018.10.04 11:41:18.034,#M,99.620002746582,99.540000915527,99.800003051758,99.779998779297,99.660003662109,100.37000274658,99.830001831055,99.730003356934,100.30000305176,99.779998779297,99.720001220703,99.699996948242,99.849998474121,99.849998474121,99.809997558594,99.809997558594,8.4399995803833,8.3179998397827,8.1979999542236,7.8020000457764,8.4460000991821,8.1520004272461,8.8920001983643,8.0340003967285,15.779999732971,8.5659999847412,7.539999961853,8.6140003204346,17.75,8.0240001678467,8.3859996795654,9.5240001678467,3098,10183,2674,46201,16878,22873,14567,3580,223015,3979,6187,2110,3055,2094,2610,2127,17.892948150635
2018.10.04 11:41:28.029,#M,99.629997253418,99.550003051758,99.769996643066,99.639999389648,99.669998168945,100.06999969482,99.819999694824,99.76000213623,100.29000091553,99.839996337891,99.73999786377,99.690002441406,99.839996337891,99.819999694824,99.830001831055,99.889999389648,8.46399974823,8.3400001525879,8.2259998321533,7.8400001525879,8.4720001220703,8.1639995574951,8.9180002212524,8.0559997558594,15.791999816895,8.5860004425049,7.5700001716614,8.6379995346069,17.747999191284,8.0480003356934,8.4119997024536,9.53600025177,3336,10509,2673,47470,17385,23060,15066,3648,224960,4082,6485,2231,3130,2193,2586,2273,18.387010574341
2018.10.04 11:41:28.203,#2,150,150,150,150,150,150,150,150,150,150,150,150,150,150,150,150,200,200,200,200,200,200,200,200,200,200,200,200,200,200,200,200,99.629997253418,99.550003051758,99.769996643066,99.639999389648,99.669998168945,100.06999969482,99.819999694824,99.76000213623,100.29000091553,99.839996337891,99.73999786377,99.690002441406,99.839996337891,99.819999694824,99.830001831055,99.889999389648,8.46399974823,8.3400001525879,8.2259998321533,7.8400001525879,8.4720001220703,8.1639995574951,8.9180002212524,8.0559997558594,15.791999816895,8.5860004425049,7.5700001716614,8.6379995346069,17.747999191284,8.0480003356934,8.4119997024536,9.53600025177,3336,10509,2673,47470,17385,23060,15066,3648,224960,4082,6485,2231,3130,2193,2586,2273,18.387010574341
2018.10.04 11:41:38.026,#M,149.52000427246,150.11000061035,150.2200012207,148.67999267578,150.53999328613,149.47999572754,150.33000183105,151.32000732422,149.88999938965,150.19999694824,149.86999511719,150,150.5,149.69000244141,149.88999938965,149.86999511719,15.444000244141,15.107999801636,15.133999824524,14.439999580383,15.586000442505,14.710000038147,16.256000518799,14.531999588013,24.201999664307,15.581999778748,14.152000427246,15.892000198364,27.681999206543,14.815999984741,15.588000297546,17.187999725342,274237,287470,262975,818430,659535,1006987,679375,208437,572369,269155,340856,179718,4711,214227,208669,229665,1029.4130859375
2018.10.04 11:41:48.025,#M,149.7200012207,149.78999328613,149.86000061035,149.16999816895,150.17999267578,149.64999389648,150.38999938965,150.69000244141,149.60000610352,150.03999328613,149.80000305176,149.91999816895,150.71000671387,149.88000488281,149.91000366211,149.88000488281,15.223999977112,14.925999641418,14.930000305176,14.204000473022,15.368000030518,14.510000228882,15.99199962616,14.359999656677,24.135999679565,15.359999656677,13.925999641418,15.621999740601,27.606000900269,14.550000190735,15.336000442505,16.947999954224,222209,260044,213593,763193,590216,900690,587167,168103,567479,223560,294642,141703,4648,168597,157854,177014,878.44940185547
2018.10.04 11:41:58.027,#M,149.71000671387,149.75,150.00999450684,149.67999267578,150.36000061035,149.80000305176,150.49000549316,150.44999694824,150.10000610352,149.96000671387,149.97999572754,149.96000671387,150.71000671387,149.86999511719,149.86999511719,149.97999572754,15.005999565125,14.751999855042,14.71399974823,14.024000167847,15.161999702454,14.333999633789,15.746000289917,14.175999641418,24.055999755859,15.131999969482,13.711999893188,15.359999656677,27.545999526978,14.302000045776,15.076000213623,16.697999954224,185060,242385,178032,721636,545299,817941,537121,142941,564482,189837,262111,114464,4499,139412,131350,147383,786.68188476563
2018.10.04 11:42:08.024,#M,149.74000549316,149.75999450684,150.03999328613,149.7799987793,150.30000305176,149.77000427246,150.66000366211,150.44999694824,150.05000305176,149.91000366211,150,149.88999938965,150.63999938965,149.96000671387,149.86999511719,149.86999511719,14.815999984741,14.590000152588,14.548000335693,13.831999778748,14.97200012207,14.175999641418,15.541999816895,14.022000312805,23.997999191284,14.946000099182,13.52799987793,15.131999969482,27.503999710083,14.074000358582,14.871999740601,16.493999481201,162830,227523,158527,699295,512996,765125,494879,128558,564131,173131,238022,102192,4549,121331,114561,127841,725.03399658203
2018.10.04 11:42:18.030,#M,149.69999694824,149.85000610352,150.13000488281,150.21000671387,150.35000610352,149.75,150.72999572754,150.4700012207,149.99000549316,149.86000061035,150.03999328613,149.80999755859,150.80999755859,149.91999816895,149.89999389648,149.91000366211,14.675999641418,14.482000350952,14.411999702454,13.762000083923,14.833999633789,14.053999900818,15.387999534607,13.897999763489,23.951999664307,14.805999755859,13.378000259399,14.942000389099,27.474000930786,13.918000221252,14.711999893188,16.341999053955,146718,215682,143629,672254,487050,717087,466924,118391,562749,159781,224738,92570,4653,109704,102766,120120,676.54986572266
2018.10.04 11:42:28.029,#M,149.7200012207,149.80000305176,150.14999389648,150.16000366211,150.38000488281,149.7799987793,150.88999938965,150.4700012207,150.00999450684,149.9700012207,150.25,149.88000488281,150.67999267578,149.88999938965,149.83999633789,149.9700012207,14.5640001297,14.39999961853,14.315999984741,13.635999679565,14.723999977112,13.946000099182,15.25800037384,13.802000045776,23.959999084473,14.696000099182,13.263999938965,14.810000419617,27.458000183105,13.793999671936,14.597999572754,16.228000640869,136838,212222,136203,650301,473751,691207,441061,111899,559648,147569,215528,86593,4609,101787,96946,109851,642.74743652344
2018.10.04 11:42:33.175,#3,200,200,200,200,200,200,200,200,200,200,200,200,200,200,200,200,200,200,200,200,200,200,200,200,200,200,200,200,200,200,200,200,149.75,149.82000732422,150.08000183105,150.14999389648,150.38000488281,149.75,150.75999450684,150.57000732422,150.03999328613,149.92999267578,150.21000671387,149.92999267578,150.64999389648,149.91000366211,149.86000061035,149.99000549316,14.529999732971,14.369999885559,14.279999732971,13.630000114441,14.694000244141,13.916000366211,15.218000411987,13.767999649048,23.936000823975,14.657999992371,13.234000205994,14.765999794006,27.451999664307,13.75800037384,14.560000419617,16.191999435425,130760,206621,129843,641706,455595,667655,436626,107391,561257,143086,206456,81574,4530,97991,94041,106346,629.58679199219
2018.10.04 11:42:43.031,#M,199.60000610352,199.64999389648,199.86000061035,199.94999694824,200.13999938965,199.74000549316,199.82000732422,200.2799987793,200.13999938965,199.80999755859,199.74000549316,199.74000549316,200,199.91999816895,200.08999633789,199.97999572754,22.879999160767,22.332000732422,22.798000335693,21.582000732422,23.323999404907,21.813999176025,24.284000396729,21.555999755859,33.125999450684,23.579999923706,21.676000595093,24.233999252319,38.903999328613,22.614000320435,23.770000457764,25.837999343872,1024806,599390,1011084,927629,990784,1375846,1303217,957390,1093503,802359,729558,889174,7415,911729,1150933,958248,2408.4936523438
2018.10.04 11:42:53.025,#M,199.69999694824,199.66000366211,199.7799987793,199.41000366211,199.9700012207,199.72999572754,200.05000305176,199.99000549316,199.46000671387,199.91000366211,199.83000183105,199.85000610352,199.92999267578,199.99000549316,199.88000488281,199.88000488281,22.634000778198,22.131999969482,22.558000564575,21.333999633789,23.096000671387,21.596000671387,24.002000808716,21.351999282837,33.069999694824,23.364000320435,21.458000183105,23.969999313354,38.830001831055,22.361999511719,23.513999938965,25.583999633789,981113,584836,964370,941831,1000678,1402866,1297795,873328,1083304,772794,715062,830561,7109,854071,1047021,903029,2324.7575683594
2018.10.04 11:43:03.033,#M,199.61999511719,199.63999938965,199.82000732422,199.53999328613,199.97999572754,199.69999694824,200,200.13999938965,199.92999267578,199.91000366211,199.86999511719,199.80000305176,199.88000488281,199.89999389648,199.86999511719,199.86999511719,22.42200088501,21.975999832153,22.368000030518,21.180000305176,22.931999206543,21.393999099731,23.757999420166,21.176000595093,32.958000183105,23.153999328613,21.247999191284,23.653999328613,38.770000457764,22.121999740601,23.29400062561,25.360000610352,948056,571362,930522,953916,1004147,1415076,1293145,827908,1080149,753193,700919,797023,7156,805863,978566,865200,2260.25
2018.10.04 11:43:13.029,#M,199.60000610352,199.61999511719,199.80000305176,199.67999267578,200.03999328613,199.67999267578,200.05999755859,200.2200012207,200,199.9700012207,199.89999389648,199.85000610352,199.88999938965,199.80999755859,199.88999938965,199.85000610352,22.229999542236,21.846000671387,22.194000244141,21.040000915527,22.791999816895,21.211999893188,23.558000564575,21.011999130249,32.916000366211,22.983999252319,21.069999694824,23.423999786377,38.729999542236,21.916000366211,23.093999862671,25.170000076294,919183,565958,902062,959787,1006421,1425435,1285296,779258,1072333,738367,687888,756918,7290,782643,918042,837360,2211.6784667969
2018.10.04 11:43:23.027,#M,199.60000610352,199.63000488281,199.82000732422,199.74000549316,199.92999267578,199.66999816895,200.19999694824,200.17999267578,200.05000305176,200.0299987793,199.92999267578,199.82000732422,199.92999267578,199.82000732422,199.88999938965,199.82000732422,22.07799911499,21.742000579834,22.063999176025,20.934000015259,22.670000076294,21.07200050354,23.409999847412,20.889999389648,32.872001647949,22.841999053955,20.931999206543,23.270000457764,38.700000762939,21.753999710083,22.944000244141,25.024000167847,898361,553728,878621,968848,1007290,1424945,1280306,755257,1064111,719614,676244,725111,7191,759351,874957,809736,2177.6303710938
2018.10.04 11:43:33.033,#M,199.61000061035,199.66999816895,199.7799987793,199.82000732422,199.99000549316,199.64999389648,200.13999938965,200.11999511719,199.80999755859,199.99000549316,199.88000488281,199.80000305176,199.91000366211,199.83999633789,199.91000366211,199.89999389648,21.951999664307,21.659999847412,21.961999893188,20.851999282837,22.57200050354,20.964000701904,23.285999298096,20.795999526978,32.852001190186,22.739999771118,20.823999404907,23.156000137329,38.686000823975,21.635999679565,22.832000732422,24.909999847412,879819,553816,861220,970727,1006443,1432130,1265336,720246,1059133,708120,667922,707062,7138,733235,837736,788454,2140.3715820313
2018.10.04 11:43:39.181,#4,250,250,250,250,250,250,250,250,250,250,250,250,250,250,250,250,200,200,200,200,200,200,200,200,200,200,200,200,200,200,200,200,199.57000732422,199.64999389648,199.77000427246,199.7799987793,199.9700012207,199.64999389648,200.11999511719,200.10000610352,199.80000305176,200.00999450684,199.88000488281,199.7799987793,199.9700012207,199.82000732422,199.92999267578,199.86999511719,21.892000198364,21.620000839233,21.916000366211,20.812000274658,22.520000457764,20.912000656128,23.225999832153,20.747999191284,32.852001190186,22.686000823975,20.774000167847,23.101999282837,38.673999786377,21.579999923706,22.785999298096,24.861999511719,857638,553333,850886,974634,1006612,1436823,1257902,710394,1058200,702048,661872,695285,7124,716152,816623,774348,2116.2673339844
2018.10.04 11:43:49.028,#M,249.60000610352,249.66999816895,249.75999450684,249.75999450684,249.7200012207,249.67999267578,249.85000610352,249.69999694824,250.0299987793,250.02000427246,249.78999328613,249.7200012207,249.86000061035,249.99000549316,249.89999389648,249.88999938965,31.333999633789,30.715999603271,31.238000869751,30.017999649048,32.423999786377,29.697999954224,33.47200012207,29.52799987793,42.13399887085,32.462001800537,29.79400062561,33.481998443604,50.742000579834,31.128000259399,32.909999847412,35.580001831055,995773,723215,964199,946644,1042081,1413868,1195368,1184960,1570639,1322795,936142,1084480,9337,906284,1312777,909708,2628.2785644531
2018.10.04 11:43:59.028,#M,249.64999389648,249.61000061035,249.80000305176,249.78999328613,249.75999450684,249.69000244141,249.83000183105,249.66999816895,250.05000305176,250,249.83000183105,249.74000549316,249.88999938965,249.7799987793,249.94000244141,249.99000549316,31.139999389648,30.582000732422,31.063999176025,29.893999099731,32.243999481201,29.611999511719,33.291999816895,29.365999221802,42.060001373291,32.31600189209,29.541999816895,33.263999938965,50.689998626709,30.892000198364,32.689998626709,35.450000762939,994072,714095,973008,920075,1013082,1373610,1181861,1195713,1558570,1247051,906752,1057374,9368,906331,1331921,921751,2591.2836914063
2018.10.04 11:44:09.029,#M,249.58999633789,249.7200012207,249.75999450684,249.7200012207,249.7799987793,249.72999572754,249.77000427246,249.74000549316,249.97999572754,249.96000671387,249.83999633789,249.71000671387,249.86000061035,249.85000610352,249.91999816895,249.94000244141,30.969999313354,30.538000106812,30.937999725342,29.818000793457,32.090000152588,29.775999069214,33.201999664307,29.284000396729,42.041999816895,32.307998657227,29.360000610352,33.138000488281,50.664001464844,30.70599937439,32.512001037598,35.414001464844,993720,704641,978932,909381,997061,1344309,1182686,1199421,1555232,1201254,890848,1043558,9344,906671,1339948,936501,2566.7155761719
2018.10.04 11:44:19.031,#M,249.57000732422,249.7200012207,249.7799987793,249.66000366211,249.78999328613,249.71000671387,249.7799987793,249.75999450684,249.97999572754,249.94000244141,249.88000488281,249.75,249.88999938965,249.86999511719,249.92999267578,249.91999816895,30.82799911499,30.486000061035,30.847999572754,29.746000289917,31.97200012207,29.868000030518,33.251998901367,29.253999710083,42.046001434326,32.259998321533,29.232000350952,33.043998718262,50.659999847412,30.568000793457,32.395999908447,35.298000335693,993484,701408,986469,901379,987349,1327769,1179007,1199487,1551562,1168575,878776,1036451,9477,905657,1346093,938753,2558.1982421875
2018.10.04 11:44:29.027,#M,249.58999633789,249.63999938965,249.77000427246,249.69999694824,249.80999755859,249.69999694824,249.78999328613,249.75,249.97999572754,250,249.88000488281,249.74000549316,249.89999389648,249.86999511719,249.94000244141,249.91000366211,30.715999603271,30.436000823975,30.77799987793,29.684000015259,31.893999099731,29.85000038147,33.256000518799,29.228000640869,42.040000915527,32.206001281738,29.138000488281,32.973999023438,50.653999328613,30.469999313354,32.305999755859,35.209999084473,995301,697208,989305,892629,974919,1317243,1182409,1194632,1548707,1156044,869849,1033177,9490,905529,1351428,941997,2546.6032714844
2018.10.04 11:44:39.033,#M,249.60000610352,249.72999572754,249.80000305176,249.66999816895,249.78999328613,249.77000427246,249.78999328613,249.75,249.91000366211,249.91999816895,249.88999938965,249.75999450684,249.86999511719,249.83999633789,249.94999694824,249.94999694824,30.631999969482,30.392000198364,30.724000930786,29.628000259399,31.826000213623,29.784000396729,33.243999481201,29.194000244141,42.046001434326,32.167999267578,29.062000274658,32.92200088501,50.647998809814,30.389999389648,32.231998443604,35.147998809814,994999,691851,993685,889908,969878,1310420,1181774,1197014,1550344,1137069,861720,1030414,9368,909199,1350149,945056,2539.9436035156
2018.10.04 11:44:45.191,#5,300,300,300,300,300,300,300,300,300,300,300,300,300,300,300,300,200,200,200,200,200,200,200,200,200,200,200,200,200,200,200,200,249.58999633789,249.75,249.80000305176,249.72999572754,249.77000427246,249.75,249.80000305176,249.75999450684,249.91999816895,249.97999572754,249.88000488281,249.74000549316,249.88000488281,249.85000610352,249.9700012207,249.94000244141,30.590000152588,30.364000320435,30.686000823975,29.601999282837,31.79400062561,29.75,33.236000061035,29.17799949646,42.046001434326,32.145999908447,29.021999359131,32.89400100708,50.653999328613,30.35000038147,32.192001342773,35.118000030518,995482,689610,994579,888053,966812,1302930,1184513,1198548,1545049,1131476,856646,1024799,9388,909365,1351392,952594,2535.7973632813
2018.10.04 11:44:55.024,#M,299.67001342773,299.75,299.76000976563,299.89001464844,299.85998535156,299.92999267578,299.80999755859,299.82000732422,300.11999511719,300.45001220703,299.98001098633,299.85998535156,299.91000366211,299.76998901367,299.98001098633,299.94000244141,40.111999511719,39.448001861572,40.125999450684,38.77799987793,41.736000061035,38.619998931885,43.562000274658,37.964000701904,50.689998626709,41.728000640869,37.790000915527,43.341999053955,62.698001861572,39.992000579834,42.032001495361,45.254001617432,1056500,727967,975440,1105216,1296578,1710297,1286942,944675,1466123,1618788,1162598,1394124,8561,903951,921807,692091,3668.892578125
2018.10.04 11:45:08.648,#M,299.67999267578,299.7200012207,299.7200012207,299.70999145508,299.83999633789,299.89001464844,299.79000854492,299.7200012207,299.98001098633,300.01998901367,299.80999755859,299.89999389648,299.89001464844,299.86999511719,299.95999145508,299.94000244141,39.942001342773,39.301998138428,39.962001800537,38.67200088501,41.576000213623,38.402000427246,43.377998352051,37.810001373291,50.664001464844,41.590000152588,37.631999969482,42.608001708984,62.700000762939,39.824001312256,41.847999572754,45.152000427246,1366617,945342,1258205,1428417,1679317,2221882,1664645,1234993,1944366,2102626,1487560,1818356,11664,1169279,1210931,904924,3583.4731445313
2018.10.04 11:45:18.028,#M,299.64001464844,299.73001098633,299.75,299.76998901367,299.85000610352,299.89001464844,299.79000854492,299.7200012207,300.07998657227,300.07000732422,299.79998779297,299.83999633789,299.86999511719,299.85000610352,299.9700012207,299.92001342773,39.756000518799,39.158000946045,39.785999298096,38.361999511719,41.40599822998,38.214000701904,43.194000244141,37.65599822998,50.667999267578,41.436000823975,37.462001800537,42.389999389648,62.720001220703,39.64400100708,41.639999389648,45.041999816895,1333008,931678,1224489,1401601,1655237,2185825,1624341,1220570,1940303,2056054,1438133,1775583,11457,1139562,1201614,893866,3507.142578125
2018.10.04 11:45:28.028,#M,299.67999267578,299.7200012207,299.75,299.75,299.83999633789,299.88000488281,299.79000854492,299.70999145508,300.01000976563,299.95001220703,299.82998657227,299.85998535156,299.88000488281,299.85000610352,299.98999023438,299.91000366211,39.680000305176,39.091999053955,39.698001861572,38.17200088501,41.321998596191,38.130001068115,43.11600112915,37.611999511719,50.67200088501,41.386001586914,37.386001586914,42.293998718262,62.734001159668,39.563999176025,41.554000854492,44.987998962402,1318352,923000,1212488,1402376,1642243,2160227,1608943,1212045,1932572,2038276,1435469,1759471,11382,1128092,1198332,890322,3478.6623535156
2018.10.04 11:45:38.027,#M,299.67999267578,299.73999023438,299.75,299.7799987793,299.82000732422,299.88000488281,299.82998657227,299.7200012207,300.04998779297,300.0299987793,299.82998657227,299.89001464844,299.91000366211,299.88000488281,299.98999023438,299.94000244141,39.602001190186,39.034000396729,39.625999450684,38.069999694824,41.25,38.063999176025,43.055999755859,37.618000030518,50.678001403809,41.338001251221,37.310001373291,42.192001342773,62.736000061035,39.487998962402,41.470001220703,44.944000244141,1314152,917494,1202709,1391475,1628687,2147236,1600320,1205425,1932038,2028338,1410151,1747789,11311,1122612,1195401,886269,3453.6088867188
2018.10.04 11:45:48.026,#M,299.66000366211,299.73999023438,299.76998901367,299.79000854492,299.82998657227,299.92001342773,299.80999755859,299.73001098633,300.05999755859,300.0299987793,299.83999633789,299.88000488281,299.89999389648,299.85000610352,300,299.94000244141,39.546001434326,38.992000579834,39.571998596191,38.020000457764,41.187999725342,38.02799987793,43.020000457764,37.631999969482,50.678001403809,41.313999176025,37.256000518799,42.125999450684,62.740001678467,39.43399810791,41.409999847412,44.930000305176,1301044,913527,1201097,1379075,1612691,2124554,1579803,1199807,1932179,2014151,1398331,1732100,11536,1112437,1191063,886376,3434.5163574219
2018.10.04 11:45:52.184,#6,325,325,325,325,325,325,325,325,325,325,325,325,325,325,325,325,200,200,200,200,200,200,200,200,200,200,200,200,200,200,200,200,299.69000244141,299.75,299.76998901367,299.76000976563,299.83999633789,299.91000366211,299.79998779297,299.70999145508,300.04000854492,300.01000976563,299.85998535156,299.86999511719,299.88000488281,299.85000610352,300.01998901367,299.95001220703,39.521999359131,38.97200012207,39.548000335693,37.998001098633,41.161998748779,38.015998840332,43.012001037598,37.631999969482,50.673999786377,41.299999237061,37.234001159668,42.091999053955,62.737998962402,39.40599822998,41.377998352051,44.923999786377,1305704,911419,1200437,1380736,1611866,2115099,1578707,1199232,1935036,2017757,1404800,1733870,11470,1117032,1191445,886404,3431.86328125
2018.10.04 11:46:02.028,#M,324.73999023438,324.82000732422,324.73999023438,324.26998901367,324.9700012207,324.73999023438,324.85000610352,324.79998779297,325.04998779297,324.57998657227,324.92001342773,324.95999145508,324.92001342773,324.80999755859,324.85000610352,324.98999023438,44.194000244141,43.369998931885,44.090000152588,42.299999237061,45.987998962402,42.335998535156,48.14400100708,41.84400177002,54.521999359131,45.902000427246,41.498001098633,47.147998809814,68.666000366211,44.104000091553,46.150001525879,49.939998626709,1710141,1142328,1640097,1755706,2013079,2625672,2038136,1466985,2123602,2432809,1886050,2285258,12710,1487085,1416443,1046690,4324.6640625
2018.10.04 11:46:12.034,#M,324.76998901367,324.75,324.70999145508,324.89001464844,324.86999511719,324.82000732422,324.85000610352,324.82000732422,325.08999633789,325.10000610352,324.88000488281,324.88000488281,324.92999267578,325.0299987793,324.95999145508,324.88000488281,44.111999511719,43.296001434326,44.091999053955,42.234001159668,45.914001464844,42.209999084473,48.054000854492,41.765998840332,54.518001556396,45.841999053955,41.428001403809,47.055999755859,68.680000305176,44.018001556396,46.069999694824,49.90599822998,1686846,1132580,1624838,1738732,2005264,2596014,2015746,1450700,2116764,2417608,1860727,2273075,12683,1466905,1400381,1035212,4289.7314453125
2018.10.04 11:46:22.034,#M,324.73999023438,324.76000976563,324.76000976563,324.76000976563,324.82000732422,324.79998779297,324.88000488281,324.80999755859,325.07000732422,325.05999755859,324.89001464844,324.85000610352,324.92001342773,324.92999267578,324.95999145508,324.82000732422,44.043998718262,43.231998443604,44.021999359131,42.164001464844,45.852001190186,42.118000030518,47.959999084473,41.708000183105,54.518001556396,45.773998260498,41.35599899292,46.986000061035,68.702003479004,43.944000244141,45.990001678467,49.875999450684,1681561,1134355,1613285,1735309,1996940,2587937,2005500,1444127,2114388,2412100,1852523,2260198,12497,1459593,1393201,1034310,4266.0883789063
2018.10.04 11:46:32.029,#M,324.75,324.75,324.82000732422,324.7799987793,324.82000732422,324.80999755859,324.85998535156,324.80999755859,325.04998779297,324.94000244141,324.86999511719,324.83999633789,324.9700012207,324.98001098633,324.89001464844,324.83999633789,43.995998382568,43.181999206543,43.965999603271,42.131999969482,45.799999237061,42.048000335693,47.891998291016,41.681999206543,54.518001556396,45.715999603271,41.296001434326,46.93399810791,68.720001220703,43.886001586914,45.925998687744,49.897998809814,1246757,835061,1201753,1294537,1495800,1937963,1500578,1085642,1589877,1803709,1386541,1687918,9537,1076788,1039832,767575,-1
2018.10.04 11:46:42.035,#M,324.73001098633,324.7799987793,324.95999145508,324.7799987793,324.83999633789,324.80999755859,324.86999511719,324.82000732422,325,324.94000244141,324.89001464844,324.82998657227,324.9700012207,324.9700012207,324.89999389648,324.85998535156,43.962001800537,43.145999908447,43.928001403809,42.082000732422,45.754001617432,42.007999420166,47.881999969482,41.673999786377,54.512001037598,45.67200088501,41.256000518799,46.903999328613,68.725997924805,43.840000152588,45.877998352051,49.895999908447,827326,555909,803749,860336,994085,1288701,997878,716556,1059010,1202973,917186,1122120,6340,716581,687757,509078,4235.857421875
2018.10.04 11:46:52.031,#M,324.73001098633,324.7200012207,324.88000488281,324.7799987793,324.85998535156,324.80999755859,324.85998535156,324.82998657227,325.07000732422,325.01998901367,324.88000488281,324.83999633789,324.92001342773,324.91000366211,324.9700012207,324.83999633789,43.936000823975,43.111999511719,43.88399887085,42.060001373291,45.720001220703,41.995998382568,47.869998931885,41.664001464844,54.506000518799,45.619998931885,41.217998504639,46.868000030518,68.72200012207,43.807998657227,45.838001251221,49.881999969482,831352,558879,795879,864504,996452,1287107,990178,718156,1059187,1197933,917577,1120164,6298,716053,691290,510749,4229.533203125
2018.10.04 11:46:56.179,#7,350,350,350,350,350,350,350,350,350,350,350,350,350,350,350,350,200,200,200,200,200,200,200,200,200,200,200,200,200,200,200,200,324.75,324.7200012207,324.82000732422,324.80999755859,324.86999511719,324.82998657227,324.86999511719,324.82000732422,325.08999633789,325.14001464844,324.89001464844,324.85000610352,324.94000244141,324.89999389648,324.95001220703,324.85000610352,43.931999206543,43.110000610352,43.875999450684,42.046001434326,45.706001281738,41.998001098633,47.863998413086,41.661998748779,54.506000518799,45.608001708984,41.206001281738,46.85599899292,68.720001220703,43.799999237061,45.826000213623,49.872001647949,1660536,1113437,1590287,1732405,1979521,2578640,1991459,1430022,2115208,2399658,1832559,2238377,12602,1438663,1379596,1015918,4229.5961914063
2018.10.04 11:47:06.016,#M,349.85000610352,349.83999633789,349.79000854492,349.82000732422,349.92999267578,349.85998535156,349.7799987793,350,349.86999511719,350,349.91000366211,350.01998901367,349.92999267578,349.95999145508,350.01000976563,349.79000854492,48.551998138428,47.453998565674,48.403999328613,46.321998596191,50.487998962402,46.237998962402,52.891998291016,45.773998260498,58.299999237061,50.268001556396,45.395999908447,51.821998596191,75.244003295898,48.419998168945,50.562000274658,55.088001251221,2089974,1428500,2017100,2092566,2298998,2946516,2378000,1814126,2230352,2724946,2282388,2681615,13498,1873026,1792701,1283691,5119.2719726563
2018.10.04 11:47:16.026,#M,349.70001220703,349.76000976563,349.79998779297,349.70001220703,349.95001220703,349.82998657227,349.79998779297,349.85000610352,350.14999389648,350,349.89001464844,349.83999633789,349.98999023438,349.94000244141,349.9700012207,349.85000610352,48.481998443604,47.388000488281,48.35599899292,45.754001617432,50.439998626709,46.152000427246,52.832000732422,45.715999603271,58.282001495361,50.198001861572,45.332000732422,51.762001037598,75.267997741699,48.347999572754,50.495998382568,55.054000854492,2066584,1411741,2007845,2078615,2282885,2942890,2372645,1806397,2232465,2711893,2265798,2662090,13184,1851904,1777861,1277240,5093.6840820313
2018.10.04 11:47:26.032,#M,349.76000976563,349.76998901367,349.76000976563,349.76000976563,349.95999145508,349.82000732422,349.79998779297,349.85998535156,350.14001464844,350.0299987793,349.89999389648,349.83999633789,349.9700012207,349.86999511719,349.94000244141,349.88000488281,48.448001861572,47.354000091553,48.310001373291,45.686000823975,50.389999389648,46.068000793457,52.745998382568,45.669998168945,58.271999359131,50.145999908447,45.284000396729,51.714000701904,75.297996520996,48.290000915527,50.43399810791,55.004001617432,2055440,1417053,2010366,2066885,2280226,2927846,2363618,1802497,2227204,2710451,2265574,2659381,13056,1860536,1770969,1270792,5082.171875
2018.10.04 11:47:36.032,#M,349.76998901367,349.80999755859,349.7799987793,349.80999755859,350.05999755859,349.82000732422,349.80999755859,349.85998535156,350.20999145508,350.08999633789,349.89001464844,349.89001464844,349.94000244141,349.88000488281,349.95999145508,349.82000732422,48.42200088501,47.321998596191,48.282001495361,45.638000488281,50.354000091553,46.001998901367,52.647998809814,45.638000488281,58.35599899292,50.10599899292,45.251998901367,51.680000305176,75.328002929688,48.245998382568,50.400001525879,54.962001800537,2043849,1398667,2004402,2067932,2276000,2933663,2356903,1793519,2230963,2705411,2255140,2659180,13416,1840805,1763752,1266213,5065.5751953125
2018.10.04 11:47:46.034,#M,349.7799987793,349.80999755859,349.82000732422,349.79000854492,350.05999755859,349.85000610352,349.82998657227,349.83999633789,350.17001342773,350.10000610352,349.89999389648,349.88000488281,349.92999267578,349.91000366211,349.98001098633,349.82998657227,48.411998748779,47.298000335693,48.257999420166,45.618000030518,50.332000732422,45.965999603271,52.602001190186,45.631999969482,58.293998718262,50.071998596191,45.229999542236,51.65599822998,75.351997375488,48.223999023438,50.380001068115,54.936000823975,2027144,1400947,1991069,2065991,2273174,2923808,2349791,1786577,2231010,2699559,2258279,2657814,13077,1829001,1763026,1269257,5054.1938476563
2018.10.04 11:47:56.024,#M,349.76998901367,349.80999755859,349.82998657227,349.73001098633,350.04998779297,349.85998535156,349.82998657227,349.85998535156,350.14999389648,350.10998535156,349.89001464844,349.85998535156,349.92999267578,349.89999389648,349.95999145508,349.89999389648,48.400001525879,47.290000915527,48.243999481201,45.599998474121,50.31600189209,45.945999145508,52.588001251221,45.630001068115,58.346000671387,50.062000274658,45.215999603271,51.63399887085,75.365997314453,48.209999084473,50.363998413086,54.919998168945,2031534,1409955,1993142,2068979,2275950,1867702,2348805,1782811,2228726,2691218,2249708,2653586,13485,1841970,1758721,1259678,4874.7416992188
2018.10.04 11:48:00.179,#8,375,375,375,375,375,375,375,375,375,375,375,375,375,375,375,375,200,200,200,200,200,200,200,200,200,200,200,200,200,200,200,200,349.75,349.79998779297,349.79000854492,349.69000244141,350.05999755859,349.88000488281,349.82000732422,349.86999511719,350.13000488281,350.10000610352,349.89999389648,349.86999511719,349.89999389648,349.92001342773,349.98999023438,349.88000488281,48.400001525879,47.287998199463,48.237998962402,45.597999572754,50.380001068115,45.937999725342,52.596000671387,45.625999450684,58.381999969482,50.055999755859,45.214000701904,51.631999969482,75.370002746582,48.203998565674,50.358001708984,54.919998168945,2039652,1398541,1985734,2060552,2279396,2758269,2352945,1786050,2229487,2696560,2247562,2656595,13082,1851331,1759695,1265346,5025.2719726563
2018.10.04 11:48:10.027,#M,374.55999755859,374.67001342773,374.75,374.64999389648,374.7799987793,375.07998657227,374.86999511719,374.79000854492,374.95001220703,375.01000976563,374.88000488281,374.88000488281,374.89999389648,374.80999755859,374.86999511719,374.92001342773,52.944000244141,51.459999084473,52.708000183105,49.560001373291,55.402000427246,50.173999786377,57.532001495361,49.669998168945,62.346000671387,54.613998413086,49.27799987793,56.529998779297,84.774002075195,52.706001281738,55.026000976563,59.824001312256,2451026,1789845,2340680,2420966,2524714,3037775,2647660,2195473,2290340,2966236,2608033,2997088,13176,2280306,2222068,1640863,5855.654296875
2018.10.04 11:48:20.032,#M,374.67999267578,374.76998901367,374.75,374.7799987793,374.76000976563,374.95999145508,374.85000610352,374.79000854492,374.95999145508,375.01998901367,374.92999267578,374.88000488281,374.85998535156,374.85000610352,375.01998901367,374.91000366211,52.891998291016,51.428001403809,52.67200088501,49.507999420166,55.408000946045,50.111999511719,57.430000305176,49.639999389648,62.349998474121,54.535999298096,49.236000061035,56.486000061035,84.776000976563,52.659999847412,54.97200012207,59.562000274658,2427922,1778893,2332545,2410651,2526191,3028121,2645567,2187507,2289670,2955456,2613411,2994631,13186,2264816,2211679,1637283,5834.7099609375
2018.10.04 11:48:30.033,#M,374.67999267578,374.76998901367,374.73001098633,374.70001220703,374.7799987793,374.86999511719,374.85000610352,374.79998779297,374.98001098633,375.01000976563,374.92001342773,374.89001464844,374.89999389648,374.89999389648,375.04000854492,374.92001342773,52.858001708984,51.39400100708,52.64400100708,49.478000640869,55.414001464844,50.055999755859,57.360000610352,49.599998474121,62.34400177002,54.506000518799,49.201999664307,56.458000183105,84.786003112793,52.630001068115,54.936000823975,59.369998931885,2438226,1774877,2327036,2406260,2516951,3024247,2638292,2184453,2290007,2948921,2604201,2981688,13327,2253584,2193769,1633600,5817.3393554688
2018.10.04 11:48:40.031,#M,374.67999267578,374.7799987793,374.70999145508,374.7200012207,374.82000732422,374.88000488281,374.86999511719,374.76998901367,375,374.95001220703,374.92001342773,374.86999511719,374.89999389648,374.92999267578,374.9700012207,374.89999389648,52.846000671387,51.380001068115,52.625999450684,49.444000244141,55.42200088501,50.015998840332,57.31600189209,49.57799911499,62.358001708984,54.493999481201,49.187999725342,56.436000823975,84.797996520996,52.610000610352,54.911998748779,59.299999237061,2419743,1761376,2324653,2403473,2518374,3019942,2635671,2175688,2286563,2948808,2604977,2986469,13400,2260064,2197348,1615494,5807.7880859375
2018.10.04 11:48:50.030,#M,374.69000244141,374.75,374.70001220703,374.76998901367,374.82000732422,374.85998535156,374.85000610352,374.79998779297,374.9700012207,374.98001098633,374.91000366211,374.86999511719,374.86999511719,374.89001464844,374.98001098633,374.92999267578,52.838001251221,51.363998413086,52.608001708984,49.428001403809,55.425998687744,49.979999542236,57.301998138428,49.56600189209,62.375999450684,54.513999938965,49.181999206543,56.428001403809,84.804000854492,52.596000671387,54.897998809814,59.585998535156,2426347,1762337,2324268,2399207,2516217,3016279,2634836,2178089,2288994,2951138,2604665,2983445,13312,2266065,2202010,1618089,5809.2641601563
2018.10.04 11:49:00.034,#M,374.66000366211,374.7799987793,374.75,374.79998779297,374.85000610352,374.82998657227,374.89001464844,374.76998901367,375.01998901367,374.98999023438,374.94000244141,374.89001464844,374.86999511719,374.95001220703,374.94000244141,374.92999267578,52.830001831055,51.349998474121,52.599998474121,49.414001464844,55.425998687744,49.951999664307,57.290000915527,49.557998657227,62.377998352051,54.501998901367,49.173999786377,56.419998168945,84.807998657227,52.59400177002,54.889999389648,59.658000946045,2423112,1768994,2321073,2399504,2510133,3022006,2635275,2180263,2287985,2946162,2591220,2979435,13209,2252008,2196044,1619976,5803.0493164063
2018.10.04 11:49:04.205,#9,400,400,400,400,400,400,400,400,400,400,400,400,400,400,400,400,200,200,200,200,200,200,200,200,200,200,200,200,200,200,200,200,374.67999267578,374.76000976563,374.73999023438,374.73001098633,374.82000732422,374.88000488281,374.91000366211,374.80999755859,375.01000976563,375.01998901367,374.95001220703,374.86999511719,374.89001464844,374.95999145508,374.95999145508,374.92001342773,52.832000732422,51.346000671387,52.597999572754,49.409999847412,55.428001403809,49.944000244141,57.284000396729,49.554000854492,62.389999389648,54.493999481201,49.169998168945,56.419998168945,84.809997558594,52.588001251221,54.891998291016,59.666000366211,2424778,1757247,2317040,2403812,2513055,3018993,2632852,2164385,2272807,2914367,2545352,2938107,13547,2197422,2132698,1553571,5748.576171875
2018.10.04 11:49:14.044,#M,399.5299987793,399.82998657227,400.01998901367,399.79998779297,400.05999755859,399.86999511719,399.73001098633,399.94000244141,399.82000732422,400.2200012207,399.88000488281,399.82998657227,399.95999145508,400.04998779297,400.01000976563,399.83999633789,57.243999481201,55.147998809814,56.804000854492,53.119998931885,60.136001586914,54.048000335693,62.090000152588,53.305999755859,66.487998962402,58.928001403809,52.962001800537,61.097999572754,97.625999450684,56.821998596191,59.408000946045,64.295997619629,2849125,2267888,2675995,2776954,2807528,3273526,2914478,2553221,2333556,3216223,2948270,3320981,13310,2738423,2665204,2126349,6669.2392578125
2018.10.04 11:49:24.029,#M,399.79000854492,399.80999755859,399.85000610352,399.85998535156,399.89001464844,399.89001464844,399.7799987793,399.79000854492,399.98999023438,400.04998779297,399.91000366211,399.89001464844,399.92999267578,399.94000244141,400.01998901367,399.91000366211,57.194000244141,55.131999969482,56.773998260498,53.088001251221,60.108001708984,53.992000579834,62.060001373291,53.265998840332,66.496002197266,58.877998352051,52.939998626709,61.068000793457,97.608001708984,56.791999816895,59.374000549316,64.272003173828,2832773,2254430,2666822,2767697,2800367,3270018,2910686,2540545,2333018,3210441,2931249,3309508,13380,2711410,2656357,2108286,6642.5581054688
2018.10.04 11:49:34.032,#M,399.76998901367,399.79000854492,399.85000610352,399.80999755859,399.92999267578,399.89001464844,399.80999755859,399.79000854492,399.92001342773,400.04000854492,399.92999267578,399.86999511719,399.91000366211,399.95999145508,400,399.94000244141,57.178001403809,55.111999511719,56.757999420166,53.068000793457,60.083999633789,53.958000183105,62.021999359131,53.240001678467,66.501998901367,58.835998535156,52.925998687744,61.041999816895,97.589996337891,56.762001037598,59.349998474121,64.232002258301,2827915,2240652,2654790,2762421,2793008,3266632,2900808,2536297,2326803,3205322,2927202,3306541,13334,2712659,2648708,2091187,6625.041015625
2018.10.04 11:49:44.028,#M,399.79000854492,399.76000976563,399.83999633789,399.82998657227,399.92001342773,399.89999389648,399.85000610352,399.7799987793,399.98999023438,400.0299987793,399.94000244141,399.85998535156,399.91000366211,399.95999145508,400.01998901367,399.91000366211,57.175998687744,55.108001708984,56.759998321533,53.057998657227,60.068000793457,53.939998626709,62.012001037598,53.229999542236,66.508003234863,58.82799911499,52.914001464844,61.037998199463,97.575996398926,56.743999481201,59.330001831055,64.188003540039,2840801,2236547,2655697,2761913,2787920,3261289,2895657,2534579,2334094,3202846,2933792,3303319,13098,2703436,2649223,2093145,6621.34375
2018.10.04 11:49:54.024,#M,399.7799987793,399.79998779297,399.82998657227,399.82998657227,399.92001342773,399.89999389648,399.79000854492,399.82000732422,399.92999267578,400.01998901367,399.92001342773,399.85998535156,399.91000366211,399.98001098633,400.0299987793,399.89999389648,57.180000305176,55.108001708984,56.763999938965,53.049999237061,60.068000793457,53.925998687744,62.006000518799,53.237998962402,66.519996643066,58.807998657227,52.900001525879,61.040000915527,97.575996398926,56.734001159668,59.321998596191,64.15599822998,2831871,2228092,2656373,2753850,2782054,3254905,2893942,2530850,2329312,3197504,2926407,3294512,13092,2700069,2644509,2107556,6611.9912109375
2018.10.04 11:50:04.024,#M,399.75,399.76000976563,399.82000732422,399.85998535156,399.92999267578,399.95001220703,399.82998657227,399.80999755859,399.94000244141,400.04998779297,399.89999389648,399.85000610352,399.94000244141,399.95999145508,400.04998779297,399.91000366211,57.194000244141,55.118000030518,56.770000457764,53.062000274658,60.06600189209,53.916000366211,61.998001098633,53.25,66.515998840332,58.807998657227,52.902000427246,61.032001495361,97.573997497559,56.737998962402,59.31600189209,64.127998352051,2827984,2226491,2650861,2755159,2777113,3254011,2893455,2523446,2331938,3195932,2918895,3294036,13116,2700318,2646156,2095320,6604.9541015625
2018.10.04 11:50:08.181,#10,425,425,425,425,425,425,425,425,425,425,425,425,425,425,425,425,200,200,200,200,200,200,200,200,200,200,200,200,200,200,200,200,399.75,399.7799987793,399.83999633789,399.85998535156,399.92999267578,399.95001220703,399.82000732422,399.85000610352,399.95999145508,400.04000854492,399.88000488281,399.86999511719,399.92999267578,399.95999145508,400.04998779297,399.89999389648,57.200000762939,55.122001647949,56.773998260498,53.062000274658,60.076000213623,53.914001464844,61.987998962402,53.25,66.522003173828,58.805999755859,52.908000946045,61.037998199463,97.573997497559,56.737998962402,59.319999694824,64.120002746582,2822196,2222221,2649354,2751579,2785045,3252422,2889905,2528631,2322296,3195629,2920068,3294509,12995,2696883,2636022,2083702,6599.9619140625
2018.10.04 11:50:18.027,#M,424.66000366211,424.88000488281,424.64001464844,424.85000610352,424.89999389648,424.88000488281,424.70001220703,424.73999023438,424.73001098633,425.01998901367,424.92999267578,424.80999755859,424.86999511719,425.10000610352,424.9700012207,424.92999267578,61.257999420166,58.313999176025,60.400001525879,55.917999267578,64.587997436523,57.714000701904,66.678001403809,56.462001800537,70.819999694824,62.82799911499,56.158000946045,65.248001098633,112.88600158691,60.419998168945,63.492000579834,68.190002441406,3259876,2645526,3049224,3001205,3111479,3529952,3224787,2890665,2352511,3500587,3249607,3658418,12993,3155637,3113952,2626747,7454.9990234375
2018.10.04 11:50:28.024,#M,424.66000366211,424.79000854492,424.73001098633,424.79000854492,424.82000732422,424.89001464844,424.82000732422,424.76998901367,424.9700012207,425.10000610352,424.95999145508,424.85000610352,424.92001342773,424.98001098633,425.01998901367,424.88000488281,61.236000061035,58.31600189209,60.389999389648,55.903999328613,64.571998596191,57.701999664307,66.662002563477,56.476001739502,70.847999572754,62.841999053955,56.159999847412,65.251998901367,112.86599731445,60.417999267578,63.481998443604,68.265998840332,3252995,2638993,3034725,2995898,3102284,3529303,3217539,2885437,2351569,3492224,3239526,3645503,12948,3148177,3097261,2628057,7433.2602539063
2018.10.04 11:50:38.030,#M,424.70999145508,424.7799987793,424.75,424.76998901367,424.82998657227,424.91000366211,424.83999633789,424.79000854492,425.10998535156,425.07000732422,424.98999023438,424.82000732422,424.91000366211,424.98999023438,424.98999023438,424.92999267578,61.236000061035,58.330001831055,60.397998809814,55.909999847412,64.419998168945,57.689998626709,66.639999389648,56.465999603271,70.86799621582,62.832000732422,56.17200088501,65.262001037598,112.84799957275,60.42200088501,63.484001159668,68.300003051758,3247212,2640314,3034787,2997548,3107186,3526916,3219159,2879759,2349256,3493000,3239957,3648273,13103,3148309,3095768,2624621,7431.0024414063
2018.10.04 11:50:48.027,#M,424.75,424.7799987793,424.79000854492,424.73999023438,424.88000488281,424.89999389648,424.85000610352,424.7799987793,425.14001464844,425.07000732422,424.9700012207,424.80999755859,424.88000488281,424.9700012207,424.98999023438,424.98001098633,61.242000579834,58.341999053955,60.40599822998,55.911998748779,64.36799621582,57.681999206543,66.63200378418,56.47200012207,70.893997192383,62.84400177002,56.186000823975,65.27799987793,112.84200286865,60.436000823975,63.492000579834,68.307998657227,3243201,2637218,3027199,2995105,3102702,3528605,3207533,2864988,2348209,3486902,3233567,3642754,13093,3138798,3089011,2615049,7418.9438476563
2018.10.04 11:50:58.035,#M,424.7200012207,424.79998779297,424.76000976563,424.70999145508,424.82998657227,424.91000366211,424.88000488281,424.82000732422,425.07000732422,425.07000732422,425,424.80999755859,424.89999389648,424.9700012207,424.98001098633,424.95001220703,61.245998382568,58.341999053955,60.417999267578,55.916000366211,64.360000610352,57.669998168945,66.620002746582,56.473999023438,70.919998168945,62.847999572754,56.194000244141,65.295997619629,112.83000183105,60.439998626709,63.501998901367,68.314002990723,3237440,2631994,3027221,2993557,3096356,3528111,3206211,2872023,2347066,3484622,3233469,3637054,12904,3142665,3086572,2622119,7416.826171875
2018.10.04 11:51:08.024,#M,424.73999023438,424.80999755859,424.76998901367,424.75,424.85000610352,424.91000366211,424.85998535156,424.83999633789,425.11999511719,425.01998901367,424.9700012207,424.79998779297,424.94000244141,424.95999145508,424.98999023438,424.95001220703,61.245998382568,58.338001251221,60.42200088501,55.90599822998,64.353996276855,57.658000946045,66.613998413086,56.47200012207,70.940002441406,62.854000091553,56.208000183105,65.311996459961,112.81800079346,60.448001861572,63.513999938965,68.31600189209,3229989,2634503,3025733,2992460,3094542,3524715,3200975,2867749,2346558,3483299,3234252,3639748,12878,3143153,3086846,2621833,7413.712890625
2018.10.04 11:51:13.177,#11,450,450,450,450,450,450,450,450,450,450,450,450,450,450,450,450,200,200,200,200,200,200,200,200,200,200,200,200,200,200,200,200,424.73001098633,424.80999755859,424.79000854492,424.82000732422,424.85000610352,424.89001464844,424.89001464844,424.82998657227,425.10000610352,425.01000976563,424.98001098633,424.80999755859,424.94000244141,424.98999023438,425,424.95999145508,61.25,58.335998535156,60.42200088501,55.902000427246,64.351997375488,57.652000427246,66.610000610352,56.470001220703,70.945999145508,62.85599899292,56.212001800537,65.314002990723,112.81199645996,60.448001861572,63.520000457764,68.314002990723,3235689,2630076,3025141,2989943,3095346,3524141,3194181,2859863,2345806,3479847,3235852,3633101,12902,3144103,3084685,2618900,7413.6323242188
2018.10.04 11:51:23.034,#M,449.7200012207,449.98999023438,449.85000610352,449.86999511719,449.89001464844,449.92001342773,449.80999755859,449.88000488281,450.04000854492,450.01998901367,449.98999023438,449.89999389648,450.04000854492,449.9700012207,450.04998779297,449.94000244141,64.704002380371,61.007999420166,63.333999633789,58.228000640869,68.234001159668,60.72200012207,70.912002563477,59.09400177002,75.680000305176,66.153999328613,58.757999420166,68.858001708984,129.75199890137,63.428001403809,67.069999694824,71.662002563477,3619058,2860473,3310345,3106619,3292136,3824116,3521698,3273204,2357389,3732384,3444201,3908574,12609,3420831,3512768,2949373,8049.7583007813
2018.10.04 11:51:33.034,#M,449.73999023438,449.7799987793,449.80999755859,449.7799987793,449.92999267578,449.94000244141,449.79998779297,449.82000732422,450.04998779297,450.07000732422,449.9700012207,449.92999267578,450.01998901367,449.92001342773,450.0299987793,449.9700012207,64.685997009277,60.976001739502,63.340000152588,58.223999023438,68.232002258301,60.712001800537,70.893997192383,59.083999633789,75.692001342773,66.166000366211,58.770000457764,68.849998474121,129.72200012207,63.338001251221,67.064002990723,71.702003479004,3622438,2861592,3302029,3109033,3290987,3820766,3519245,3264516,2358833,3728800,3447904,3910089,12657,3420955,3506073,2947689,8046.0029296875
2018.10.04 11:51:43.028,#M,449.73999023438,449.85998535156,449.79000854492,449.76000976563,449.92999267578,449.94000244141,449.79998779297,449.82000732422,450.07000732422,450.08999633789,449.9700012207,449.95001220703,450.01998901367,449.94000244141,450.01998901367,449.91000366211,64.664001464844,60.984001159668,63.340000152588,58.214000701904,68.216003417969,60.695999145508,70.872001647949,59.082000732422,75.704002380371,66.162002563477,58.782001495361,68.839996337891,129.68800354004,63.262001037598,67.055999755859,71.727996826172,3613263,2857263,3305069,3106508,3287464,3815531,3518395,3255558,2359369,3729072,3440779,3911856,12800,3422514,3501226,2942550,8038.8647460938
2018.10.04 11:51:53.025,#M,449.73999023438,449.85998535156,449.82000732422,449.76000976563,449.88000488281,449.94000244141,449.82998657227,449.83999633789,450.07000732422,450.07998657227,449.9700012207,449.92001342773,450.04998779297,449.94000244141,450.0299987793,449.95001220703,64.648002624512,60.978000640869,63.335998535156,58.201999664307,68.195999145508,60.681999206543,70.858001708984,59.071998596191,75.709999084473,66.13200378418,58.776000976563,68.84400177002,129.65600585938,63.236000061035,67.041999816895,71.730003356934,3620256,2855211,3305558,3102971,3289402,3810482,3514201,3253694,2357082,3727667,3436623,3905633,12776,3416337,3501168,2938888,8035.4169921875
2018.10.04 11:52:03.033,#M,449.73999023438,449.83999633789,449.80999755859,449.75,449.88000488281,449.91000366211,449.83999633789,449.82000732422,450.07998657227,450.07998657227,449.95999145508,449.92999267578,450.04000854492,449.92001342773,450.08999633789,449.95999145508,64.639999389648,60.965999603271,63.335998535156,58.189998626709,68.178001403809,60.666000366211,70.835998535156,59.063999176025,75.702003479004,66.09400177002,58.765998840332,68.853996276855,129.62800598145,63.237998962402,67.033996582031,71.725997924805,3610095,2857362,3302941,3105117,3293121,3811124,3512029,3253385,2355724,3728945,3437220,3906603,12851,3416407,3501909,2933237,8033.7114257813
2018.10.04 11:52:13.030,#M,449.75,449.85000610352,449.79998779297,449.76998901367,449.86999511719,449.95001220703,449.83999633789,449.82998657227,450.07000732422,450.04998779297,449.98999023438,449.95999145508,450.05999755859,449.95001220703,450.05999755859,449.92001342773,64.624000549316,60.944000244141,63.326000213623,58.169998168945,68.162002563477,60.650001525879,70.814002990723,59.049999237061,75.702003479004,66.073997497559,58.765998840332,68.849998474121,129.60000610352,63.228000640869,67.036003112793,71.713996887207,3609073,2858070,3303356,3104625,3288546,3808904,3514321,3248699,2356266,3727446,3435858,3909773,12750,3419728,3503744,2939458,8034.4619140625
2018.10.04 11:52:17.175,#12,475,475,475,475,475,475,475,475,475,475,475,475,475,475,475,475,200,200,200,200,200,200,200,200,200,200,200,200,200,200,200,200,449.76000976563,449.89001464844,449.79998779297,449.76998901367,449.88000488281,449.95001220703,449.83999633789,449.83999633789,450.07000732422,450.08999633789,449.98999023438,449.95001220703,450.04998779297,449.95001220703,450.04000854492,449.98001098633,64.620002746582,60.939998626709,63.321998596191,58.164001464844,68.157997131348,60.638000488281,70.814002990723,59.043998718262,75.697998046875,66.06600189209,58.763999938965,68.856002807617,129.58999633789,63.228000640869,67.036003112793,71.71199798584,3606774,2857743,3300092,3104090,3287752,3807402,3510174,3253171,2358444,3727224,3436839,3911190,12634,3415644,3502421,2942442,8033.8989257813
2018.10.04 11:52:27.028,#M,474.76000976563,474.86999511719,474.82000732422,474.82998657227,474.89999389648,474.92001342773,474.79998779297,474.89001464844,475.14999389648,475.04998779297,474.98001098633,474.89999389648,475.13000488281,474.88000488281,475.11999511719,474.85000610352,67.442001342773,63.340000152588,65.305999755859,60.425998687744,71.424003601074,63.150001525879,74.059997558594,61.313999176025,80.846000671387,68.671997070313,60.799999237061,71.837997436523,147.62800598145,65.78800201416,69.903999328613,74.531997680664,3829072,2970170,3441115,3159871,3373700,4000824,3686072,3622247,2364550,3855087,3538706,4037417,12439,3556922,3772039,3106934,8393.0390625
2018.10.04 11:52:37.028,#M,474.79000854492,474.85000610352,474.80999755859,474.76998901367,474.88000488281,474.91000366211,474.85000610352,474.82000732422,475.10998535156,475,475,474.92999267578,475.10998535156,474.98999023438,475.14001464844,474.98999023438,67.426002502441,63.338001251221,65.297996520996,60.409999847412,71.417999267578,63.147998809814,74.071998596191,61.31600189209,80.839996337891,68.671997070313,60.805999755859,71.814002990723,147.60000610352,65.78800201416,69.903999328613,74.512001037598,3823906,2973392,3433576,3160322,3375763,3997222,3684545,3616883,2363948,3852753,3536270,4040412,12598,3550426,3774077,3107945,8389.4423828125
2018.10.04 11:52:47.033,#M,474.79000854492,474.83999633789,474.80999755859,474.80999755859,474.88000488281,474.91000366211,474.85000610352,474.86999511719,475.10998535156,475.01000976563,475.01000976563,474.91000366211,475.10000610352,474.9700012207,475.08999633789,474.95999145508,67.412002563477,63.340000152588,65.304000854492,60.400001525879,71.414001464844,63.138000488281,74.057998657227,61.307998657227,80.835998535156,68.676002502441,60.801998138428,71.800003051758,147.55999755859,65.793998718262,69.898002624512,74.482002258301,3827829,2973840,3435352,3160194,3376666,3995755,3691067,3615380,2365105,3851685,3537859,4042150,12489,3552142,3774658,3102088,8390.8720703125
2018.10.04 11:52:57.034,#M,474.79000854492,474.85000610352,474.80999755859,474.85000610352,474.88000488281,474.91000366211,474.85998535156,474.85998535156,475.10998535156,475.01000976563,475.0299987793,474.91000366211,475.10000610352,474.92999267578,475.07998657227,474.92001342773,67.391998291016,63.32799911499,65.302001953125,60.38399887085,71.389999389648,63.130001068115,74.02799987793,61.293998718262,80.835998535156,68.671997070313,60.796001434326,71.78800201416,147.5240020752,65.790000915527,69.874000549316,74.454002380371,3817780,2975292,3433585,3158664,3374698,3997621,3683449,3618632,2367043,3848146,3539547,4040396,12454,3549730,3770025,3101893,8387.4462890625
2018.10.04 11:53:07.025,#M,474.82000732422,474.85000610352,474.82000732422,474.85998535156,474.88000488281,474.89999389648,474.86999511719,474.89001464844,475.11999511719,475.01000976563,475.01000976563,474.89999389648,475.10000610352,474.95999145508,475.04998779297,474.95999145508,67.384002685547,63.319999694824,65.305999755859,60.369998931885,71.38200378418,63.122001647949,74.033996582031,61.279998779297,80.835998535156,68.674003601074,60.804000854492,71.774002075195,147.48399353027,65.790000915527,69.872001647949,74.435997009277,3824363,2968878,3438697,3159673,3371720,3991490,3682403,3614030,2363859,3849078,3536763,4039166,12600,3546645,3775039,3099372,8385.08203125
2018.10.04 11:53:17.026,#M,474.80999755859,474.85000610352,474.80999755859,474.86999511719,474.89001464844,474.89999389648,474.86999511719,474.85000610352,475.11999511719,475.01998901367,475.01998901367,474.89001464844,475.10998535156,474.94000244141,475.04000854492,474.98001098633,67.386001586914,63.312000274658,65.309997558594,60.35599899292,71.38200378418,63.118000030518,74.050003051758,61.270000457764,80.823997497559,68.646003723145,60.804000854492,71.76000213623,147.44799804688,65.783996582031,69.870002746582,74.417999267578,3824946,2966477,3432531,3157242,3367377,3994358,3687839,3611555,2363034,3847677,3541559,4041374,12299,3547040,3772440,3101426,8380.892578125
2018.10.04 11:53:21.183,#13,500,500,500,500,500,500,500,500,500,500,500,500,500,500,500,500,200,200,200,200,200,200,200,200,200,200,200,200,200,200,200,200,474.79000854492,474.85000610352,474.82000732422,474.85000610352,474.89001464844,474.91000366211,474.85998535156,474.85998535156,475.11999511719,475.0299987793,475.01998901367,474.89999389648,475.10998535156,474.95001220703,475.01998901367,474.9700012207,67.38200378418,63.312000274658,65.314002990723,60.352001190186,71.377998352051,63.118000030518,74.059997558594,61.263999938965,80.823997497559,68.639999389648,60.799999237061,71.751998901367,147.4340057373,65.781997680664,69.870002746582,74.414001464844,3827067,2964257,3431493,3156374,3367045,3995098,3689730,3612375,2361266,3848357,3540791,4040522,12183,3553059,3768800,3096053,8383.28125
2018.10.04 11:53:31.025,#M,499.75,499.7799987793,499.73999023438,499.86999511719,499.95999145508,499.95001220703,500.04998779297,499.86999511719,500.14999389648,499.98001098633,500.07000732422,499.83999633789,500.01998901367,500.0299987793,499.95999145508,499.89999389648,69.986000061035,65.657997131348,67.603996276855,62.444000244141,74.283996582031,65.559997558594,77.22200012207,63.442001342773,86.940002441406,71.043998718262,62.77799987793,74.099998474121,166.20799255371,68.150001525879,72.419998168945,76.935997009277,3935320,3039960,3496994,3191481,3412342,4076010,3762992,3830909,2367507,3908415,3587930,4101510,12515,3620927,3905402,3186371,8566.9150390625
2018.10.04 11:53:41.025,#M,499.73999023438,499.79000854492,499.76998901367,499.85000610352,499.92001342773,499.95999145508,499.80999755859,499.83999633789,500.16000366211,499.9700012207,500.04998779297,499.82000732422,500.05999755859,500.01000976563,500.04998779297,499.88000488281,69.991996765137,65.680000305176,67.61799621582,62.459999084473,74.309997558594,65.56600189209,77.223999023438,63.456001281738,86.931999206543,71.041999816895,62.790000915527,74.101997375488,166.17599487305,68.148002624512,72.430000305176,76.916000366211,3932521,3037806,3496390,3190781,3411151,4075472,3766096,3830899,2369183,3906362,3590580,4098112,12508,3617669,3905491,3188900,8565.568359375
2018.10.04 11:53:51.024,#M,499.75,499.79000854492,499.76998901367,499.85998535156,499.92001342773,499.95001220703,499.82000732422,499.83999633789,500.14001464844,499.9700012207,500.0299987793,499.83999633789,500.04998779297,499.98001098633,500.04000854492,499.89001464844,70.008003234863,65.708000183105,67.653999328613,62.478000640869,74.346000671387,65.592002868652,77.274002075195,63.479999542236,86.940002441406,71.03800201416,62.804000854492,74.108001708984,166.13400268555,68.160003662109,72.43399810791,76.896003723145,3931961,3042189,3495830,3194176,3407473,4074860,3761100,3829815,2367624,3904583,3590027,4101188,12491,3622838,3908555,3185267,8562.4638671875
2018.10.04 11:54:01.028,#M,499.76000976563,499.79000854492,499.76998901367,499.86999511719,499.92001342773,499.94000244141,499.79998779297,499.83999633789,500.14001464844,499.9700012207,500.01000976563,499.83999633789,500.05999755859,499.95999145508,500.04000854492,499.89001464844,70.03800201416,65.734001159668,67.702003479004,62.501998901367,74.374000549316,65.624000549316,77.297996520996,63.504001617432,86.952003479004,71.036003112793,62.819999694824,74.125999450684,166.10200500488,68.181999206543,72.445999145508,76.896003723145,3929266,3032130,3495287,3191689,3410068,4078832,3762052,3818222,2363752,3901841,3586583,4098665,12337,3619284,3901860,3185498,8557.9375
2018.10.04 11:54:11.024,#M,499.75,499.79998779297,499.7799987793,499.85000610352,499.92001342773,499.95001220703,499.80999755859,499.85000610352,500.14001464844,499.9700012207,500.0299987793,499.82998657227,500.04998779297,499.9700012207,500.07000732422,499.89999389648,70.059997558594,65.767997741699,67.744003295898,62.523998260498,74.400001525879,65.643997192383,77.311996459961,63.529998779297,86.968002319336,71.050003051758,62.847999572754,74.138000488281,166.06199645996,68.206001281738,72.468002319336,76.90599822998,3929207,3030503,3492999,3185125,3407446,4076470,3757412,3819581,2366046,3900294,3587083,4094835,12328,3620172,3896426,3183005,8555.390625
2018.10.04 11:54:21.035,#M,499.73999023438,499.79998779297,499.76998901367,499.85998535156,499.92001342773,499.95001220703,499.7799987793,499.83999633789,500.14001464844,499.9700012207,500.01000976563,499.85000610352,500.05999755859,500,500.05999755859,499.89001464844,70.078002929688,65.804000854492,67.783996582031,62.546001434326,74.43399810791,65.671997070313,77.335998535156,63.560001373291,86.991996765137,71.061996459961,62.877998352051,74.166000366211,166.02799987793,68.227996826172,72.5,76.919998168945,3926824,3033730,3488474,3188878,3407592,4072628,3759308,3819485,2363335,3900763,3586395,4090033,12420,3616183,3897131,3173260,8550.7236328125
2018.10.04 11:54:25.176,#14,550,550,550,550,550,550,550,550,500,550,550,550,500,550,550,550,200,200,200,200,200,200,200,200,200,200,200,200,200,200,200,200,499.75,499.79998779297,499.7799987793,499.85998535156,499.92999267578,499.95001220703,499.75,499.83999633789,500.13000488281,499.9700012207,499.98001098633,499.85000610352,500.04998779297,500,500.07000732422,499.89999389648,70.087997436523,65.81600189209,67.791999816895,62.551998138428,74.445999145508,65.680000305176,77.333999633789,63.56600189209,87,71.061996459961,62.89400100708,74.18399810791,166.01600646973,68.236000061035,72.508003234863,76.926002502441,3924112,3037202,3493111,3186786,3408914,4073378,3756012,3815127,2365766,3898307,3584561,4091443,12363,3611664,3898780,3175317,8550.95703125
2018.10.04 11:54:35.025,#M,549.82000732422,549.77001953125,549.84002685547,549.84002685547,549.88000488281,549.91998291016,549.90997314453,549.83001708984,500.14999389648,550.01000976563,549.94000244141,549.84997558594,500.04998779297,549.96997070313,550.09997558594,549.95001220703,75.080001831055,70.638000488281,72.279998779297,66.863998413086,79.699996948242,70.304000854492,82.652000427246,67.944000244141,87.024002075195,76.017997741699,67.335998535156,79.51000213623,165.9640045166,72.856002807617,77.391998291016,81.879997253418,4022849,3120283,3559501,3227976,3449425,4150231,3833517,4005466,2362968,3952288,3641653,4155736,12302,3689080,4022370,3278681,8731.853515625
2018.10.04 11:54:45.031,#M,549.79998779297,549.73999023438,549.83001708984,549.80999755859,549.86999511719,549.94000244141,549.90997314453,549.84002685547,500.14999389648,550.02001953125,549.97998046875,549.86999511719,500.05999755859,549.92999267578,550.09997558594,549.96002197266,75.092002868652,70.68399810791,72.286003112793,66.891998291016,79.746002197266,70.323997497559,82.697998046875,67.977996826172,87.041999816895,76.03800201416,67.360000610352,79.543998718262,165.92199707031,72.898002624512,77.419998168945,81.886001586914,4022517,3117170,3556312,3224480,3454936,4149372,3833030,4001804,2362128,3958243,3639636,4152783,12178,3691689,4025854,3277412,8731.3056640625
2018.10.04 11:54:55.026,#M,549.79998779297,549.79998779297,549.83001708984,549.82000732422,549.86999511719,549.94000244141,549.91998291016,549.84002685547,500.13000488281,550.01000976563,549.96997070313,549.85998535156,500.04998779297,549.95001220703,550.09002685547,549.95001220703,75.096000671387,70.723999023438,72.314002990723,66.912002563477,79.774002075195,70.342002868652,82.751998901367,67.994003295898,87.054000854492,76.075996398926,67.379997253418,79.575996398926,165.88800048828,72.940002441406,77.456001281738,81.902000427246,4024415,3122428,3556072,3228491,3450427,4145626,3831106,4005965,2360713,3951667,3637429,4152388,12267,3692899,4021643,3277646,8730.9091796875
2018.10.04 11:55:05.034,#M,549.80999755859,549.82000732422,549.83001708984,549.84002685547,549.88000488281,549.94000244141,549.91998291016,549.84002685547,500.14001464844,550.01000976563,549.97998046875,549.86999511719,500.05999755859,549.96002197266,550.09002685547,549.95001220703,75.089996337891,70.736000061035,72.349998474121,66.928001403809,79.800003051758,70.347999572754,82.791999816895,68.008003234863,87.061996459961,76.106002807617,67.407997131348,79.622001647949,165.85800170898,72.975997924805,77.48999786377,81.924003601074,4023051,3120260,3552473,3224971,3451667,4145291,3832698,3995661,2362211,3951541,3636653,4151952,12449,3687785,4021621,3271317,8727.966796875
2018.10.04 11:55:15.029,#M,549.80999755859,549.83001708984,549.84002685547,549.84002685547,549.88000488281,549.95001220703,549.91998291016,549.84002685547,500.13000488281,550.01000976563,549.97998046875,549.85998535156,500.05999755859,549.96997070313,550.09997558594,549.95001220703,75.096000671387,70.748001098633,72.384002685547,66.940002441406,79.821998596191,70.349998474121,82.804000854492,68.017997741699,87.078002929688,76.11799621582,67.444000244141,79.653999328613,165.83200073242,73.013999938965,77.517997741699,81.942001342773,4022752,3111738,3552838,3223361,3453600,4146252,3827876,4005173,2362260,3954144,3637541,4152985,12351,3687225,4017152,3278837,8723.7333984375
2018.10.04 11:55:25.029,#M,549.82000732422,549.83001708984,549.84002685547,549.82000732422,549.89001464844,549.94000244141,549.91998291016,549.84002685547,500.13000488281,550.01000976563,549.97998046875,549.85998535156,500.05999755859,549.96997070313,550.09997558594,549.95001220703,75.09400177002,70.751998901367,72.403999328613,66.945999145508,79.823997497559,70.353996276855,82.811996459961,68.024002075195,87.09400177002,76.120002746582,67.47200012207,79.674003601074,165.80200195313,73.036003112793,77.52799987793,81.958000183105,4021362,3113579,3552751,3225487,3449608,4147216,3826184,4002649,2363336,3953361,3637113,4153001,12188,3685436,4019241,3275276,8725.419921875
2018.10.04 11:55:30.176,#15,600,600,600,600,600,600,600,600,500,600,600,600,500,600,600,600,200,200,200,200,200,200,200,200,200,200,200,200,200,200,200,200,549.82000732422,549.83001708984,549.84002685547,549.83001708984,549.89001464844,549.95001220703,549.90997314453,549.84997558594,500.14001464844,550.01000976563,549.97998046875,549.86999511719,500.07998657227,549.96002197266,550.10998535156,549.95001220703,75.092002868652,70.755996704102,72.410003662109,66.945999145508,79.823997497559,70.349998474121,82.811996459961,68.024002075195,87.096000671387,76.124000549316,67.477996826172,79.680000305176,165.78999328613,73.043998718262,77.531997680664,81.959999084473,4019744,3117877,3553615,3225366,3452006,4146830,3831098,4002610,2362282,3952472,3633415,4156456,12213,3684400,4017987,3276914,8725.8642578125
2018.10.04 11:55:40.035,#M,599.77001953125,599.78997802734,599.89001464844,599.85998535156,599.96002197266,599.97998046875,599.92999267578,599.84997558594,500.14001464844,600.02001953125,600.01000976563,599.94000244141,500.07000732422,599.90997314453,600.05999755859,600.04998779297,80.152000427246,75.790000915527,77.508003234863,71.664001464844,84.914001464844,75.031997680664,87.90599822998,72.627998352051,87.096000671387,81.209999084473,71.991996765137,85.473999023438,165.74600219727,78.13200378418,82.402000427246,86.858001708984,4069874,3166634,3585472,3248269,3475250,4179362,3864899,4080351,2364705,3978473,3664388,4182092,12361,3721273,4077735,3330298,8810.7939453125
2018.10.04 11:55:50.027,#M,599.77001953125,599.79998779297,599.90002441406,599.88000488281,599.96002197266,599.95001220703,599.94000244141,599.89001464844,500.14001464844,600.03002929688,600.02001953125,599.89001464844,500.07000732422,599.94000244141,600.03997802734,600.03997802734,80.157997131348,75.809997558594,77.498001098633,71.678001403809,84.944000244141,75.043998718262,87.954002380371,72.627998352051,87.106002807617,81.244003295898,72.024002075195,85.513999938965,165.71200561523,78.174003601074,82.421997070313,86.886001586914,4070796,3164893,3585958,3248903,3475909,4176110,3864344,4080525,2359648,3979436,3661496,4184435,12285,3728376,4077179,3327795,8812.5439453125
2018.10.04 11:56:00.033,#M,599.78002929688,599.78997802734,599.90002441406,599.89001464844,599.95001220703,599.95001220703,599.92999267578,599.88000488281,500.14999389648,600.02001953125,600.02001953125,599.90002441406,500.07998657227,599.95001220703,600.04998779297,600.03002929688,80.152000427246,75.818000793457,77.503997802734,71.68399810791,84.949996948242,75.040000915527,87.970001220703,72.61799621582,87.110000610352,81.283996582031,72.047996520996,85.555999755859,165.67599487305,78.204002380371,82.43399810791,86.903999328613,4073460,3164884,3586485,3249413,3475457,4181452,3865558,4082425,2363281,3979914,3661325,4187530,12223,3724957,4079069,3327188,8814.283203125
2018.10.04 11:56:10.027,#M,599.77001953125,599.78997802734,599.89001464844,599.89001464844,599.95001220703,599.94000244141,599.94000244141,599.89001464844,500.13000488281,600.03002929688,600.03002929688,599.90002441406,500.07998657227,599.95001220703,600.04998779297,600.03997802734,80.152000427246,75.819999694824,77.522003173828,71.690002441406,84.952003479004,75.031997680664,87.975997924805,72.603996276855,87.113998413086,81.283996582031,72.069999694824,85.56600189209,165.64199829102,78.230003356934,82.454002380371,86.916000366211,4074150,3165735,3586896,3249857,3475919,4177875,3861523,4082185,2362300,3983673,3664956,4179285,12304,3723682,4078443,3330214,8814.0224609375
2018.10.04 11:56:20.029,#M,599.77001953125,599.79998779297,599.90002441406,599.90002441406,599.96002197266,599.96002197266,599.94000244141,599.89001464844,500.14001464844,600.03997802734,600.02001953125,599.90002441406,500.08999633789,599.96002197266,600.05999755859,600.02001953125,80.143997192383,75.832000732422,77.533996582031,71.68399810791,84.942001342773,75.024002075195,87.980003356934,72.585998535156,87.113998413086,81.281997680664,72.097999572754,85.571998596191,165.61599731445,78.234001159668,82.46199798584,86.928001403809,4065886,3160963,3579783,3244775,3471243,4178387,3862997,4080032,2358802,3975488,3657227,4181947,12288,3725203,4079970,3325585,8806.9521484375
2018.10.04 11:56:30.031,#M,599.78002929688,599.79998779297,599.90997314453,599.89001464844,599.96997070313,599.96002197266,599.94000244141,599.89001464844,500.14999389648,600.03002929688,600.02001953125,599.90002441406,500.07000732422,599.96002197266,600.07000732422,600.03002929688,80.129997253418,75.823997497559,77.541999816895,71.681999206543,84.924003601074,75.013999938965,87.949996948242,72.580001831055,87.101997375488,81.236000061035,72.099998474121,85.578002929688,165.58200073242,78.236000061035,82.459999084473,86.940002441406,4066863,3159709,3579489,3241268,3469567,4176905,3858958,4079180,2358066,3973232,3661008,4181832,12078,3722659,4074055,3321812,8803.39453125
2018.10.04 11:56:34.173,#16,650,650,650,650,650,650,650,650,500,650,650,650,500,650,650,650,200,200,200,200,200,200,200,200,200,200,200,200,200,200,200,200,599.77001953125,599.79998779297,599.90997314453,599.88000488281,599.96002197266,599.96002197266,599.94000244141,599.89001464844,500.14999389648,600.03002929688,600.03002929688,599.90002441406,500.07998657227,599.96997070313,600.05999755859,600.03997802734,80.125999450684,75.821998596191,77.547996520996,71.681999206543,84.928001403809,75.01000213623,87.940002441406,72.580001831055,87.101997375488,81.230003356934,72.097999572754,85.578002929688,165.57000732422,78.23999786377,82.458000183105,86.940002441406,4064196,3162405,3582569,3244324,3470492,4177551,3857629,4077122,2355271,3975579,3659969,4180044,12325,3719003,4075620,3321847,8804.2763671875
2018.10.04 11:56:44.026,#M,649.84997558594,649.79998779297,649.86999511719,649.86999511719,649.94000244141,650.02001953125,650.02001953125,650,500.14999389648,650.10998535156,650.03002929688,649.95001220703,500.08999633789,649.94000244141,650.08001708984,650.03997802734,85.302001953125,80.804000854492,82.262001037598,76.552001953125,90.384002685547,79.150001525879,93.23999786377,77.361999511719,87.097999572754,86.552001953125,77.935997009277,92.498001098633,165.52600097656,83.652000427246,87.592002868652,91.732002258301,4096743,3195386,3600628,3258715,3488270,4195298,3881937,4124322,2357384,3987798,3677062,4196571,12253,3746189,4107730,3358533,8854.14453125
2018.10.04 11:56:54.025,#M,649.83001708984,649.79998779297,649.86999511719,649.84997558594,649.95001220703,650,650.01000976563,649.96997070313,500.14001464844,650.09997558594,650.07000732422,649.92999267578,500.07998657227,649.94000244141,650.07000732422,649.98999023438,85.31600189209,80.835998535156,82.255996704102,76.571998596191,90.414001464844,79.178001403809,93.291999816895,77.375999450684,87.099998474121,86.587997436523,77.828002929688,92.508003234863,165.49600219727,83.664001464844,87.61799621582,91.758003234863,4094286,3191303,3597323,3259158,3487860,4191890,3876798,4118768,2355945,3986582,3676170,4193490,12455,3746057,4109320,3356917,8852.703125
2018.10.04 11:57:04.026,#M,649.84002685547,649.80999755859,649.85998535156,649.84997558594,649.94000244141,649.97998046875,650.01000976563,649.97998046875,500.14001464844,650.09997558594,650.05999755859,649.92999267578,500.07998657227,649.92999267578,650.04998779297,650,85.323997497559,80.863998413086,82.269996643066,76.601997375488,90.447998046875,79.197998046875,93.333999633789,77.374000549316,87.110000610352,86.63200378418,77.858001708984,92.541999816895,165.4759979248,83.681999206543,87.627998352051,91.776000976563,4092121,3188590,3601850,3255152,3487370,4189422,3874803,4114892,2355389,3987213,3673211,4196555,12179,3743622,4106583,3357589,8850.6044921875
2018.10.04 11:57:14.033,#M,649.84002685547,649.80999755859,649.85998535156,649.84997558594,649.95001220703,650,650.02001953125,649.98999023438,500.14001464844,650.09997558594,650.05999755859,649.92999267578,500.07998657227,649.94000244141,650.05999755859,650,85.332000732422,80.891998291016,82.295997619629,76.629997253418,90.470001220703,79.220001220703,93.356002807617,77.391998291016,87.111999511719,86.641998291016,77.886001586914,92.557998657227,165.45599365234,83.709999084473,87.63200378418,91.800003051758,4087114,3193994,3600762,3258181,3485980,4188470,3877074,4114627,2357467,3989453,3674187,4192692,12420,3738461,4107754,3357966,8850.28125
2018.10.04 11:57:24.033,#M,649.84002685547,649.80999755859,649.86999511719,649.86999511719,649.96002197266,650,650.02001953125,649.98999023438,500.14001464844,650.09997558594,650.05999755859,649.92999267578,500.07000732422,649.95001220703,650.05999755859,650,85.342002868652,80.903999328613,82.330001831055,76.650001525879,90.47200012207,79.230003356934,93.377998352051,77.402000427246,87.129997253418,86.648002624512,77.889999389648,92.592002868652,165.43600463867,83.720001220703,87.660003662109,91.830001831055,4088807,3190492,3598039,3253437,3483433,4188168,3876397,4113389,2355718,3984303,3672953,4190908,12232,3737326,4099930,3353701,8844.7607421875
2018.10.04 11:57:34.026,#M,649.84997558594,649.80999755859,649.86999511719,649.86999511719,649.95001220703,650,650.02001953125,649.98999023438,500.14001464844,650.10998535156,650.07000732422,649.92999267578,500.07000732422,649.95001220703,650.07000732422,650.01000976563,85.347999572754,80.919998168945,82.361999511719,76.657997131348,90.480003356934,79.218002319336,93.386001586914,77.403999328613,87.143997192383,86.653999328613,77.900001525879,92.613998413086,165.42199707031,83.737998962402,87.688003540039,91.858001708984,4087573,3185768,3598123,3254178,3483696,4187527,3880741,4113588,2356091,3980501,3671654,4193995,12084,3738304,4098702,3354504,8844.416015625
2018.10.04 11:57:38.168,#17,700,700,700,700,700,700,700,700,500,700,700,700,500,700,700,700,200,200,200,200,200,200,200,200,200,200,200,200,200,200,200,200,649.84997558594,649.82000732422,649.88000488281,649.85998535156,649.95001220703,649.98999023438,650.02001953125,650,500.14999389648,650.10998535156,650.07000732422,649.92999267578,500.07998657227,649.95001220703,650.05999755859,650.01000976563,85.349998474121,80.924003601074,82.372001647949,76.662002563477,90.482002258301,79.253997802734,93.393997192383,77.40599822998,87.143997192383,86.662002563477,77.912002563477,92.620002746582,165.41600036621,83.744003295898,87.699996948242,91.861999511719,4089115,3186892,3594492,3253445,3481128,4184597,3876775,4111122,2355551,3983300,3670881,4189616,12142,3743107,4101549,3354601,8842.50390625
2018.10.04 11:57:48.029,#M,699.90002441406,699.89001464844,699.97998046875,699.86999511719,699.96997070313,700.03997802734,699.95001220703,699.88000488281,500.14999389648,700.05999755859,700.15002441406,700,500.07998657227,699.94000244141,700.14001464844,700.02001953125,90.459999084473,86.146003723145,87.216003417969,82.026000976563,96.192001342773,84.244003295898,99.141998291016,82.171997070313,87.139999389648,92.218002319336,83.440002441406,102,165.38400268555,89.27799987793,93.195999145508,96.748001098633,4106854,3209200,3611398,3264705,3493502,4196180,3891280,4142551,2357099,3994492,3680669,4203579,12123,3756780,4125027,3375643,8879.89453125
2018.10.04 11:57:58.034,#M,699.94000244141,699.86999511719,700,699.90002441406,699.96997070313,700.03997802734,699.94000244141,699.85998535156,500.14999389648,700.05999755859,700.15002441406,699.98999023438,500.08999633789,699.97998046875,700.15002441406,700.05999755859,90.475997924805,85.942001342773,87.138000488281,82.047996520996,96.213996887207,84.26000213623,99.18399810791,82.185997009277,87.148002624512,92.225997924805,83.440002441406,102.01599884033,165.36000061035,89.304000854492,93.244003295898,96.78800201416,4103736,3212424,3606757,3264858,3492791,4195248,3889799,4139146,2352055,3991356,3676005,4201786,12186,3751600,4126643,3376939,8875.95703125
2018.10.04 11:58:08.031,#M,699.92999267578,699.85998535156,700,699.89001464844,699.96997070313,700.03997802734,699.94000244141,699.85998535156,500.14001464844,700.05999755859,700.13000488281,700,500.08999633789,699.96002197266,700.15002441406,700.05999755859,90.486000061035,86.003997802734,87.080001831055,82.069999694824,96.246002197266,84.267997741699,99.199996948242,82.209999084473,87.157997131348,92.223999023438,83.452003479004,102.047996521,165.34199523926,89.34400177002,93.274002075195,96.833999633789,4109320,3212848,3609331,3265190,3491095,4195794,3885572,4141123,2350254,3987334,3682460,4199267,12123,3754146,4123055,3373180,8875.7470703125
2018.10.04 11:58:18.031,#M,699.92999267578,699.84997558594,700,699.90002441406,699.97998046875,700.03997802734,699.95001220703,699.86999511719,500.13000488281,700.07000732422,700.15002441406,700,500.08999633789,699.95001220703,700.14001464844,700.07000732422,90.487998962402,86.092002868652,87.003997802734,82.083999633789,96.265998840332,84.265998840332,99.297996520996,82.220001220703,87.180000305176,92.166000366211,83.470001220703,102.06199645996,165.32000732422,89.384002685547,93.293998718262,96.879997253418,4097188,3208368,3606288,3258849,3488758,4192295,3883545,4137163,2353211,3988365,3676151,4201352,12295,3749066,4124546,3369855,8868.24609375
2018.10.04 11:58:28.027,#M,699.92999267578,699.85998535156,700,699.90997314453,699.96997070313,700.03997802734,699.95001220703,699.86999511719,500.14001464844,700.07000732422,700.15002441406,700,500.08999633789,699.95001220703,700.14001464844,700.05999755859,90.484001159668,86.120002746582,87.195999145508,82.092002868652,96.265998840332,84.274002075195,99.482002258301,82.216003417969,87.192001342773,92.213996887207,83.480003356934,102.08200073242,165.30000305176,89.407997131348,93.325996398926,96.919998168945,4101639,3206673,3609089,3257979,3491174,4197751,3885552,4135250,2349498,3991077,3681282,4197907,11969,3755157,4121970,3371062,8871.6240234375
2018.10.04 11:58:38.026,#M,699.94000244141,699.85998535156,700.01000976563,699.90002441406,699.97998046875,700.03997802734,699.95001220703,699.88000488281,500.14001464844,700.07000732422,700.15002441406,700,500.08999633789,699.96997070313,700.15002441406,700.04998779297,90.477996826172,86.124000549316,87.146003723145,82.089996337891,96.263999938965,84.26000213623,99.515998840332,82.206001281738,87.206001281738,92.267997741699,83.480003356934,102.09200286865,165.28199768066,89.424003601074,93.36799621582,96.949996948242,4100978,3201440,3606990,3258691,3486964,4188985,3887169,4131199,2349677,3986171,3674001,4198188,12208,3751368,4119022,3372983,8865.923828125
2018.10.04 11:58:42.176,#18,750,750,750,750,750,750,750,750,500,750,750,750,500,750,750,750,200,200,200,200,200,200,200,200,200,200,200,200,200,200,200,200,699.95001220703,699.86999511719,700.02001953125,699.90002441406,699.97998046875,700.03997802734,699.96002197266,699.88000488281,500.14001464844,700.07000732422,700.15002441406,700,500.08999633789,699.97998046875,700.15002441406,700.05999755859,90.47200012207,86.120002746582,87.195999145508,82.085998535156,96.258003234863,84.262001037598,99.513999938965,82.199996948242,87.208000183105,92.26000213623,83.480003356934,102.08999633789,165.27600097656,89.424003601074,93.370002746582,96.96199798584,4101425,3204224,3604013,3254575,3488690,4192355,3886197,4131779,2352252,3989172,3674007,4197531,12087,3747798,4119638,3370882,8864.7158203125
2018.10.04 11:58:52.025,#M,749.88000488281,749.90002441406,749.96002197266,749.90997314453,749.95001220703,750.03002929688,749.96002197266,749.85998535156,500.14999389648,750.09002685547,750.14001464844,750.01000976563,500.08999633789,749.94000244141,750.08001708984,750.08001708984,95.491996765137,91.680000305176,91.503997802734,87.823997497559,102.13200378418,89.055999755859,105.14600372314,87.512001037598,87.202003479004,98.080001831055,89.005996704102,115.00199890137,165.23599243164,95.043998718262,99.012001037598,102.18199920654,4114000,3219202,3613093,3270267,3497113,4191698,3896277,4150418,2352127,3993544,3688751,4206908,12152,3764059,4136025,3384727,8892.7431640625
2018.10.04 11:59:02.026,#M,749.89001464844,749.89001464844,749.97998046875,749.90002441406,749.95001220703,750.03002929688,749.94000244141,749.86999511719,500.14001464844,750.09002685547,750.10998535156,750.02001953125,500.10000610352,749.92999267578,750.08001708984,750.03002929688,95.522003173828,91.713996887207,91.498001098633,87.832000732422,102.15200042725,89.057998657227,105.14199829102,86.188003540039,87.206001281738,98.073997497559,89.026000976563,115.03399658203,165.21600341797,95.082000732422,99.047996520996,102.22200012207,4110305,3221587,3616129,3267309,3497106,4189889,3894048,4151865,2347261,3992236,3687859,4206959,12232,3761854,4135103,3385432,8889.44921875
2018.10.04 11:59:12.032,#M,749.90002441406,749.85998535156,749.97998046875,749.89001464844,749.95001220703,750.03997802734,749.94000244141,749.83001708984,500.14999389648,750.09002685547,750.10998535156,750.01000976563,500.10000610352,749.92999267578,750.08001708984,750.03002929688,95.543998718262,91.748001098633,91.496002197266,87.853996276855,102.17199707031,89.050003051758,105.13400268555,86.120002746582,87.208000183105,98.069999694824,89.031997680664,115.047996521,165.18800354004,95.110000610352,99.061996459961,102.2559967041,4109162,3218585,3610462,3267485,3494643,4189088,3893531,4153259,2350225,3992100,3685209,4204263,11962,3762345,4132541,3385642,8886.4404296875
2018.10.04 11:59:22.033,#M,749.90997314453,749.88000488281,749.97998046875,749.89001464844,749.95001220703,750.04998779297,749.94000244141,749.82000732422,500.14999389648,750.08001708984,750.10998535156,750.02001953125,500.10000610352,749.92999267578,750.09002685547,750.03997802734,95.559997558594,91.795997619629,91.513999938965,87.865997314453,102.18199920654,89.015998840332,105.13999938965,86.059997558594,87.204002380371,98.125999450684,89.024002075195,115.03800201416,165.16999816895,95.13200378418,99.071998596191,102.27799987793,4111059,3220709,3611342,3269568,3498053,4189941,3890756,4150835,2351909,3994185,3685012,4202035,11927,3763026,4135081,3387400,8888.0791015625
2018.10.04 11:59:32.027,#M,749.90002441406,749.86999511719,749.97998046875,749.89001464844,749.96002197266,750.04998779297,749.95001220703,749.82000732422,500.16000366211,750.08001708984,750.11999511719,750.02001953125,500.10000610352,749.92999267578,750.09002685547,750.04998779297,95.561996459961,91.73999786377,91.568000793457,87.865997314453,102.19400024414,88.991996765137,105.18199920654,86.017997741699,87.202003479004,98.143997192383,89.017997741699,115.0120010376,165.14799499512,95.148002624512,99.073997497559,102.29599761963,4106112,3217547,3609559,3267922,3493316,4186681,3887706,4147620,2346111,3992722,3684878,4204758,11860,3758603,4135276,3383144,8882.927734375
2018.10.04 11:59:42.034,#M,749.90002441406,749.84997558594,749.97998046875,749.90002441406,749.95001220703,750.04998779297,749.96002197266,749.83001708984,500.14999389648,750.09002685547,750.11999511719,750.02001953125,500.10000610352,749.92999267578,750.09997558594,750.04998779297,95.569999694824,91.583999633789,91.601997375488,87.877998352051,102.202003479,88.968002319336,105.15399932861,85.980003356934,87.21199798584,98.115997314453,89.01000213623,114.98600006104,165.13000488281,95.160003662109,99.068000793457,102.31400299072,4107218,3216660,3608472,3265350,3494780,4186851,3888141,4154923,2346574,3987833,3680206,4199673,12163,3757724,4133943,3380942,8882.904296875
2018.10.04 11:59:47.177,#19,800,800,800,800,800,800,800,800,500,800,800,800,500,800,800,800,200,200,200,200,200,200,200,200,200,200,200,200,200,200,200,200,749.90997314453,749.84002685547,749.98999023438,749.90002441406,749.95001220703,750.05999755859,749.96002197266,749.83001708984,500.14999389648,750.09002685547,750.11999511719,750.02001953125,500.10000610352,749.92999267578,750.09997558594,750.04998779297,95.569999694824,91.452003479004,91.608001708984,87.877998352051,102.20400238037,88.97200012207,105.15200042725,85.970001220703,87.218002319336,98.106002807617,89.008003234863,114.97200012207,165.12399291992,95.166000366211,99.068000793457,102.31999969482,4104141,3215211,3601251,3263969,3487451,4184369,3881706,4143146,2345388,3984233,3677860,4196235,11742,3756866,4126634,3382742,8871.994140625
2018.10.04 11:59:57.029,#M,799.86999511719,799.85998535156,800.07000732422,799.96997070313,800.01000976563,800.07000732422,800.04998779297,799.85998535156,500.14001464844,800.17999267578,800.10998535156,800.03997802734,500.07000732422,800,800.11999511719,800.15002441406,100.73000335693,97.47200012207,96.802001953125,94.194000244141,108.49800109863,93.870002746582,111.23000335693,92.164001464844,87.213996887207,104.88999938965,94.732002258301,130.28199768066,165.05999755859,100.80999755859,105.10399627686,108.37000274658,4108557,3227604,3606113,3262182,3492263,4159431,3885875,4157493,2341440,3987402,3680292,4198030,12105,3759030,4134650,3384435,8877.8662109375
2018.10.04 12:00:07.024,#M,799.88000488281,799.84002685547,800.04998779297,799.95001220703,800.01000976563,800.07000732422,800.01000976563,799.84002685547,500.14999389648,800.16998291016,800.09997558594,800.02001953125,500.04998779297,800.01000976563,800.10998535156,800.13000488281,100.77200317383,97.269996643066,96.821998596191,94.040000915527,108.55799865723,93.861999511719,111.24199676514,92.178001403809,87.218002319336,104.92199707031,94.741996765137,130.30599975586,165.02000427246,100.83000183105,105.12599945068,108.40599822998,4114608,3234639,3611697,3269287,3496233,4168509,3893469,4164089,2347293,3992960,3688693,4205229,12073,3768252,4142903,3395715,8893.890625
2018.10.04 12:00:17.025,#M,799.86999511719,799.84997558594,800.04998779297,799.95001220703,800,800.07000732422,800.01000976563,799.84002685547,500.14999389648,800.16998291016,800.10998535156,800.02001953125,500.04998779297,800.01000976563,800.10998535156,800.13000488281,100.81600189209,97.31600189209,96.875999450684,93.61799621582,108.59400177002,93.847999572754,111.26999664307,92.199996948242,87.225997924805,104.87200164795,94.769996643066,130.32200622559,164.9940032959,100.87200164795,105.15399932861,108.43800354004,4115160,3229982,3614517,3270211,3494492,4168066,3895265,4164419,2341430,3991086,3682120,4208453,12211,3766327,4144935,3397282,8897.830078125
2018.10.04 12:00:27.032,#M,799.88000488281,799.86999511719,800.03997802734,799.96002197266,800,800.05999755859,800.01000976563,799.84002685547,500.14999389648,800.16998291016,800.10998535156,800.03002929688,500.04998779297,800.01000976563,800.09997558594,800.15002441406,100.87000274658,97.416000366211,96.921997070313,93.550003051758,108.63600158691,93.870002746582,111.28600311279,92.22200012207,87.234001159668,104.93000030518,94.77799987793,130.3159942627,164.97799682617,100.90599822998,105.18599700928,108.4759979248,4114723,3227137,3607476,3265797,3501009,4169564,3889643,4161963,2346339,3995740,3684766,4203596,12060,3764831,4142289,3391790,8891.5478515625
2018.10.04 12:00:37.031,#M,799.88000488281,799.86999511719,800.05999755859,799.96002197266,800,800.05999755859,800.01000976563,799.84002685547,500.14999389648,800.16998291016,800.11999511719,800.02001953125,500.04998779297,800.01000976563,800.09997558594,800.14001464844,100.92199707031,97.519996643066,96.940002441406,93.571998596191,108.66799926758,93.879997253418,111.30799865723,92.234001159668,87.251998901367,104.80400085449,94.783996582031,130.32400512695,164.96200561523,100.94000244141,105.21800231934,108.51599884033,4111594,3226459,3611690,3267978,3490415,4169664,3894546,4159484,2342018,3990495,3683391,4202587,12053,3761720,4141783,3393149,8885.4130859375
2018.10.04 12:00:47.033,#M,799.88000488281,799.86999511719,800.05999755859,799.96002197266,800,800.07000732422,800.02001953125,799.84002685547,500.14999389648,800.17999267578,800.11999511719,800.03002929688,500.04998779297,800.01000976563,800.09997558594,800.14001464844,100.96600341797,97.592002868652,97.01000213623,93.559997558594,108.69200134277,93.896003723145,111.33399963379,92.241996765137,87.269996643066,104.80999755859,94.811996459961,130.28799438477,164.94799804688,100.9759979248,105.2320022583,108.55000305176,4110543,3225740,3609760,3267359,3493755,4165457,3889833,4153044,2336486,3989372,3683938,4198395,12182,3758324,4140595,3391842,8883.2294921875
2018.10.04 12:00:51.114,#0,800,800,800,800,800,800,800,800,500,800,800,800,500,800,800,800,200,200,200,200,200,200,200,200,200,200,200,200,200,200,200,200,799.88000488281,799.88000488281,800.05999755859,799.96997070313,800,800.07000732422,800.01000976563,799.84002685547,500.14999389648,800.17999267578,800.11999511719,800.03002929688,500.04000854492,800.01000976563,800.10998535156,800.13000488281,100.9820022583,97.63200378418,97.036003112793,93.580001831055,108.69999694824,93.903999328613,111.34400177002,92.251998901367,87.27799987793,104.85600280762,94.833999633789,130.27200317383,164.94400024414,100.99199676514,105.24199676514,108.56800079346,4108890,3223738,3607369,3265588,3491881,4163658,3890525,4155197,2341379,3988436,3682081,4201782,11834,3761907,4133761,3386241,8880.5732421875

2018.10.04 12:00:51.137,SCAN Finished with result COMPLETED OK! ;
