2025.04.02 13:40:40.591,Scan triggered MANUALLY from Panel with mode Forced Enable =  TRUE
2025.04.02 13:40:40.654,Configuration used for Scan: IV scan (-z)

2025.04.02 13:40:40.685,HmFT0,HmFT1,HmFT2,HmFT3,HmNT0,HmNT1,HmNT2,HmNT3
2025.04.02 13:40:40.716,#channels,v0,v1,i0,i1,rUp,rDwn,triptime,vMaxSoftValue,vMon,iMon,DIP(telescope+PLT_instLumi)
2025.04.02 13:40:40.732,8,1,0,1,0,0,0,0,0,1,1,1
2025.04.02 13:40:40.935,#1,50,50,50,50,50,50,50,50,150,150,150,150,150,150,150,150,99.73999786377,99.339996337891,99.519996643066,99.639999389648,99.400001525879,99.330001831055,99.709999084473,99.900001525879,-0.014000000432134,-0.059999998658895,5.3039999008179,-0.012000000104308,-0.079999998211861,0.0020000000949949,-0.056000001728535,-0.061999998986721,531,0,1624,512,21,7,2,16,-1
2025.04.02 13:40:42.028,#M,99.75,99.349998474121,99.519996643066,99.650001525879,99.370002746582,99.339996337891,99.709999084473,99.889999389648,-0.014000000432134,-0.059999998658895,5.3039999008179,-0.012000000104308,-0.078000001609325,0.0020000000949949,-0.056000001728535,-0.061999998986721,531,0,1624,512,21,7,2,16,-1
2025.04.02 13:40:44.028,#M,90.080001831055,84.440002441406,85.830001831055,91.569999694824,87.910003662109,92.73999786377,90.459999084473,94.550003051758,-0.90799999237061,-0.6700000166893,2.4119999408722,-0.85199999809265,-0.70999997854233,-0.77399998903275,-0.60799998044968,-0.73199999332428,531,0,1624,512,21,7,2,16,-1
2025.04.02 13:40:46.028,#M,65.389999389648,49.340000152588,49.529998779297,66.879997253418,47.490001678467,67.919998168945,48.150001525879,69.209999084473,-0.67400002479553,0.11800000071526,1.7999999523163,-0.65799999237061,0.0020000000949949,-0.65600001811981,-0.016000000759959,-0.73199999332428,531,0,1624,512,21,7,2,16,-1
2025.04.02 13:40:48.027,#M,49.099998474121,49.169998168945,49.529998779297,50.220001220703,49.310001373291,51.029998779297,49.770000457764,51.990001678467,-0.51800000667572,-0.054000001400709,1.8159999847412,-0.49599999189377,-0.065999999642372,-0.49200001358986,-0.05799999833107,-0.56800001859665,531,0,1624,512,21,7,2,16,-1
2025.04.02 13:40:50.027,#M,49.639999389648,49.700000762939,49.5,49.509998321533,49.360000610352,48.799999237061,49.799999237061,48.75,-0.026000000536442,-0.065999999642372,1.7879999876022,0.49799999594688,-0.093999996781349,0.76599997282028,-0.056000001728535,0.68800002336502,531,0,1624,512,21,7,2,16,-1
2025.04.02 13:40:52.026,#M,49.810001373291,49.470001220703,49.490001678467,49.580001831055,49.389999389648,49.619998931885,49.869998931885,49.979999542236,-0.029999999329448,-0.050000000745058,1.8040000200272,0.01799999922514,-0.07599999755621,0.01799999922514,-0.061999998986721,-0.043999999761581,531,0,1624,512,21,7,2,16,-1
2025.04.02 13:40:54.026,#M,49.779998779297,49.430000305176,49.479999542236,49.599998474121,49.380001068115,49.520000457764,49.849998474121,49.979999542236,-0.032000001519918,-0.052000001072884,1.8040000200272,0.0099999997764826,-0.078000001609325,0.014000000432134,-0.061999998986721,-0.048000000417233,531,0,1624,512,21,7,2,16,-1
2025.04.02 13:40:56.026,#M,49.75,49.369998931885,49.470001220703,49.569999694824,49.360000610352,49.470001220703,49.830001831055,49.990001678467,-0.034000001847744,-0.056000001728535,1.8020000457764,0.0020000000949949,-0.079999998211861,0.0099999997764826,-0.061999998986721,-0.054000001400709,531,0,1624,512,21,7,2,16,-1
2025.04.02 13:40:58.025,#M,49.75,49.369998931885,49.479999542236,49.580001831055,49.349998474121,49.459999084473,49.830001831055,49.979999542236,-0.034000001847744,-0.056000001728535,1.8040000200272,0.0020000000949949,-0.079999998211861,0.0099999997764826,-0.061999998986721,-0.054000001400709,531,0,1624,512,21,7,2,16,-1
2025.04.02 13:41:00.025,#M,49.790000915527,49.419998168945,49.5,49.580001831055,49.349998474121,49.430000305176,49.810001373291,50,-0.034000001847744,-0.059999998658895,1.8040000200272,-0.0040000001899898,-0.079999998211861,0.0080000003799796,-0.061999998986721,-0.05799999833107,531,0,1624,512,21,7,2,16,-1
2025.04.02 13:41:02.024,#M,49.75,49.380001068115,49.490001678467,49.599998474121,49.360000610352,49.430000305176,49.790000915527,50,-0.034000001847744,-0.059999998658895,1.8040000200272,-0.0040000001899898,-0.082000002264977,0.0040000001899898,-0.064000003039837,-0.059999998658895,531,0,1624,512,21,7,2,16,-1
2025.04.02 13:41:04.024,#M,49.770000457764,49.380001068115,49.509998321533,49.599998474121,49.360000610352,49.430000305176,49.790000915527,50,-0.034000001847744,-0.061999998986721,1.8020000457764,-0.0060000000521541,-0.082000002264977,0.0040000001899898,-0.064000003039837,-0.059999998658895,531,0,1624,512,21,7,2,16,-1
2025.04.02 13:41:06.029,#M,49.799999237061,49.380001068115,49.509998321533,49.610000610352,49.369998931885,49.389999389648,49.770000457764,50,-0.032000001519918,-0.059999998658895,1.8040000200272,-0.0099999997764826,-0.082000002264977,0.0020000000949949,-0.061999998986721,-0.059999998658895,531,0,1624,512,21,7,2,16,-1
2025.04.02 13:41:07.107,#2,100,100,100,100,100,100,100,100,150,150,150,150,150,150,150,150,49.790000915527,49.369998931885,49.5,49.610000610352,49.380001068115,49.400001525879,49.779998779297,50,-0.032000001519918,-0.061999998986721,1.8040000200272,-0.0099999997764826,-0.083999998867512,0.0020000000949949,-0.061999998986721,-0.061999998986721,531,0,1624,512,21,7,2,16,-1
2025.04.02 13:41:09.029,#M,50.430000305176,49.819999694824,49.639999389648,49.569999694824,49.509998321533,49.139999389648,49.860000610352,50.069999694824,0.14200000464916,-0.0060000000521541,1.87399995327,-0.0040000001899898,-0.071999996900558,0.0060000000521541,-0.052000001072884,-0.056000001728535,531,0,1624,512,21,7,2,16,-1
2025.04.02 13:41:11.029,#M,82.379997253418,81.360000610352,80.199996948242,79.430000305176,79.220001220703,78.430000305176,79.019996643066,79.169998168945,1.0939999818802,0.30599999427795,4.0359997749329,1.0800000429153,0.32199999690056,1.1019999980927,0.34400001168251,1.0360000133514,531,0,1624,512,21,7,2,16,-1
2025.04.02 13:41:13.028,#M,99.779998779297,99.5,99.559997558594,99.529998779297,99.25,99.389999389648,99.680000305176,99.980003356934,0.014000000432134,-0.061999998986721,5.3379998207092,0.016000000759959,-0.074000000953674,0.026000000536442,-0.046000000089407,-0.03999999910593,531,0,1624,512,21,7,2,16,-1
2025.04.02 13:41:15.028,#M,99.73999786377,99.190002441406,99.480003356934,99.639999389648,99.370002746582,99.379997253418,99.779998779297,99.910003662109,-0.0040000001899898,-0.05799999833107,5.3359999656677,0,-0.079999998211861,0.0080000003799796,-0.052000001072884,-0.052000001072884,531,0,1624,512,21,7,2,16,-1
2025.04.02 13:41:17.027,#M,99.76000213623,99.519996643066,99.550003051758,99.610000610352,99.400001525879,99.349998474121,99.730003356934,99.779998779297,-0.016000000759959,-0.052000001072884,5.5780000686646,-0.0060000000521541,-0.074000000953674,0.0060000000521541,-0.052000001072884,-0.054000001400709,531,0,1624,512,21,7,2,16,-1
2025.04.02 13:41:19.027,#M,99.790000915527,99.319999694824,99.559997558594,99.540000915527,99.540000915527,99.290000915527,99.660003662109,99.839996337891,-0.0060000000521541,-0.05799999833107,5.5380001068115,0.0020000000949949,-0.070000000298023,0.012000000104308,-0.050000000745058,-0.054000001400709,531,0,1624,512,21,7,2,16,-1
2025.04.02 13:41:21.027,#M,99.790000915527,99.339996337891,99.559997558594,99.650001525879,99.379997253418,99.449996948242,99.660003662109,99.919998168945,-0.0060000000521541,-0.059999998658895,5.5260000228882,-0.0040000001899898,-0.079999998211861,0.0080000003799796,-0.052000001072884,-0.056000001728535,531,0,1624,512,21,7,2,16,-1
2025.04.02 13:41:24.135,#M,99.769996643066,99.349998474121,99.550003051758,99.629997253418,99.379997253418,99.430000305176,99.669998168945,99.910003662109,-0.0099999997764826,-0.059999998658895,5.5520000457764,-0.0080000003799796,-0.078000001609325,0.0080000003799796,-0.054000001400709,-0.056000001728535,531,0,1624,512,21,7,2,16,-1
2025.04.02 13:41:26.026,#M,99.76000213623,99.370002746582,99.529998779297,99.629997253418,99.389999389648,99.430000305176,99.680000305176,99.919998168945,-0.0099999997764826,-0.059999998658895,5.5479998588562,-0.0080000003799796,-0.078000001609325,0.0060000000521541,-0.054000001400709,-0.056000001728535,531,0,1624,512,21,7,2,16,-1
2025.04.02 13:41:28.025,#M,99.75,99.349998474121,99.519996643066,99.620002746582,99.379997253418,99.400001525879,99.709999084473,99.930000305176,-0.0099999997764826,-0.059999998658895,5.5279998779297,-0.0099999997764826,-0.078000001609325,0.0040000001899898,-0.056000001728535,-0.056000001728535,531,0,1624,512,21,7,2,16,-1
2025.04.02 13:41:30.025,#M,99.75,99.370002746582,99.519996643066,99.620002746582,99.360000610352,99.410003662109,99.709999084473,99.919998168945,-0.012000000104308,-0.059999998658895,5.5339999198914,-0.0099999997764826,-0.078000001609325,0.0040000001899898,-0.056000001728535,-0.056000001728535,531,0,1624,512,21,7,2,16,-1
2025.04.02 13:41:32.024,#M,99.75,99.370002746582,99.529998779297,99.639999389648,99.400001525879,99.379997253418,99.730003356934,99.919998168945,-0.014000000432134,-0.059999998658895,5.4879999160767,-0.0099999997764826,-0.078000001609325,0.0040000001899898,-0.056000001728535,-0.056000001728535,531,0,1624,512,21,7,2,16,-1
2025.04.02 13:41:33.149,#3,150,150,150,150,150,150,150,150,150,150,150,150,150,150,150,150,99.75,99.370002746582,99.529998779297,99.639999389648,99.400001525879,99.379997253418,99.730003356934,99.919998168945,-0.014000000432134,-0.059999998658895,5.4879999160767,-0.0099999997764826,-0.078000001609325,0.0040000001899898,-0.056000001728535,-0.056000001728535,531,0,1624,512,21,7,2,16,-1
2025.04.02 13:41:35.024,#M,99.75,99.349998474121,99.519996643066,99.620002746582,99.389999389648,99.379997253418,99.720001220703,99.919998168945,-0.014000000432134,-0.059999998658895,5.4340000152588,-0.0099999997764826,-0.079999998211861,0.0060000000521541,-0.056000001728535,-0.05799999833107,531,0,1624,512,21,7,2,16,-1
2025.04.02 13:41:37.023,#M,125.25,124.90000152588,124.5,124.43000030518,124.15000152588,124.05999755859,123.76000213623,123.94999694824,1.1480000019073,0.33799999952316,10.788000106812,1.1399999856949,0.33399999141693,1.1799999475479,0.35600000619888,1.1180000305176,531,0,1624,512,21,7,2,16,-1
2025.04.02 13:41:39.023,#M,149.66000366211,149.4700012207,153.44999694824,148.89999389648,150,149.33999633789,149.67999267578,149.82000732422,0.046000000089407,0.0040000001899898,17.774000167847,0.0080000003799796,-0.065999999642372,0.065999999642372,-0.0020000000949949,0.016000000759959,531,0,1624,512,21,7,2,16,-1
2025.04.02 13:41:41.023,#M,149.66000366211,149.96000671387,154.69999694824,150.00999450684,149.82000732422,149.33000183105,149.97999572754,149.83000183105,0.0099999997764826,-0.024000000208616,17.402000427246,-0.026000000536442,-0.082000002264977,0.019999999552965,-0.050000000745058,-0.037999998778105,531,0,1624,512,21,7,2,16,-1
2025.04.02 13:41:43.022,#M,149.67999267578,148.82000732422,152.28999328613,149.44000244141,149.36999511719,149.35000610352,149.50999450684,149.83000183105,0.0020000000949949,-0.065999999642372,18.04400062561,-0.012000000104308,-0.061999998986721,0.014000000432134,-0.052000001072884,-0.052000001072884,531,0,1624,512,21,7,2,16,-1
2025.04.02 13:41:45.022,#M,149.67999267578,149.08999633789,153.19000244141,149.22999572754,149.41999816895,149.35000610352,150.53999328613,149.83000183105,0.0040000001899898,-0.019999999552965,17.940000534058,0,-0.059999998658895,0.016000000759959,-0.0099999997764826,-0.048000000417233,531,0,1624,512,21,7,2,16,-1
2025.04.02 13:41:47.021,#M,149.67999267578,149.19999694824,153.2200012207,149.44000244141,149.46000671387,149.35000610352,150.30999755859,149.82000732422,0.0020000000949949,-0.029999999329448,17.884000778198,-0.0020000000949949,-0.068000003695488,0.014000000432134,-0.021999999880791,-0.048000000417233,531,0,1624,512,21,7,2,16,-1
2025.04.02 13:41:49.021,#M,149.67999267578,149.19000244141,153.21000671387,149.46000671387,149.38999938965,149.35000610352,150.25,149.82000732422,0.0020000000949949,-0.035999998450279,17.865999221802,-0.0060000000521541,-0.070000000298023,0.014000000432134,-0.024000000208616,-0.050000000745058,531,0,1624,512,21,7,2,16,-1
2025.04.02 13:41:51.021,#M,149.67999267578,149.24000549316,153.32000732422,149.61000061035,149.38000488281,149.35000610352,150.11999511719,149.82000732422,-0.0020000000949949,-0.03999999910593,17.774000167847,0.0020000000949949,-0.071999996900558,0.012000000104308,-0.035999998450279,-0.050000000745058,531,0,1624,512,21,7,2,16,-1
2025.04.02 13:41:53.020,#M,149.67999267578,149.16000366211,153.2799987793,149.61000061035,149.36000061035,149.33999633789,149.83000183105,149.82000732422,-0.0020000000949949,-0.041999999433756,17.591999053955,0.0020000000949949,-0.074000000953674,0.012000000104308,-0.046000000089407,-0.050000000745058,531,0,1624,512,21,7,2,16,-1
2025.04.02 13:41:55.020,#M,149.67999267578,149.07000732422,153.2799987793,149.61000061035,149.27000427246,149.33999633789,149.69999694824,149.82000732422,-0.0040000001899898,-0.035999998450279,17.535999298096,0,-0.07599999755621,0.0099999997764826,-0.050000000745058,-0.054000001400709,531,0,1624,512,21,7,2,16,-1
2025.04.02 13:41:57.019,#M,149.67999267578,149.08000183105,153.24000549316,149.63999938965,149.50999450684,149.33999633789,149.67999267578,149.82000732422,-0.0040000001899898,-0.043999999761581,17.506000518799,0,-0.078000001609325,0.0080000003799796,-0.050000000745058,-0.054000001400709,531,0,1624,512,21,7,2,16,-1
2025.04.02 13:41:58.097,#4,200,200,200,200,200,200,200,200,150,150,150,150,150,150,150,150,149.66999816895,149.11999511719,153.24000549316,149.63999938965,149.44999694824,149.33999633789,149.69000244141,149.82000732422,-0.0040000001899898,-0.050000000745058,17.493999481201,-0.0040000001899898,-0.079999998211861,0.0080000003799796,-0.050000000745058,-0.054000001400709,531,0,1624,512,21,7,2,16,-1
2025.04.02 13:42:00.019,#M,150.11000061035,150.33000183105,153.57000732422,149.85000610352,150.10000610352,149.39999389648,150.36000061035,149.83000183105,0.15000000596046,-0.01799999922514,17.728000640869,0.012000000104308,-0.070000000298023,0.029999999329448,-0.0020000000949949,-0.054000001400709,531,0,1624,512,21,7,2,16,-1
2025.04.02 13:42:02.018,#M,181.67999267578,180.55999755859,178.05999755859,179.07000732422,179.19999694824,179.19999694824,178.5,178.78999328613,0.99599999189377,0.36199998855591,30.92799949646,0.96399998664856,0.34000000357628,1.0160000324249,0.37799999117851,0.94800001382828,531,0,1624,512,21,7,2,16,-1
2025.04.02 13:42:04.018,#M,199.86999511719,198.7799987793,197.96000671387,200.11000061035,199.10000610352,199.27000427246,199.63000488281,199.75,0.037999998778105,0.014000000432134,41.111999511719,0,-0.074000000953674,0.029999999329448,0.01799999922514,-0.0060000000521541,531,0,1624,512,21,7,2,16,-1
2025.04.02 13:42:06.018,#M,199.52000427246,199.22999572754,197.77000427246,199.33000183105,199.47999572754,199.5,199.75999450684,199.69000244141,0.016000000759959,0.016000000759959,40.506000518799,0.021999999880791,-0.083999998867512,0.034000001847744,-0.024000000208616,-0.028000000864267,531,0,1624,512,21,7,2,16,-1
2025.04.02 13:42:08.017,#M,199.57000732422,199.75999450684,197.39999389648,199.44000244141,199.41999816895,199.38000488281,199.0299987793,199.71000671387,0.0080000003799796,-0.0020000000949949,40.625999450684,-0.024000000208616,-0.086000002920628,0.016000000759959,-0.014000000432134,-0.048000000417233,531,0,1624,512,21,7,2,16,-1
2025.04.02 13:42:10.017,#M,199.41999816895,200.7799987793,198.05000305176,200.0299987793,199.2200012207,199.24000549316,200.13999938965,199.75999450684,0.0080000003799796,-0.032000001519918,40.17200088501,-0.0099999997764826,-0.064000003039837,0.016000000759959,-0.012000000104308,-0.046000000089407,531,0,1624,512,21,7,2,16,-1
2025.04.02 13:42:12.017,#M,199.33999633789,199.75999450684,197.39999389648,199.55999755859,198.83000183105,199.36999511719,199.35000610352,199.80000305176,0.019999999552965,-0.014000000432134,40.464000701904,-0.0060000000521541,-0.064000003039837,0.026000000536442,-0.037999998778105,-0.041999999433756,531,0,1624,512,21,7,2,16,-1
2025.04.02 13:42:14.016,#M,199.39999389648,199.78999328613,197.4700012207,199.7200012207,199,199.32000732422,199.50999450684,199.77000427246,0.016000000759959,-0.01799999922514,40.403999328613,-0.0099999997764826,-0.068000003695488,0.019999999552965,-0.029999999329448,-0.041999999433756,531,0,1624,512,21,7,2,16,-1
2025.04.02 13:42:16.016,#M,199.44000244141,199.63000488281,197.38999938965,199.67999267578,199.08000183105,199.30000305176,199.64999389648,199.75999450684,0.014000000432134,-0.01799999922514,40.273998260498,-0.0060000000521541,-0.071999996900558,0.016000000759959,-0.019999999552965,-0.043999999761581,531,0,1624,512,21,7,2,16,-1
2025.04.02 13:42:18.015,#M,199.5,199.63000488281,197.4700012207,199.75999450684,199.25,199.28999328613,199.71000671387,199.75,0.0099999997764826,-0.014000000432134,40.166000366211,-0.0060000000521541,-0.074000000953674,0.014000000432134,-0.026000000536442,-0.043999999761581,531,0,1624,512,21,7,2,16,-1
2025.04.02 13:42:20.031,#M,199.55999755859,199.66999816895,197.5299987793,199.77000427246,199.22999572754,199.2799987793,199.78999328613,199.75,0.0099999997764826,-0.01799999922514,40.029998779297,0,-0.07599999755621,0.012000000104308,-0.024000000208616,-0.046000000089407,531,0,1624,512,21,7,2,16,-1
2025.04.02 13:42:22.030,#M,199.61000061035,199.60000610352,197.5299987793,199.63999938965,199.16999816895,199.25999450684,199.80000305176,199.75999450684,0.0099999997764826,-0.01799999922514,40.020000457764,0.0060000000521541,-0.079999998211861,0.014000000432134,-0.019999999552965,-0.048000000417233,531,0,1624,512,21,7,2,16,-1
2025.04.02 13:42:23.092,#5,250,250,250,250,250,250,250,250,150,150,150,150,150,150,150,150,199.61999511719,199.63000488281,197.53999328613,199.61000061035,199.25999450684,199.25,199.80000305176,199.74000549316,0.0080000003799796,-0.012000000104308,39.951999664307,0.0040000001899898,-0.078000001609325,0.014000000432134,-0.016000000759959,-0.048000000417233,531,0,1624,512,21,7,2,16,-1
2025.04.02 13:42:25.020,#M,205.44999694824,203.7799987793,202.0299987793,202.94000244141,202.64999389648,201.4700012207,201.39999389648,200.9700012207,0.72600001096725,0.27399998903275,42.659999847412,0.5,0.19799999892712,0.43200001120567,0.23800000548363,0.20999999344349,531,0,1624,512,21,7,2,16,-1
2025.04.02 13:42:27.019,#M,228.0299987793,226.89999389648,225.75999450684,225.99000549316,225.64999389648,224.11000061035,223.5299987793,222.35000610352,0.87800002098083,0.39399999380112,57.42200088501,0.86400002241135,0.32600000500679,0.90200001001358,0.41600000858307,0.83600002527237,531,0,1624,512,21,7,2,16,-1
2025.04.02 13:42:29.019,#M,248.83999633789,248.35000610352,247.17999267578,247.99000549316,247.55999755859,246.63000488281,246.36000061035,245.19000244141,0.44999998807907,0.23600000143051,70.620002746582,0.58600002527237,0.18999999761581,0.72000002861023,0.37200000882149,0.78799998760223,531,0,1624,512,21,7,2,16,-1
2025.04.02 13:42:31.019,#M,249.75,249.41999816895,248.88999938965,249.92999267578,249.50999450684,249.53999328613,249.63000488281,249.63000488281,0.035999998450279,0.043999999761581,71.650001525879,0.0060000000521541,-0.064000003039837,0.028000000864267,0.043999999761581,-0.024000000208616,531,0,1624,512,21,7,2,16,-1
2025.04.02 13:42:33.018,#M,249.53999328613,249.55000305176,247.74000549316,250.05999755859,249.24000549316,249.96000671387,249.61999511719,249.66999816895,0.021999999880791,0.026000000536442,71.283996582031,0.024000000208616,-0.083999998867512,0.0099999997764826,0.03999999910593,-0.021999999880791,531,0,1624,512,21,7,2,16,-1
2025.04.02 13:42:35.018,#M,249.67999267578,249.13000488281,247.89999389648,249.44999694824,249.41000366211,248.94999694824,249.57000732422,249.57000732422,0.016000000759959,0.046000000089407,71.075996398926,0.016000000759959,-0.078000001609325,0.019999999552965,0.043999999761581,-0.035999998450279,531,0,1624,512,21,7,2,16,-1
2025.04.02 13:42:37.017,#M,249.64999389648,249.19999694824,247.94000244141,249.50999450684,249.38999938965,249.08000183105,249.57000732422,249.58999633789,0.014000000432134,0.041999999433756,71.052001953125,0.012000000104308,-0.078000001609325,0.021999999880791,0.03999999910593,-0.035999998450279,531,0,1624,512,21,7,2,16,-1
2025.04.02 13:42:39.017,#M,249.66000366211,249.24000549316,247.97999572754,249.55000305176,249.35000610352,249.13000488281,249.55999755859,249.61999511719,0.014000000432134,0.034000001847744,70.968002319336,0.016000000759959,-0.07599999755621,0.01799999922514,0.037999998778105,-0.037999998778105,531,0,1624,512,21,7,2,16,-1
2025.04.02 13:42:41.021,#M,249.64999389648,249.22999572754,248.10000610352,249.57000732422,249.35000610352,249.25,249.57000732422,249.66000366211,0.014000000432134,0.034000001847744,70.872001647949,0.014000000432134,-0.078000001609325,0.016000000759959,0.035999998450279,-0.037999998778105,531,0,1624,512,21,7,2,16,-1
2025.04.02 13:42:43.021,#M,249.63999938965,249.25999450684,248.11000061035,249.55000305176,249.33000183105,249.22999572754,249.55999755859,249.66999816895,0.014000000432134,0.034000001847744,70.842002868652,0.012000000104308,-0.078000001609325,0.014000000432134,0.034000001847744,-0.03999999910593,531,0,1624,512,21,7,2,16,-1
2025.04.02 13:42:45.021,#M,249.63000488281,249.25,248.17999267578,249.53999328613,249.33000183105,249.25999450684,249.57000732422,249.69000244141,0.014000000432134,0.034000001847744,70.744003295898,0.0080000003799796,-0.078000001609325,0.014000000432134,0.034000001847744,-0.037999998778105,531,0,1624,512,21,7,2,16,-1
2025.04.02 13:42:47.020,#M,249.63999938965,249.27000427246,248.30999755859,249.50999450684,249.32000732422,249.30000305176,249.57000732422,249.69999694824,0.012000000104308,0.034000001847744,70.699996948242,0.0099999997764826,-0.07599999755621,0.0099999997764826,0.034000001847744,-0.037999998778105,531,0,1624,512,21,7,2,16,-1
2025.04.02 13:42:48.082,#6,300,300,300,300,300,300,300,300,150,150,150,150,150,150,150,150,249.63999938965,249.36000061035,248.36000061035,249.50999450684,249.33000183105,249.30999755859,249.58000183105,249.71000671387,0.0099999997764826,0.034000001847744,70.638000488281,0.0060000000521541,-0.07599999755621,0.0099999997764826,0.034000001847744,-0.03999999910593,531,0,1624,512,21,7,2,16,-1
2025.04.02 13:42:50.020,#M,251.66999816895,251.0299987793,250.63000488281,251.44999694824,250.88999938965,251.58000183105,250.91999816895,250.64999389648,0.38400000333786,0.18999999761581,71.232002258301,0.31600001454353,0.11200000345707,0.28200000524521,0.17000000178814,0.17599999904633,531,0,1624,512,21,7,2,16,-1
2025.04.02 13:42:52.019,#M,285.14999389648,284.07000732422,283.10000610352,284.42001342773,284.29998779297,282.98999023438,283.7799987793,283.08999633789,0.80400002002716,0.47200000286102,92.40599822998,0.79000002145767,0.34799998998642,0.81599998474121,0.46599999070168,0.74599999189377,531,0,1624,512,21,7,2,16,-1
2025.04.02 13:42:54.034,#M,299.80999755859,299.45001220703,297.32000732422,299.41000366211,299.14999389648,299.14001464844,299.39999389648,300.20001220703,0.061999998986721,0.1140000000596,102.36799621582,0.093999996781349,-0.01799999922514,0.078000001609325,0.086000002920628,0.065999999642372,531,0,1624,512,21,7,2,16,-1
2025.04.02 13:42:56.018,#M,299.75,299.54000854492,298.2200012207,299.75,299.11999511719,299.5299987793,299.45999145508,299.79000854492,0.035999998450279,0.10199999809265,102.96600341797,0.064000003039837,-0.061999998986721,0.016000000759959,0.090000003576279,-0.01799999922514,531,0,1624,512,21,7,2,16,-1
2025.04.02 13:42:58.018,#M,299.69000244141,299.60000610352,298.32998657227,299.7799987793,299.29998779297,299.42999267578,299.92001342773,299.60998535156,0.041999999433756,0.1059999987483,102.2379989624,0.052000001072884,-0.065999999642372,0.024000000208616,0.061999998986721,-0.026000000536442,531,0,1624,512,21,7,2,16,-1
2025.04.02 13:43:00.018,#M,299.51998901367,299.67999267578,298.0299987793,299.64001464844,299.45999145508,299.39999389648,299.69000244141,299.86999511719,0.028000000864267,0.11999999731779,102.08599853516,0.056000001728535,-0.054000001400709,0.0040000001899898,0.093999996781349,-0.0099999997764826,531,0,1624,512,21,7,2,16,-1
2025.04.02 13:43:02.017,#M,299.54000854492,299.64001464844,298.04000854492,299.63000488281,299.44000244141,299.35998535156,299.75,299.82998657227,0.029999999329448,0.11599999666214,102.04000091553,0.052000001072884,-0.05799999833107,0.0080000003799796,0.090000003576279,-0.014000000432134,531,0,1624,512,21,7,2,16,-1
2025.04.02 13:43:04.017,#M,299.55999755859,299.60000610352,298.01998901367,299.63000488281,299.39999389648,299.36999511719,299.7200012207,299.79000854492,0.029999999329448,0.10800000280142,102.03399658203,0.052000001072884,-0.059999998658895,0.0080000003799796,0.087999999523163,-0.016000000759959,531,0,1624,512,21,7,2,16,-1
2025.04.02 13:43:06.016,#M,299.57000732422,299.57000732422,298.10998535156,299.58999633789,299.38000488281,299.35000610352,299.64999389648,299.75,0.028000000864267,0.10800000280142,101.98400115967,0.048000000417233,-0.061999998986721,0.0080000003799796,0.090000003576279,-0.01799999922514,531,0,1624,512,21,7,2,16,-1
2025.04.02 13:43:08.017,#M,299.55999755859,299.57998657227,298.11999511719,299.55999755859,299.42999267578,299.39999389648,299.61999511719,299.7200012207,0.028000000864267,0.10199999809265,101.89399719238,0.046000000089407,-0.061999998986721,0.0099999997764826,0.087999999523163,-0.019999999552965,531,0,1624,512,21,7,2,16,-1
2025.04.02 13:43:10.016,#M,299.57000732422,299.5299987793,298.11999511719,299.55999755859,299.39999389648,299.41000366211,299.63000488281,299.76000976562,0.028000000864267,0.10000000149012,101.89800262451,0.043999999761581,-0.065999999642372,0.0099999997764826,0.090000003576279,-0.021999999880791,531,0,1624,512,21,7,2,16,-1
2025.04.02 13:43:12.015,#M,299.58999633789,299.5299987793,298.07000732422,299.58999633789,299.39001464844,299.42001342773,299.70999145508,299.76998901367,0.028000000864267,0.097999997437,101.85600280762,0.046000000089407,-0.065999999642372,0.014000000432134,0.086000002920628,-0.024000000208616,531,0,1624,512,21,7,2,16,-1
2025.04.02 13:43:12.156,#7,350,350,350,350,350,350,350,350,150,150,150,150,150,150,150,150,299.58999633789,299.5299987793,298.07000732422,299.58999633789,299.39001464844,299.42001342773,299.70999145508,299.76998901367,0.028000000864267,0.097999997437,101.85600280762,0.046000000089407,-0.065999999642372,0.014000000432134,0.086000002920628,-0.024000000208616,531,0,1624,512,21,7,2,16,-1
2025.04.02 13:43:14.031,#M,301.35000610352,300.17999267578,298.17999267578,300.14001464844,299.35998535156,299.26998901367,299.67001342773,299.79998779297,0.34000000357628,0.23800000548363,102.04399871826,0.14000000059605,-0.012000000104308,0.041999999433756,0.090000003576279,-0.026000000536442,531,0,1624,512,21,7,2,16,-1
2025.04.02 13:43:16.030,#M,334.61999511719,332.98999023438,330.9700012207,331.04998779297,329.9700012207,329.0299987793,328.88000488281,328.83999633789,0.74800002574921,0.52200001478195,122.48000335693,0.77399998903275,0.36199998855591,0.73000001907349,0.52799999713898,0.70800000429153,531,0,1624,512,21,7,2,16,-1
2025.04.02 13:43:18.030,#M,349.69000244141,349.88000488281,349.23999023438,349.69000244141,349.45999145508,349.48001098633,349.92999267578,349.66000366211,0.070000000298023,0.20000000298023,134.4880065918,0.11800000071526,0.53200000524521,0.064000003039837,0.17800000309944,0.048000000417233,531,0,1624,512,21,7,2,16,-1
2025.04.02 13:43:20.029,#M,349.54998779297,349.32000732422,349.82000732422,349.76000976562,349.54000854492,349.20999145508,349.60000610352,349.69000244141,0.056000001728535,0.18000000715256,134.58000183105,0.11800000071526,0.51999998092651,0.05799999833107,0.19799999892712,0.019999999552965,531,0,1624,512,21,7,2,16,-1
2025.04.02 13:43:22.029,#M,349.60998535156,349.70001220703,349.89999389648,349.11999511719,349.13000488281,349.2799987793,349.7200012207,349.7200012207,0.05799999833107,0.21400000154972,133.97200012207,0.11200000345707,0.52200001478195,0.016000000759959,0.16799999773502,0.019999999552965,531,0,1624,512,21,7,2,16,-1
2025.04.02 13:43:24.029,#M,349.54000854492,349.70001220703,349.39999389648,349.57000732422,349.42999267578,349.14999389648,349.67999267578,349.60000610352,0.054000001400709,0.1879999935627,134.24200439453,0.10800000280142,0.533999979496,0.012000000104308,0.17399999499321,0.024000000208616,531,0,1624,512,21,7,2,16,-1
2025.04.02 13:43:26.028,#M,349.55999755859,349.60000610352,349.98001098633,349.45001220703,349.73999023438,349.08999633789,349.85000610352,349.88000488281,0.050000000745058,0.18999999761581,134.12800598145,0.087999999523163,0.51800000667572,0.0099999997764826,0.19400000572205,0.024000000208616,531,0,1624,512,21,7,2,16,-1
2025.04.02 13:43:28.028,#M,349.57000732422,349.58999633789,349.86999511719,349.51998901367,349.67999267578,349.11999511719,349.82998657227,349.85000610352,0.046000000089407,0.1879999935627,134.18200683594,0.092000000178814,0.51399999856949,0.012000000104308,0.18600000441074,0.021999999880791,531,0,1624,512,21,7,2,16,-1
2025.04.02 13:43:30.027,#M,349.57000732422,349.57000732422,349.86999511719,349.54998779297,349.60000610352,349.17999267578,349.75,349.82998657227,0.043999999761581,0.1879999935627,134.13200378418,0.093999996781349,0.50999999046326,0.014000000432134,0.18600000441074,0.01799999922514,531,0,1624,512,21,7,2,16,-1
2025.04.02 13:43:32.027,#M,349.58999633789,349.48999023438,349.88000488281,349.54998779297,349.48999023438,349.23001098633,349.75,349.82000732422,0.041999999433756,0.1879999935627,134.12399291992,0.097999997437,0.50400000810623,0.016000000759959,0.18400000035763,0.016000000759959,531,0,1624,512,21,7,2,16,-1
2025.04.02 13:43:34.027,#M,349.60000610352,349.51000976562,349.85998535156,349.55999755859,349.51998901367,349.25,349.70999145508,349.7799987793,0.03999999910593,0.1879999935627,134.11999511719,0.097999997437,0.5,0.016000000759959,0.18199999630451,0.014000000432134,531,0,1624,512,21,7,2,16,-1
2025.04.02 13:43:36.026,#M,349.60998535156,349.5,349.88000488281,349.60000610352,349.45999145508,349.25,349.66000366211,349.76998901367,0.03999999910593,0.1879999935627,134.10400390625,0.10000000149012,0.49399998784065,0.014000000432134,0.17599999904633,0.014000000432134,531,0,1624,512,21,7,2,16,-1
2025.04.02 13:43:36.182,#8,400,400,400,400,400,400,400,400,150,150,150,150,150,150,150,150,349.60998535156,349.5,349.88000488281,349.60000610352,349.45999145508,349.25,349.66000366211,349.76998901367,0.03999999910593,0.1879999935627,134.10400390625,0.10000000149012,0.49399998784065,0.014000000432134,0.17599999904633,0.014000000432134,531,0,1624,512,21,7,2,16,-1
2025.04.02 13:43:38.026,#M,359.20001220703,359.13000488281,358.85998535156,358.54998779297,358.32000732422,357.73999023438,357.7200012207,357.79000854492,0.68999999761581,0.56999999284744,139.1840057373,0.74599999189377,1.1979999542236,0.64600002765656,0.57599997520447,0.65200001001358,531,0,1624,512,21,7,2,16,-1
2025.04.02 13:43:40.025,#M,393.83999633789,393.55999755859,380.26998901367,393.17999267578,392.92001342773,392.14001464844,392.48999023438,392.36999511719,0.75400000810623,0.74000000953674,155.15400695801,0.89600002765656,2.6579999923706,0.7059999704361,1.0440000295639,0.7620000243187,531,0,1624,512,21,7,2,16,-1
2025.04.02 13:43:42.041,#M,399.63000488281,399.67999267578,342.91000366211,399.51000976562,399.39999389648,399.36999511719,399.5299987793,399.79998779297,0.12200000137091,0.3740000128746,128.90199279785,0.28799998760223,3.7219998836517,0.078000001609325,1.1059999465942,0.14800000190735,531,0,1624,512,21,7,2,16,-1
2025.04.02 13:43:44.025,#M,399.64001464844,399.54000854492,302.69000244141,399.61999511719,399.26998901367,399.32998657227,399.66000366211,399.66000366211,0.13199999928474,0.40599998831749,102.53600311279,0.30799999833107,4.3920001983643,0.083999998867512,1.2300000190735,0.16599999368191,531,0,1624,512,21,7,2,16,-1
2025.04.02 13:43:46.024,#M,399.61999511719,399.39999389648,245.33000183105,399.58999633789,399.58999633789,399.2799987793,399.57998657227,399.61999511719,0.14399999380112,0.40799999237061,65.88200378418,0.32199999690056,5.6279997825623,0.083999998867512,1.404000043869,0.18600000441074,531,0,1624,512,21,7,2,16,-1
2025.04.02 13:43:48.024,#M,399.66000366211,399.5299987793,206.53999328613,399.73999023438,399.45001220703,399.39001464844,399.55999755859,399.61999511719,0.13199999928474,0.41600000858307,41.869998931885,0.31600001454353,6.5980000495911,0.078000001609325,1.4539999961853,0.17599999904633,531,0,1624,512,21,7,2,16,-1
2025.04.02 13:43:50.023,#M,399.64001464844,399.5299987793,152.83999633789,399.73001098633,399.51998901367,399.48001098633,399.58999633789,399.76000976562,0.12600000202656,0.41999998688698,16.625999450684,0.31600001454353,7.1840000152588,0.079999998211861,1.4659999608994,0.17800000309944,531,0,1624,512,21,7,2,16,-1
2025.04.02 13:43:52.023,#M,399.64001464844,399.51998901367,92.599998474121,399.70001220703,399.5,399.44000244141,399.58999633789,399.73999023438,0.11800000071526,0.41999998688698,3.6480000019073,0.3120000064373,7.4920001029968,0.070000000298023,1.4659999608994,0.17000000178814,531,0,1624,512,21,7,2,16,-1
2025.04.02 13:43:54.023,#M,399.64001464844,399.51998901367,36.459999084473,399.63000488281,399.45999145508,399.38000488281,399.58999633789,399.70999145508,0.10800000280142,0.41999998688698,-0.27599999308586,0.30399999022484,8.7620000839233,0.059999998658895,1.4659999608994,0.16200000047684,531,0,1624,512,21,7,2,16,-1
2025.04.02 13:43:56.022,#M,399.63000488281,399.51000976562,16.139999389648,399.60000610352,399.45999145508,399.38000488281,399.58999633789,399.70001220703,0.10000000149012,0.41800001263618,-0.15800000727177,0.2960000038147,8.8079996109009,0.052000001072884,1.4659999608994,0.15600000321865,531,0,1624,512,21,7,2,16,-1
2025.04.02 13:43:58.022,#M,399.64001464844,399.51000976562,4.7300000190735,399.60000610352,399.45001220703,399.35000610352,399.57998657227,399.67999267578,0.090000003576279,0.41600000858307,-0.061999998986721,0.29800000786781,8.8879995346069,0.043999999761581,1.4659999608994,0.14599999785423,531,0,1624,512,21,7,2,16,-1
2025.04.02 13:44:00.027,#M,399.64001464844,399.51998901367,3.3199999332428,399.58999633789,399.45999145508,399.36999511719,399.57000732422,399.67999267578,0.087999999523163,0.41400000452995,-0.052000001072884,0.2960000038147,8.9139995574951,0.041999999433756,1.4659999608994,0.14599999785423,531,0,1624,512,21,7,2,16,-1
2025.04.02 13:44:01.136,#9,450,450,D,450,450,450,450,450,150,150,D,150,150,150,150,150,399.64001464844,399.5,2.039999961853,399.57998657227,399.48999023438,399.33999633789,399.58999633789,399.67999267578,0.082000002264977,0.41400000452995,-0.021999999880791,0.29399999976158,8.9700002670288,0.037999998778105,1.4659999608994,0.14200000464916,531,0,1624,512,21,7,2,16,-1
2025.04.02 13:44:03.027,#M,404.32000732422,403.44000244141,1.8300000429153,403.63000488281,403.66000366211,402.67999267578,402.94000244141,403.32000732422,0.5440000295639,0.7039999961853,-0.016000000759959,0.74000000953674,10.718000411987,0.41200000047684,1.7460000514984,0.52399998903275,531,0,1624,512,21,7,2,16,-1
2025.04.02 13:44:05.042,#M,427.26000976562,426.30999755859,1.9500000476837,426.48001098633,426.76998901367,425.54000854492,425.86999511719,425.94000244141,0.67400002479553,0.91799998283386,-0.021999999880791,1.0039999485016,21.059999465942,0.60799998044968,2.0680000782013,0.783999979496,531,0,1624,512,21,7,2,16,-1
2025.04.02 13:44:07.026,#M,449.51000976562,449.4700012207,2.460000038147,449.79998779297,450.89001464844,449.58999633789,449.64999389648,449.67999267578,0.10999999940395,0.67199999094009,-0.035999998450279,0.49599999189377,35.372001647949,0.059999998658895,2.3900001049042,0.30199998617172,531,0,1624,512,21,7,2,16,-1
2025.04.02 13:44:09.026,#M,449.48999023438,449.39001464844,2.9300000667572,449.95001220703,451.20001220703,448.73001098633,449.85000610352,449.67001342773,0.092000000178814,0.65600001811981,-0.046000000089407,0.5440000295639,35.959999084473,0.037999998778105,2.3380000591278,0.28400000929832,531,0,1624,512,21,7,2,16,-1
2025.04.02 13:44:11.026,#M,449.51998901367,449.4700012207,3.2699999809265,449.30999755859,451.32998657227,448.5,449.44000244141,449.67999267578,0.090000003576279,0.66200000047684,-0.054000001400709,0.46999999880791,36.301998138428,0.041999999433756,2.2999999523163,0.27799999713898,531,0,1624,512,21,7,2,16,-1
2025.04.02 13:44:13.026,#M,449.5,449.54000854492,3.460000038147,449.45001220703,451.23999023438,449.35998535156,449.60000610352,449.64999389648,0.090000003576279,0.65799999237061,-0.05799999833107,0.46200001239777,36.506000518799,0.034000001847744,2.2720000743866,0.27799999713898,531,0,1624,512,21,7,2,16,-1
2025.04.02 13:44:15.025,#M,449.5,449.5299987793,3.6099998950958,449.5,451.29000854492,449.39001464844,449.58999633789,449.64999389648,0.087999999523163,0.65799999237061,-0.059999998658895,0.46399998664856,36.523998260498,0.035999998450279,2.2739999294281,0.27599999308586,531,0,1624,512,21,7,2,16,-1
2025.04.02 13:44:17.025,#M,449.5,449.42001342773,3.8499999046326,449.5,451.2799987793,449.44000244141,449.60000610352,449.66000366211,0.083999998867512,0.65799999237061,-0.065999999642372,0.46799999475479,36.619998931885,0.029999999329448,2.2720000743866,0.27200001478195,531,0,1624,512,21,7,2,16,-1
2025.04.02 13:44:19.025,#M,449.5,449.42001342773,3.8900001049042,449.55999755859,451.26998901367,449.41000366211,449.57000732422,449.66000366211,0.083999998867512,0.65600001811981,-0.065999999642372,0.47200000286102,36.650001525879,0.029999999329448,2.2699999809265,0.27200001478195,531,0,1624,512,21,7,2,16,-1
2025.04.02 13:44:21.024,#M,449.5,449.44000244141,4.0100002288818,449.61999511719,451.29998779297,449.26998901367,449.57000732422,449.66000366211,0.083999998867512,0.65399998426437,-0.068000003695488,0.46599999070168,36.751998901367,0.029999999329448,2.2660000324249,0.27000001072884,531,0,1624,512,21,7,2,16,-1
2025.04.02 13:44:23.024,#M,449.5,449.45999145508,4.0999999046326,449.60000610352,451.2799987793,449.2200012207,449.57000732422,449.66000366211,0.082000002264977,0.65399998426437,-0.070000000298023,0.47200000286102,36.86600112915,0.029999999329448,2.2639999389648,0.26800000667572,531,0,1624,512,21,7,2,16,-1
2025.04.02 13:44:25.023,#M,449.5,449.45001220703,4.1500000953674,449.60000610352,451.30999755859,449.23999023438,449.58999633789,449.66000366211,0.082000002264977,0.65399998426437,-0.071999996900558,0.47400000691414,36.936000823975,0.029999999329448,2.2660000324249,0.26800000667572,531,0,1624,512,21,7,2,16,-1
2025.04.02 13:44:25.148,#10,500,500,D,500,500,500,500,500,150,150,D,150,150,150,150,150,449.5,449.45001220703,4.1500000953674,449.60000610352,451.30999755859,449.23999023438,449.58999633789,449.66000366211,0.082000002264977,0.65399998426437,-0.071999996900558,0.47400000691414,36.936000823975,0.029999999329448,2.2660000324249,0.26800000667572,531,0,1624,512,21,7,2,16,-1
2025.04.02 13:44:27.023,#M,454.89001464844,454.41000366211,4.2300000190735,452.98999023438,454.07998657227,451.92999267578,450.92001342773,450.91000366211,0.57200002670288,0.98400002717972,-0.071999996900558,0.87000000476837,39.17200088501,0.34000000357628,2.5639998912811,0.46599999070168,531,0,1624,512,21,7,2,16,-1
2025.04.02 13:44:29.023,#M,489.29998779297,488.55999755859,4.8899998664856,487.35000610352,486.89001464844,485.60000610352,484.32000732422,483.73999023438,0.65200001001358,1.2599999904633,-0.078000001609325,1.1900000572205,60.840000152588,0.56800001859665,6.673999786377,0.92199999094009,531,0,1624,512,21,7,2,16,-1
2025.04.02 13:44:31.023,#M,499.42999267578,499.2200012207,9.0500001907349,499.35998535156,499.79998779297,499.14999389648,499.64999389648,499.44000244141,0.25200000405312,0.99400001764297,-0.090000003576279,0.7379999756813,69.699996948242,0.054000001400709,9.4300003051758,0.47799998521805,531,0,1624,512,21,7,2,16,-1
2025.04.02 13:44:33.022,#M,499.73001098633,499.35998535156,9.1000003814697,499.63000488281,499.79998779297,499.20999145508,499.61999511719,499.57000732422,0.26800000667572,0.99000000953674,-0.093999996781349,0.7059999704361,69.945999145508,0.050000000745058,9.5880002975464,0.47200000286102,531,0,1624,512,21,7,2,16,-1
2025.04.02 13:44:35.022,#M,499.54998779297,499.26998901367,9.2399997711182,499.54000854492,499.67001342773,499.44000244141,499.55999755859,499.54000854492,0.30599999427795,0.99000000953674,-0.10199999809265,0.74599999189377,70.001998901367,0.041999999433756,9.9119997024536,0.46599999070168,531,0,1624,512,21,7,2,16,-1
2025.04.02 13:44:37.022,#M,499.45999145508,499.61999511719,9.3599996566772,499.55999755859,499.64001464844,499.45001220703,499.67001342773,499.69000244141,0.33199998736382,0.98600000143051,-0.10800000280142,0.80199998617172,70.43399810791,0.041999999433756,10.060000419617,0.46599999070168,531,0,1624,512,21,7,2,16,-1
2025.04.02 13:44:39.021,#M,499.45999145508,499.57000732422,9.4300003051758,499.54000854492,499.66000366211,499.42001342773,499.64999389648,499.66000366211,0.3459999859333,0.99599999189377,-0.11200000345707,0.79000002145767,70.160003662109,0.035999998450279,10.21399974823,0.46000000834465,531,0,1624,512,21,7,2,16,-1
2025.04.02 13:44:41.021,#M,499.48001098633,499.5299987793,9.5200004577637,499.51998901367,499.66000366211,499.42001342773,499.64001464844,499.64001464844,0.35199999809265,0.99400001764297,-0.11599999666214,0.78200000524521,70.230003356934,0.034000001847744,10.274000167847,0.45800000429153,531,0,1624,512,21,7,2,16,-1
2025.04.02 13:44:43.020,#M,499.48999023438,499.45999145508,9.5900001525879,499.48999023438,499.66000366211,499.36999511719,499.61999511719,499.60998535156,0.36199998855591,0.9879999756813,-0.11999999731779,0.77399998903275,70.34400177002,0.032000001519918,10.324000358582,0.45600000023842,531,0,1624,512,21,7,2,16,-1
2025.04.02 13:44:45.020,#M,499.5,499.45001220703,9.6599998474121,499.51000976562,499.67001342773,499.38000488281,499.58999633789,499.58999633789,0.37200000882149,0.98199999332428,-0.12200000137091,0.76599997282028,70.400001525879,0.034000001847744,10.364000320435,0.4539999961853,531,0,1624,512,21,7,2,16,-1
2025.04.02 13:44:47.020,#M,499.51998901367,499.45001220703,9.6899995803833,499.48001098633,499.69000244141,499.39001464844,499.58999633789,499.58999633789,0.38999998569489,0.97799998521805,-0.12399999797344,0.77799999713898,70.503997802734,0.034000001847744,10.446000099182,0.45199999213219,531,0,1624,512,21,7,2,16,-1
2025.04.02 13:44:49.019,#M,499.51998901367,499.42999267578,9.7399997711182,499.51000976562,499.70999145508,499.38000488281,499.58999633789,499.57998657227,0.40599998831749,0.97799998521805,-0.12399999797344,0.73600000143051,70.603996276855,0.032000001519918,10.510000228882,0.45199999213219,531,0,1624,512,21,7,2,16,-1
2025.04.02 13:44:49.160,#0,100,100,0,100,100,100,100,100,150,150,150,150,150,150,150,150,499.51998901367,499.42999267578,9.7399997711182,499.51000976562,499.70999145508,499.38000488281,499.58999633789,499.57998657227,0.40599998831749,0.97799998521805,-0.12399999797344,0.73600000143051,70.603996276855,0.032000001519918,10.510000228882,0.45199999213219,531,0,1624,512,21,7,2,16,-1

2025.04.02 13:44:49.207,MANUAL ACTION NEEDED TO RESTART CHANNELS. Nominal Values not applied in all channels because some of them were DU ERROR/OFF or checkLV(ON) result FALSE;
2025.04.02 13:44:49.222,List of channels not brought to nominal: HmFT2 ;
2025.04.02 13:44:49.394,List of channels disabled during scan: HmFT2 ;
2025.04.02 13:44:49.441,SCAN Finished with result COMPLETED OK! : BUT CHANNELS DISABLED DURING SCAN ;
