2025.06.06 18:26:05.989,Scan triggered MANUALLY from Panel with mode Forced Enable =  TRUE
2025.06.06 18:26:06.067,Configuration used for Scan: IV scan

2025.06.06 18:26:06.082,HpFT0,HpFT1,HpFT2,HpFT3,HpNT0,HpNT1,HpNT2,HpNT3,HmFT0,HmFT1,HmFT3,HmNT0,HmNT1,HmNT2,HmNT3
2025.06.06 18:26:06.114,#channels,v0,v1,i0,i1,rUp,rDwn,triptime,vMaxSoftValue,vMon,iMon,DIP(telescope+PLT_instLumi)
2025.06.06 18:26:06.129,15,1,0,1,0,0,0,0,0,1,1,1
2025.06.06 18:26:06.348,#1,50,50,50,50,50,50,50,50,50,50,50,50,50,50,50,300,300,300,300,300,300,300,300,300,300,300,300,300,300,300,500.01998901367,500.14001464844,499.98001098633,499.98001098633,500.0299987793,499.98001098633,499.92999267578,499.95999145508,299.83999633789,300.32998657227,299.95001220703,299.82998657227,299.60998535156,299.80999755859,299.98001098633,57.088001251221,47.411998748779,91.797996520996,47.270000457764,48.395999908447,53.122001647949,57.881999969482,57.88399887085,12.845999717712,15.022000312805,14.378000259399,13.326000213623,12.885999679565,13.456000328064,12.326000213623,5452608,8328667,8732911,7851806,0,9829419,815306,9300340,4407436,6087421,7811491,9825457,8215939,7824781,7905704,-1
2025.06.06 18:26:08.035,#M,497.26998901367,498.04998779297,498.45001220703,498.29000854492,498.54998779297,498.91000366211,498.73001098633,499.13000488281,300,300.33999633789,299.94000244141,299.82998657227,299.60998535156,299.82000732422,300,57.104000091553,47.425998687744,91.814002990723,47.057998657227,48.403999328613,53.139999389648,57.891998291016,57.900001525879,12.859999656677,15.050000190735,14.380000114441,13.329999923706,12.887999534607,13.456000328064,12.328000068665,5452608,8328667,8732911,7851806,0,9829419,815306,9300340,4407436,6087421,7811491,9825457,8215939,7824781,7905704,-1
2025.06.06 18:26:10.035,#M,461.01000976562,462.04998779297,463.54000854492,463.39999389648,463.39001464844,464.66000366211,464.67999267578,466.04998779297,251.36999511719,252.77000427246,252.88000488281,252.13999938965,253.53999328613,253.85000610352,254.94999694824,53.35599899292,44.546001434326,76.515998840332,44.354000091553,45.493999481201,50.208000183105,54.518001556396,54.768001556396,10.116000175476,12.104000091553,11.635999679565,11.140000343323,10.366000175476,11.387999534607,9.956000328064,5452608,8328667,8732911,7851806,0,9829419,815306,9300340,4407436,6087421,7811491,9825457,8215939,7824781,7905704,-1
2025.06.06 18:26:12.034,#M,403.39999389648,404.7799987793,405.86999511719,405.85998535156,405.91000366211,406.92999267578,406.95001220703,408.32998657227,212.61000061035,214.75999450684,215.16000366211,214.17999267578,214.83000183105,215.85000610352,216.49000549316,48.268001556396,40.464000701904,55.347999572754,40.341999053955,41.515998840332,45.734001159668,49.591999053955,49.841999053955,8.8699998855591,10.565999984741,10.260000228882,9.960000038147,9.1059999465942,10.244000434875,8.8120002746582,5452608,8328667,8732911,7851806,0,9829419,815306,9300340,4407436,6087421,7811491,9825457,8215939,7824781,7905704,-1
2025.06.06 18:26:14.034,#M,345.76998901367,347.41000366211,348.23001098633,348.05999755859,348.45999145508,349.48999023438,349.39001464844,350.60998535156,155.02000427246,157.0299987793,156.2200012207,156.00999450684,157.22999572754,157.39999389648,158.91000366211,41.085998535156,35.36600112915,42.11600112915,34.992000579834,36.111999511719,39.453998565674,42.854000091553,42.805999755859,7.0960001945496,8.6499996185303,8.3219995498657,8.3400001525879,7.3159999847412,8.6759996414185,7.2059998512268,5452608,8328667,8732911,7851806,0,9829419,815306,9300340,4407436,6087421,7811491,9825457,8215939,7824781,7905704,-1
2025.06.06 18:26:16.033,#M,288.19000244141,289.45001220703,290.60000610352,290.4700012207,290.76998901367,291.25,291.67001342773,292.89001464844,97.269996643066,98.690002441406,98.419998168945,98.309997558594,99.650001525879,99.870002746582,101.20999908447,33.32799911499,28.389999389648,34.346000671387,28.201999664307,28.475999832153,31.511999130249,34.417999267578,34.17200088501,4.923999786377,6.576000213623,5.9840002059937,6.3340001106262,5.1279997825623,6.7459998130798,5.25,5452608,8328667,8732911,7851806,0,9829419,815306,9300340,4407436,6087421,7811491,9825457,8215939,7824781,7905704,-1
2025.06.06 18:26:18.033,#M,249.9700012207,251.41000366211,252.2200012207,252.67999267578,252.36000061035,253.0299987793,253.30000305176,254.4700012207,78.220001220703,78.980003356934,79.169998168945,79.01000213623,80.25,80.639999389648,81.959999084473,27.909999847412,23.413999557495,29.200000762939,23.299999237061,23.242000579834,25.986000061035,28.673999786377,28.229999542236,3.9879999160767,5.6760001182556,4.9640002250671,5.423999786377,4.1760001182556,5.8559999465942,4.3860001564026,5452608,8328667,8732911,7851806,0,9829419,815306,9300340,4407436,6087421,7811491,9825457,8215939,7824781,7905704,-1
2025.06.06 18:26:20.033,#M,211.75,213.7200012207,214.11999511719,214.50999450684,214.22999572754,214.88000488281,215.05999755859,216.47999572754,49.580001831055,49.060001373291,49.540000915527,49.110000610352,49.180000305176,49.720001220703,49.880001068115,22.368000030518,18.351999282837,23.906000137329,18.375999450684,18.166000366211,20.417999267578,22.920000076294,22.180000305176,4.0500001907349,4.4539999961853,4.6519999504089,4.2639999389648,4.0100002288818,4.5819997787476,4.1840000152588,5452608,8328667,8732911,7851806,0,9829419,815306,9300340,4407436,6087421,7811491,9825457,8215939,7824781,7905704,-1
2025.06.06 18:26:22.032,#M,173.00999450684,175.38000488281,175.58000183105,175.35000610352,176.33000183105,176.61999511719,176.7799987793,178.07000732422,49.529998779297,49.150001525879,49.419998168945,49.159999847412,49,49.619998931885,49.830001831055,16.931999206543,13.439999580383,18.621999740601,13.642000198364,13.385999679565,15.171999931335,17.361999511719,16.659999847412,4.0799999237061,4.4699997901917,4.6820001602173,4.2760000228882,4.0460000038147,4.5960001945496,4.2140002250671,5452608,8328667,8732911,7851806,0,9829419,815306,9300340,4407436,6087421,7811491,9825457,8215939,7824781,7905704,-1
2025.06.06 18:26:24.032,#M,115.33000183105,116.51999664307,117.56999969482,117.55000305176,118.08000183105,118.7799987793,118.70999908447,120.37999725342,49.580001831055,48.919998168945,49.490001678467,49.159999847412,49.259998321533,49.610000610352,49.860000610352,9.3579998016357,6.978000164032,10.826000213623,7.1360001564026,7.061999797821,8.1759996414185,9.9680004119873,9.3079996109009,4.0879998207092,4.481999874115,4.6840000152588,4.2839999198914,4.0460000038147,4.5980000495911,4.2239999771118,5452608,8328667,8732911,7851806,0,9829419,815306,9300340,4407436,6087421,7811491,9825457,8215939,7824781,7905704,-1
2025.06.06 18:26:26.031,#M,57.680000305176,58.729999542236,60.310001373291,59.810001373291,60.419998168945,60.900001525879,61.200000762939,62.540000915527,49.549999237061,48.869998931885,49.650001525879,49.290000915527,49.229999542236,49.549999237061,49.740001678467,3.194000005722,2.1440000534058,3.864000082016,2.2119998931885,2.305999994278,2.9059998989105,3.885999917984,3.5599999427795,4.0840001106262,4.4739999771118,4.6939997673035,4.2779998779297,4.0520000457764,4.5920000076294,4.2239999771118,5452608,8328667,8732911,7851806,0,9829419,815306,9300340,4407436,6087421,7811491,9825457,8215939,7824781,7905704,-1
2025.06.06 18:26:28.031,#M,49.569999694824,49.869998931885,49.729999542236,49.659999847412,49.340000152588,49.669998168945,49.529998779297,49.810001373291,49.560001373291,48.979999542236,49.619998931885,49.25,49.220001220703,49.580001831055,49.759998321533,4.1700000762939,3.2780001163483,4.4580001831055,3.3220000267029,3.3719999790192,3.7839999198914,4.478000164032,4.2540001869202,4.0819997787476,4.4739999771118,4.6939997673035,4.2760000228882,4.0500001907349,4.5939998626709,4.2239999771118,5452608,8328667,8732911,7851806,0,9829419,815306,9300340,4407436,6087421,7811491,9825457,8215939,7824781,7905704,-1
2025.06.06 18:26:30.046,#M,49.540000915527,49.830001831055,49.729999542236,49.689998626709,49.849998474121,49.400001525879,50.119998931885,49.639999389648,49.569999694824,49.049999237061,49.599998474121,49.220001220703,49.220001220703,49.610000610352,49.770000457764,4.3039999008179,3.3980000019073,4.5960001945496,3.4460000991821,3.5079998970032,3.9340000152588,4.6220002174377,4.3899998664856,4.0819997787476,4.4720001220703,4.691999912262,4.2760000228882,4.0479998588562,4.5939998626709,4.2239999771118,5452608,8328667,8732911,7851806,0,9829419,815306,9300340,4407436,6087421,7811491,9825457,8215939,7824781,7905704,-1
2025.06.06 18:26:32.046,#M,49.639999389648,49.799999237061,49.689998626709,49.759998321533,49.549999237061,49.590000152588,49.689998626709,49.779998779297,49.569999694824,49.060001373291,49.590000152588,49.200000762939,49.200000762939,49.590000152588,49.790000915527,4.4140000343323,3.5,4.7059998512268,3.558000087738,3.6080000400543,4.039999961853,4.7340002059937,4.518000125885,4.0819997787476,4.4720001220703,4.6900000572205,4.2760000228882,4.0479998588562,4.5939998626709,4.2239999771118,5452608,8328667,8732911,7851806,0,9829419,815306,9300340,4407436,6087421,7811491,9825457,8215939,7824781,7905704,-1
2025.06.06 18:26:34.045,#M,49.599998474121,49.819999694824,49.840000152588,49.700000762939,49.470001220703,49.580001831055,49.840000152588,49.819999694824,49.569999694824,49.080001831055,49.580001831055,49.200000762939,49.200000762939,49.590000152588,49.790000915527,4.4439997673035,3.5360000133514,4.75,3.6059999465942,3.6500000953674,4.0920000076294,4.7620000839233,4.5659999847412,4.0819997787476,4.4720001220703,4.6900000572205,4.2760000228882,4.0460000038147,4.5939998626709,4.2239999771118,5452608,8328667,8732911,7851806,0,9829419,815306,9300340,4407436,6087421,7811491,9825457,8215939,7824781,7905704,-1
2025.06.06 18:26:36.045,#M,49.590000152588,49.819999694824,49.819999694824,49.700000762939,49.470001220703,49.509998321533,49.790000915527,49.810001373291,49.560001373291,49.090000152588,49.580001831055,49.189998626709,49.200000762939,49.599998474121,49.790000915527,4.4559998512268,3.5520000457764,4.7600002288818,3.6159999370575,3.6619999408722,4.1040000915527,4.7760000228882,4.5780000686646,4.0819997787476,4.4759998321533,4.6900000572205,4.2760000228882,4.0460000038147,4.5920000076294,4.2239999771118,5452608,8328667,8732911,7851806,0,9829419,815306,9300340,4407436,6087421,7811491,9825457,8215939,7824781,7905704,-1
2025.06.06 18:26:36.233,#2,100,100,100,100,100,100,100,100,100,100,100,100,100,100,100,300,300,300,300,300,300,300,300,300,300,300,300,300,300,300,49.590000152588,49.819999694824,49.819999694824,49.700000762939,49.470001220703,49.509998321533,49.790000915527,49.810001373291,49.569999694824,49.119998931885,49.569999694824,49.189998626709,49.200000762939,49.599998474121,49.779998779297,4.4559998512268,3.5520000457764,4.7600002288818,3.6159999370575,3.6619999408722,4.1040000915527,4.7760000228882,4.5780000686646,4.0819997787476,4.4759998321533,4.6900000572205,4.2760000228882,4.0460000038147,4.5939998626709,4.2239999771118,5452608,8328667,8732911,7851806,0,9829419,815306,9300340,4407436,6087421,7811491,9825457,8215939,7824781,7905704,-1
2025.06.06 18:26:38.045,#M,52.130001068115,52.220001220703,51.860000610352,51.720001220703,50.869998931885,50.360000610352,50,49.889999389648,49.560001373291,49.139999389648,49.569999694824,49.189998626709,49.180000305176,49.610000610352,49.790000915527,5.25,4.2800002098083,5.4120001792908,4.2300000190735,4.1160001754761,4.3959999084473,4.9959998130798,4.688000202179,4.0819997787476,4.4759998321533,4.6900000572205,4.2760000228882,4.0460000038147,4.5939998626709,4.2239999771118,5452608,8328667,8732911,7851806,0,9829419,815306,9300340,4407436,6087421,7811491,9825457,8215939,7824781,7905704,-1
2025.06.06 18:26:40.044,#M,74.610000610352,74.75,73.919998168945,73.730003356934,72.290000915527,70.800003051758,70.129997253418,68.809997558594,66.419998168945,63.880001068115,63.479999542236,62.380001068115,62.610000610352,62.430000305176,62.349998474121,8.4680004119873,6.8759999275208,8.6960000991821,6.8540000915527,6.7480001449585,7.1960000991821,8.0480003356934,7.5739998817444,5.9479999542236,5.7620000839233,6.4840002059937,5.4660000801086,5.688000202179,5.7540001869202,5.811999797821,5452608,8328667,8732911,7851806,0,9829419,815306,9300340,4407436,6087421,7811491,9825457,8215939,7824781,7905704,-1
2025.06.06 18:26:42.044,#M,99.660003662109,100.01999664307,99.879997253418,99.800003051758,99.610000610352,99.599998474121,99.610000610352,99.779998779297,98.879997253418,97.26000213623,97.410003662109,96.680000305176,96.519996643066,96.410003662109,96.519996643066,11.192000389099,8.9460000991821,11.567999839783,9.0080003738403,9.0200004577637,10.005999565125,11.359999656677,11.114000320435,7.0339999198914,7.3600001335144,8.1520004272461,7.1579999923706,7.2540001869202,7.5199999809265,7.3839998245239,5452608,8328667,8732911,7851806,0,9829419,815306,9300340,4407436,6087421,7811491,9825457,8215939,7824781,7905704,-1
2025.06.06 18:26:44.043,#M,99.800003051758,99.910003662109,99.900001525879,99.690002441406,99.680000305176,99.589996337891,99.800003051758,100.08999633789,99.680000305176,100.09999847412,99.480003356934,99.269996643066,99.169998168945,99.51000213623,99.900001525879,11.118000030518,8.8479995727539,11.489999771118,8.9359998703003,8.9379997253418,9.8699998855591,11.204000473022,10.890000343323,6.6459999084473,7.25,7.6160001754761,7.0199999809265,6.691999912262,7.3759999275208,6.7779998779297,5452608,8328667,8732911,7851806,0,9829419,815306,9300340,4407436,6087421,7811491,9825457,8215939,7824781,7905704,-1
2025.06.06 18:26:46.043,#M,99.940002441406,99.930000305176,99.870002746582,99.75,99.610000610352,99.650001525879,99.680000305176,100.09999847412,99.76000213623,99.190002441406,99.610000610352,99.269996643066,99.26000213623,99.580001831055,99.819999694824,11.017999649048,8.78600025177,11.421999931335,8.8660001754761,8.8579998016357,9.7919998168945,11.121999740601,10.791999816895,6.6519999504089,7.2179999351501,7.6160001754761,7.0100002288818,6.6820001602173,7.3720002174377,6.768000125885,5452608,8328667,8732911,7851806,0,9829419,815306,9300340,4407436,6087421,7811491,9825457,8215939,7824781,7905704,-1
2025.06.06 18:26:48.043,#M,99.800003051758,99.839996337891,99.930000305176,99.879997253418,99.709999084473,99.620002746582,99.709999084473,100,99.680000305176,99.790000915527,99.669998168945,99.300003051758,99.139999389648,99.610000610352,99.819999694824,10.944000244141,8.7040004730225,11.355999946594,8.7840003967285,8.789999961853,9.7159996032715,11.043999671936,10.711999893188,6.6399998664856,7.2360000610352,7.6059999465942,7.0100002288818,6.6799998283386,7.3680000305176,6.7699999809265,5452608,8328667,8732911,7851806,0,9829419,815306,9300340,4407436,6087421,7811491,9825457,8215939,7824781,7905704,-1
2025.06.06 18:26:50.042,#M,99.819999694824,99.879997253418,99.919998168945,99.849998474121,99.690002441406,99.620002746582,99.800003051758,100.12000274658,99.73999786377,99.269996643066,99.620002746582,99.349998474121,99.099998474121,99.650001525879,99.790000915527,10.928000450134,8.6899995803833,11.342000007629,8.7720003128052,8.7779998779297,9.7019996643066,11.029999732971,10.675999641418,6.6380000114441,7.2340002059937,7.6100001335144,7.0060000419617,6.6859998703003,7.3720002174377,6.7659997940063,5452608,8328667,8732911,7851806,0,9829419,815306,9300340,4407436,6087421,7811491,9825457,8215939,7824781,7905704,-1
2025.06.06 18:26:51.214,#3,150,150,150,150,150,150,150,150,150,150,150,150,150,150,150,300,300,300,300,300,300,300,300,300,300,300,300,300,300,300,99.819999694824,99.889999389648,99.910003662109,99.879997253418,99.690002441406,99.620002746582,99.800003051758,100.12000274658,99.720001220703,99.339996337891,99.610000610352,99.339996337891,99.110000610352,99.650001525879,99.809997558594,10.920000076294,8.6840000152588,11.336000442505,8.7639999389648,8.7720003128052,9.6960000991821,11.022000312805,10.668000221252,6.6380000114441,7.2300000190735,7.6079998016357,7.0060000419617,6.6840000152588,7.3699998855591,6.7639999389648,5452608,8328667,8732911,7851806,0,9829419,815306,9300340,4407436,6087421,7811491,9825457,8215939,7824781,7905704,-1
2025.06.06 18:26:53.042,#M,99.819999694824,99.889999389648,99.910003662109,99.879997253418,99.690002441406,99.620002746582,99.800003051758,100.12000274658,99.720001220703,99.379997253418,99.629997253418,99.319999694824,99.139999389648,99.639999389648,99.809997558594,10.920000076294,8.6840000152588,11.336000442505,8.7639999389648,8.7720003128052,9.6960000991821,11.022000312805,10.668000221252,6.6380000114441,7.228000164032,7.6059999465942,7.0060000419617,6.6820001602173,7.3699998855591,6.7639999389648,5452608,8328667,8732911,7851806,0,9829419,815306,9300340,4407436,6087421,7811491,9825457,8215939,7824781,7905704,-1
2025.06.06 18:26:55.041,#M,142.24000549316,141.25999450684,141.11000061035,138.83999633789,138.28999328613,136.92999267578,135.88000488281,134.63000488281,121.62999725342,120.58999633789,120.44000244141,120.05999755859,119.01999664307,119.73000335693,118.83000183105,17.305999755859,13.855999946594,17.271999359131,13.725999832153,13.631999969482,14.697999954224,16.261999130249,15.692000389099,8.3400001525879,8.3719997406006,9.3159999847412,8.1759996414185,8.3199996948242,8.5019998550415,8.3000001907349,5452608,8328667,8732911,7851806,0,9829419,815306,9300340,4407436,6087421,7811491,9825457,8215939,7824781,7905704,-1
2025.06.06 18:26:57.041,#M,149.66000366211,150.33999633789,150.0299987793,148.91999816895,148.86000061035,147.7200012207,146.96000671387,145.66999816895,144.58000183105,143.5299987793,143.27000427246,142.94999694824,142.30000305176,142.42999267578,141.77000427246,17.709999084473,14.342000007629,18.02799987793,14.531999588013,14.503999710083,15.878000259399,17.573999404907,17.159999847412,9.0220003128052,9.1479997634888,10.092000007629,8.9399995803833,9.0679998397827,9.2440004348755,8.9580001831055,5452608,8328667,8732911,7851806,0,9829419,815306,9300340,4407436,6087421,7811491,9825457,8215939,7824781,7905704,-1
2025.06.06 18:26:59.041,#M,149.83000183105,150.33999633789,150.86000061035,150.39999389648,149.53999328613,150.39999389648,149.86999511719,149.71000671387,149.66000366211,150.17999267578,150.13999938965,149.38999938965,149.30999755859,149.75999450684,149.72999572754,17.42799949646,14.034000396729,17.738000869751,14.194000244141,14.157999992371,15.53600025177,17.381999969482,17.021999359131,8.3120002746582,9.03600025177,9.423999786377,8.7639999389648,8.4119997024536,9.0880002975464,8.293999671936,5452608,8328667,8732911,7851806,0,9829419,815306,9300340,4407436,6087421,7811491,9825457,8215939,7824781,7905704,-1
2025.06.06 18:27:01.041,#M,150.30999755859,150.39999389648,150.5,150.11000061035,150.22999572754,150,149.7799987793,149.63000488281,149.72999572754,149.86000061035,149.38000488281,149.41000366211,149.27000427246,149.58999633789,150.0299987793,17.347999572754,13.960000038147,17.680000305176,14.114000320435,14.062000274658,15.486000061035,17.29400062561,16.920000076294,8.3020000457764,9.0319995880127,9.4340000152588,8.7679996490479,8.4040002822876,9.0819997787476,8.2819995880127,5452608,8328667,8732911,7851806,0,9829419,815306,9300340,4407436,6087421,7811491,9825457,8215939,7824781,7905704,-1
2025.06.06 18:27:03.040,#M,150.13999938965,149.89999389648,150.83000183105,151.13000488281,149.96000671387,150.36999511719,149.82000732422,149.55999755859,149.7200012207,150.33999633789,149.58999633789,149.47999572754,149.52000427246,149.61000061035,149.88000488281,17.232000350952,13.833999633789,17.586000442505,13.979999542236,13.96399974823,15.371999740601,17.184000015259,16.780000686646,8.3039999008179,9.0179996490479,9.4340000152588,8.7679996490479,8.4099998474121,9.0799999237061,8.2720003128052,5452608,8328667,8732911,7851806,0,9829419,815306,9300340,4407436,6087421,7811491,9825457,8215939,7824781,7905704,-1
2025.06.06 18:27:05.040,#M,150.11000061035,150.60000610352,150.88000488281,150.5299987793,149.94000244141,150.42999267578,149.80999755859,149.66000366211,149.71000671387,149.97999572754,150,149.38000488281,149.25,149.80000305176,149.7799987793,17.181999206543,13.803999900818,17.579999923706,13.949999809265,13.911999702454,15.329999923706,17.135999679565,16.719999313354,8.3020000457764,9.0240001678467,9.4280004501343,8.7639999389648,8.4099998474121,9.0819997787476,8.293999671936,5452608,8328667,8732911,7851806,0,9829419,815306,9300340,4407436,6087421,7811491,9825457,8215939,7824781,7905704,-1
2025.06.06 18:27:07.045,#M,150.13999938965,150.44999694824,150.7799987793,150.60000610352,150.00999450684,150.33999633789,149.80000305176,149.64999389648,149.69999694824,150.2799987793,149.94000244141,149.36999511719,149.27000427246,149.75999450684,149.77000427246,17.14999961853,13.770000457764,17.552000045776,13.913999557495,13.876000404358,15.291999816895,17.101999282837,16.680000305176,8.3020000457764,9.0179996490479,9.4280004501343,8.7620000839233,8.4079999923706,9.0799999237061,8.289999961853,5452608,8328667,8732911,7851806,0,9829419,815306,9300340,4407436,6087421,7811491,9825457,8215939,7824781,7905704,-1
2025.06.06 18:27:07.248,#4,200,200,200,200,200,200,200,200,200,200,200,200,200,200,200,300,300,300,300,300,300,300,300,300,300,300,300,300,300,300,150.13999938965,150.44999694824,150.7799987793,150.60000610352,150.00999450684,150.33999633789,149.80000305176,149.64999389648,149.69999694824,150.2799987793,149.94000244141,149.36999511719,149.27000427246,149.75999450684,149.77000427246,17.14999961853,13.770000457764,17.552000045776,13.913999557495,13.876000404358,15.291999816895,17.101999282837,16.680000305176,8.3020000457764,9.0179996490479,9.4280004501343,8.7620000839233,8.4079999923706,9.0799999237061,8.289999961853,5452608,8328667,8732911,7851806,0,9829419,815306,9300340,4407436,6087421,7811491,9825457,8215939,7824781,7905704,-1
2025.06.06 18:27:09.060,#M,160.0299987793,158.58999633789,157.78999328613,155.88000488281,155.28999328613,154.7200012207,153.19000244141,153.11999511719,149.69999694824,150.22999572754,149.88999938965,149.38000488281,149.2799987793,149.72999572754,149.75,18.941999435425,15.142000198364,19.006000518799,14.973999977112,14.821999549866,16.101999282837,17.709999084473,17.124000549316,8.3020000457764,9.0179996490479,9.4280004501343,8.7600002288818,8.4060001373291,9.0799999237061,8.289999961853,5452608,8328667,8732911,7851806,0,9829419,815306,9300340,4407436,6087421,7811491,9825457,8215939,7824781,7905704,-1
2025.06.06 18:27:11.045,#M,170.96000671387,169.83999633789,169.33000183105,167.52000427246,166.77000427246,166.36999511719,164.66999816895,163.85000610352,162.25999450684,162.13999938965,162.44000244141,161.36999511719,160.61999511719,161.33000183105,161.00999450684,20.507999420166,16.488000869751,20.503999710083,16.347999572754,16.233999252319,17.690000534058,19.42799949646,18.861999511719,9.4899997711182,9.7259998321533,10.607999801636,9.4659996032715,9.5459995269775,9.7480001449585,9.3859996795654,5452608,8328667,8732911,7851806,0,9829419,815306,9300340,4407436,6087421,7811491,9825457,8215939,7824781,7905704,-1
2025.06.06 18:27:13.045,#M,200.2799987793,199.92999267578,200.05000305176,199.63000488281,199.25,198.83999633789,198,197.63999938965,196.44000244141,197.10000610352,197.96000671387,196.13000488281,195.49000549316,195.42999267578,195.46000671387,23.874000549316,19.503999710083,24.20599937439,19.694000244141,19.697999954224,21.804000854492,23.881999969482,23.45599937439,10.206000328064,10.767999649048,11.484000205994,10.357999801636,10.366000175476,10.612000465393,10.105999946594,5452608,8328667,8732911,7851806,0,9829419,815306,9300340,4407436,6087421,7811491,9825457,8215939,7824781,7905704,-1
2025.06.06 18:27:15.044,#M,200.28999328613,200.36999511719,200.52000427246,200.28999328613,200.08999633789,199.61999511719,199.86000061035,200.10000610352,199.5299987793,201.10000610352,200.69999694824,199.9700012207,199.85000610352,199.69999694824,199.86999511719,23.718000411987,19.261999130249,23.988000869751,19.412000656128,19.393999099731,21.558000564575,23.667999267578,23.243999481201,9.6219997406006,10.593999862671,10.906000137329,10.128000259399,9.75,10.406000137329,9.4820003509521,5452608,8328667,8732911,7851806,0,9829419,815306,9300340,4407436,6087421,7811491,9825457,8215939,7824781,7905704,-1
2025.06.06 18:27:17.044,#M,200.11999511719,200,200.2799987793,200.46000671387,200.03999328613,199.96000671387,200.08000183105,200.27000427246,199.66999816895,200.02000427246,201.17999267578,199.4700012207,199.80999755859,199.63999938965,199.96000671387,23.591999053955,19.190000534058,23.906000137329,19.285999298096,19.232000350952,21.420000076294,23.517999649048,23.096000671387,9.6339998245239,10.588000297546,10.89999961853,10.130000114441,9.7580003738403,10.409999847412,9.4779996871948,5452608,8328667,8732911,7851806,0,9829419,815306,9300340,4407436,6087421,7811491,9825457,8215939,7824781,7905704,-1
2025.06.06 18:27:19.043,#M,200.77000427246,200.13999938965,200.55000305176,200.58999633789,200.49000549316,199.99000549316,199.80999755859,200.02000427246,199.71000671387,200.5299987793,201.80000305176,199.66000366211,199.83000183105,200.13999938965,199.88000488281,23.482000350952,19.090000152588,23.82799911499,19.181999206543,19.124000549316,21.275999069214,23.430000305176,22.959999084473,9.6359996795654,10.595999717712,10.897999763489,10.140000343323,9.7620000839233,10.392000198364,9.4799995422363,5452608,8328667,8732911,7851806,0,9829419,815306,9300340,4407436,6087421,7811491,9825457,8215939,7824781,7905704,-1
2025.06.06 18:27:21.043,#M,200.66000366211,200.22999572754,200.39999389648,200.64999389648,200.10000610352,199.97999572754,199.92999267578,200.50999450684,199.78999328613,200.64999389648,201.42999267578,199.55000305176,200,200.03999328613,199.86000061035,23.458000183105,18.95599937439,23.826000213623,19.131999969482,19.052000045776,21.238000869751,23.381999969482,22.889999389648,9.6260004043579,10.60000038147,10.902000427246,10.114000320435,9.75,10.407999992371,9.4700002670288,5452608,8328667,8732911,7851806,0,9829419,815306,9300340,4407436,6087421,7811491,9825457,8215939,7824781,7905704,-1
2025.06.06 18:27:22.183,#5,250,250,250,250,250,250,250,250,250,250,250,250,250,250,250,300,300,300,300,300,300,300,300,300,300,300,300,300,300,300,200.66000366211,200.24000549316,200.38000488281,200.60000610352,200.13000488281,199.9700012207,199.92999267578,200.44999694824,199.78999328613,200.69000244141,201.41999816895,199.55999755859,199.92999267578,200.00999450684,199.86000061035,23.445999145508,18.95599937439,23.819999694824,19.121999740601,19.041999816895,21.228000640869,23.371999740601,22.878000259399,9.6260004043579,10.60000038147,10.902000427246,10.116000175476,9.7519998550415,10.407999992371,9.4700002670288,5452608,8328667,8732911,7851806,0,9829419,815306,9300340,4407436,6087421,7811491,9825457,8215939,7824781,7905704,-1
2025.06.06 18:27:24.027,#M,205.75,204.7200012207,203.5299987793,203.03999328613,202.30000305176,201.53999328613,200.86000061035,200.58000183105,200.11000061035,201.11000061035,201.75999450684,200.38999938965,199.92999267578,199.69000244141,200.08000183105,24.555999755859,19.959999084473,24.579999923706,19.582000732422,19.437999725342,21.506000518799,23.489999771118,22.902000427246,9.8079996109009,10.663999557495,11.001999855042,10.201999664307,9.8299999237061,10.451999664307,9.5019998550415,5452608,8328667,8732911,7851806,0,9829419,815306,9300340,4407436,6087421,7811491,9825457,8215939,7824781,7905704,-1
2025.06.06 18:27:26.042,#M,217.28999328613,215.88000488281,214.35000610352,214.14999389648,213.21000671387,211.7200012207,210.25999450684,210.46000671387,220.07000732422,221.75,222.49000549316,219.94000244141,218.77000427246,219.7799987793,218.13999938965,26.228000640869,21.451999664307,26.288000106812,21.145999908447,21.007999420166,23.256000518799,25.214000701904,24.606000900269,10.932000160217,11.626000404358,12.211999893188,11.038000106812,11.010000228882,11.276000022888,10.637999534607,5452608,8328667,8732911,7851806,0,9829419,815306,9300340,4407436,6087421,7811491,9825457,8215939,7824781,7905704,-1
2025.06.06 18:27:28.042,#M,249.11999511719,249.05000305176,247.82000732422,247.5299987793,246.67999267578,245.9700012207,244.66999816895,243.97999572754,243.28999328613,242.86999511719,244.14999389648,242.30999755859,241.69000244141,242.30000305176,241.49000549316,30.379999160767,25.309999465942,30.492000579834,25.065999984741,25.233999252319,27.958000183105,30.187999725342,29.687999725342,11.529999732971,12.482000350952,12.916000366211,11.687999725342,11.602000236511,11.902000427246,11.182000160217,5452608,8328667,8732911,7851806,0,9829419,815306,9300340,4407436,6087421,7811491,9825457,8215939,7824781,7905704,-1
2025.06.06 18:27:30.041,#M,249.86000061035,249.96000671387,250.10000610352,250.28999328613,249.82000732422,249.7200012207,249.77000427246,249.83000183105,249.80000305176,250.30999755859,251.08000183105,249.69999694824,249.66999816895,249.77000427246,250.10000610352,30.090000152588,25.007999420166,30.290000915527,24.857999801636,25.068000793457,27.888000488281,30.298000335693,29.874000549316,11.024000167847,12.432000160217,12.468000411987,11.53600025177,11.157999992371,11.767999649048,10.723999977112,5452608,8328667,8732911,7851806,0,9829419,815306,9300340,4407436,6087421,7811491,9825457,8215939,7824781,7905704,-1
2025.06.06 18:27:32.041,#M,250.07000732422,249.77000427246,249.80000305176,250.13999938965,249.9700012207,249.7799987793,249.75999450684,249.77000427246,249.85000610352,250.92999267578,250.92999267578,249.92999267578,249.60000610352,250.0299987793,250.00999450684,29.986000061035,24.916000366211,30.242000579834,24.771999359131,24.941999435425,27.761999130249,30.184000015259,29.743999481201,11.026000022888,12.437999725342,12.479999542236,11.557999610901,11.142000198364,11.779999732971,10.729999542236,5452608,8328667,8732911,7851806,0,9829419,815306,9300340,4407436,6087421,7811491,9825457,8215939,7824781,7905704,-1
2025.06.06 18:27:34.040,#M,250.22999572754,249.75,249.9700012207,250.2200012207,249.88000488281,249.69999694824,249.75,249.83999633789,249.83000183105,250.7200012207,250.82000732422,249.86000061035,249.96000671387,250.08000183105,250,29.923999786377,24.951999664307,30.197999954224,24.725999832153,24.889999389648,27.695999145508,30.096000671387,29.659999847412,11.034000396729,12.439999580383,12.477999687195,11.555999755859,11.152000427246,11.779999732971,10.729999542236,5452608,8328667,8732911,7851806,0,9829419,815306,9300340,4407436,6087421,7811491,9825457,8215939,7824781,7905704,-1
2025.06.06 18:27:37.134,#M,249.9700012207,250.0299987793,249.94999694824,250.2200012207,249.83000183105,249.78999328613,249.80000305176,249.77000427246,249.83999633789,250.35000610352,250.61999511719,249.67999267578,249.86999511719,249.86000061035,250.10000610352,29.881999969482,24.889999389648,30.17200088501,24.673999786377,24.843999862671,27.638000488281,30.055999755859,29.611999511719,11.039999961853,12.449999809265,12.475999832153,11.567999839783,11.157999992371,11.772000312805,10.739999771118,5452608,8328667,8732911,7851806,0,9829419,815306,9300340,4407436,6087421,7811491,9825457,8215939,7824781,7905704,-1
2025.06.06 18:27:39.039,#M,249.9700012207,250.00999450684,249.94000244141,250.25,249.80000305176,249.77000427246,249.80000305176,249.7799987793,249.83000183105,250.41999816895,250.66000366211,249.71000671387,249.83999633789,249.91000366211,250.07000732422,29.846000671387,24.857999801636,30.14999961853,24.643999099731,24.808000564575,27.596000671387,30.025999069214,29.568000793457,11.039999961853,12.449999809265,12.475999832153,11.567999839783,11.157999992371,11.774000167847,10.737999916077,5452608,8328667,8732911,7851806,0,9829419,815306,9300340,4407436,6087421,7811491,9825457,8215939,7824781,7905704,-1
2025.06.06 18:27:39.242,#6,300,300,300,300,300,300,300,300,300,300,300,300,300,300,300,300,300,300,300,300,300,300,300,300,300,300,300,300,300,300,249.9700012207,250.00999450684,249.94000244141,250.25,249.80000305176,249.77000427246,249.80000305176,249.7799987793,249.83000183105,250.41999816895,250.66000366211,249.71000671387,249.83999633789,249.91000366211,250.07000732422,29.846000671387,24.857999801636,30.14999961853,24.643999099731,24.808000564575,27.596000671387,30.025999069214,29.568000793457,11.039999961853,12.449999809265,12.475999832153,11.567999839783,11.157999992371,11.774000167847,10.737999916077,5452608,8328667,8732911,7851806,0,9829419,815306,9300340,4407436,6087421,7811491,9825457,8215939,7824781,7905704,-1
2025.06.06 18:27:41.039,#M,254,254.33000183105,252.38000488281,251.80000305176,251.05999755859,250.71000671387,250.2200012207,250.11999511719,249.96000671387,250.64999389648,250.94999694824,249.97999572754,249.83000183105,250.08999633789,249.88999938965,30.667999267578,25.538000106812,30.691999435425,24.917999267578,24.986000061035,27.676000595093,30.087999343872,29.444000244141,11.119999885559,12.503999710083,12.520000457764,11.588000297546,11.201999664307,11.800000190735,10.746000289917,5452608,8328667,8732911,7851806,0,9829419,815306,9300340,4407436,6087421,7811491,9825457,8215939,7824781,7905704,-1
2025.06.06 18:27:43.023,#M,265.25,264.23999023438,263.36999511719,261.98999023438,260.9700012207,260.29000854492,258.75,258.04998779297,268.91000366211,269.63000488281,269.57998657227,267.89999389648,267.7799987793,267.60998535156,267.69000244141,32.354000091553,27.176000595093,32.340000152588,26.479999542236,26.607999801636,29.371999740601,31.738000869751,31.07200050354,12.28600025177,13.607999801636,13.75,12.496000289917,12.369999885559,12.670000076294,11.883999824524,5452608,8328667,8732911,7851806,0,9829419,815306,9300340,4407436,6087421,7811491,9825457,8215939,7824781,7905704,-1
2025.06.06 18:27:45.038,#M,298.26000976562,298.07000732422,297.23999023438,296.63000488281,295.35000610352,294.79000854492,293.4700012207,292.5299987793,291.82000732422,292.29998779297,291.48001098633,291.16000366211,290.89001464844,290.60998535156,290.51998901367,36.437999725342,31.32200050354,36.52799987793,30.57799911499,31.059999465942,34.256000518799,36.751998901367,36.243999481201,13.029999732971,14.711999893188,14.531999588013,13.225999832153,13.055999755859,13.368000030518,12.524000167847,5452608,8328667,8732911,7851806,0,9829419,815306,9300340,4407436,6087421,7811491,9825457,8215939,7824781,7905704,-1
2025.06.06 18:27:47.038,#M,299.79998779297,299.98001098633,299.83999633789,299.67001342773,299.70001220703,299.70001220703,299.76998901367,299.82000732422,299.86999511719,300.32000732422,299.98999023438,299.67001342773,299.61999511719,299.89999389648,300.01000976562,36.236000061035,31.158000946045,36.439998626709,30.516000747681,31.097999572754,34.375999450684,37.049999237061,36.703998565674,12.694000244141,14.828000068665,14.244000434875,13.184000015259,12.746000289917,13.333999633789,12.211999893188,5452608,8328667,8732911,7851806,0,9829419,815306,9300340,4407436,6087421,7811491,9825457,8215939,7824781,7905704,-1
2025.06.06 18:27:49.037,#M,299.73999023438,299.95999145508,299.89999389648,300.26000976562,300.0299987793,299.73001098633,299.76000976562,299.76998901367,299.88000488281,300.39999389648,299.95001220703,299.7200012207,299.60998535156,299.91000366211,299.98999023438,36.161998748779,31.087999343872,36.397998809814,30.454000473022,31.002000808716,34.276000976562,36.976001739502,36.610000610352,12.696000099182,14.847999572754,14.251999855042,13.197999954224,12.75800037384,13.338000297546,12.211999893188,5452608,8328667,8732911,7851806,0,9829419,815306,9300340,4407436,6087421,7811491,9825457,8215939,7824781,7905704,-1
2025.06.06 18:27:51.037,#M,299.70001220703,299.76998901367,299.76000976562,300.26000976562,299.95999145508,299.86999511719,299.7200012207,299.82000732422,299.98001098633,299.82000732422,300.01000976562,299.83999633789,299.70999145508,299.57000732422,300.11999511719,36.11600112915,31.048000335693,36.363998413086,30.413999557495,30.947999954224,34.212001800537,36.917999267578,36.548000335693,12.710000038147,14.862000465393,14.253999710083,13.204000473022,12.763999938965,13.355999946594,12.223999977112,5452608,8328667,8732911,7851806,0,9829419,815306,9300340,4407436,6087421,7811491,9825457,8215939,7824781,7905704,-1
2025.06.06 18:27:53.052,#M,299.85000610352,299.95001220703,300.01000976562,300.26998901367,299.85998535156,299.79998779297,299.79000854492,299.88000488281,299.98001098633,300.11999511719,300.07000732422,299.69000244141,299.67001342773,299.76998901367,300.01998901367,36.090000152588,31.030000686646,36.346000671387,30.381999969482,30.926000595093,34.173999786377,36.860000610352,36.486000061035,12.715999603271,14.859999656677,14.25800037384,13.204000473022,12.772000312805,13.359999656677,12.225999832153,5452608,8328667,8732911,7851806,0,9829419,815306,9300340,4407436,6087421,7811491,9825457,8215939,7824781,7905704,-1
2025.06.06 18:27:55.036,#M,299.83999633789,299.92999267578,299.98001098633,300.26998901367,299.85998535156,299.79000854492,299.76998901367,299.89001464844,299.92999267578,300.13000488281,300.04998779297,299.73001098633,299.64999389648,299.79998779297,300.01998901367,36.071998596191,31.010000228882,36.330001831055,30.360000610352,30.89999961853,34.145999908447,36.841999053955,36.464000701904,12.718000411987,14.862000465393,14.260000228882,13.204000473022,12.770000457764,13.359999656677,12.227999687195,5452608,8328667,8732911,7851806,0,9829419,815306,9300340,4407436,6087421,7811491,9825457,8215939,7824781,7905704,-1
2025.06.06 18:27:55.255,#7,350,350,350,350,350,350,350,350,350,350,350,350,350,350,350,300,300,300,300,300,300,300,300,300,300,300,300,300,300,300,299.83999633789,299.92999267578,299.98001098633,300.26998901367,299.85998535156,299.79000854492,299.76998901367,299.89001464844,299.92999267578,300.13000488281,300.04998779297,299.73001098633,299.64999389648,299.79998779297,300.01998901367,36.071998596191,31.010000228882,36.330001831055,30.360000610352,30.89999961853,34.145999908447,36.841999053955,36.464000701904,12.718000411987,14.862000465393,14.260000228882,13.204000473022,12.770000457764,13.359999656677,12.227999687195,5452608,8328667,8732911,7851806,0,9829419,815306,9300340,4407436,6087421,7811491,9825457,8215939,7824781,7905704,-1
2025.06.06 18:27:57.036,#M,306.79998779297,306,304.51998901367,303.79000854492,302.79000854492,302.35998535156,301.4700012207,301.0299987793,301.05999755859,301.70001220703,300.83999633789,300.66000366211,300.63000488281,300.61999511719,300.75,37.360000610352,32.153999328613,37.27799987793,31.125999450684,31.486000061035,34.622001647949,37.166000366211,36.68399810791,13.020000457764,15.081999778748,14.510000228882,13.378000259399,13.017999649048,13.496000289917,12.420000076294,5452608,8328667,8732911,7851806,0,9829419,815306,9300340,4407436,6087421,7811491,9825457,8215939,7824781,7905704,-1
2025.06.06 18:27:59.035,#M,318.13000488281,317.44000244141,315.94000244141,315.32000732422,313.83999633789,312.95001220703,311.54998779297,310.82000732422,310.95999145508,312.85998535156,310.48999023438,309.9700012207,309.94000244141,309.67999267578,309.58999633789,38.880001068115,33.638000488281,38.810001373291,32.613998413086,33.124000549316,36.166000366211,38.875999450684,38.437999725342,13.748000144958,15.828000068665,15.260000228882,13.939999580383,13.732000350952,14.048000335693,13.131999969482,5452608,8328667,8732911,7851806,0,9829419,815306,9300340,4407436,6087421,7811491,9825457,8215939,7824781,7905704,-1
2025.06.06 18:28:01.035,#M,349.44000244141,349.75,348.94000244141,348.32998657227,347.45001220703,347.04998779297,346.01000976562,345.42999267578,345.44000244141,348.63000488281,346.42001342773,344.80999755859,344.63000488281,344.26998901367,344.13000488281,42.478000640869,36.580001831055,42.645999908447,36.189998626709,37.208000183105,40.389999389648,43.574001312256,43.40599822998,15.251999855042,18.176000595093,16.57200050354,15.354000091553,15.052000045776,15.359999656677,14.369999885559,5452608,8328667,8732911,7851806,0,9829419,815306,9300340,4407436,6087421,7811491,9825457,8215939,7824781,7905704,-1
2025.06.06 18:28:03.034,#M,349.83999633789,350.45001220703,350.08999633789,349.85998535156,349.69000244141,349.89001464844,349.7200012207,349.83999633789,349.86999511719,352.92999267578,351.2200012207,349.83999633789,349.73001098633,350.29998779297,349.82998657227,42.318000793457,36.402000427246,42.537998199463,36.018001556396,37.069999694824,40.285999298096,43.624000549316,43.515998840332,14.994000434875,18.299999237061,16.275999069214,15.281999588013,14.772000312805,15.28600025177,14.079999923706,5452608,8328667,8732911,7851806,0,9829419,815306,9300340,4407436,6087421,7811491,9825457,8215939,7824781,7905704,-1
2025.06.06 18:28:05.034,#M,349.82998657227,350.67001342773,349.92001342773,349.89001464844,349.88000488281,349.85000610352,349.73999023438,349.80999755859,349.88000488281,352.92999267578,351.42001342773,350.04998779297,349.7799987793,349.89999389648,350.07000732422,42.279998779297,36.358001708984,42.526000976562,35.987998962402,37.043998718262,40.242000579834,43.599998474121,43.470001220703,15.00800037384,18.32799911499,16.298000335693,15.295999526978,14.805999755859,15.303999900818,14.092000007629,5452608,8328667,8732911,7851806,0,9829419,815306,9300340,4407436,6087421,7811491,9825457,8215939,7824781,7905704,-1
2025.06.06 18:28:07.034,#M,349.85998535156,350.14001464844,349.95001220703,349.82998657227,349.82000732422,349.86999511719,349.80999755859,349.89001464844,349.85000610352,352.69000244141,352.23001098633,350.07000732422,349.39999389648,350.11999511719,349.85998535156,42.228000640869,36.330001831055,42.507999420166,35.948001861572,36.990001678467,40.181999206543,43.534000396729,43.409999847412,15.020000457764,18.336000442505,16.304000854492,15.319999694824,14.810000419617,15.305999755859,14.102000236511,5452608,8328667,8732911,7851806,0,9829419,815306,9300340,4407436,6087421,7811491,9825457,8215939,7824781,7905704,-1
2025.06.06 18:28:09.033,#M,349.82998657227,350.04000854492,349.73999023438,349.83999633789,349.85000610352,349.86999511719,349.7799987793,349.88000488281,349.80999755859,353.04998779297,351.92999267578,349.88000488281,349.51998901367,350.45001220703,349.85998535156,42.212001800537,36.299999237061,42.507999420166,35.93399810791,36.970001220703,40.152000427246,43.507999420166,43.388000488281,15.029999732971,18.341999053955,16.305999755859,15.324000358582,14.817999839783,15.307999610901,14.104000091553,5452608,8328667,8732911,7851806,0,9829419,815306,9300340,4407436,6087421,7811491,9825457,8215939,7824781,7905704,-1
2025.06.06 18:28:10.220,#8,400,400,400,400,400,400,400,400,400,400,400,400,400,400,400,300,300,300,300,300,300,300,300,300,300,300,300,300,300,300,349.82998657227,350.04000854492,349.76000976562,349.83999633789,349.83999633789,349.86999511719,349.7799987793,349.86999511719,349.82000732422,353.01000976562,351.85000610352,349.89001464844,349.5299987793,350.42999267578,349.88000488281,42.206001281738,36.296001434326,42.507999420166,35.930000305176,36.964000701904,40.145999908447,43.501998901367,43.380001068115,15.029999732971,18.343999862671,16.308000564575,15.324000358582,14.817999839783,15.310000419617,14.105999946594,5452608,8328667,8732911,7851806,0,9829419,815306,9300340,4407436,6087421,7811491,9825457,8215939,7824781,7905704,-1
2025.06.06 18:28:12.033,#M,352.76998901367,352.48999023438,351.67001342773,351.11999511719,350.70001220703,350.29000854492,350.01000976562,349.85000610352,350.04998779297,352.45999145508,351.41000366211,349.67999267578,349.42999267578,349.86999511719,349.92999267578,42.84400177002,36.787998199463,42.919998168945,36.208000183105,37.167999267578,40.208000183105,43.526000976562,43.304000854492,15.128000259399,18.403999328613,16.371999740601,15.373999595642,14.881999969482,15.343999862671,14.133999824524,5452608,8328667,8732911,7851806,0,9829419,815306,9300340,4407436,6087421,7811491,9825457,8215939,7824781,7905704,-1
2025.06.06 18:28:14.032,#M,386.64001464844,386.67999267578,384.70999145508,383.98999023438,383.20001220703,381.76998901367,381.14001464844,379.60998535156,380.25,382.04000854492,383.01000976562,380.05999755859,379.44000244141,379.94000244141,378.82000732422,47.057998657227,40.226001739502,49.242000579834,39.77799987793,40.931999206543,44.195999145508,47.784000396729,47.784000396729,17.569999694824,21.680000305176,18.378000259399,17.437999725342,16.993999481201,17.20599937439,16.110000610352,5452608,8328667,8732911,7851806,0,9829419,815306,9300340,4407436,6087421,7811491,9825457,8215939,7824781,7905704,-1
2025.06.06 18:28:16.032,#M,397.60000610352,397.64999389648,395.95001220703,395.2799987793,394.86999511719,393.41000366211,392.54998779297,391.55999755859,391.80999755859,394.10000610352,394.51000976562,391.48001098633,391.25,391.44000244141,390.44000244141,48.046001434326,40.990001678467,52.029998779297,40.709999084473,41.917999267578,45.335998535156,48.953998565674,49.13399887085,18.459999084473,23.110000610352,19.062000274658,18.274000167847,17.761999130249,17.923999786377,16.798000335693,5452608,8328667,8732911,7851806,0,9829419,815306,9300340,4407436,6087421,7811491,9825457,8215939,7824781,7905704,-1
2025.06.06 18:28:18.031,#M,399.88000488281,400.10998535156,399.82998657227,399.85000610352,399.98001098633,399.82000732422,399.73999023438,400.01998901367,399.75,402.04000854492,402.51998901367,400.30999755859,400.17999267578,400.61999511719,399.80999755859,47.937999725342,40.881999969482,52.833999633789,40.63399887085,41.868000030518,45.465999603271,49.169998168945,49.568000793457,18.652000427246,24.054000854492,19.111999511719,18.643999099731,17.89999961853,18.257999420166,16.917999267578,5452608,8328667,8732911,7851806,0,9829419,815306,9300340,4407436,6087421,7811491,9825457,8215939,7824781,7905704,-1
2025.06.06 18:28:20.031,#M,399.89999389648,400.10000610352,399.94000244141,399.80999755859,400,399.76998901367,399.79000854492,399.91000366211,399.75,402.4700012207,402.7200012207,400.44000244141,399.89001464844,400.82998657227,399.82998657227,47.939998626709,40.86600112915,52.863998413086,40.639999389648,41.854000091553,45.465999603271,49.166000366211,49.515998840332,18.680000305176,24.083999633789,19.139999389648,18.673999786377,17.917999267578,18.27799987793,16.945999145508,5452608,8328667,8732911,7851806,0,9829419,815306,9300340,4407436,6087421,7811491,9825457,8215939,7824781,7905704,-1
2025.06.06 18:28:22.046,#M,399.83999633789,400.32000732422,399.95999145508,399.76998901367,399.95001220703,399.98001098633,399.85000610352,400.01998901367,399.73999023438,401.79998779297,402.08999633789,400.76000976562,399.95001220703,400.69000244141,399.83999633789,47.936000823975,40.984001159668,52.869998931885,40.638000488281,41.841999053955,45.444000244141,49.145999908447,49.487998962402,18.701999664307,24.106000900269,19.156000137329,18.700000762939,17.936000823975,18.295999526978,16.964000701904,5452608,8328667,8732911,7851806,0,9829419,815306,9300340,4407436,6087421,7811491,9825457,8215939,7824781,7905704,-1
2025.06.06 18:28:24.046,#M,399.85998535156,400.2799987793,399.95999145508,399.76998901367,399.95001220703,399.94000244141,399.7799987793,400.01998901367,399.73001098633,402.17001342773,402.73001098633,400.35998535156,399.79000854492,400.79000854492,399.85000610352,47.930000305176,40.979999542236,52.872001647949,40.638000488281,41.840000152588,45.42200088501,49.145999908447,49.47200012207,18.709999084473,24.111999511719,19.166000366211,18.701999664307,17.951999664307,18.308000564575,16.97200012207,5452608,8328667,8732911,7851806,0,9829419,815306,9300340,4407436,6087421,7811491,9825457,8215939,7824781,7905704,-1
2025.06.06 18:28:26.045,#M,399.89001464844,400.26000976562,399.92999267578,399.76998901367,399.95001220703,399.95001220703,399.79000854492,400.04000854492,399.73001098633,402.17999267578,402.7200012207,400.35998535156,399.82998657227,400.79000854492,399.83999633789,47.92200088501,40.978000640869,52.880001068115,40.639999389648,41.838001251221,45.416000366211,49.150001525879,49.467998504639,18.714000701904,24.120000839233,19.167999267578,18.70599937439,17.958000183105,18.309999465942,16.975999832153,5452608,8328667,8732911,7851806,0,9829419,815306,9300340,4407436,6087421,7811491,9825457,8215939,7824781,7905704,-1
2025.06.06 18:28:26.249,#9,450,450,450,450,450,450,450,450,450,450,450,450,450,450,450,300,300,300,300,300,300,300,300,300,300,300,300,300,300,300,399.89001464844,400.26000976562,399.92999267578,399.76998901367,399.95001220703,399.95001220703,399.79000854492,400.04000854492,399.73001098633,402.17999267578,402.7200012207,400.35998535156,399.82998657227,400.79000854492,399.83999633789,47.92200088501,40.978000640869,52.880001068115,40.639999389648,41.838001251221,45.416000366211,49.150001525879,49.467998504639,18.714000701904,24.120000839233,19.167999267578,18.70599937439,17.958000183105,18.309999465942,16.975999832153,5452608,8328667,8732911,7851806,0,9829419,815306,9300340,4407436,6087421,7811491,9825457,8215939,7824781,7905704,-1
2025.06.06 18:28:28.045,#M,404.55999755859,403.82998657227,402.85998535156,401.75,401.48001098633,400.7200012207,400.51000976562,400.38000488281,400.70001220703,403.10000610352,403.66000366211,401.05999755859,400.42999267578,401.23999023438,400.29000854492,48.785999298096,41.459999084473,53.987998962402,41.054000854492,42.194000244141,45.647998809814,49.333999633789,49.596000671387,19.016000747681,24.416000366211,19.388000488281,18.908000946045,18.195999145508,18.454000473022,17.158000946045,5452608,8328667,8732911,7851806,0,9829419,815306,9300340,4407436,6087421,7811491,9825457,8215939,7824781,7905704,-1
2025.06.06 18:28:30.045,#M,439.10998535156,437.64001464844,436.76000976562,435.4700012207,434.86999511719,433.2799987793,432.57000732422,432.0299987793,433.16000366211,434.76000976562,434.35000610352,432.58999633789,432.57000732422,432.66000366211,431.64001464844,52.040000915527,43.900001525879,65.426002502441,43.768001556396,44.973999023438,48.63399887085,52.541999816895,53.054000854492,22.624000549316,29.708000183105,22.125999450684,22.062000274658,21.370000839233,21.295999526978,19.912000656128,5452608,8328667,8732911,7851806,0,9829419,815306,9300340,4407436,6087421,7811491,9825457,8215939,7824781,7905704,-1
2025.06.06 18:28:32.044,#M,448.85998535156,448.17001342773,447.69000244141,446.64999389648,446.08999633789,444.89999389648,444.08999633789,443.57998657227,444.5,446.61999511719,445.70999145508,444.30999755859,443.80999755859,443.7200012207,443.25,52.571998596191,44.231998443604,69.40599822998,44.192001342773,45.68399810791,49.462001800537,53.478000640869,54.041999816895,23.974000930786,31.673999786377,23.073999404907,23.22200012207,22.554000854492,22.379999160767,20.893999099731,5452608,8328667,8732911,7851806,0,9829419,815306,9300340,4407436,6087421,7811491,9825457,8215939,7824781,7905704,-1
2025.06.06 18:28:34.044,#M,450.01000976562,449.92001342773,449.92001342773,449.98999023438,449.91000366211,449.92999267578,449.85000610352,450.14001464844,449.64001464844,451.35000610352,451.67001342773,450.07998657227,449.45001220703,450.38000488281,449.95999145508,52.459999084473,44.208000183105,70.194000244141,43.833999633789,45.540000915527,49.397998809814,53.495998382568,54.097999572754,24.191999435425,32.349998474121,23.104000091553,23.538000106812,22.742000579834,22.695999145508,21.013999938965,5452608,8328667,8732911,7851806,0,9829419,815306,9300340,4407436,6087421,7811491,9825457,8215939,7824781,7905704,-1
2025.06.06 18:28:36.043,#M,449.85998535156,450.05999755859,449.9700012207,449.88000488281,449.92001342773,449.91000366211,450.13000488281,450.07000732422,449.66000366211,451.42001342773,451.60000610352,450.08999633789,449.4700012207,450.32998657227,449.92001342773,52.467998504639,44.36600112915,70.21199798584,43.854000091553,45.535999298096,49.416000366211,53.501998901367,54.14400100708,24.214000701904,32.36600112915,23.125999450684,23.552000045776,22.757999420166,22.709999084473,21.035999298096,5452608,8328667,8732911,7851806,0,9829419,815306,9300340,4407436,6087421,7811491,9825457,8215939,7824781,7905704,-1
2025.06.06 18:28:38.043,#M,449.79000854492,450.05999755859,449.94000244141,449.92001342773,449.86999511719,449.89001464844,449.98001098633,449.92999267578,449.64999389648,451.45999145508,451.26998901367,450.25,449.5299987793,450.30999755859,449.95999145508,52.487998962402,44.305999755859,70.230003356934,43.89400100708,45.532001495361,49.42200088501,53.498001098633,54.13399887085,24.225999832153,32.381999969482,23.124000549316,23.563999176025,22.767999649048,22.719999313354,21.034000396729,5452608,8328667,8732911,7851806,0,9829419,815306,9300340,4407436,6087421,7811491,9825457,8215939,7824781,7905704,-1
2025.06.06 18:28:40.043,#M,450.01998901367,450.04000854492,449.9700012207,449.95999145508,449.95999145508,449.95999145508,449.92999267578,450.08999633789,449.58999633789,451.20999145508,451.38000488281,450.20999145508,449.5299987793,450.32000732422,449.79000854492,52.484001159668,44.312000274658,70.23999786377,43.895999908447,45.548000335693,49.414001464844,53.506000518799,54.131999969482,24.229999542236,32.388000488281,23.131999969482,23.563999176025,22.775999069214,22.725999832153,21.048000335693,5452608,8328667,8732911,7851806,0,9829419,815306,9300340,4407436,6087421,7811491,9825457,8215939,7824781,7905704,-1
2025.06.06 18:28:42.042,#M,450,450.04000854492,449.95999145508,449.95999145508,449.95999145508,449.95001220703,449.94000244141,450.10000610352,449.58999633789,451.29998779297,451.38000488281,450.17999267578,449.51000976562,450.32998657227,449.80999755859,52.487998962402,44.282001495361,70.248001098633,43.895999908447,45.548000335693,49.416000366211,53.507999420166,54.130001068115,24.233999252319,32.397998809814,23.135999679565,23.569999694824,22.780000686646,22.728000640869,21.049999237061,5452608,8328667,8732911,7851806,0,9829419,815306,9300340,4407436,6087421,7811491,9825457,8215939,7824781,7905704,-1
2025.06.06 18:28:42.261,#10,500,500,500,500,500,500,500,500,500,500,500,500,500,500,500,300,300,300,300,300,300,300,300,300,300,300,300,300,300,300,450,450.04000854492,449.95999145508,449.95999145508,449.95999145508,449.95001220703,449.94000244141,450.10000610352,449.58999633789,451.29998779297,451.38000488281,450.17999267578,449.51000976562,450.32998657227,449.80999755859,52.487998962402,44.282001495361,70.248001098633,43.895999908447,45.548000335693,49.416000366211,53.507999420166,54.130001068115,24.233999252319,32.397998809814,23.135999679565,23.569999694824,22.780000686646,22.728000640869,21.049999237061,5452608,8328667,8732911,7851806,0,9829419,815306,9300340,4407436,6087421,7811491,9825457,8215939,7824781,7905704,-1
2025.06.06 18:28:44.042,#M,457.5,456.16000366211,455.29000854492,454.01000976562,453.51000976562,452.91000366211,452.01998901367,451.7799987793,452.5299987793,453.76000976562,453.95999145508,452.76998901367,451.61999511719,452.39001464844,451.26998901367,53.582000732422,44.97200012207,72.599998474121,44.532001495361,46.158000946045,49.956001281738,53.923999786377,54.506000518799,24.974000930786,33.054000854492,23.663999557495,24.087999343872,23.291999816895,23.131999969482,21.461999893188,5452608,8328667,8732911,7851806,0,9829419,815306,9300340,4407436,6087421,7811491,9825457,8215939,7824781,7905704,-1
2025.06.06 18:28:46.041,#M,480.45999145508,478.92999267578,478.25,476.95001220703,476.11999511719,475.51998901367,473.83999633789,473.35000610352,475.04000854492,475.5299987793,475.76998901367,475.07000732422,473.60998535156,474.26000976562,473.14999389648,55.338001251221,46.59400177002,81.791999816895,46.127998352051,47.709999084473,51.645999908447,55.860000610352,56.32799911499,28.406000137329,37.256000518799,26.031999588013,26.79400062561,26.197999954224,25.629999160767,24.010000228882,5452608,8328667,8732911,7851806,0,9829419,815306,9300340,4407436,6087421,7811491,9825457,8215939,7824781,7905704,-1
2025.06.06 18:28:48.041,#M,499.76000976562,499.54998779297,499.10998535156,498.33999633789,498.19000244141,497.69000244141,496.58999633789,496.51000976562,497.26000976562,497.63000488281,497.70999145508,497.33999633789,496.08999633789,496.73999023438,495.79998779297,56.428001403809,47.194000244141,90.36799621582,47.304000854492,48.911998748779,52.942001342773,57.473999023438,57.97200012207,31.906000137329,41.391998291016,28.676000595093,29.805999755859,29.22200012207,28.409999847412,26.92200088501,5452608,8328667,8732911,7851806,0,9829419,815306,9300340,4407436,6087421,7811491,9825457,8215939,7824781,7905704,-1
2025.06.06 18:28:50.041,#M,500.04998779297,500.17001342773,500,500.04998779297,500.07000732422,499.98999023438,499.92001342773,499.85000610352,499.64999389648,500.41000366211,500.5,500.01000976562,499.64999389648,499.92001342773,499.63000488281,56.381999969482,47.085998535156,90.741996765137,47.181999206543,48.731998443604,52.810001373291,57.368000030518,57.889999389648,32.012001037598,41.959999084473,28.709999084473,29.961999893188,29.326000213623,28.607999801636,27.096000671387,5452608,8328667,8732911,7851806,0,9829419,815306,9300340,4407436,6087421,7811491,9825457,8215939,7824781,7905704,-1
2025.06.06 18:28:52.040,#M,499.9700012207,500.17001342773,499.9700012207,499.98001098633,499.94000244141,500,499.9700012207,499.61999511719,499.61999511719,500.42999267578,500.35998535156,500.05999755859,499.67999267578,499.88000488281,499.7799987793,56.388000488281,47.113998413086,90.77799987793,47.18399810791,48.754001617432,52.84400177002,57.391998291016,57.978000640869,32.006000518799,41.813999176025,28.697999954224,29.934000015259,29.312000274658,28.601999282837,27.087999343872,5452608,8328667,8732911,7851806,0,9829419,815306,9300340,4407436,6087421,7811491,9825457,8215939,7824781,7905704,-1
2025.06.06 18:28:54.040,#M,500.01000976562,500.14999389648,499.9700012207,500.07998657227,500.05999755859,499.86999511719,499.95999145508,500.01000976562,499.63000488281,500.48001098633,500.30999755859,499.9700012207,499.73999023438,499.76000976562,499.73001098633,56.409999847412,47.153999328613,90.819999694824,47.201999664307,48.787998199463,52.85599899292,57.42200088501,57.930000305176,31.997999191284,41.681999206543,28.666000366211,29.893999099731,29.291999816895,28.576000213623,27.07200050354,5452608,8328667,8732911,7851806,0,9829419,815306,9300340,4407436,6087421,7811491,9825457,8215939,7824781,7905704,-1
2025.06.06 18:28:56.039,#M,499.9700012207,500.16000366211,499.95999145508,499.89001464844,500.01998901367,499.95001220703,499.86999511719,499.92001342773,499.55999755859,500.2799987793,500.36999511719,500.07000732422,499.54000854492,499.89999389648,499.67001342773,56.419998168945,47.13399887085,90.833999633789,47.209999084473,48.768001556396,52.841999053955,57.430000305176,57.967998504639,31.997999191284,41.813999176025,28.662000656128,29.884000778198,29.291999816895,28.569999694824,27.07200050354,5452608,8328667,8732911,7851806,0,9829419,815306,9300340,4407436,6087421,7811491,9825457,8215939,7824781,7905704,-1
2025.06.06 18:28:56.243,#11,550,550,550,550,550,550,550,550,550,550,550,550,550,550,550,300,300,300,300,300,300,300,300,300,300,300,300,300,300,300,499.9700012207,500.14999389648,499.9700012207,499.89001464844,500.01998901367,499.95001220703,499.88000488281,499.95999145508,499.57000732422,500.29998779297,500.36999511719,500.07998657227,499.54000854492,499.89999389648,499.67001342773,56.419998168945,47.139999389648,90.837997436523,47.212001800537,48.770000457764,52.84400177002,57.431999206543,57.97200012207,31.997999191284,41.819999694824,28.659999847412,29.881999969482,29.290000915527,28.568000793457,27.07200050354,5452608,8328667,8732911,7851806,0,9829419,815306,9300340,4407436,6087421,7811491,9825457,8215939,7824781,7905704,-1
2025.06.06 18:28:58.039,#M,505.41000366211,504.83999633789,503.42999267578,502.92001342773,502.48001098633,501.94000244141,501.57998657227,501.45001220703,502.60998535156,502.73001098633,502.82998657227,502.55999755859,501.64001464844,502.10000610352,501.35998535156,57.279998779297,47.805999755859,92.529998779297,47.720001220703,49.231998443604,53.254001617432,57.807998657227,58.388000488281,32.793998718262,42.341999053955,29.25,30.444000244141,29.812000274658,29.013999938965,27.497999191284,5452608,8328667,8732911,7851806,0,9829419,815306,9300340,4407436,6087421,7811491,9825457,8215939,7824781,7905704,-1
2025.06.06 18:29:00.040,#M,528.46002197266,527.78997802734,526.09997558594,525.52001953125,524.65997314453,524.09997558594,523.28002929688,523.54998779297,525.19000244141,524.65002441406,524.77001953125,524.38000488281,523.36999511719,523.91998291016,523.03002929688,59.085998535156,49.119998931885,102.38400268555,49.263999938965,50.731998443604,54.776000976562,59.647998809814,60.10599899292,37.07799911499,46.85599899292,32.602001190186,34.321998596191,33.256000518799,32.456001281738,30.893999099731,5452608,8328667,8732911,7851806,0,9829419,815306,9300340,4407436,6087421,7811491,9825457,8215939,7824781,7905704,-1
2025.06.06 18:29:02.040,#M,549.96997070312,550.08001708984,549.94000244141,549.88000488281,549.57000732422,549.98999023438,549.85998535156,549.95001220703,549.59997558594,549.66998291016,549.79998779297,549.65002441406,549.53997802734,549.65002441406,549.59002685547,60.459999084473,49.93399810791,112.97200012207,50.096000671387,51.790000915527,55.841999053955,62.07799911499,61.169998168945,41.541999816895,51.596000671387,36.023998260498,38.582000732422,37.152000427246,36.312000274658,34.631999969482,5452608,8328667,8732911,7851806,0,9829419,815306,9300340,4407436,6087421,7811491,9825457,8215939,7824781,7905704,-1
2025.06.06 18:29:04.039,#M,549.92999267578,550.08001708984,549.95001220703,549.85998535156,550.02001953125,549.96002197266,549.91998291016,549.98999023438,549.84002685547,549.59997558594,549.82000732422,549.58001708984,549.28002929688,549.65997314453,549.70001220703,60.492000579834,49.953998565674,113.04199981689,50.254001617432,51.798000335693,55.877998352051,61.608001708984,61.38399887085,41.495998382568,51.513999938965,35.965999603271,38.487998962402,37.060001373291,36.228000640869,34.576000213623,5452608,8328667,8732911,7851806,0,9829419,815306,9300340,4407436,6087421,7811491,9825457,8215939,7824781,7905704,-1
2025.06.06 18:29:06.054,#M,549.96002197266,550.07000732422,549.96997070312,549.88000488281,549.96997070312,549.97998046875,549.90002441406,549.98999023438,549.67999267578,549.64001464844,549.82000732422,549.58001708984,549.53002929688,549.72998046875,549.66998291016,60.5,49.962001800537,113.06199645996,50.271999359131,51.826000213623,55.891998291016,61.613998413086,61.430000305176,41.47200012207,51.501998901367,35.928001403809,38.456001281738,37.040000915527,36.206001281738,34.555999755859,5452608,8328667,8732911,7851806,0,9829419,815306,9300340,4407436,6087421,7811491,9825457,8215939,7824781,7905704,-1
2025.06.06 18:29:08.038,#M,549.96002197266,550.09002685547,549.90997314453,549.85998535156,550,549.96002197266,549.94000244141,549.98999023438,549.60998535156,549.58001708984,549.79998779297,549.61999511719,549.47998046875,549.71997070312,549.59002685547,60.521999359131,49.978000640869,113.12799835205,50.32799911499,51.805999755859,55.908000946045,61.712001800537,61.448001861572,41.450000762939,51.450000762939,35.900001525879,38.408000946045,36.970001220703,36.164001464844,34.546001434326,5452608,8328667,8732911,7851806,0,9829419,815306,9300340,4407436,6087421,7811491,9825457,8215939,7824781,7905704,-1
2025.06.06 18:29:10.038,#M,549.96997070312,550.09002685547,549.95001220703,549.86999511719,550.11999511719,549.95001220703,549.86999511719,550,549.61999511719,549.60998535156,549.78997802734,549.59002685547,549.53997802734,549.69000244141,549.71002197266,60.534000396729,49.995998382568,113.15000152588,50.352001190186,51.819999694824,55.916000366211,61.694000244141,61.453998565674,41.445999145508,51.442001342773,35.88399887085,38.386001586914,36.953998565674,36.14400100708,34.52799987793,5452608,8328667,8732911,7851806,0,9829419,815306,9300340,4407436,6087421,7811491,9825457,8215939,7824781,7905704,-1
2025.06.06 18:29:10.257,#12,600,600,600,600,600,600,600,600,600,600,600,600,600,600,600,300,300,300,300,300,300,300,300,300,300,300,300,300,300,300,549.96997070312,550.08001708984,549.95001220703,549.86999511719,550.08001708984,549.94000244141,549.86999511719,550,549.61999511719,549.60998535156,549.78997802734,549.59002685547,549.53997802734,549.69000244141,549.71002197266,60.537998199463,49.998001098633,113.15399932861,50.354000091553,51.821998596191,55.916000366211,61.695999145508,61.456001281738,41.445999145508,51.442001342773,35.88399887085,38.386001586914,36.953998565674,36.14400100708,34.52799987793,5452608,8328667,8732911,7851806,0,9829419,815306,9300340,4407436,6087421,7811491,9825457,8215939,7824781,7905704,-1
2025.06.06 18:29:12.038,#M,553.40002441406,553.01000976562,552.39001464844,552.28997802734,552.53002929688,551.94000244141,551.90997314453,551.54998779297,552.54998779297,552.59002685547,552.64001464844,552.58001708984,551.88000488281,552.11999511719,551.71997070312,61.192001342773,50.541999816895,114.4700012207,50.812000274658,52.251998901367,56.285999298096,62.102001190186,61.81600189209,41.444000244141,51.436000823975,36.582000732422,38.377998352051,36.948001861572,36.138000488281,34.526000976562,5452608,8328667,8732911,7851806,0,9829419,815306,9300340,4407436,6087421,7811491,9825457,8215939,7824781,7905704,-1
2025.06.06 18:29:14.037,#M,576.21002197266,575.58001708984,574.59002685547,574.55999755859,574.71997070312,574.02001953125,573.98999023438,573.36999511719,575.13000488281,574.92999267578,575.25,575.09002685547,574.20001220703,574.38000488281,573.61999511719,63.386001586914,52.085998535156,124.87400054932,52.251998901367,53.720001220703,57.880001068115,64.209999084473,63.518001556396,47.259998321533,57.226001739502,40.504001617432,43.535999298096,41.861999511719,40.703998565674,38.993999481201,5452608,8328667,8732911,7851806,0,9829419,815306,9300340,4407436,6087421,7811491,9825457,8215939,7824781,7905704,-1
2025.06.06 18:29:16.037,#M,599.97998046875,600.03997802734,599.84002685547,599.82000732422,599.95001220703,600.01000976562,599.92999267578,599.96002197266,599.58001708984,599.46002197266,599.61999511719,599.5,599.40997314453,599.59997558594,599.66998291016,65.377998352051,53.14400100708,137.04600524902,53.402000427246,54.793998718262,59.279998779297,66.176002502441,64.795997619629,52.445999145508,62.604000091553,44.436000823975,48.180000305176,46.428001403809,45.111999511719,43.493999481201,5452608,8328667,8732911,7851806,0,9829419,815306,9300340,4407436,6087421,7811491,9825457,8215939,7824781,7905704,-1
2025.06.06 18:29:18.036,#M,599.98999023438,600,599.85998535156,599.84002685547,599.96002197266,600,599.92999267578,599.95001220703,599.64001464844,599.46997070312,599.67999267578,599.52001953125,599.44000244141,599.61999511719,599.70001220703,65.410003662109,53.169998168945,137.13999938965,53.368000030518,54.81600189209,59.231998443604,66.199996948242,64.832000732422,52.374000549316,62.493999481201,44.35599899292,48.068000793457,46.312000274658,45.02799987793,43.419998168945,5452608,8328667,8732911,7851806,0,9829419,815306,9300340,4407436,6087421,7811491,9825457,8215939,7824781,7905704,-1
2025.06.06 18:29:20.036,#M,600,600.07000732422,599.86999511719,599.84002685547,599.96997070312,600.03002929688,599.90997314453,599.92999267578,599.63000488281,599.47998046875,599.59002685547,599.53002929688,599.41998291016,599.64001464844,599.69000244141,65.440002441406,53.186000823975,137.2200012207,53.42200088501,54.840000152588,59.243999481201,66.25,64.853996276855,52.326000213623,62.42200088501,44.301998138428,48.012001037598,46.259998321533,44.962001800537,43.369998931885,5452608,8328667,8732911,7851806,0,9829419,815306,9300340,4407436,6087421,7811491,9825457,8215939,7824781,7905704,-1
2025.06.06 18:29:22.052,#M,599.95001220703,600.08001708984,599.84997558594,599.85998535156,599.95001220703,600.01000976562,599.91998291016,599.92999267578,599.64001464844,599.47998046875,599.75,599.52001953125,599.45001220703,599.61999511719,599.71997070312,65.468002319336,53.198001861572,137.26600646973,53.391998291016,54.84400177002,59.268001556396,66.262001037598,64.889999389648,52.298000335693,62.38399887085,44.268001556396,47.951999664307,46.206001281738,44.937999725342,43.341999053955,5452608,8328667,8732911,7851806,0,9829419,815306,9300340,4407436,6087421,7811491,9825457,8215939,7824781,7905704,-1
2025.06.06 18:29:24.036,#M,600,600.08001708984,599.84997558594,599.84997558594,599.94000244141,600.01000976562,599.91998291016,599.91998291016,599.63000488281,599.47998046875,599.71997070312,599.52001953125,599.45001220703,599.61999511719,599.71002197266,65.468002319336,53.200000762939,137.27000427246,53.39400100708,54.846000671387,59.25,66.262001037598,64.907997131348,52.296001434326,62.380001068115,44.263999938965,47.945999145508,46.200000762939,44.931999206543,43.338001251221,5452608,8328667,8732911,7851806,0,9829419,815306,9300340,4407436,6087421,7811491,9825457,8215939,7824781,7905704,-1
2025.06.06 18:29:24.208,#13,650,650,650,650,650,650,650,650,600,600,600,600,600,600,600,300,300,300,300,300,300,300,300,300,300,300,300,300,300,300,600,600.08001708984,599.84997558594,599.84997558594,599.94000244141,600.01000976562,599.91998291016,599.91998291016,599.63000488281,599.47998046875,599.71997070312,599.52001953125,599.45001220703,599.61999511719,599.71002197266,65.468002319336,53.201999664307,137.2740020752,53.395999908447,54.847999572754,59.242000579834,66.263999938965,64.919998168945,52.293998718262,62.377998352051,44.263999938965,47.942001342773,46.194000244141,44.925998687744,43.335998535156,5452608,8328667,8732911,7851806,0,9829419,815306,9300340,4407436,6087421,7811491,9825457,8215939,7824781,7905704,-1
2025.06.06 18:29:26.035,#M,601.98999023438,600.07000732422,599.84997558594,599.84002685547,599.94000244141,600.01000976562,599.91998291016,599.92999267578,599.63000488281,599.47998046875,599.71997070312,599.52001953125,599.45001220703,599.61999511719,599.71002197266,65.468002319336,53.203998565674,137.27799987793,53.400001525879,54.849998474121,59.236000061035,66.265998840332,64.93399810791,52.291999816895,62.374000549316,44.262001037598,47.936000823975,46.187999725342,44.92200088501,43.332000732422,5452608,8328667,8732911,7851806,0,9829419,815306,9300340,4407436,6087421,7811491,9825457,8215939,7824781,7905704,-1
2025.06.06 18:29:28.035,#M,623.98999023438,624.04998779297,623.09002685547,623.09997558594,622.44000244141,622.59002685547,621.76000976562,621.84997558594,599.63000488281,599.47998046875,599.70001220703,599.52001953125,599.45001220703,599.61999511719,599.70001220703,68.540000915527,55.141998291016,149.22999572754,55.377998352051,56.67200088501,61.298000335693,69.022003173828,66.865997314453,52.282001495361,62.361999511719,44.251998901367,47.919998168945,46.169998168945,44.90599822998,43.319999694824,5452608,8328667,8732911,7851806,0,9829419,815306,9300340,4407436,6087421,7811491,9825457,8215939,7824781,7905704,-1
2025.06.06 18:29:30.035,#M,649.86999511719,650.03997802734,649.84002685547,649.83001708984,649.94000244141,649.94000244141,649.88000488281,649.97998046875,599.63000488281,599.47998046875,599.67999267578,599.52001953125,599.45001220703,599.61999511719,599.70001220703,70.984001159668,56.5,163.28999328613,56.687999725342,57.990001678467,62.874000549316,71.856002807617,68.56600189209,52.271999359131,62.347999572754,44.243999481201,47.902000427246,46.150001525879,44.891998291016,43.305999755859,5452608,8328667,8732911,7851806,0,9829419,815306,9300340,4407436,6087421,7811491,9825457,8215939,7824781,7905704,-1
2025.06.06 18:29:32.034,#M,649.86999511719,650.07000732422,649.90002441406,649.83001708984,649.96997070312,649.95001220703,649.85998535156,649.98999023438,599.63000488281,599.47998046875,599.67999267578,599.52001953125,599.44000244141,599.61999511719,599.70001220703,71.001998901367,56.5,163.45399475098,56.701999664307,57.423999786377,62.858001708984,71.891998291016,68.561996459961,52.263999938965,62.333999633789,44.229999542236,47.888000488281,46.130001068115,44.877998352051,43.291999816895,5452608,8328667,8732911,7851806,0,9829419,815306,9300340,4407436,6087421,7811491,9825457,8215939,7824781,7905704,-1
2025.06.06 18:29:34.034,#M,649.85998535156,650.03002929688,649.91998291016,649.84002685547,649.92999267578,649.92999267578,649.86999511719,650.02001953125,599.63000488281,599.47998046875,599.67999267578,599.53002929688,599.44000244141,599.61999511719,599.70001220703,71.005996704102,56.515998840332,163.50799560547,56.720001220703,57.436000823975,62.833999633789,71.919998168945,68.569999694824,52.257999420166,62.324001312256,44.223999023438,47.877998352051,46.118000030518,44.869998931885,43.285999298096,5452608,8328667,8732911,7851806,0,9829419,815306,9300340,4407436,6087421,7811491,9825457,8215939,7824781,7905704,-1
2025.06.06 18:29:36.033,#M,649.89001464844,650.03997802734,649.90997314453,649.83001708984,649.97998046875,649.95001220703,649.86999511719,649.96997070312,599.63000488281,599.47998046875,599.65997314453,599.53002929688,599.44000244141,599.61999511719,599.70001220703,71.026000976562,56.60599899292,163.58999633789,56.731998443604,57.462001800537,62.849998474121,71.944000244141,68.573997497559,52.251998901367,62.310001373291,44.220001220703,47.863998413086,46.104000091553,44.858001708984,43.276000976562,5452608,8328667,8732911,7851806,0,9829419,815306,9300340,4407436,6087421,7811491,9825457,8215939,7824781,7905704,-1
2025.06.06 18:29:38.033,#M,649.88000488281,650.03997802734,649.90997314453,649.83001708984,649.96002197266,649.95001220703,649.86999511719,649.97998046875,599.63000488281,599.47998046875,599.65002441406,599.52001953125,599.44000244141,599.61999511719,599.70001220703,71.024002075195,56.619998931885,163.60400390625,56.729999542236,57.464000701904,62.847999572754,71.956001281738,68.575996398926,52.245998382568,62.304000854492,44.214000701904,47.854000091553,46.090000152588,44.847999572754,43.263999938965,5452608,8328667,8732911,7851806,0,9829419,815306,9300340,4407436,6087421,7811491,9825457,8215939,7824781,7905704,-1
2025.06.06 18:29:38.189,#14,700,700,700,700,700,700,700,700,600,600,600,600,600,600,600,300,300,300,300,300,300,300,300,300,300,300,300,300,300,300,649.88000488281,650.03997802734,649.90997314453,649.83001708984,649.96002197266,649.95001220703,649.86999511719,649.97998046875,599.63000488281,599.47998046875,599.65002441406,599.52001953125,599.44000244141,599.61999511719,599.70001220703,71.024002075195,56.619998931885,163.60400390625,56.729999542236,57.464000701904,62.847999572754,71.956001281738,68.575996398926,52.245998382568,62.304000854492,44.214000701904,47.854000091553,46.090000152588,44.847999572754,43.263999938965,5452608,8328667,8732911,7851806,0,9829419,815306,9300340,4407436,6087421,7811491,9825457,8215939,7824781,7905704,-1
2025.06.06 18:29:40.033,#M,649.88000488281,650.03002929688,649.90997314453,649.83001708984,649.95001220703,649.95001220703,649.86999511719,649.97998046875,599.63000488281,599.47998046875,599.65997314453,599.52001953125,599.44000244141,599.61999511719,599.70001220703,71.024002075195,56.625999450684,163.61199951172,56.729999542236,57.465999603271,62.849998474121,71.96199798584,68.578002929688,52.243999481201,62.301998138428,44.214000701904,47.849998474121,46.085998535156,44.84400177002,43.262001037598,5452608,8328667,8732911,7851806,0,9829419,815306,9300340,4407436,6087421,7811491,9825457,8215939,7824781,7905704,-1
2025.06.06 18:29:42.032,#M,673.21002197266,672.60998535156,670.95001220703,670.97998046875,671.02001953125,670.34002685547,670.23999023438,669,599.63000488281,599.47998046875,599.65002441406,599.52001953125,599.44000244141,599.61999511719,599.70001220703,74.622001647949,58.717998504639,175.39999389648,58.478000640869,59.265998840332,64.828002929688,74.830001831055,70.444000244141,52.240001678467,62.296001434326,44.212001800537,47.840000152588,46.074001312256,44.832000732422,43.254001617432,5452608,8328667,8732911,7851806,0,9829419,815306,9300340,4407436,6087421,7811491,9825457,8215939,7824781,7905704,-1
2025.06.06 18:29:44.032,#M,699.96002197266,699.92999267578,699.79998779297,699.76000976562,699.90997314453,699.82000732422,699.73999023438,699.73999023438,599.63000488281,599.47998046875,599.64001464844,599.52001953125,599.44000244141,599.61999511719,599.70001220703,78.347999572754,60.437999725342,191.80599975586,59.914001464844,60.799999237061,66.68399810791,81.508003234863,72.426002502441,52.237998962402,62.296001434326,44.215999603271,47.832000732422,46.068000793457,44.824001312256,43.248001098633,5452608,8328667,8732911,7851806,0,9829419,815306,9300340,4407436,6087421,7811491,9825457,8215939,7824781,7905704,-1
2025.06.06 18:29:46.031,#M,699.94000244141,699.94000244141,699.88000488281,699.78002929688,700,699.83001708984,699.85998535156,699.94000244141,599.63000488281,599.47998046875,599.64001464844,599.52001953125,599.44000244141,599.61999511719,599.70001220703,78.379997253418,60.458000183105,192.02200317383,59.930000305176,60.824001312256,66.690002441406,81.643997192383,72.40599822998,52.236000061035,62.296001434326,44.217998504639,47.830001831055,46.060001373291,44.818000793457,43.245998382568,5452608,8328667,8732911,7851806,0,9829419,815306,9300340,4407436,6087421,7811491,9825457,8215939,7824781,7905704,-1
2025.06.06 18:29:48.031,#M,699.96002197266,699.95001220703,699.88000488281,699.77001953125,699.94000244141,699.86999511719,699.88000488281,699.97998046875,599.63000488281,599.47998046875,599.64001464844,599.52001953125,599.44000244141,599.61999511719,599.70001220703,78.38200378418,60.487998962402,192.10600280762,59.923999786377,60.846000671387,66.657997131348,81.680000305176,72.412002563477,52.236000061035,62.296001434326,44.22200012207,47.826000213623,46.055999755859,44.813999176025,43.242000579834,5452608,8328667,8732911,7851806,0,9829419,815306,9300340,4407436,6087421,7811491,9825457,8215939,7824781,7905704,-1
2025.06.06 18:29:50.046,#M,699.95001220703,699.95001220703,699.86999511719,699.77001953125,699.95001220703,699.82000732422,699.85998535156,699.96997070312,599.63000488281,599.47998046875,599.65002441406,599.52001953125,599.44000244141,599.61999511719,599.70001220703,78.421997070312,60.507999420166,192.20599365234,59.950000762939,60.875999450684,66.699996948242,81.732002258301,72.440002441406,52.237998962402,62.298000335693,44.231998443604,47.826000213623,46.054000854492,44.810001373291,43.240001678467,5452608,8328667,8732911,7851806,0,9829419,815306,9300340,4407436,6087421,7811491,9825457,8215939,7824781,7905704,-1
2025.06.06 18:29:52.046,#M,699.95001220703,699.95001220703,699.86999511719,699.77001953125,699.94000244141,699.86999511719,699.85998535156,699.94000244141,599.63000488281,599.47998046875,599.65002441406,599.53002929688,599.44000244141,599.61999511719,599.71002197266,78.43399810791,60.512001037598,192.22200012207,59.948001861572,60.874000549316,66.718002319336,81.737998962402,72.447998046875,52.240001678467,62.304000854492,44.237998962402,47.830001831055,46.049999237061,44.807998657227,43.240001678467,5452608,8328667,8732911,7851806,0,9829419,815306,9300340,4407436,6087421,7811491,9825457,8215939,7824781,7905704,-1
2025.06.06 18:29:53.155,#15,750,750,750,750,750,750,750,750,600,600,600,600,600,600,600,300,300,300,300,300,300,300,300,300,300,300,300,300,300,300,699.95001220703,699.94000244141,699.86999511719,699.77001953125,699.94000244141,699.86999511719,699.85998535156,699.94000244141,599.63000488281,599.47998046875,599.65002441406,599.53002929688,599.44000244141,599.61999511719,599.71002197266,78.442001342773,60.513999938965,192.23199462891,59.950000762939,60.874000549316,66.718002319336,81.737998962402,72.449996948242,52.240001678467,62.307998657227,44.240001678467,47.830001831055,46.049999237061,44.807998657227,43.240001678467,5452608,8328667,8732911,7851806,0,9829419,815306,9300340,4407436,6087421,7811491,9825457,8215939,7824781,7905704,-1
2025.06.06 18:29:55.030,#M,705.28002929688,704.63000488281,703.33001708984,702.70001220703,702.40997314453,701.45001220703,700.76000976562,700.61999511719,599.63000488281,599.47998046875,599.65997314453,599.53002929688,599.44000244141,599.61999511719,599.71002197266,79.75,61.301998138428,194.5240020752,60.439998626709,61.346000671387,67.057998657227,82.148002624512,72.671997070312,52.242000579834,62.31600189209,44.25,47.830001831055,46.049999237061,44.807998657227,43.240001678467,5452608,8328667,8732911,7851806,0,9829419,815306,9300340,4407436,6087421,7811491,9825457,8215939,7824781,7905704,-1
2025.06.06 18:29:57.045,#M,728.28002929688,727.59997558594,726.07000732422,725.25,713.15997314453,711.66998291016,721.71997070312,721.14001464844,599.64001464844,599.47998046875,599.65997314453,599.53002929688,599.44000244141,599.61999511719,599.71002197266,81.694000244141,62.368000030518,201.08200073242,61.268001556396,62.223999023438,68.008003234863,84.524002075195,73.613998413086,52.242000579834,62.319999694824,44.251998901367,47.832000732422,46.049999237061,44.807998657227,43.240001678467,5452608,8328667,8732911,7851806,0,9829419,815306,9300340,4407436,6087421,7811491,9825457,8215939,7824781,7905704,-1
2025.06.06 18:29:59.046,#M,748.98999023438,748.76000976562,747.89001464844,747.46997070312,747.04998779297,745.96997070312,744.65997314453,744.15002441406,599.64001464844,599.47998046875,599.65002441406,599.53002929688,599.44000244141,599.63000488281,599.71002197266,87.536003112793,65.372001647949,221.52799987793,63.363998413086,64.517997741699,70.643997192383,92.718002319336,76.199996948242,52.245998382568,62.32799911499,44.259998321533,47.835998535156,46.049999237061,44.810001373291,43.240001678467,5452608,8328667,8732911,7851806,0,9829419,815306,9300340,4407436,6087421,7811491,9825457,8215939,7824781,7905704,-1
2025.06.06 18:30:01.045,#M,749.91998291016,749.95001220703,749.83001708984,749.76000976562,749.90997314453,749.84002685547,749.84997558594,749.95001220703,599.64001464844,599.48999023438,599.65002441406,599.53002929688,599.44000244141,599.63000488281,599.71002197266,87.666000366211,65.346000671387,222.86199951172,63.298000335693,64.473999023438,70.660003662109,93.790000915527,76.346000671387,52.25,62.338001251221,44.265998840332,47.838001251221,46.049999237061,44.812000274658,43.242000579834,5452608,8328667,8732911,7851806,0,9829419,815306,9300340,4407436,6087421,7811491,9825457,8215939,7824781,7905704,-1
2025.06.06 18:30:03.045,#M,749.94000244141,749.98999023438,749.82000732422,749.78997802734,749.89001464844,749.82000732422,749.85998535156,749.88000488281,599.64001464844,599.48999023438,599.64001464844,599.53002929688,599.44000244141,599.63000488281,599.71002197266,87.730003356934,65.353996276855,222.96000671387,63.330001831055,64.501998901367,70.694000244141,93.874000549316,76.311996459961,52.256000518799,62.346000671387,44.279998779297,47.838001251221,46.049999237061,44.81600189209,43.245998382568,5452608,8328667,8732911,7851806,0,9829419,815306,9300340,4407436,6087421,7811491,9825457,8215939,7824781,7905704,-1
2025.06.06 18:30:05.045,#M,749.90997314453,749.96997070312,749.84997558594,749.79998779297,749.90997314453,749.83001708984,749.84997558594,749.90002441406,599.64001464844,599.48999023438,599.65002441406,599.53002929688,599.44000244141,599.63000488281,599.71002197266,87.77799987793,65.375999450684,223.02200317383,63.335998535156,64.53800201416,70.697998046875,93.896003723145,76.305999755859,52.257999420166,62.354000091553,44.284000396729,47.841999053955,46.054000854492,44.819999694824,43.248001098633,5452608,8328667,8732911,7851806,0,9829419,815306,9300340,4407436,6087421,7811491,9825457,8215939,7824781,7905704,-1
2025.06.06 18:30:07.044,#M,749.90997314453,749.96002197266,749.82000732422,749.79998779297,749.86999511719,749.83001708984,749.85998535156,749.90002441406,599.64001464844,599.48999023438,599.64001464844,599.53002929688,599.44000244141,599.63000488281,599.71002197266,87.786003112793,65.38200378418,223.05200195312,63.349998474121,64.545997619629,70.704002380371,93.924003601074,76.318000793457,52.265998840332,62.36600112915,44.291999816895,47.847999572754,46.055999755859,44.82799911499,43.251998901367,5452608,8328667,8732911,7851806,0,9829419,815306,9300340,4407436,6087421,7811491,9825457,8215939,7824781,7905704,-1
2025.06.06 18:30:08.169,#16,800,800,800,800,800,800,800,800,600,600,600,600,600,600,600,300,300,300,300,300,300,300,300,300,300,300,300,300,300,300,749.90997314453,749.96002197266,749.82000732422,749.78997802734,749.86999511719,749.83001708984,749.85998535156,749.90002441406,599.64001464844,599.48999023438,599.64001464844,599.53002929688,599.44000244141,599.63000488281,599.71002197266,87.793998718262,65.386001586914,223.0659942627,63.349998474121,64.550003051758,70.706001281738,93.93399810791,76.323997497559,52.268001556396,62.368000030518,44.296001434326,47.847999572754,46.057998657227,44.830001831055,43.251998901367,5452608,8328667,8732911,7851806,0,9829419,815306,9300340,4407436,6087421,7811491,9825457,8215939,7824781,7905704,-1
2025.06.06 18:30:10.044,#M,751.91998291016,751.21997070312,750.78997802734,750.21002197266,750.13000488281,749.94000244141,749.84997558594,749.90002441406,599.64001464844,599.47998046875,599.64001464844,599.53002929688,599.44000244141,599.64001464844,599.71002197266,88.440002441406,65.730003356934,223.86999511719,63.498001098633,64.71199798584,70.804000854492,94.040000915527,76.339996337891,52.273998260498,62.380001068115,44.305999755859,47.854000091553,46.063999176025,44.92200088501,43.256000518799,5452608,8328667,8732911,7851806,0,9829419,815306,9300340,4407436,6087421,7811491,9825457,8215939,7824781,7905704,-1
2025.06.06 18:30:12.043,#M,785.39001464844,784.02001953125,783.10998535156,781.77001953125,781.03997802734,780.36999511719,778.91998291016,777.59997558594,599.64001464844,599.47998046875,599.65002441406,599.53002929688,599.44000244141,599.63000488281,599.71002197266,95.097999572754,69.337997436523,244.7799987793,65.963996887207,67.342002868652,73.473999023438,101.16999816895,78.849998474121,52.279998779297,62.389999389648,44.31600189209,47.861999511719,46.069999694824,45.006000518799,43.259998321533,5452608,8328667,8732911,7851806,0,9829419,815306,9300340,4407436,6087421,7811491,9825457,8215939,7824781,7905704,-1
2025.06.06 18:30:14.043,#M,799.88000488281,799.90002441406,799.89001464844,799.77001953125,799.90002441406,799.83001708984,799.84002685547,799.92999267578,599.64001464844,599.48999023438,599.64001464844,599.53002929688,599.45001220703,599.63000488281,599.71997070312,97.725997924805,70.730003356934,255.98599243164,66.907997131348,68.5,74.676002502441,105.90599822998,80.351997375488,52.287998199463,62.402000427246,44.32799911499,47.868000030518,46.076000213623,45.068000793457,43.263999938965,5452608,8328667,8732911,7851806,0,9829419,815306,9300340,4407436,6087421,7811491,9825457,8215939,7824781,7905704,-1
2025.06.06 18:30:16.042,#M,799.86999511719,799.90002441406,799.90002441406,799.78997802734,799.91998291016,799.85998535156,799.88000488281,799.90997314453,599.64001464844,599.48999023438,599.64001464844,599.53002929688,599.45001220703,599.63000488281,599.71997070312,97.748001098633,70.746002197266,255.99800109863,66.924003601074,68.512001037598,74.694000244141,105.93800354004,80.36799621582,52.290000915527,62.403999328613,44.333999633789,47.869998931885,46.07799911499,45.090000152588,43.265998840332,5452608,8328667,8732911,7851806,0,9829419,815306,9300340,4407436,6087421,7811491,9825457,8215939,7824781,7905704,-1
2025.06.06 18:30:18.042,#M,799.90002441406,799.89001464844,799.92999267578,799.79998779297,799.94000244141,799.84997558594,799.88000488281,799.92999267578,599.64001464844,599.48999023438,599.65997314453,599.53002929688,599.45001220703,599.64001464844,599.71002197266,97.783996582031,70.774002075195,256.01000976562,66.945999145508,68.547996520996,74.704002380371,106.02600097656,80.403999328613,52.298000335693,62.414001464844,44.346000671387,47.875999450684,46.083999633789,45.136001586914,43.271999359131,5452608,8328667,8732911,7851806,0,9829419,815306,9300340,4407436,6087421,7811491,9825457,8215939,7824781,7905704,-1
2025.06.06 18:30:20.026,#M,799.89001464844,799.90997314453,799.92999267578,799.82000732422,799.90002441406,799.84997558594,799.89001464844,799.92999267578,599.64001464844,599.48999023438,599.65997314453,599.53002929688,599.45001220703,599.64001464844,599.71002197266,97.830001831055,70.783996582031,255.99200439453,66.97200012207,68.569999694824,74.748001098633,106.08200073242,80.47200012207,52.304000854492,62.42200088501,44.358001708984,47.88399887085,46.088001251221,45.17200088501,43.276000976562,5452608,8328667,8732911,7851806,0,9829419,815306,9300340,4407436,6087421,7811491,9825457,8215939,7824781,7905704,-1
2025.06.06 18:30:22.041,#M,799.88000488281,799.90002441406,799.90997314453,799.79998779297,799.88000488281,799.85998535156,799.85998535156,799.91998291016,599.64001464844,599.5,599.65002441406,599.53002929688,599.45001220703,599.63000488281,599.71002197266,97.837997436523,70.790000915527,255.99200439453,66.986000061035,68.582000732422,74.73999786377,106.10399627686,80.477996826172,52.310001373291,62.428001403809,44.36600112915,47.888000488281,46.09400177002,45.203998565674,43.279998779297,5452608,8328667,8732911,7851806,0,9829419,815306,9300340,4407436,6087421,7811491,9825457,8215939,7824781,7905704,-1
2025.06.06 18:30:22.229,#0,500,500,500,500,500,500,500,500,300,300,300,300,300,300,300,300,300,300,300,300,300,300,300,300,300,300,300,300,300,300,799.88000488281,799.90002441406,799.90997314453,799.79998779297,799.88000488281,799.85998535156,799.85998535156,799.91998291016,599.64001464844,599.5,599.65002441406,599.53002929688,599.45001220703,599.63000488281,599.71002197266,97.837997436523,70.790000915527,255.99200439453,66.986000061035,68.582000732422,74.73999786377,106.10399627686,80.477996826172,52.310001373291,62.428001403809,44.36600112915,47.888000488281,46.09400177002,45.203998565674,43.279998779297,5452608,8328667,8732911,7851806,0,9829419,815306,9300340,4407436,6087421,7811491,9825457,8215939,7824781,7905704,-1

2025.06.06 18:30:22.276,SCAN Finished with result COMPLETED OK! ;
