27 32
43579133 43608322 54591 127.923080 123.846153 54591 54467.152344 123.846153 99 91 113 102 126 152 140 122 120 124 136 145 140
43669489 43698659 54555 0.153846 0.000000 54555 54555.000000 0.000000 0 0 0 0 0 0 0 0 0 0 0 0 0
43710254 43737954 51799 0.461538 0.384615 51799 51798.617188 0.384615 0 0 0 0 1 0 1 0 0 0 0 2 1
43749589 43778705 54453 0.461538 0.153846 54453 54452.847656 0.153846 0 0 0 0 0 0 0 0 0 0 1 0 1
43788927 43818058 54480 0.461538 0.461538 54480 54479.539062 0.461538 0 0 1 1 0 1 0 1 0 0 1 1 0
43828313 43857437 54469 1.846154 1.538462 54469 54467.460938 1.538462 3 0 2 2 0 1 3 0 0 3 2 3 1
43869080 43896755 51769 3.923077 3.846154 51769 51765.152344 3.846154 1 4 3 3 1 6 5 7 4 6 4 2 4
43908446 43937569 54484 10.846154 10.384615 54484 54473.617188 10.384615 3 6 10 16 13 16 16 7 11 9 10 11 7
43947759 43976898 54514 23.307692 22.923077 54514 54491.078125 22.923077 16 16 16 20 21 35 33 18 32 31 16 22 22
43987128 44016260 54500 40.307693 39.000000 54500 54461.000000 39.000000 39 28 39 31 33 42 39 41 45 50 43 42 35
44027923 44055580 51735 66.692307 65.153847 51735 51669.847656 65.153847 30 49 57 74 63 71 96 49 62 74 81 72 69
44067259 44094919 51723 88.076920 86.153847 51723 51636.847656 86.153847 61 55 85 92 82 102 98 94 90 87 86 98 90
44106615 44135712 54418 115.692307 112.923080 54418 54305.078125 112.923080 89 84 117 122 95 124 126 98 99 125 119 135 135
44145927 44175005 54383 122.923080 120.461540 54383 54262.539062 120.461540 87 80 128 108 116 129 169 129 112 133 118 154 103
44186731 44214406 51751 111.769234 109.615387 51751 51641.382812 109.615387 73 76 106 95 99 134 132 102 106 116 132 123 131
44226062 44253679 51264 80.769234 79.692307 51264 51184.308594 79.692307 85 64 90 65 94 80 81 68 63 82 83 105 76
44265400 44294478 54362 62.615383 61.538460 54362 54300.460938 61.538460 87 86 54 54 67 65 66 57 76 97 91 0 0
44304693 44333877 54581 37.615383 36.923077 54581 54544.078125 36.923077 45 33 40 23 41 48 47 38 44 64 57 0 0
44345501 44373216 51845 18.692308 18.153847 51845 51826.847656 18.153847 23 33 17 19 13 26 20 19 24 28 14 0 0
44384873 44412525 51479 6.846154 6.538462 51479 51472.460938 6.538462 9 5 3 6 10 4 4 4 11 10 12 7 0
44424179 44453348 54569 1.153846 1.076923 54569 54567.921875 1.076923 0 0 0 0 0 4 6 2 0 0 0 2 0
44463552 44492609 54337 0.615385 0.615385 54337 54336.382812 0.615385 0 0 0 0 0 0 3 2 0 0 0 3 0
44504270 44531976 51827 0.307692 0.153846 51827 51826.847656 0.153846 0 0 0 0 0 0 1 1 0 0 0 0 0
44543647 44571365 51850 0.153846 0.076923 51850 51849.921875 0.076923 0 0 0 0 0 0 0 0 0 0 0 1 0
44583015 44612116 54405 0.076923 0.076923 54405 54404.921875 0.076923 0 0 0 0 0 0 0 0 0 0 0 1 0
44622282 44651420 54476 0.076923 0.076923 54476 54475.921875 0.076923 0 0 0 0 1 0 0 0 0 0 0 0 0
44714113 44741765 51707 39.076923 38.230770 51707 51668.769531 38.230770 0 0 0 0 1 132 149 95 0 0 0 120 0
