27 32
43579133 43608322 54594 133.846161 131.076920 54594 54462.921875 131.076920 139 125 98 90 123 144 203 118 111 148 171 138 96
43669489 43698659 54558 0.076923 0.076923 54558 54557.921875 0.076923 0 0 1 0 0 0 0 0 0 0 0 0 0
43710254 43737954 51803 0.153846 0.076923 51803 51802.921875 0.076923 0 0 0 0 0 0 1 0 0 0 0 0 0
43749589 43778705 54457 0.153846 0.153846 54457 54456.847656 0.153846 0 0 0 1 0 1 0 0 0 0 0 0 0
43788927 43818058 54485 0.692308 0.692308 54485 54484.308594 0.692308 0 0 1 3 0 2 0 0 0 0 0 3 0
43828313 43857437 54471 2.000000 1.769231 54471 54469.230469 1.769231 1 1 2 2 1 3 1 4 2 4 2 0 0
43869080 43896755 51774 4.615385 4.538462 51774 51769.460938 4.538462 1 2 4 3 5 7 6 5 4 7 4 6 5
43908446 43937569 54486 10.461538 10.153846 54486 54475.847656 10.153846 13 8 9 10 8 9 13 11 8 13 10 10 10
43947759 43976898 54518 21.230770 20.692308 54518 54497.308594 20.692308 14 29 13 12 19 23 36 25 16 17 22 26 17
43987128 44016260 54502 43.461540 42.769230 54502 54459.230469 42.769230 48 41 33 40 34 36 46 46 43 51 58 46 34
44027923 44055580 51738 63.692307 62.076923 51738 51675.921875 62.076923 62 65 61 50 61 65 65 69 50 62 80 60 57
44067259 44094919 51726 95.923080 94.230766 51726 51631.769531 94.230766 96 84 95 91 86 95 95 109 90 102 111 97 74
44106615 44135712 54422 126.461540 124.153847 54422 54297.847656 124.153847 111 120 107 102 115 131 146 132 121 153 155 113 108
44145927 44175005 54384 126.000000 123.076920 54384 54260.921875 123.076920 135 91 99 114 119 133 136 123 106 150 172 108 114
44186731 44214406 51756 119.615387 117.692307 51756 51638.308594 117.692307 132 99 94 109 102 127 137 129 130 113 157 96 105
44226062 44253679 51267 92.000000 90.076920 51267 51176.921875 90.076920 79 62 85 65 71 116 122 100 98 105 87 104 77
44265400 44294478 54366 68.461540 66.692307 54366 54299.308594 66.692307 0 0 85 57 76 90 93 65 63 85 91 87 75
44304693 44333877 54584 42.384617 41.769230 54584 54542.230469 41.769230 0 0 56 32 43 49 58 45 45 50 64 57 44
44345501 44373216 51847 21.615385 21.384615 51847 51825.617188 21.384615 0 0 20 18 25 29 27 24 30 22 26 31 26
44384873 44412525 51483 9.692307 9.615385 51483 51473.382812 9.615385 14 7 7 11 12 7 10 10 10 11 5 10 11
44424179 44453348 54573 3.307692 3.076923 54573 54569.921875 3.076923 0 0 4 6 5 8 8 2 4 3 0 0 0
44463552 44492609 54343 1.230769 1.153846 54343 54341.847656 1.153846 0 0 2 5 0 1 1 1 1 4 0 0 0
44504270 44531976 51829 0.461538 0.461538 51829 51828.539062 0.461538 0 0 0 1 1 1 0 1 1 1 0 0 0
44543647 44571365 51853 0.153846 0.000000 51853 51853.000000 0.000000 0 0 0 0 0 0 0 0 0 0 0 0 0
44583015 44612116 54409 0.076923 0.000000 54409 54409.000000 0.000000 0 0 0 0 0 0 0 0 0 0 0 0 0
44622282 44651420 54476 0.230769 0.153846 54476 54475.847656 0.153846 0 0 0 0 1 0 0 0 1 0 0 0 0
44714113 44741765 51710 81.384613 79.615387 51710 51630.382812 79.615387 0 0 137 135 136 127 125 89 129 155 0 2 0
