27 32
43579133 43608322 54589 104.692307 102.307693 54589 54486.691406 102.307693 118 106 95 103 108 119 117 89 137 160 178 0 0
43669489 43698659 54554 0.153846 0.076923 54554 54553.921875 0.076923 1 0 0 0 0 0 0 0 0 0 0 0 0
43710254 43737954 51799 0.307692 0.076923 51799 51798.921875 0.076923 0 0 0 0 0 0 0 0 1 0 0 0 0
43749589 43778705 54453 0.153846 0.076923 54453 54452.921875 0.076923 0 0 0 0 0 0 0 0 0 1 0 0 0
43788927 43818058 54480 1.000000 0.923077 54480 54479.078125 0.923077 0 1 1 0 0 1 2 2 1 1 3 0 0
43828313 43857437 54469 1.615385 1.538462 54469 54467.460938 1.538462 3 0 2 1 1 3 2 0 1 2 5 0 0
43869080 43896755 51768 3.692308 3.615385 51768 51764.382812 3.615385 2 4 1 2 6 3 2 3 6 10 8 0 0
43908446 43937569 54482 9.923077 9.769231 54482 54472.230469 9.769231 7 11 11 13 15 11 11 9 10 14 15 0 0
43947759 43976898 54513 18.615385 18.230770 54513 54494.769531 18.230770 24 13 20 14 22 17 35 9 28 31 24 0 0
43987128 44016260 54498 33.230770 32.615383 54498 54465.382812 32.615383 38 32 23 29 30 50 37 39 44 48 54 0 0
44027923 44055580 51734 55.461540 54.615383 51734 51679.382812 54.615383 70 59 66 45 59 50 66 44 86 90 73 1 1
44067259 44094919 51722 72.923080 71.076920 51722 51650.921875 71.076920 79 72 77 62 67 86 89 63 93 110 126 0 0
44106615 44135712 54417 94.384613 92.307693 54417 54324.691406 92.307693 129 99 82 96 81 107 107 77 120 156 145 1 0
44145927 44175005 54382 107.230766 104.538460 54382 54277.460938 104.538460 144 103 97 104 98 109 107 96 163 163 175 0 0
44186731 44214406 51749 95.307693 93.307693 51749 51655.691406 93.307693 125 91 86 97 94 111 103 97 114 148 147 0 0
44226062 44253679 51264 80.692307 78.461540 51264 51185.539062 78.461540 82 80 82 72 96 84 102 77 113 123 96 6 7
44265400 44294478 54362 77.769234 76.000000 54362 54286.000000 76.000000 70 62 71 70 76 85 84 71 81 93 82 79 64
44304693 44333877 54580 46.846153 46.000000 54580 54534.000000 46.000000 46 33 47 41 44 56 48 44 38 57 44 57 43
44345501 44373216 51845 21.384615 20.846153 51845 51824.152344 20.846153 14 20 21 19 21 25 17 21 22 20 17 30 24
44384873 44412525 51479 12.153846 11.461538 51479 51467.539062 11.461538 15 14 10 14 6 14 12 13 8 14 11 6 12
44424179 44453348 54569 3.076923 3.000000 54569 54566.000000 3.000000 0 0 3 1 4 5 6 4 3 5 0 8 0
44463552 44492609 54337 1.000000 0.846154 54337 54336.152344 0.846154 0 0 2 0 0 3 2 1 1 1 0 1 0
44504270 44531976 51827 0.461538 0.307692 51827 51826.691406 0.307692 0 0 0 0 1 1 0 0 0 0 0 2 0
44543647 44571365 51850 0.230769 0.230769 51850 51849.769531 0.230769 0 0 0 0 0 1 1 0 0 0 0 1 0
44583015 44612116 54405 0.153846 0.076923 54405 54404.921875 0.076923 0 0 1 0 0 0 0 0 0 0 0 0 0
44622282 44651420 54475 0.230769 0.153846 54475 54474.847656 0.153846 0 0 2 0 0 0 0 0 0 0 0 0 0
44714113 44741765 51707 88.923080 87.461540 51707 51619.539062 87.461540 0 0 108 124 130 124 125 105 117 146 0 158 0
