27 32
43579133 43608322 54590 71.307693 69.076920 54590 54520.921875 69.076920 151 143 90 85 106 111 118 92 1 1 0 0 0
43669489 43698659 54554 0.230769 0.153846 54554 54553.847656 0.153846 0 0 0 0 1 1 0 0 0 0 0 0 0
43710254 43737954 51800 0.230769 0.153846 51800 51799.847656 0.153846 0 0 0 0 0 0 0 0 0 0 0 2 0
43749589 43778705 54454 0.384615 0.307692 54454 54453.691406 0.307692 0 1 0 1 0 1 0 1 0 0 0 0 0
43788927 43818058 54482 0.538462 0.461538 54482 54481.539062 0.461538 1 1 0 0 1 0 2 1 0 0 0 0 0
43828313 43857437 54469 0.769231 0.615385 54469 54468.382812 0.615385 4 1 1 1 0 0 1 0 0 0 0 0 0
43869080 43896755 51770 2.000000 1.846154 51770 51768.152344 1.846154 4 3 2 5 1 3 1 5 0 0 0 0 0
43908446 43937569 54485 5.692307 5.615385 54485 54479.382812 5.615385 12 12 5 10 9 8 10 7 0 0 0 0 0
43947759 43976898 54513 11.615385 11.230769 54513 54501.769531 11.230769 17 22 20 14 16 17 24 16 0 0 0 0 0
43987128 44016260 54501 24.692308 24.076923 54501 54476.921875 24.076923 53 44 27 40 35 38 43 32 0 0 0 1 0
44027923 44055580 51737 37.000000 36.153847 51737 51700.847656 36.153847 69 63 41 60 68 64 53 48 0 1 0 1 2
44067259 44094919 51723 52.769230 51.461540 51723 51671.539062 51.461540 115 102 68 78 67 79 87 72 0 0 0 1 0
44106615 44135712 54418 66.538460 65.307693 54418 54352.691406 65.307693 133 130 94 75 94 117 101 104 0 0 0 0 1
44145927 44175005 54382 69.076920 67.692307 54382 54314.308594 67.692307 147 120 91 95 102 111 124 90 0 0 0 0 0
44186731 44214406 51754 64.076920 62.846153 51754 51691.152344 62.846153 119 121 88 81 99 100 112 97 0 0 0 0 0
44226062 44253679 51265 57.307693 56.230770 51265 51208.769531 56.230770 118 92 63 58 71 86 75 67 18 25 6 32 20
44265400 44294478 54364 70.923080 70.153847 54364 54293.847656 70.153847 88 72 56 56 68 71 55 64 69 87 57 92 77
44304693 44333877 54581 44.846153 44.076923 54581 54536.921875 44.076923 58 56 31 33 37 39 41 35 58 40 37 58 50
44345501 44373216 51845 24.076923 23.769230 51845 51821.230469 23.769230 30 31 16 17 18 30 16 19 21 27 21 35 28
44384873 44412525 51481 8.538462 8.230769 51481 51472.769531 8.230769 11 4 2 5 10 9 10 1 14 14 6 12 9
44424179 44453348 54569 3.769231 3.769231 54569 54565.230469 3.769231 0 0 3 6 3 5 9 1 6 6 0 10 0
44463552 44492609 54342 0.846154 0.846154 54342 54341.152344 0.846154 0 0 0 3 0 2 2 1 0 0 0 3 0
44504270 44531976 51829 0.230769 0.153846 51829 51828.847656 0.153846 0 0 0 0 1 0 0 0 1 0 0 0 0
44543647 44571365 51851 0.230769 0.230769 51851 51850.769531 0.230769 0 0 0 0 0 0 2 0 1 0 0 0 0
44583015 44612116 54406 0.076923 0.076923 54406 54405.921875 0.076923 0 0 0 1 0 0 0 0 0 0 0 0 0
44622282 44651420 54476 0.307692 0.230769 54476 54475.769531 0.230769 0 0 0 0 1 0 0 0 0 1 0 1 0
44714113 44741765 51707 85.692307 83.923080 51707 51623.078125 83.923080 0 0 131 109 137 86 103 81 135 163 0 146 0
