27 32
43579133 43608322 54590 96.307693 93.307693 54590 54496.691406 93.307693 99 106 122 122 147 2 0 2 96 120 104 148 145
43669489 43698659 54555 0.153846 0.000000 54555 54555.000000 0.000000 0 0 0 0 0 0 0 0 0 0 0 0 0
43710254 43737954 51801 0.153846 0.076923 51801 51800.921875 0.076923 1 0 0 0 0 0 0 0 0 0 0 0 0
43749589 43778705 54454 0.153846 0.076923 54454 54453.921875 0.076923 1 0 0 0 0 0 0 0 0 0 0 0 0
43788927 43818058 54481 0.846154 0.846154 54481 54480.152344 0.846154 1 0 0 4 0 0 0 0 3 0 1 1 1
43828313 43857437 54469 1.307692 1.307692 54469 54467.691406 1.307692 3 0 3 0 2 0 0 0 1 3 3 1 1
43869080 43896755 51770 3.769231 3.692308 51770 51766.308594 3.692308 4 2 9 4 6 0 0 0 3 6 5 7 2
43908446 43937569 54485 8.384615 8.230769 54485 54476.769531 8.230769 10 12 8 11 6 0 0 0 9 14 14 14 9
43947759 43976898 54514 16.538462 16.153847 54514 54497.847656 16.153847 21 14 23 17 20 0 0 0 34 20 11 27 23
43987128 44016260 54501 33.923077 33.307693 54501 54467.691406 33.307693 43 38 39 35 42 1 0 0 39 44 53 55 44
44027923 44055580 51737 49.153847 48.230770 51737 51688.769531 48.230770 57 45 56 63 55 0 1 0 64 62 71 73 80
44067259 44094919 51723 70.846153 69.846153 51723 51653.152344 69.846153 81 58 92 78 86 0 0 0 87 103 104 106 113
44106615 44135712 54419 94.538460 92.846153 54419 54326.152344 92.846153 120 89 122 115 126 0 0 0 99 119 124 162 131
44145927 44175005 54382 108.230766 106.692307 54382 54275.308594 106.692307 122 129 144 119 140 0 0 0 109 143 155 174 152
44186731 44214406 51755 95.000000 93.230766 51755 51661.769531 93.230766 112 93 121 106 148 1 0 0 112 103 121 165 130
44226062 44253679 51265 79.307693 78.076920 51265 51186.921875 78.076920 84 88 87 80 94 29 28 21 79 107 94 118 106
44265400 44294478 54365 58.615383 57.538460 54365 54307.460938 57.538460 64 67 52 67 56 57 60 65 84 72 104 0 0
44304693 44333877 54582 39.000000 38.230770 54582 54543.769531 38.230770 48 42 43 26 47 44 42 43 48 52 62 0 0
44345501 44373216 51845 20.923077 20.307692 51845 51824.691406 20.307692 22 26 29 14 20 24 22 20 25 34 28 0 0
44384873 44412525 51480 6.846154 6.692307 51480 51473.308594 6.692307 0 0 6 8 6 2 4 7 11 15 10 10 8
44424179 44453348 54570 1.461538 1.384615 54570 54568.617188 1.384615 0 0 0 0 0 3 7 4 0 0 0 4 0
44463552 44492609 54342 0.384615 0.384615 54342 54341.617188 0.384615 0 0 0 0 0 2 1 0 0 1 0 1 0
44504270 44531976 51830 0.153846 0.076923 51830 51829.921875 0.076923 0 0 0 0 0 1 0 0 0 0 0 0 0
44543647 44571365 51850 0.230769 0.153846 51850 51849.847656 0.153846 0 0 0 0 0 0 2 0 0 0 0 0 0
44583015 44612116 54408 0.000000 0.000000 54408 54408.000000 0.000000 0 0 0 0 0 0 0 0 0 0 0 0 0
44622282 44651420 54477 0.230769 0.230769 54477 54476.769531 0.230769 0 0 0 0 0 0 1 0 1 1 0 0 0
44714113 44741765 51709 36.923077 36.230770 51709 51672.769531 36.230770 0 0 0 0 0 100 114 95 0 1 0 161 0
