27 32
43579133 43608322 54589 100.769234 98.769234 54589 54490.230469 98.769234 0 0 94 113 117 116 114 98 117 149 126 126 114
43669489 43698659 54553 0.153846 0.076923 54553 54552.921875 0.076923 0 0 0 0 0 0 0 0 1 0 0 0 0
43710254 43737954 51799 0.307692 0.307692 51799 51798.691406 0.307692 0 0 1 0 1 0 0 0 0 0 1 0 1
43749589 43778705 54451 0.307692 0.153846 54451 54450.847656 0.153846 0 0 0 0 0 0 1 1 0 0 0 0 0
43788927 43818058 54480 0.230769 0.153846 54480 54479.847656 0.153846 0 0 1 0 0 0 0 0 1 0 0 0 0
43828313 43857437 54466 1.923077 1.846154 54466 54464.152344 1.846154 0 0 2 3 3 3 3 1 0 1 5 1 2
43869080 43896755 51768 3.923077 3.769231 51768 51764.230469 3.769231 0 0 3 5 5 2 8 2 3 6 7 5 3
43908446 43937569 54481 8.076923 7.692307 54481 54473.308594 7.692307 0 0 9 13 12 6 6 5 7 10 14 10 8
43947759 43976898 54513 18.230770 18.000000 54513 54495.000000 18.000000 0 0 21 17 15 28 19 13 23 25 29 28 16
43987128 44016260 54497 33.230770 32.230770 54497 54464.769531 32.230770 0 0 30 31 39 47 45 28 30 44 39 44 42
44027923 44055580 51734 53.307693 52.153847 51734 51681.847656 52.153847 0 0 49 67 49 52 58 52 70 76 89 69 47
44067259 44094919 51722 76.461540 74.769234 51722 51647.230469 74.769234 0 0 85 92 76 96 75 85 79 102 97 100 85
44106615 44135712 54417 93.692307 92.307693 54417 54324.691406 92.307693 1 1 104 92 115 114 93 95 121 118 119 124 103
44145927 44175005 54382 101.153847 99.307693 54382 54282.691406 99.307693 0 0 114 101 135 109 119 80 121 130 132 129 121
44186731 44214406 51749 93.923080 92.307693 51749 51656.691406 92.307693 0 0 85 98 103 108 108 97 101 127 123 149 101
44226062 44253679 51262 80.923080 79.769234 51262 51182.230469 79.769234 26 29 76 93 85 100 93 80 86 87 88 112 82
44265400 44294478 54362 58.307693 56.769230 54362 54305.230469 56.769230 63 59 56 59 52 60 68 67 86 79 89 0 0
44304693 44333877 54580 39.153847 38.307693 54580 54541.691406 38.307693 59 42 41 42 30 37 41 31 56 61 58 0 0
44345501 44373216 51844 17.461538 17.076923 51844 51826.921875 17.076923 15 19 12 16 16 17 24 14 23 30 36 0 0
44384873 44412525 51479 5.692307 5.615385 51479 51473.382812 5.615385 6 8 8 6 5 3 2 3 4 10 10 6 2
44424179 44453348 54568 1.384615 1.230769 54568 54566.769531 1.230769 0 0 0 0 0 6 6 4 0 0 0 0 0
44463552 44492609 54337 0.461538 0.461538 54337 54336.539062 0.461538 0 0 0 0 0 3 1 2 0 0 0 0 0
44504270 44531976 51826 0.230769 0.230769 51826 51825.769531 0.230769 0 0 0 0 0 1 1 1 0 0 0 0 0
44543647 44571365 51849 0.000000 0.000000 51849 51849.000000 0.000000 0 0 0 0 0 0 0 0 0 0 0 0 0
44583015 44612116 54404 0.000000 0.000000 54404 54404.000000 0.000000 0 0 0 0 0 0 0 0 0 0 0 0 0
44622282 44651420 54474 0.076923 0.000000 54474 54474.000000 0.000000 0 0 0 0 0 0 0 0 0 0 0 0 0
44714113 44741765 51706 25.000000 24.461538 51706 51681.539062 24.461538 0 0 0 0 0 100 116 102 0 0 0 0 0
