27 32
43579133 43608322 54591 130.769226 128.076920 54591 54462.921875 128.076920 138 135 101 94 112 147 156 125 102 106 128 190 131
43669489 43698659 54554 0.538462 0.307692 54554 54553.691406 0.307692 0 1 0 0 1 1 0 1 0 0 0 0 0
43710254 43737954 51799 0.230769 0.230769 51799 51798.769531 0.230769 0 1 0 0 0 0 1 0 0 1 0 0 0
43749589 43778705 54453 0.769231 0.615385 54453 54452.382812 0.615385 1 1 0 1 1 2 0 1 0 0 0 1 0
43788927 43818058 54480 1.000000 0.846154 54480 54479.152344 0.846154 3 1 0 1 0 0 1 1 0 1 2 0 1
43828313 43857437 54469 2.000000 1.923077 54469 54467.078125 1.923077 1 3 3 3 1 3 2 1 1 1 2 2 2
43869080 43896755 51769 4.307693 3.923077 51769 51765.078125 3.923077 7 6 3 4 2 3 7 2 4 3 2 4 4
43908446 43937569 54482 9.615385 9.461538 54482 54472.539062 9.461538 10 11 7 7 6 10 8 11 10 8 13 10 12
43947759 43976898 54513 21.461538 20.846153 54513 54492.152344 20.846153 30 21 16 10 22 21 31 18 24 19 21 23 15
43987128 44016260 54499 44.692307 43.384617 54499 54455.617188 43.384617 57 56 28 46 36 38 47 38 35 46 45 46 46
44027923 44055580 51735 68.615387 67.000000 51735 51668.000000 67.000000 76 75 62 58 61 61 76 55 58 72 79 67 71
44067259 44094919 51723 96.384613 94.615387 51723 51628.382812 94.615387 97 85 86 98 76 113 106 92 69 88 102 120 98
44106615 44135712 54418 123.076920 119.692307 54418 54298.308594 119.692307 147 116 100 107 107 122 139 112 90 102 113 163 138
44145927 44175005 54383 130.000000 127.769234 54383 54255.230469 127.769234 137 140 94 107 116 148 134 140 93 121 124 161 146
44186731 44214406 51750 118.384613 115.769234 51750 51634.230469 115.769234 131 115 90 94 106 122 154 104 81 118 110 139 141
44226062 44253679 51265 93.230766 89.923080 51265 51175.078125 89.923080 82 93 72 75 66 95 105 86 80 96 90 127 102
44265400 44294478 54362 70.307693 68.769234 54362 54293.230469 68.769234 40 44 74 64 71 94 60 56 73 84 81 83 70
44304693 44333877 54581 46.846153 46.000000 54581 54535.000000 46.000000 36 36 38 37 59 51 59 40 43 52 58 47 42
44345501 44373216 51845 23.769230 23.461538 51845 51821.539062 23.461538 27 22 18 25 26 23 20 20 21 24 29 22 28
44384873 44412525 51479 9.692307 9.461538 51479 51469.539062 9.461538 11 5 7 13 8 10 15 8 13 9 5 11 8
44424179 44453348 54569 2.769231 2.769231 54569 54566.230469 2.769231 0 0 5 4 5 5 6 6 2 3 0 0 0
44463552 44492609 54337 1.000000 0.923077 54337 54336.078125 0.923077 0 0 0 3 1 1 2 1 4 0 0 0 0
44504270 44531976 51827 0.615385 0.384615 51827 51826.617188 0.384615 0 0 1 1 1 0 2 0 0 0 0 0 0
44543647 44571365 51850 0.230769 0.230769 51850 51849.769531 0.230769 0 0 0 1 2 0 0 0 0 0 0 0 0
44583015 44612116 54405 0.076923 0.000000 54405 54405.000000 0.000000 0 0 0 0 0 0 0 0 0 0 0 0 0
44622282 44651420 54476 0.230769 0.153846 54476 54475.847656 0.153846 0 0 0 0 0 1 0 0 1 0 0 0 0
44714113 44741765 51707 72.384613 71.384613 51707 51635.617188 71.384613 0 0 111 105 111 106 126 103 132 134 0 0 0
