27 32
43579133 43608322 54590 128.076920 125.076920 54590 54464.921875 125.076920 134 131 115 108 125 116 137 92 120 128 133 170 117
43669489 43698659 54554 0.000000 0.000000 54554 54554.000000 0.000000 0 0 0 0 0 0 0 0 0 0 0 0 0
43710254 43737954 51800 0.230769 0.076923 51800 51799.921875 0.076923 1 0 0 0 0 0 0 0 0 0 0 0 0
43749589 43778705 54454 0.230769 0.153846 54454 54453.847656 0.153846 0 0 0 0 1 1 0 0 0 0 0 0 0
43788927 43818058 54481 0.692308 0.461538 54481 54480.539062 0.461538 1 1 0 0 0 1 0 1 1 1 0 0 0
43828313 43857437 54469 1.923077 1.769231 54469 54467.230469 1.769231 4 3 1 1 3 2 0 0 3 3 2 1 0
43869080 43896755 51770 5.307693 5.230769 51770 51764.769531 5.230769 3 5 9 4 8 0 4 1 4 7 7 7 9
43908446 43937569 54485 11.692307 11.538462 54485 54473.460938 11.538462 14 7 13 11 7 12 9 7 13 13 11 18 15
43947759 43976898 54513 24.384615 23.461538 54513 54489.539062 23.461538 24 28 19 20 24 18 24 18 29 26 18 30 27
43987128 44016260 54501 44.076923 43.230770 54501 54457.769531 43.230770 59 36 41 44 38 35 34 41 44 50 52 49 39
44027923 44055580 51737 68.000000 66.230766 51737 51670.769531 66.230766 78 63 57 67 70 56 66 48 61 71 77 79 68
44067259 44094919 51723 93.230766 91.538460 51723 51631.460938 91.538460 98 106 74 90 86 75 81 87 89 88 97 121 98
44106615 44135712 54418 123.384613 120.615387 54418 54297.382812 120.615387 150 137 101 88 102 124 121 109 110 116 139 147 124
44145927 44175005 54382 130.076920 127.384613 54382 54254.617188 127.384613 165 137 111 102 123 111 116 102 110 128 145 169 137
44186731 44214406 51754 117.846153 114.538460 51754 51639.460938 114.538460 145 127 92 84 106 118 105 95 101 108 121 153 134
44226062 44253679 51265 91.307693 88.923080 51265 51176.078125 88.923080 109 72 65 95 95 99 99 55 83 71 71 139 103
44265400 44294478 54364 23.230770 22.769230 54364 54341.230469 22.769230 76 75 0 0 1 0 0 0 0 0 1 72 71
44304693 44333877 54581 14.846154 14.538462 54581 54566.460938 14.538462 46 41 0 0 0 0 1 0 0 0 0 54 47
44345501 44373216 51845 7.230769 7.000000 51845 51838.000000 7.000000 21 26 0 0 0 0 0 0 0 0 0 22 22
44384873 44412525 51480 10.923077 10.769231 51480 51469.230469 10.769231 8 11 9 12 10 11 11 12 13 7 8 16 12
44424179 44453348 54570 3.153846 3.153846 54570 54566.847656 3.153846 0 0 1 8 3 6 4 3 4 3 0 9 0
44463552 44492609 54342 1.230769 1.153846 54342 54340.847656 1.153846 0 0 3 0 1 3 0 1 4 1 0 2 0
44504270 44531976 51829 0.307692 0.230769 51829 51828.769531 0.230769 0 0 0 0 1 0 1 0 0 0 0 1 0
44543647 44571365 51851 0.384615 0.230769 51851 51850.769531 0.230769 0 0 0 1 1 0 0 0 0 1 0 0 0
44583015 44612116 54407 0.307692 0.230769 54407 54406.769531 0.230769 0 0 0 1 0 0 0 0 0 1 0 1 0
44622282 44651420 54477 0.153846 0.076923 54477 54476.921875 0.076923 0 0 0 0 0 0 0 0 0 1 0 0 0
44714113 44741765 51709 92.076920 90.769234 51709 51618.230469 90.769234 0 0 108 90 112 136 157 132 134 131 0 180 0
