27 32
43579133 43608322 54591 80.230766 79.000000 54591 54512.000000 79.000000 162 141 114 106 114 140 139 108 0 1 0 0 2
43669489 43698659 54555 0.153846 0.076923 54555 54554.921875 0.076923 0 0 0 0 0 1 0 0 0 0 0 0 0
43710254 43737954 51799 0.307692 0.230769 51799 51798.769531 0.230769 0 1 0 0 1 1 0 0 0 0 0 0 0
43749589 43778705 54453 0.307692 0.307692 54453 54452.691406 0.307692 0 0 0 2 2 0 0 0 0 0 0 0 0
43788927 43818058 54480 0.846154 0.692308 54480 54479.308594 0.692308 1 0 1 1 2 2 1 0 0 0 0 0 1
43828313 43857437 54469 1.615385 1.461538 54469 54467.539062 1.461538 5 1 1 0 2 0 6 3 0 0 0 1 0
43869080 43896755 51769 2.846154 2.615385 51769 51766.382812 2.615385 2 4 6 4 7 4 2 4 0 0 0 0 1
43908446 43937569 54484 7.076923 6.615385 54484 54477.382812 6.615385 13 13 10 12 9 7 12 10 0 0 0 0 0
43947759 43976898 54514 14.307693 13.923077 54514 54500.078125 13.923077 20 25 15 19 21 25 32 23 0 0 1 0 0
43987128 44016260 54500 24.384615 23.846153 54500 54476.152344 23.846153 42 45 34 31 47 38 46 26 0 0 0 0 1
44027923 44055580 51735 38.846153 38.153847 51735 51696.847656 38.153847 87 77 63 38 62 59 52 57 0 0 0 1 0
44067259 44094919 51723 56.076923 54.615383 51723 51668.382812 54.615383 103 98 78 71 96 81 88 93 0 0 2 0 0
44106615 44135712 54418 69.000000 67.230766 54418 54350.769531 67.230766 117 124 104 84 111 105 128 101 0 0 0 0 0
44145927 44175005 54383 80.461540 79.076920 54383 54303.921875 79.076920 163 150 120 111 130 128 126 99 0 0 0 0 1
44186731 44214406 51751 75.153847 73.230766 51751 51677.769531 73.230766 142 139 90 99 100 128 139 114 1 0 0 0 0
44226062 44253679 51265 64.538460 63.076923 51265 51201.921875 63.076923 126 99 76 59 76 97 103 77 24 24 7 29 23
44265400 44294478 54362 69.076920 67.153847 54362 54294.847656 67.153847 88 78 64 40 54 61 70 51 85 62 95 64 61
44304693 44333877 54581 46.307693 44.615383 54581 54536.382812 44.615383 59 38 24 38 40 40 42 42 53 50 64 44 46
44345501 44373216 51845 22.538462 22.384615 51845 51822.617188 22.384615 28 18 14 26 17 23 30 19 19 17 31 24 25
44384873 44412525 51480 6.461538 6.153846 51480 51473.847656 6.153846 7 11 2 4 3 13 11 12 0 3 0 9 5
44424179 44453348 54569 2.538461 2.461539 54569 54566.539062 2.461539 0 0 6 4 4 0 0 0 9 8 0 1 0
44463552 44492609 54337 1.230769 1.153846 54337 54335.847656 1.153846 0 0 6 2 1 0 0 0 0 2 0 4 0
44504270 44531976 51827 0.615385 0.538462 51827 51826.460938 0.538462 0 0 1 1 0 0 0 0 3 1 0 1 0
44543647 44571365 51851 0.384615 0.230769 51851 51850.769531 0.230769 0 0 0 1 0 0 0 0 0 1 0 1 0
44583015 44612116 54405 0.384615 0.230769 54405 54404.769531 0.230769 0 0 0 0 1 1 0 0 0 1 0 0 0
44622282 44651420 54476 0.230769 0.153846 54476 54475.847656 0.153846 0 0 0 0 0 1 0 0 0 0 0 1 0
44714113 44741765 51707 47.076923 46.076923 51707 51660.921875 46.076923 0 0 87 86 92 1 0 0 89 127 0 117 0
