27 32
43579133 43608322 54593 129.076920 127.461540 54593 54465.539062 127.461540 132 113 129 112 107 133 127 88 116 148 166 158 128
43669489 43698659 54557 0.153846 0.076923 54557 54556.921875 0.076923 0 0 0 0 0 0 1 0 0 0 0 0 0
43710254 43737954 51802 0.000000 0.000000 51802 51802.000000 0.000000 0 0 0 0 0 0 0 0 0 0 0 0 0
43749589 43778705 54456 0.153846 0.153846 54456 54455.847656 0.153846 0 0 0 0 0 0 0 0 1 0 0 1 0
43788927 43818058 54483 1.076923 1.000000 54483 54482.000000 1.000000 1 2 0 0 1 2 1 0 1 0 3 1 1
43828313 43857437 54471 2.230769 2.076923 54471 54468.921875 2.076923 4 1 3 4 2 4 0 1 1 2 1 4 0
43869080 43896755 51773 4.461538 4.384615 51773 51768.617188 4.384615 8 6 4 6 1 3 5 3 2 2 5 6 6
43908446 43937569 54486 11.769231 10.923077 54486 54475.078125 10.923077 9 18 8 10 11 9 5 6 10 11 21 14 10
43947759 43976898 54516 23.461538 22.461538 54516 54493.539062 22.461538 21 16 22 17 28 28 26 11 18 33 23 24 25
43987128 44016260 54502 42.384617 41.461540 54502 54460.539062 41.461540 42 35 26 33 43 35 30 28 55 54 56 66 36
44027923 44055580 51738 66.384613 64.923080 51738 51673.078125 64.923080 63 56 56 67 47 74 73 43 66 72 78 83 66
44067259 44094919 51725 93.846153 91.538460 51725 51633.460938 91.538460 100 87 79 82 76 92 99 72 78 107 103 107 108
44106615 44135712 54420 120.769234 118.384613 54420 54301.617188 118.384613 114 96 88 106 113 117 132 95 124 137 144 155 118
44145927 44175005 54384 126.153847 123.461540 54384 54260.539062 123.461540 130 98 110 99 112 122 113 95 106 139 169 166 146
44186731 44214406 51756 115.615387 112.846153 51756 51643.152344 112.846153 94 93 101 99 104 104 117 88 127 127 144 135 134
44226062 44253679 51266 96.769234 94.923080 51266 51171.078125 94.923080 100 79 95 82 87 91 119 79 88 107 88 114 105
44265400 44294478 54365 79.615387 78.230766 54365 54286.769531 78.230766 97 76 78 62 84 78 85 80 76 90 94 66 51
44304693 44333877 54582 45.615383 44.615383 54582 54537.382812 44.615383 58 52 36 30 44 41 48 44 53 50 47 42 35
44345501 44373216 51847 22.230770 21.615385 51847 51825.382812 21.615385 20 14 21 18 30 31 26 14 17 24 18 28 20
44384873 44412525 51483 8.307693 7.923077 51483 51475.078125 7.923077 7 1 7 6 2 9 19 6 14 11 12 5 4
44424179 44453348 54573 3.384615 3.307692 54573 54569.691406 3.307692 0 0 6 3 2 3 8 4 7 2 0 8 0
44463552 44492609 54341 1.615385 1.153846 54341 54339.847656 1.153846 0 0 0 0 1 2 1 4 3 3 0 1 0
44504270 44531976 51829 0.384615 0.307692 51829 51828.691406 0.307692 0 0 0 0 1 1 0 1 0 1 0 0 0
44543647 44571365 51852 0.384615 0.230769 51852 51851.769531 0.230769 0 0 0 1 1 0 0 1 0 0 0 0 0
44583015 44612116 54409 0.384615 0.230769 54409 54408.769531 0.230769 0 0 0 0 0 0 2 0 1 0 0 0 0
44622282 44651420 54476 0.230769 0.153846 54476 54475.847656 0.153846 0 0 0 0 0 0 1 1 0 0 0 0 0
44714113 44741765 51710 78.153847 76.384613 51710 51633.617188 76.384613 0 0 84 111 97 110 143 97 101 130 0 120 0
