27 32
43579133 43608322 54590 135.769226 133.538467 54590 54456.460938 133.538467 142 106 136 115 128 115 123 100 138 153 194 151 135
43669489 43698659 54555 0.384615 0.153846 54555 54554.847656 0.153846 0 0 0 0 0 0 0 0 0 1 0 0 1
43710254 43737954 51801 0.230769 0.153846 51801 51800.847656 0.153846 0 0 0 0 0 1 0 0 0 1 0 0 0
43749589 43778705 54454 0.307692 0.153846 54454 54453.847656 0.153846 0 0 0 0 0 0 0 0 0 1 0 0 1
43788927 43818058 54481 0.846154 0.769231 54481 54480.230469 0.769231 1 1 0 0 0 2 1 0 2 0 0 1 2
43828313 43857437 54469 1.230769 1.153846 54469 54467.847656 1.153846 3 0 2 2 0 1 2 1 0 2 2 0 0
43869080 43896755 51771 5.384615 5.153846 51771 51765.847656 5.153846 4 2 3 2 9 10 6 3 5 5 6 9 3
43908446 43937569 54484 9.076923 8.923077 54484 54475.078125 8.923077 8 11 7 7 7 11 4 8 14 12 13 8 6
43947759 43976898 54514 21.538462 21.230770 54514 54492.769531 21.230770 22 20 11 18 21 21 20 18 24 24 33 23 21
43987128 44016260 54501 43.384617 42.692307 54501 54458.308594 42.692307 43 24 36 34 49 41 56 35 46 59 51 38 43
44027923 44055580 51737 64.692307 62.923077 51737 51674.078125 62.923077 69 74 58 50 53 66 55 48 51 83 76 79 56
44067259 44094919 51723 90.000000 88.230766 51723 51634.769531 88.230766 80 78 69 68 91 65 98 75 86 118 115 112 92
44106615 44135712 54419 116.000000 112.769234 54419 54306.230469 112.769234 111 99 95 95 90 114 112 86 116 138 160 138 112
44145927 44175005 54382 126.000000 123.076920 54382 54258.921875 123.076920 120 97 105 114 109 119 127 87 147 169 165 127 114
44186731 44214406 51755 118.923080 116.615387 51755 51638.382812 116.615387 111 81 102 90 130 105 103 119 125 145 155 128 122
44226062 44253679 51265 91.076920 88.923080 51265 51176.078125 88.923080 79 59 97 79 105 80 88 72 95 103 91 106 102
44265400 44294478 54365 62.692307 61.769230 54365 54303.230469 61.769230 0 0 47 56 60 62 61 47 93 87 103 93 94
44304693 44333877 54583 41.769230 40.153847 54583 54542.847656 40.153847 0 0 42 31 34 61 39 24 43 64 66 47 71
44345501 44373216 51845 23.615385 23.076923 51845 51821.921875 23.076923 0 0 17 24 26 35 20 23 20 35 42 33 25
44384873 44412525 51480 6.230769 5.846154 51480 51474.152344 5.846154 4 10 5 3 2 9 9 8 3 2 1 11 9
44424179 44453348 54570 2.538461 2.307692 54570 54567.691406 2.307692 0 0 4 5 4 0 0 0 5 6 0 6 0
44463552 44492609 54342 1.076923 1.076923 54342 54340.921875 1.076923 0 0 1 2 3 0 0 0 3 3 0 2 0
44504270 44531976 51830 0.461538 0.461538 51830 51829.539062 0.461538 0 0 0 1 2 0 0 0 1 0 0 2 0
44543647 44571365 51850 0.384615 0.384615 51850 51849.617188 0.384615 0 0 1 1 1 0 0 1 1 0 0 0 0
44583015 44612116 54408 0.230769 0.153846 54408 54407.847656 0.153846 0 0 0 0 1 0 0 0 0 0 0 1 0
44622282 44651420 54477 0.076923 0.076923 54477 54476.921875 0.076923 0 0 0 0 0 0 0 1 0 0 0 0 0
44714113 44741765 51709 61.846153 61.076923 51709 51647.921875 61.076923 0 0 106 129 136 0 0 1 130 162 0 130 0
