27 32
43579133 43608322 54588 125.307693 122.846153 54588 54465.152344 122.846153 112 91 129 117 136 151 123 108 104 141 127 142 116
43669489 43698659 54553 0.307692 0.230769 54553 54552.769531 0.230769 0 0 1 0 0 0 0 0 0 1 1 0 0
43710254 43737954 51798 0.153846 0.076923 51798 51797.921875 0.076923 0 0 0 1 0 0 0 0 0 0 0 0 0
43749589 43778705 54451 0.538462 0.307692 54451 54450.691406 0.307692 0 1 0 1 1 0 1 0 0 0 0 0 0
43788927 43818058 54480 0.538462 0.461538 54480 54479.539062 0.461538 1 0 0 0 0 1 1 0 0 0 1 1 1
43828313 43857437 54466 1.615385 1.384615 54466 54464.617188 1.384615 1 0 2 4 1 1 4 0 0 1 0 2 2
43869080 43896755 51767 4.538462 4.230769 51767 51762.769531 4.230769 4 3 7 7 2 5 4 7 4 2 5 2 3
43908446 43937569 54481 10.692307 10.384615 54481 54470.617188 10.384615 9 7 13 14 16 9 11 10 12 6 10 7 11
43947759 43976898 54513 22.076923 22.000000 54513 54491.000000 22.000000 15 16 27 20 25 16 22 29 23 17 28 31 17
43987128 44016260 54496 43.230770 41.923077 54496 54454.078125 41.923077 39 32 42 28 44 56 43 39 36 42 51 52 41
44027923 44055580 51734 65.307693 63.769230 51734 51670.230469 63.769230 55 43 67 74 61 64 66 56 58 68 79 85 53
44067259 44094919 51721 97.923080 96.230766 51721 51624.769531 96.230766 83 76 78 106 97 117 95 86 81 98 113 119 102
44106615 44135712 54415 118.538460 115.538460 54415 54299.460938 115.538460 81 86 116 125 106 135 134 110 108 108 132 145 116
44145927 44175005 54380 118.923080 116.307693 54380 54263.691406 116.307693 104 89 110 109 107 131 140 70 99 132 138 154 129
44186731 44214406 51749 114.538460 112.076920 51749 51636.921875 112.076920 97 89 100 104 118 116 112 106 117 120 137 125 116
44226062 44253679 51263 87.769234 85.923080 51263 51177.078125 85.923080 55 68 92 62 104 74 88 85 79 110 89 108 103
44265400 44294478 54361 60.538460 58.846153 54361 54302.152344 58.846153 0 0 67 60 57 61 83 65 65 76 88 76 67
44304693 44333877 54579 37.384617 36.769230 54579 54542.230469 36.769230 0 0 40 41 31 46 46 37 39 46 50 54 48
44345501 44373216 51843 20.923077 20.307692 51843 51822.691406 20.307692 0 0 19 16 25 12 36 15 20 34 36 21 30
44384873 44412525 51479 8.384615 8.000000 51479 51471.000000 8.000000 7 10 10 6 9 10 10 4 7 11 4 6 10
44424179 44453348 54568 3.153846 3.153846 54568 54564.847656 3.153846 0 0 5 8 3 3 2 6 5 6 0 3 0
44463552 44492609 54337 1.307692 1.230769 54337 54335.769531 1.230769 0 0 4 2 3 1 1 3 0 2 0 0 0
44504270 44531976 51826 0.692308 0.538462 51826 51825.460938 0.538462 0 0 1 1 2 1 0 0 1 1 0 0 0
44543647 44571365 51848 0.153846 0.153846 51848 51847.847656 0.153846 0 0 0 0 0 0 2 0 0 0 0 0 0
44583015 44612116 54403 0.076923 0.000000 54403 54403.000000 0.000000 0 0 0 0 0 0 0 0 0 0 0 0 0
44622282 44651420 54473 0.307692 0.153846 54473 54472.847656 0.153846 0 0 0 0 0 0 0 0 0 1 0 1 0
44714113 44741765 51706 78.923080 77.000000 51706 51629.000000 77.000000 0 0 92 91 83 122 128 95 106 136 0 148 0
