27 32
43579133 43608322 54590 112.230766 110.307693 54590 54479.691406 110.307693 152 113 61 79 85 117 106 76 113 131 150 133 118
43669489 43698659 54555 0.230769 0.153846 54555 54554.847656 0.153846 0 0 0 1 0 0 0 0 0 1 0 0 0
43710254 43737954 51801 0.230769 0.076923 51801 51800.921875 0.076923 0 0 0 0 0 0 1 0 0 0 0 0 0
43749589 43778705 54454 0.307692 0.153846 54454 54453.847656 0.153846 0 0 1 0 0 0 0 1 0 0 0 0 0
43788927 43818058 54481 0.846154 0.846154 54481 54480.152344 0.846154 1 0 0 2 0 0 1 1 0 0 1 2 3
43828313 43857437 54469 1.923077 1.923077 54469 54467.078125 1.923077 2 2 2 2 0 0 2 5 2 0 2 3 3
43869080 43896755 51770 3.538461 3.461539 51770 51766.539062 3.461539 0 5 6 7 3 5 2 2 3 2 3 5 2
43908446 43937569 54485 11.384615 10.846154 54485 54474.152344 10.846154 14 16 9 6 7 13 8 9 12 15 11 7 14
43947759 43976898 54514 19.846153 19.538462 54514 54494.460938 19.538462 20 25 14 14 17 27 17 16 22 17 25 21 19
43987128 44016260 54501 37.615383 36.846153 54501 54464.152344 36.846153 46 33 23 30 32 25 42 27 27 49 48 57 40
44027923 44055580 51737 55.769230 54.615383 51737 51682.382812 54.615383 63 59 35 46 39 53 74 55 49 70 62 47 58
44067259 44094919 51723 79.692307 78.384613 51723 51644.617188 78.384613 89 87 54 54 64 69 86 56 91 104 84 93 88
44106615 44135712 54419 108.000000 106.000000 54419 54313.000000 106.000000 124 120 75 73 70 87 106 87 106 122 133 156 119
44145927 44175005 54382 113.307693 111.153847 54382 54270.847656 111.153847 139 141 95 61 87 90 111 81 106 135 142 123 134
44186731 44214406 51755 101.384613 99.769234 51755 51655.230469 99.769234 121 95 52 63 82 96 99 102 102 124 121 122 118
44226062 44253679 51265 81.153847 79.307693 51265 51185.691406 79.307693 101 97 57 58 63 73 58 62 84 96 81 103 98
44265400 44294478 54364 72.615387 71.384613 54364 54292.617188 71.384613 72 70 47 49 59 49 73 68 91 115 99 64 72
44304693 44333877 54582 46.538460 45.538460 54582 54536.460938 45.538460 27 41 38 46 30 51 39 31 49 67 75 60 38
44345501 44373216 51845 24.538462 23.692308 51845 51821.308594 23.692308 20 27 12 17 25 24 27 17 24 31 37 26 21
44384873 44412525 51480 11.000000 10.461538 51480 51469.539062 10.461538 11 15 13 9 13 11 7 4 10 9 15 10 9
44424179 44453348 54570 3.538461 3.307692 54570 54566.691406 3.307692 3 7 5 1 2 6 3 3 4 1 0 8 0
44463552 44492609 54342 1.384615 1.384615 54342 54340.617188 1.384615 2 3 2 1 3 1 3 0 2 1 0 0 0
44504270 44531976 51830 1.076923 0.923077 51830 51829.078125 0.923077 3 1 0 1 0 1 1 2 2 0 0 1 0
44543647 44571365 51850 0.153846 0.076923 51850 51849.921875 0.076923 1 0 0 0 0 0 0 0 0 0 0 0 0
44583015 44612116 54408 0.153846 0.153846 54408 54407.847656 0.153846 0 0 0 0 0 0 1 0 0 0 0 1 0
44622282 44651420 54477 0.076923 0.000000 54477 54477.000000 0.000000 0 0 0 0 0 0 0 0 0 0 0 0 0
44714113 44741765 51709 102.076920 99.769234 51709 51609.230469 99.769234 118 102 107 115 111 119 123 106 117 127 0 152 0
