27 32
43579133 43608322 54591 128.384613 125.461540 54591 54465.539062 125.461540 141 105 89 105 85 131 138 113 136 195 182 122 89
43669489 43698659 54555 0.384615 0.230769 54555 54554.769531 0.230769 1 1 0 0 0 0 0 0 1 0 0 0 0
43710254 43737954 51800 0.000000 0.000000 51800 51800.000000 0.000000 0 0 0 0 0 0 0 0 0 0 0 0 0
43749589 43778705 54454 0.384615 0.230769 54454 54453.769531 0.230769 0 0 0 0 0 0 0 0 0 1 1 1 0
43788927 43818058 54482 0.846154 0.846154 54482 54481.152344 0.846154 1 0 0 0 1 2 1 0 1 0 2 3 0
43828313 43857437 54468 1.538462 1.461538 54468 54466.539062 1.461538 1 1 1 1 2 2 2 0 0 1 2 3 3
43869080 43896755 51770 4.153846 3.923077 51770 51766.078125 3.923077 7 2 2 4 2 3 2 5 4 2 6 6 6
43908446 43937569 54484 10.000000 10.000000 54484 54474.000000 10.000000 16 8 10 6 8 9 7 11 6 10 14 13 12
43947759 43976898 54514 22.692308 22.230770 54514 54491.769531 22.230770 21 25 13 19 27 16 21 18 23 27 32 34 13
43987128 44016260 54501 41.461540 40.769230 54501 54460.230469 40.769230 58 26 29 35 44 41 40 39 26 49 57 53 33
44027923 44055580 51736 63.384617 62.384617 51736 51673.617188 62.384617 60 58 59 64 62 57 60 58 62 73 73 71 54
44067259 44094919 51723 92.153847 89.846153 51723 51633.152344 89.846153 85 78 66 71 61 88 112 70 101 126 121 98 91
44106615 44135712 54418 119.692307 116.769234 54418 54301.230469 116.769234 121 113 79 89 118 131 136 102 127 129 180 100 93
44145927 44175005 54382 126.461540 123.846153 54382 54258.152344 123.846153 131 123 103 89 107 116 130 110 133 156 178 130 104
44186731 44214406 51752 109.230766 107.384613 51752 51644.617188 107.384613 116 111 78 95 85 85 120 97 126 130 156 112 85
44226062 44253679 51265 96.923080 95.000000 51265 51170.000000 95.000000 110 89 80 84 88 93 111 78 107 119 110 87 79
44265400 44294478 54362 55.615383 54.769230 54362 54307.230469 54.769230 71 67 61 53 59 75 64 52 63 72 74 0 1
44304693 44333877 54581 37.384617 36.692307 54581 54544.308594 36.692307 51 42 45 28 42 44 57 31 31 45 61 0 0
44345501 44373216 51845 20.384615 19.923077 51845 51825.078125 19.923077 13 19 25 23 26 30 21 31 23 25 23 0 0
44384873 44412525 51481 8.461538 7.846154 51481 51473.152344 7.846154 12 11 11 7 12 2 1 0 7 9 15 2 13
44424179 44453348 54568 1.230769 1.230769 54568 54566.769531 1.230769 0 0 0 0 0 5 8 2 0 0 0 1 0
44463552 44492609 54339 0.307692 0.307692 54339 54338.691406 0.307692 0 0 0 0 0 0 2 1 0 0 0 1 0
44504270 44531976 51828 0.230769 0.230769 51828 51827.769531 0.230769 0 0 0 0 0 0 1 2 0 0 0 0 0
44543647 44571365 51851 0.076923 0.076923 51851 51850.921875 0.076923 0 0 0 0 0 0 0 1 0 0 0 0 0
44583015 44612116 54406 0.153846 0.000000 54406 54406.000000 0.000000 0 0 0 0 0 0 0 0 0 0 0 0 0
44622282 44651420 54476 0.076923 0.000000 54476 54476.000000 0.000000 0 0 0 0 0 0 0 0 0 0 0 0 0
44714113 44741765 51707 30.538462 29.923077 51707 51677.078125 29.923077 0 0 0 1 0 92 98 93 1 0 0 104 0
