27 32
43579133 43608322 54591 97.230766 95.384613 54591 54495.617188 95.384613 1 0 103 102 99 110 118 95 84 113 129 150 136
43669489 43698659 54555 0.384615 0.153846 54555 54554.847656 0.153846 0 0 0 0 1 1 0 0 0 0 0 0 0
43710254 43737954 51800 0.076923 0.076923 51800 51799.921875 0.076923 0 0 1 0 0 0 0 0 0 0 0 0 0
43749589 43778705 54454 0.153846 0.153846 54454 54453.847656 0.153846 0 0 0 0 0 1 0 0 0 0 0 1 0
43788927 43818058 54481 0.230769 0.153846 54481 54480.847656 0.153846 0 0 0 1 0 0 0 0 0 0 1 0 0
43828313 43857437 54469 0.769231 0.692308 54469 54468.308594 0.692308 0 0 1 1 0 0 3 1 2 0 1 0 0
43869080 43896755 51771 2.538461 2.461539 51771 51768.539062 2.461539 0 0 2 0 2 7 3 3 3 3 2 2 5
43908446 43937569 54484 6.615385 6.461538 54484 54477.539062 6.461538 0 0 7 0 4 9 11 8 8 13 9 6 9
43947759 43976898 54514 15.461538 15.076923 54514 54498.921875 15.076923 0 0 13 18 15 18 22 20 19 18 22 16 15
43987128 44016260 54502 33.076923 32.384617 54502 54469.617188 32.384617 0 0 37 26 37 37 54 29 43 37 24 42 55
44027923 44055580 51737 49.538460 48.307693 51737 51688.691406 48.307693 0 0 49 42 51 63 61 49 46 61 62 78 66
44067259 44094919 51723 71.923080 70.846153 51723 51652.152344 70.846153 0 0 77 74 78 80 97 80 61 83 79 124 88
44106615 44135712 54419 88.846153 87.307693 54419 54331.691406 87.307693 0 0 92 103 96 110 128 83 80 97 120 119 107
44145927 44175005 54382 98.153847 96.384613 54382 54285.617188 96.384613 0 0 104 93 102 123 138 89 116 85 129 138 136
44186731 44214406 51755 86.076920 83.615387 51755 51671.382812 83.615387 0 1 116 75 114 88 86 105 72 91 95 123 121
44226062 44253679 51265 69.692307 68.538460 51265 51196.460938 68.538460 22 27 54 85 72 80 101 83 64 94 59 75 75
44265400 44294478 54365 72.384613 71.384613 54365 54293.617188 71.384613 84 73 71 56 59 77 60 63 77 80 82 67 79
44304693 44333877 54583 48.076923 46.923077 54583 54536.078125 46.923077 43 39 41 33 47 57 57 36 46 56 59 47 49
44345501 44373216 51845 23.000000 22.692308 51845 51822.308594 22.692308 20 10 17 22 25 30 31 20 15 19 25 36 25
44384873 44412525 51479 10.615385 10.153846 51479 51468.847656 10.153846 9 11 4 6 11 13 9 10 14 16 9 10 10
44424179 44453348 54570 3.384615 3.230769 54570 54566.769531 3.230769 0 0 5 2 4 7 5 5 6 2 0 6 0
44463552 44492609 54342 1.846154 1.769231 54342 54340.230469 1.769231 0 0 3 3 1 2 5 3 2 2 0 2 0
44504270 44531976 51830 0.153846 0.153846 51830 51829.847656 0.153846 0 0 0 0 1 0 0 1 0 0 0 0 0
44543647 44571365 51850 0.230769 0.230769 51850 51849.769531 0.230769 0 0 0 1 1 0 0 1 0 0 0 0 0
44583015 44612116 54408 0.076923 0.000000 54408 54408.000000 0.000000 0 0 0 0 0 0 0 0 0 0 0 0 0
44622282 44651420 54477 0.153846 0.000000 54477 54477.000000 0.000000 0 0 0 0 0 0 0 0 0 0 0 0 0
44714113 44741765 51709 86.615387 85.000000 51709 51624.000000 85.000000 0 0 107 115 106 129 138 129 130 128 0 123 0
