27 32
43579133 43608322 54594 108.384613 106.076920 54594 54487.921875 106.076920 155 157 102 76 95 0 0 1 154 168 220 122 129
43669489 43698659 54557 0.153846 0.076923 54557 54556.921875 0.076923 0 1 0 0 0 0 0 0 0 0 0 0 0
43710254 43737954 51802 0.230769 0.153846 51802 51801.847656 0.153846 1 0 0 0 0 0 0 0 0 0 1 0 0
43749589 43778705 54457 0.307692 0.153846 54457 54456.847656 0.153846 0 0 0 0 0 0 0 0 0 0 1 0 1
43788927 43818058 54484 0.692308 0.461538 54484 54483.539062 0.461538 1 0 0 0 1 0 0 1 0 0 2 0 1
43828313 43857437 54471 1.307692 1.230769 54471 54469.769531 1.230769 6 0 0 0 1 0 0 0 2 2 2 2 1
43869080 43896755 51774 3.000000 2.769231 51774 51771.230469 2.769231 5 7 0 2 1 0 0 0 5 7 6 1 2
43908446 43937569 54486 8.615385 8.538462 54486 54477.460938 8.538462 12 16 9 9 15 0 0 0 10 13 10 6 11
43947759 43976898 54517 16.000000 15.461538 54517 54501.539062 15.461538 14 21 19 19 17 0 0 0 18 29 21 26 17
43987128 44016260 54502 32.461540 31.846153 54502 54470.152344 31.846153 45 36 24 23 38 0 0 0 45 58 63 39 43
44027923 44055580 51738 49.384617 48.538460 51738 51689.460938 48.538460 69 77 41 43 49 0 0 0 65 93 87 50 57
44067259 44094919 51725 74.153847 73.153847 51725 51651.847656 73.153847 114 98 52 52 79 0 0 0 108 129 124 117 78
44106615 44135712 54421 99.846153 98.153847 54421 54322.847656 98.153847 124 114 87 84 103 0 1 1 137 171 192 132 130
44145927 44175005 54384 100.615387 98.461540 54384 54285.539062 98.461540 152 126 82 71 104 1 0 0 152 177 170 129 116
44186731 44214406 51756 97.307693 95.692307 51756 51660.308594 95.692307 134 122 83 79 97 0 0 0 127 175 172 132 123
44226062 44253679 51267 83.923080 82.615387 51267 51184.382812 82.615387 116 108 72 67 89 21 27 14 102 113 136 109 100
44265400 44294478 54365 75.000000 73.230766 54365 54291.769531 73.230766 81 67 61 58 74 80 72 59 82 95 96 71 56
44304693 44333877 54582 50.538460 49.615383 54582 54532.382812 49.615383 35 44 48 31 52 54 51 50 55 56 77 47 45
44345501 44373216 51847 22.923077 22.307692 51847 51824.691406 22.307692 18 22 15 23 20 19 21 21 21 28 34 23 25
44384873 44412525 51483 9.769231 9.692307 51483 51473.308594 9.692307 1 0 7 7 19 11 13 7 9 13 11 23 5
44424179 44453348 54573 3.153846 2.923077 54573 54570.078125 2.923077 0 0 5 3 6 3 3 2 5 7 0 4 0
44463552 44492609 54341 1.615385 1.384615 54341 54339.617188 1.384615 0 0 1 1 3 2 2 2 2 2 0 3 0
44504270 44531976 51829 0.538462 0.461538 51829 51828.539062 0.461538 0 0 2 1 0 0 1 0 0 1 0 1 0
44543647 44571365 51852 0.461538 0.461538 51852 51851.539062 0.461538 0 0 0 1 1 0 0 0 2 2 0 0 0
44583015 44612116 54409 0.307692 0.230769 54409 54408.769531 0.230769 0 0 0 0 0 1 1 0 0 0 0 1 0
44622282 44651420 54476 0.230769 0.230769 54476 54475.769531 0.230769 0 0 0 0 0 1 2 0 0 0 0 0 0
44714113 44741765 51710 76.923080 75.615387 51710 51634.382812 75.615387 0 0 82 114 88 120 123 97 114 119 0 126 0
