27 32
43579133 43608322 54591 121.923080 119.461540 54591 54471.539062 119.461540 126 136 93 100 119 122 122 94 123 141 155 133 89
43669489 43698659 54555 0.153846 0.000000 54555 54555.000000 0.000000 0 0 0 0 0 0 0 0 0 0 0 0 0
43710254 43737954 51799 0.384615 0.307692 51799 51798.691406 0.307692 0 1 0 0 0 0 1 0 0 0 1 0 1
43749589 43778705 54453 0.461538 0.307692 54453 54452.691406 0.307692 1 0 0 0 1 0 0 0 0 0 0 0 2
43788927 43818058 54481 0.769231 0.769231 54481 54480.230469 0.769231 0 0 1 0 1 1 0 1 2 0 3 1 0
43828313 43857437 54469 2.153846 1.923077 54469 54467.078125 1.923077 1 4 1 3 1 1 2 1 2 4 2 3 0
43869080 43896755 51769 4.076923 3.923077 51769 51765.078125 3.923077 4 4 2 4 3 9 2 0 4 3 6 6 4
43908446 43937569 54484 9.153846 9.076923 54484 54474.921875 9.076923 9 8 4 5 9 11 10 5 13 8 8 18 10
43947759 43976898 54514 21.923077 21.538462 54514 54492.460938 21.538462 13 18 23 24 25 19 21 19 18 31 27 24 18
43987128 44016260 54500 38.769230 38.230770 54500 54461.769531 38.230770 36 44 22 41 32 38 35 35 41 44 46 39 44
44027923 44055580 51735 61.538460 59.615383 51735 51675.382812 59.615383 47 68 50 47 66 45 77 53 59 64 61 58 80
44067259 44094919 51723 89.615387 88.000000 51723 51635.000000 88.000000 106 87 77 77 80 74 88 67 74 101 119 99 95
44106615 44135712 54418 115.538460 113.384613 54418 54304.617188 113.384613 135 113 121 97 106 116 117 91 106 130 124 114 104
44145927 44175005 54383 121.153847 118.692307 54383 54264.308594 118.692307 155 129 90 99 116 92 108 94 132 144 149 129 106
44186731 44214406 51751 110.076920 108.538460 51751 51642.460938 108.538460 136 101 104 108 95 114 122 68 119 115 119 111 99
44226062 44253679 51264 82.076920 79.923080 51264 51184.078125 79.923080 119 83 79 72 61 76 81 67 81 104 82 71 63
44265400 44294478 54362 23.307692 22.846153 54362 54339.152344 22.846153 62 64 1 0 0 0 1 0 0 0 0 89 80
44304693 44333877 54581 14.615385 14.076923 54581 54566.921875 14.076923 43 33 0 0 0 0 0 0 0 0 0 57 50
44345501 44373216 51845 6.615385 6.384615 51845 51838.617188 6.384615 19 20 0 0 0 0 0 0 0 0 0 20 24
44384873 44412525 51480 9.769231 9.538462 51480 51470.460938 9.538462 1 0 13 7 10 15 10 13 12 10 10 8 15
44424179 44453348 54569 3.846154 3.692308 54569 54565.308594 3.692308 0 0 3 5 4 6 11 2 3 6 0 8 0
44463552 44492609 54338 1.692308 1.384615 54338 54336.617188 1.384615 0 0 2 0 3 1 4 2 3 2 0 1 0
44504270 44531976 51827 0.538462 0.461538 51827 51826.539062 0.461538 0 0 0 0 2 2 1 0 0 0 0 1 0
44543647 44571365 51851 0.384615 0.230769 51851 51850.769531 0.230769 0 0 0 0 1 0 0 1 1 0 0 0 0
44583015 44612116 54406 0.384615 0.153846 54406 54405.847656 0.153846 0 0 0 0 0 0 0 1 1 0 0 0 0
44622282 44651420 54476 0.307692 0.153846 54476 54475.847656 0.153846 0 0 0 0 0 0 1 0 0 0 0 1 0
44714113 44741765 51708 86.923080 85.384613 51708 51622.617188 85.384613 0 0 123 134 116 116 118 102 125 160 0 116 0
