27 32
43579133 43608322 54591 103.615387 101.846153 54591 54489.152344 101.846153 127 107 0 0 0 145 113 128 142 142 181 131 108
43669489 43698659 54555 0.307692 0.230769 54555 54554.769531 0.230769 0 1 0 0 1 1 0 0 0 0 0 0 0
43710254 43737954 51799 0.153846 0.000000 51799 51799.000000 0.000000 0 0 0 0 0 0 0 0 0 0 0 0 0
43749589 43778705 54453 0.153846 0.076923 54453 54452.921875 0.076923 0 0 0 0 0 0 0 0 0 0 1 0 0
43788927 43818058 54481 0.769231 0.538462 54481 54480.460938 0.538462 2 0 0 0 0 1 0 0 0 1 1 1 1
43828313 43857437 54469 1.769231 1.692308 54469 54467.308594 1.692308 2 0 0 0 0 1 7 1 0 3 2 3 3
43869080 43896755 51769 3.461539 3.384615 51769 51765.617188 3.384615 6 4 0 1 0 1 6 6 3 3 3 6 5
43908446 43937569 54484 7.846154 7.615385 54484 54476.382812 7.615385 8 11 0 1 0 10 12 11 7 12 12 7 8
43947759 43976898 54514 17.846153 17.384615 54514 54496.617188 17.384615 25 17 0 0 0 27 19 12 31 36 20 21 18
43987128 44016260 54500 33.769230 33.384617 54500 54466.617188 33.384617 44 28 0 0 0 46 39 39 46 52 58 48 34
44027923 44055580 51736 55.846153 55.000000 51736 51681.000000 55.000000 91 50 0 0 0 68 63 57 68 88 93 79 58
44067259 44094919 51723 75.461540 73.384613 51723 51649.617188 73.384613 90 107 0 0 0 93 94 68 74 112 123 100 93
44106615 44135712 54418 94.461540 91.769234 54418 54326.230469 91.769234 116 113 0 0 0 79 118 90 125 138 163 135 116
44145927 44175005 54382 100.846153 98.461540 54382 54283.539062 98.461540 113 118 0 0 0 114 133 103 130 160 157 140 112
44186731 44214406 51751 87.307693 85.846153 51751 51665.152344 85.846153 96 94 0 0 0 116 116 82 113 113 134 132 120
44226062 44253679 51264 71.769234 70.000000 51264 51194.000000 70.000000 59 71 21 22 19 101 84 72 103 91 101 83 83
44265400 44294478 54362 61.000000 59.384617 54362 54302.617188 59.384617 0 0 67 64 69 67 82 57 77 80 73 69 67
44304693 44333877 54581 37.000000 36.230770 54581 54544.769531 36.230770 0 0 35 42 32 38 45 47 44 51 50 43 44
44345501 44373216 51846 17.769230 17.307692 51846 51828.691406 17.307692 0 0 16 14 27 24 18 17 20 18 21 27 23
44384873 44412525 51480 9.692307 9.153846 51480 51470.847656 9.153846 10 5 7 9 10 9 7 7 10 14 9 11 11
44424179 44453348 54569 2.153846 2.076923 54569 54566.921875 2.076923 0 0 4 2 2 5 6 3 4 1 0 0 0
44463552 44492609 54338 1.230769 1.230769 54338 54336.769531 1.230769 0 0 3 1 2 4 1 1 2 2 0 0 0
44504270 44531976 51827 0.307692 0.230769 51827 51826.769531 0.230769 0 0 1 0 0 0 0 2 0 0 0 0 0
44543647 44571365 51851 0.461538 0.307692 51851 51850.691406 0.307692 0 0 0 0 0 0 2 0 2 0 0 0 0
44583015 44612116 54406 0.307692 0.230769 54406 54405.769531 0.230769 0 0 0 0 0 2 1 0 0 0 0 0 0
44622282 44651420 54476 0.153846 0.153846 54476 54475.847656 0.153846 0 0 0 0 0 0 0 0 0 2 0 0 0
44714113 44741765 51707 77.461540 76.153847 51707 51630.847656 76.153847 0 0 104 96 113 145 134 122 133 143 0 0 0
