27 32
43579133 43608322 54592 116.076920 113.538460 54592 54478.460938 113.538460 0 0 137 97 110 120 119 103 138 171 188 165 128
43669489 43698659 54556 0.153846 0.153846 54556 54555.847656 0.153846 0 0 0 0 0 0 1 0 0 0 0 1 0
43710254 43737954 51801 0.307692 0.076923 51801 51800.921875 0.076923 0 1 0 0 0 0 0 0 0 0 0 0 0
43749589 43778705 54455 0.384615 0.153846 54455 54454.847656 0.153846 0 0 0 0 1 0 0 0 0 0 0 0 1
43788927 43818058 54481 0.615385 0.538462 54481 54480.460938 0.538462 0 0 1 1 0 1 0 1 1 0 0 2 0
43828313 43857437 54471 1.153846 1.000000 54471 54470.000000 1.000000 0 0 0 2 1 1 0 0 2 2 0 4 1
43869080 43896755 51771 3.076923 2.846154 51771 51768.152344 2.846154 0 0 0 2 4 1 4 0 10 5 5 3 3
43908446 43937569 54486 10.307693 10.153846 54486 54475.847656 10.153846 0 0 11 7 14 11 8 8 13 13 16 10 21
43947759 43976898 54514 19.307692 19.000000 54514 54495.000000 19.000000 0 0 17 20 18 20 18 18 27 24 36 28 21
43987128 44016260 54501 37.076923 36.076923 54501 54464.921875 36.076923 1 0 38 35 47 34 47 35 42 50 52 48 40
44027923 44055580 51737 58.846153 57.692307 51737 51679.308594 57.692307 0 0 70 56 44 62 62 60 70 96 86 77 67
44067259 44094919 51725 79.769234 78.000000 51725 51647.000000 78.000000 0 0 69 82 82 78 93 89 85 105 113 114 104
44106615 44135712 54420 109.076920 106.538460 54420 54313.460938 106.538460 1 0 102 88 101 94 131 100 148 162 175 166 117
44145927 44175005 54384 117.846153 115.230766 54384 54268.769531 115.230766 0 0 99 108 112 130 125 108 154 162 190 175 135
44186731 44214406 51755 103.461540 101.538460 51755 51653.460938 101.538460 0 0 117 85 125 108 114 89 126 142 154 136 124
44226062 44253679 51266 86.615387 83.846153 51266 51182.152344 83.846153 29 17 85 79 84 95 75 91 106 109 91 124 105
44265400 44294478 54365 40.538460 39.307693 54365 54325.691406 39.307693 79 65 0 0 0 0 0 0 59 71 79 85 73
44304693 44333877 54582 24.769230 24.000000 54582 54558.000000 24.000000 62 41 0 1 1 0 1 0 35 40 48 43 40
44345501 44373216 51847 13.769231 13.461538 51847 51833.539062 13.461538 24 38 0 0 1 0 0 0 11 23 28 29 21
44384873 44412525 51482 10.307693 9.846154 51482 51472.152344 9.846154 11 10 6 9 14 13 10 9 10 12 7 11 6
44424179 44453348 54572 2.846154 2.692308 54572 54569.308594 2.692308 0 0 5 1 2 4 7 2 5 3 0 6 0
44463552 44492609 54341 0.769231 0.615385 54341 54340.382812 0.615385 0 0 2 1 0 0 3 1 0 1 0 0 0
44504270 44531976 51829 0.769231 0.769231 51829 51828.230469 0.769231 0 0 3 1 2 2 0 0 0 1 0 1 0
44543647 44571365 51851 0.307692 0.076923 51851 51850.921875 0.076923 0 0 0 0 0 1 0 0 0 0 0 0 0
44583015 44612116 54408 0.153846 0.076923 54408 54407.921875 0.076923 0 0 1 0 0 0 0 0 0 0 0 0 0
44622282 44651420 54476 0.076923 0.000000 54476 54476.000000 0.000000 0 0 0 0 0 0 0 0 0 0 0 0 0
44714113 44741765 51710 75.769234 74.384613 51710 51635.617188 74.384613 0 0 86 91 105 93 114 81 123 133 0 141 0
