27 32
43579133 43608322 54591 73.384613 71.846153 54591 54519.152344 71.846153 0 0 102 110 101 1 0 0 116 151 148 107 98
43669489 43698659 54555 0.153846 0.153846 54555 54554.847656 0.153846 0 0 0 0 0 0 0 0 0 0 1 1 0
43710254 43737954 51799 0.076923 0.076923 51799 51798.921875 0.076923 0 0 0 0 0 0 0 0 0 0 0 1 0
43749589 43778705 54453 0.615385 0.307692 54453 54452.691406 0.307692 0 0 1 0 0 0 0 0 0 0 1 1 1
43788927 43818058 54482 0.307692 0.307692 54482 54481.691406 0.307692 0 0 0 0 2 0 0 0 1 0 1 0 0
43828313 43857437 54468 1.307692 1.230769 54468 54466.769531 1.230769 0 0 0 2 3 0 0 0 0 1 2 4 4
43869080 43896755 51769 2.846154 2.769231 51769 51766.230469 2.769231 0 0 3 4 2 0 0 0 6 8 3 8 2
43908446 43937569 54484 6.769231 6.538462 54484 54477.460938 6.538462 0 0 12 12 6 0 0 0 11 10 12 16 6
43947759 43976898 54514 13.000000 12.769231 54514 54501.230469 12.769231 0 0 22 16 22 0 0 0 16 28 19 22 21
43987128 44016260 54501 26.615385 26.153847 54501 54474.847656 26.153847 1 0 28 47 33 0 0 0 48 57 48 48 30
44027923 44055580 51736 34.384617 33.846153 51736 51702.152344 33.846153 0 0 56 44 51 0 0 0 54 66 68 47 54
44067259 44094919 51724 52.461540 51.615383 51724 51672.382812 51.615383 0 0 70 66 75 0 0 0 93 90 110 90 77
44106615 44135712 54418 64.461540 63.076923 54418 54354.921875 63.076923 1 0 113 87 87 0 1 0 111 132 112 93 83
44145927 44175005 54382 75.692307 74.384613 54382 54307.617188 74.384613 0 0 108 121 132 0 0 0 106 135 147 129 89
44186731 44214406 51751 63.538460 62.153847 51751 51688.847656 62.153847 0 0 96 93 86 1 1 0 107 114 112 98 100
44226062 44253679 51264 59.538460 58.384617 51264 51205.617188 58.384617 24 25 80 60 75 20 28 18 97 109 72 88 63
44265400 44294478 54362 63.846153 62.307693 54362 54299.691406 62.307693 96 74 83 51 67 73 81 68 67 79 71 0 0
44304693 44333877 54581 40.615383 39.615383 54581 54541.382812 39.615383 50 47 37 42 47 51 47 45 53 46 49 1 0
44345501 44373216 51846 20.846153 20.000000 51846 51826.000000 20.000000 25 24 22 28 25 21 19 20 20 24 32 0 0
44384873 44412525 51480 6.153846 6.000000 51480 51474.000000 6.000000 12 6 8 7 8 3 4 3 5 7 9 6 0
44424179 44453348 54569 2.307692 2.307692 54569 54566.691406 2.307692 0 0 0 0 0 9 11 2 0 0 0 8 0
44463552 44492609 54338 0.846154 0.769231 54338 54337.230469 0.769231 0 0 0 0 0 2 2 3 0 1 0 2 0
44504270 44531976 51828 0.230769 0.153846 51828 51827.847656 0.153846 0 0 0 0 0 0 1 1 0 0 0 0 0
44543647 44571365 51851 0.230769 0.153846 51851 51850.847656 0.153846 0 0 1 0 0 0 0 0 0 0 0 1 0
44583015 44612116 54406 0.076923 0.076923 54406 54405.921875 0.076923 0 0 0 0 0 0 0 1 0 0 0 0 0
44622282 44651420 54476 0.076923 0.000000 54476 54476.000000 0.000000 0 0 0 0 0 0 0 0 0 0 0 0 0
44714113 44741765 51707 38.923077 38.076923 51707 51668.921875 38.076923 0 0 1 0 1 120 147 109 1 0 0 116 0
