27 32
43579133 43608322 54591 97.000000 94.923080 54591 54496.078125 94.923080 129 123 107 105 96 0 0 0 127 134 161 147 105
43669489 43698659 54554 0.076923 0.076923 54554 54553.921875 0.076923 0 0 0 0 0 0 1 0 0 0 0 0 0
43710254 43737954 51800 0.384615 0.153846 51800 51799.847656 0.153846 0 0 0 0 0 1 0 0 0 0 1 0 0
43749589 43778705 54454 0.230769 0.076923 54454 54453.921875 0.076923 0 0 0 0 0 0 0 0 0 1 0 0 0
43788927 43818058 54482 0.538462 0.461538 54482 54481.539062 0.461538 0 2 0 0 0 0 0 0 0 1 1 2 0
43828313 43857437 54468 1.307692 1.230769 54468 54466.769531 1.230769 1 1 1 1 2 0 0 0 2 3 1 2 2
43869080 43896755 51770 3.846154 3.769231 51770 51766.230469 3.769231 6 6 4 1 0 0 0 0 6 12 2 6 6
43908446 43937569 54484 8.692307 8.307693 54484 54475.691406 8.307693 13 13 8 3 7 0 1 0 16 12 9 11 15
43947759 43976898 54514 16.615385 16.153847 54514 54497.847656 16.153847 19 20 24 19 20 0 0 0 16 19 22 29 22
43987128 44016260 54501 36.230770 35.461540 54501 54465.539062 35.461540 53 41 37 35 34 0 0 0 45 44 64 65 43
44027923 44055580 51736 51.076923 49.923077 51736 51686.078125 49.923077 63 61 62 50 49 2 0 0 66 62 82 84 68
44067259 44094919 51723 72.692307 71.076920 51723 51651.921875 71.076920 99 66 71 73 77 0 1 0 82 101 137 114 103
44106615 44135712 54418 93.923080 92.538460 54418 54325.460938 92.538460 112 113 101 99 93 1 0 0 127 147 149 158 103
44145927 44175005 54382 101.692307 99.153847 54382 54282.847656 99.153847 149 109 111 107 122 0 0 0 124 160 150 128 129
44186731 44214406 51752 90.461540 88.307693 51752 51663.691406 88.307693 117 101 94 87 93 0 1 1 125 142 135 136 116
44226062 44253679 51265 70.923080 70.307693 51265 51194.691406 70.307693 88 89 81 77 86 6 5 7 85 100 97 102 91
44265400 44294478 54363 71.384613 69.923080 54363 54293.078125 69.923080 70 72 57 70 87 75 63 65 74 75 78 63 60
44304693 44333877 54581 47.846153 47.230770 54581 54533.769531 47.230770 40 41 51 42 42 63 56 53 50 45 59 31 41
44345501 44373216 51845 23.307692 22.923077 51845 51822.078125 22.923077 20 21 21 25 22 23 24 23 25 24 26 24 20
44384873 44412525 51480 5.230769 5.000000 51480 51475.000000 5.000000 6 6 1 0 4 10 6 7 1 3 2 16 3
44424179 44453348 54568 2.230769 2.076923 54568 54565.921875 2.076923 0 0 5 4 7 0 0 0 4 3 0 4 0
44463552 44492609 54340 0.538462 0.384615 54340 54339.617188 0.384615 0 0 0 2 0 0 0 0 2 1 0 0 0
44504270 44531976 51828 0.307692 0.230769 51828 51827.769531 0.230769 0 0 0 0 1 0 0 0 1 1 0 0 0
44543647 44571365 51851 0.000000 0.000000 51851 51851.000000 0.000000 0 0 0 0 0 0 0 0 0 0 0 0 0
44583015 44612116 54406 0.000000 0.000000 54406 54406.000000 0.000000 0 0 0 0 0 0 0 0 0 0 0 0 0
44622282 44651420 54476 0.076923 0.076923 54476 54475.921875 0.076923 0 0 0 0 0 0 0 0 1 0 0 0 0
44714113 44741765 51707 54.153847 53.076923 51707 51653.921875 53.076923 0 0 100 89 95 0 0 0 119 110 0 177 0
