27 32
43579133 43608322 54587 109.769234 108.000000 54587 54479.000000 108.000000 0 1 95 94 109 131 144 118 142 152 158 122 138
43669489 43698659 54551 0.230769 0.153846 54551 54550.847656 0.153846 0 0 0 0 0 0 0 1 1 0 0 0 0
43710254 43737954 51796 0.384615 0.230769 51796 51795.769531 0.230769 0 0 0 0 0 0 0 1 1 0 1 0 0
43749589 43778705 54450 0.230769 0.230769 54450 54449.769531 0.230769 0 0 0 0 0 2 0 1 0 0 0 0 0
43788927 43818058 54478 1.000000 0.923077 54478 54477.078125 0.923077 0 0 0 3 0 0 2 1 0 1 1 2 2
43828313 43857437 54464 1.076923 0.923077 54464 54463.078125 0.923077 1 0 1 1 0 0 1 1 2 0 0 2 3
43869080 43896755 51768 3.769231 3.461539 51768 51764.539062 3.461539 0 1 1 7 4 4 5 5 3 3 7 2 3
43908446 43937569 54480 10.769231 10.384615 54480 54469.617188 10.384615 0 0 9 8 11 15 8 9 20 14 15 17 9
43947759 43976898 54512 19.384615 19.000000 54512 54493.000000 19.000000 0 0 17 9 18 25 30 20 16 36 28 28 20
43987128 44016260 54496 34.538460 33.923077 54496 54462.078125 33.923077 0 0 39 23 43 29 42 31 41 58 59 39 37
44027923 44055580 51732 57.923077 56.384617 51732 51675.617188 56.384617 0 0 49 49 71 75 66 68 69 87 71 67 61
44067259 44094919 51720 79.923080 78.076920 51720 51641.921875 78.076920 0 0 73 73 81 105 96 90 89 114 122 98 74
44106615 44135712 54415 98.538460 97.076920 54415 54317.921875 97.076920 0 0 95 87 91 108 135 91 136 153 139 112 115
44145927 44175005 54377 100.846153 98.692307 54377 54278.308594 98.692307 0 0 102 114 105 116 127 112 112 131 134 119 111
44186731 44214406 51749 94.461540 92.076920 51749 51656.921875 92.076920 0 0 76 83 93 123 105 89 110 129 150 124 115
44226062 44253679 51260 81.384613 80.307693 51260 51179.691406 80.307693 26 14 65 84 89 83 102 80 88 107 97 109 100
44265400 44294478 54359 70.923080 69.384613 54359 54289.617188 69.384613 65 84 44 61 59 62 84 56 74 62 67 101 83
44304693 44333877 54577 43.615383 42.307693 54577 54534.691406 42.307693 48 29 36 32 47 43 42 52 35 38 53 57 38
44345501 44373216 51841 22.230770 22.000000 51841 51819.000000 22.000000 21 18 11 19 27 25 20 25 21 21 24 26 28
44384873 44412525 51477 6.923077 6.692307 51477 51470.308594 6.692307 11 4 9 8 6 4 7 9 6 15 8 0 0
44424179 44453348 54567 2.923077 2.769231 54567 54564.230469 2.769231 0 0 5 4 4 6 2 4 2 5 0 4 0
44463552 44492609 54337 1.461538 1.230769 54337 54335.769531 1.230769 0 0 2 1 0 1 3 2 2 3 0 2 0
44504270 44531976 51823 0.615385 0.538462 51823 51822.460938 0.538462 0 0 1 1 2 0 3 0 0 0 0 0 0
44543647 44571365 51847 0.615385 0.538462 51847 51846.460938 0.538462 0 0 0 0 1 0 0 1 2 3 0 0 0
44583015 44612116 54402 0.384615 0.307692 54402 54401.691406 0.307692 0 0 0 0 0 1 0 1 2 0 0 0 0
44622282 44651420 54469 0.230769 0.230769 54469 54468.769531 0.230769 0 0 0 0 1 0 0 0 0 2 0 0 0
44714113 44741765 51705 94.230766 92.538460 51705 51612.460938 92.538460 0 0 128 112 107 151 145 126 138 159 0 137 0
