27 32
43579133 43608322 54591 92.230766 89.846153 54591 54501.152344 89.846153 114 124 102 93 104 123 117 102 0 0 1 152 136
43669489 43698659 54555 0.076923 0.076923 54555 54554.921875 0.076923 0 1 0 0 0 0 0 0 0 0 0 0 0
43710254 43737954 51799 0.153846 0.076923 51799 51798.921875 0.076923 0 0 0 0 0 0 0 1 0 0 0 0 0
43749589 43778705 54454 0.230769 0.230769 54454 54453.769531 0.230769 0 0 0 0 1 1 0 0 0 0 0 1 0
43788927 43818058 54482 0.769231 0.615385 54482 54481.382812 0.615385 2 0 1 0 1 1 1 0 0 0 0 0 2
43828313 43857437 54468 1.076923 1.000000 54468 54467.000000 1.000000 1 4 0 3 0 1 0 0 0 0 0 2 2
43869080 43896755 51769 3.384615 3.076923 51769 51765.921875 3.076923 2 1 3 1 3 7 8 4 0 0 0 6 5
43908446 43937569 54484 6.923077 6.769231 54484 54477.230469 6.769231 8 12 10 6 6 10 9 10 0 0 0 11 6
43947759 43976898 54514 14.153846 13.923077 54514 54500.078125 13.923077 21 18 13 15 15 33 18 18 0 0 0 18 12
43987128 44016260 54501 33.461540 32.769230 54501 54468.230469 32.769230 45 48 38 27 49 45 48 36 0 0 0 50 40
44027923 44055580 51736 51.769230 50.923077 51736 51685.078125 50.923077 67 73 55 59 51 78 85 51 0 0 0 75 68
44067259 44094919 51723 69.538460 68.076920 51723 51654.921875 68.076920 106 86 85 74 88 97 87 91 0 0 0 84 87
44106615 44135712 54418 94.692307 92.384613 54418 54325.617188 92.384613 114 118 115 103 120 122 127 127 0 0 1 130 124
44145927 44175005 54382 94.692307 93.384613 54382 54288.617188 93.384613 140 113 108 112 113 117 146 116 0 0 0 140 109
44186731 44214406 51751 92.076920 90.153847 51751 51660.847656 90.153847 129 119 104 112 105 118 123 126 0 0 0 128 108
44226062 44253679 51265 65.076920 63.923077 51265 51201.078125 63.923077 105 97 47 68 60 93 108 67 20 19 0 73 74
44265400 44294478 54362 53.769230 53.000000 54362 54309.000000 53.000000 83 74 65 55 66 58 66 72 0 0 0 81 69
44304693 44333877 54581 35.307693 34.769230 54581 54546.230469 34.769230 52 55 32 41 38 47 45 45 0 0 0 50 47
44345501 44373216 51845 20.000000 19.538462 51845 51825.460938 19.538462 38 27 17 18 30 30 26 24 0 0 0 21 23
44384873 44412525 51480 11.000000 10.769231 51480 51469.230469 10.769231 9 14 11 8 8 17 20 14 6 9 6 12 6
44424179 44453348 54568 3.461539 3.076923 54568 54564.921875 3.076923 0 0 6 0 6 6 4 4 4 6 0 4 0
44463552 44492609 54339 1.153846 1.076923 54339 54337.921875 1.076923 0 0 2 3 2 2 2 1 1 0 0 1 0
44504270 44531976 51828 0.538462 0.384615 51828 51827.617188 0.384615 0 0 1 0 1 1 0 0 0 1 0 1 0
44543647 44571365 51851 0.076923 0.076923 51851 51850.921875 0.076923 0 0 0 0 0 0 0 0 0 1 0 0 0
44583015 44612116 54406 0.307692 0.153846 54406 54405.847656 0.153846 0 0 0 0 0 0 0 1 0 1 0 0 0
44622282 44651420 54476 0.153846 0.153846 54476 54475.847656 0.153846 0 0 0 0 0 0 0 1 1 0 0 0 0
44714113 44741765 51707 75.846153 74.538460 51707 51632.460938 74.538460 0 0 105 84 117 107 101 97 101 137 0 120 0
