27 32
43579133 43608322 54591 87.153847 85.538460 54591 54505.460938 85.538460 102 107 96 105 98 0 2 0 93 120 132 128 129
43669489 43698659 54554 0.153846 0.153846 54554 54553.847656 0.153846 1 0 0 0 0 0 0 0 0 0 0 1 0
43710254 43737954 51800 0.076923 0.000000 51800 51800.000000 0.000000 0 0 0 0 0 0 0 0 0 0 0 0 0
43749589 43778705 54454 0.461538 0.461538 54454 54453.539062 0.461538 0 1 0 1 1 0 0 0 0 1 0 0 2
43788927 43818058 54482 0.384615 0.384615 54482 54481.617188 0.384615 2 1 0 1 0 0 0 0 0 0 0 0 1
43828313 43857437 54469 1.076923 1.076923 54469 54467.921875 1.076923 2 0 1 0 1 2 0 0 1 4 1 1 1
43869080 43896755 51770 2.384615 2.384615 51770 51767.617188 2.384615 2 1 4 5 4 0 0 0 6 4 4 0 1
43908446 43937569 54485 7.307693 7.230769 54485 54477.769531 7.230769 13 9 6 10 6 0 0 0 12 10 8 11 9
43947759 43976898 54513 16.615385 16.153847 54513 54496.847656 16.153847 22 18 10 9 22 0 0 0 25 19 38 27 20
43987128 44016260 54501 29.076923 28.538462 54501 54472.460938 28.538462 35 47 34 26 32 0 0 0 25 47 56 37 32
44027923 44055580 51737 48.923077 47.769230 51737 51689.230469 47.769230 66 55 47 43 59 0 0 1 60 60 90 66 74
44067259 44094919 51723 62.461540 61.307693 51723 51661.691406 61.307693 77 84 66 66 73 0 0 1 90 84 77 92 87
44106615 44135712 54418 85.846153 84.000000 54418 54334.000000 84.000000 112 104 100 80 105 0 0 0 102 133 102 137 117
44145927 44175005 54382 88.307693 86.153847 54382 54295.847656 86.153847 128 110 99 103 113 1 0 0 117 113 99 113 124
44186731 44214406 51754 81.307693 79.923080 51754 51674.078125 79.923080 123 100 97 89 89 0 0 0 92 100 117 117 115
44226062 44253679 51265 59.846153 58.769230 51265 51206.230469 58.769230 77 80 70 72 66 5 7 3 57 73 78 90 86
44265400 44294478 54363 68.461540 66.230766 54363 54296.769531 66.230766 88 65 62 48 73 76 84 53 63 69 80 51 49
44304693 44333877 54581 42.846153 41.846153 54581 54539.152344 41.846153 39 43 44 37 47 42 44 39 48 40 46 45 30
44345501 44373216 51845 22.076923 21.461538 51845 51823.539062 21.461538 35 18 12 12 19 20 19 21 21 31 29 22 20
44384873 44412525 51481 9.000000 8.769231 51481 51472.230469 8.769231 8 8 14 7 4 15 11 9 12 12 12 2 0
44424179 44453348 54569 3.846154 3.846154 54569 54565.152344 3.846154 0 0 4 3 7 7 4 5 1 15 0 4 0
44463552 44492609 54342 1.230769 1.230769 54342 54340.769531 1.230769 0 0 0 1 2 3 4 3 0 1 0 2 0
44504270 44531976 51829 0.307692 0.153846 51829 51828.847656 0.153846 0 0 0 0 0 0 2 0 0 0 0 0 0
44543647 44571365 51851 0.230769 0.230769 51851 51850.769531 0.230769 0 0 0 0 0 0 0 0 2 1 0 0 0
44583015 44612116 54406 0.384615 0.153846 54406 54405.847656 0.153846 0 0 0 0 0 0 0 1 0 0 0 1 0
44622282 44651420 54476 0.000000 0.000000 54476 54476.000000 0.000000 0 0 0 0 0 0 0 0 0 0 0 0 0
44714113 44741765 51707 75.692307 74.230766 51707 51632.769531 74.230766 0 0 58 70 92 146 153 114 87 81 0 164 0
