27 32
43579133 43608322 54588 107.230766 104.307693 54588 54483.691406 104.307693 112 107 107 94 121 148 173 132 88 127 147 0 0
43669489 43698659 54552 0.076923 0.000000 54552 54552.000000 0.000000 0 0 0 0 0 0 0 0 0 0 0 0 0
43710254 43737954 51796 0.230769 0.076923 51796 51795.921875 0.076923 0 0 0 0 0 0 1 0 0 0 0 0 0
43749589 43778705 54452 0.307692 0.153846 54452 54451.847656 0.153846 0 0 0 0 1 0 0 0 0 0 1 0 0
43788927 43818058 54479 0.153846 0.153846 54479 54478.847656 0.153846 0 0 0 1 0 0 0 0 0 0 1 0 0
43828313 43857437 54464 1.769231 1.692308 54464 54462.308594 1.692308 0 3 2 1 2 2 3 0 4 1 4 0 0
43869080 43896755 51767 4.230769 4.076923 51767 51762.921875 4.076923 5 3 5 1 2 5 4 5 8 9 6 0 0
43908446 43937569 54481 8.615385 8.384615 54481 54472.617188 8.384615 13 15 6 7 8 7 16 7 10 8 11 0 1
43947759 43976898 54513 17.846153 17.461538 54513 54495.539062 17.461538 22 17 17 15 17 29 21 27 22 22 18 0 0
43987128 44016260 54496 33.769230 33.000000 54496 54463.000000 33.000000 33 43 30 29 31 52 58 40 28 39 46 0 0
44027923 44055580 51732 52.076923 51.307693 51732 51680.691406 51.307693 53 63 51 35 67 87 83 57 52 56 63 0 0
44067259 44094919 51720 72.846153 72.076920 51720 51647.921875 72.076920 93 69 86 53 65 103 122 102 95 70 78 0 1
44106615 44135712 54415 97.538460 95.000000 54415 54320.000000 95.000000 119 100 121 86 111 110 134 115 97 119 123 0 0
44145927 44175005 54378 100.769234 98.538460 54378 54279.460938 98.538460 117 106 110 78 102 146 157 127 97 106 134 1 0
44186731 44214406 51749 92.769234 90.538460 51749 51658.460938 90.538460 99 74 76 80 92 145 163 115 89 115 127 1 1
44226062 44253679 51262 83.923080 82.076920 51262 51179.921875 82.076920 78 77 79 79 81 114 139 90 71 111 85 34 29
44265400 44294478 54359 71.000000 69.461540 54359 54289.539062 69.461540 68 60 64 64 70 64 70 70 64 69 98 81 61
44304693 44333877 54577 45.230770 44.307693 54577 54532.691406 44.307693 40 40 44 34 38 42 51 40 33 55 57 59 43
44345501 44373216 51841 21.230770 20.538462 51841 51820.460938 20.538462 24 20 19 12 23 16 21 15 20 31 20 17 29
44384873 44412525 51478 11.000000 10.923077 51478 51467.078125 10.923077 8 8 7 13 7 15 12 7 16 15 13 14 7
44424179 44453348 54567 3.615385 3.615385 54567 54563.382812 3.615385 0 0 7 0 4 6 7 7 5 2 0 9 0
44463552 44492609 54337 1.230769 1.076923 54337 54335.921875 1.076923 0 0 2 0 0 1 3 1 1 2 0 4 0
44504270 44531976 51824 0.769231 0.538462 51824 51823.460938 0.538462 0 0 0 0 1 1 1 1 0 1 0 2 0
44543647 44571365 51847 0.384615 0.384615 51847 51846.617188 0.384615 0 0 1 1 2 1 0 0 0 0 0 0 0
44583015 44612116 54403 0.076923 0.000000 54403 54403.000000 0.000000 0 0 0 0 0 0 0 0 0 0 0 0 0
44622282 44651420 54470 0.153846 0.000000 54470 54470.000000 0.000000 0 0 0 0 0 0 0 0 0 0 0 0 0
44714113 44741765 51705 82.615387 80.769234 51705 51624.230469 80.769234 0 0 107 91 117 142 126 130 96 117 0 124 0
