27 32
43579133 43608322 54591 125.615387 122.307693 54591 54468.691406 122.307693 138 128 106 85 97 151 129 108 116 132 116 148 136
43669489 43698659 54554 0.769231 0.615385 54554 54553.382812 0.615385 0 1 0 0 1 0 2 0 1 0 0 2 1
43710254 43737954 51800 0.153846 0.000000 51800 51800.000000 0.000000 0 0 0 0 0 0 0 0 0 0 0 0 0
43749589 43778705 54454 0.230769 0.153846 54454 54453.847656 0.153846 0 0 0 1 0 0 0 0 1 0 0 0 0
43788927 43818058 54482 0.615385 0.538462 54482 54481.460938 0.538462 0 1 0 1 1 0 1 0 1 1 1 0 0
43828313 43857437 54468 1.923077 1.769231 54468 54466.230469 1.769231 3 5 3 2 1 1 2 0 3 1 1 0 1
43869080 43896755 51770 3.923077 3.846154 51770 51766.152344 3.846154 6 4 2 1 1 4 7 5 5 7 4 4 0
43908446 43937569 54485 11.153846 10.923077 54485 54474.078125 10.923077 17 7 8 7 8 16 15 11 13 11 11 10 8
43947759 43976898 54513 20.307692 19.615385 54513 54493.382812 19.615385 21 21 16 19 18 21 23 20 12 19 20 31 14
43987128 44016260 54501 42.384617 41.307693 54501 54459.691406 41.307693 45 42 33 40 26 27 48 37 29 53 65 53 39
44027923 44055580 51737 62.230770 60.923077 51737 51676.078125 60.923077 62 50 53 45 55 62 76 57 62 67 62 81 60
44067259 44094919 51723 97.461540 95.384613 51723 51627.617188 95.384613 102 86 82 79 81 109 107 71 103 108 99 112 101
44106615 44135712 54418 114.923080 112.923080 54418 54305.078125 112.923080 102 98 88 91 112 128 123 96 105 130 148 132 115
44145927 44175005 54382 119.153847 117.076920 54382 54264.921875 117.076920 104 105 86 85 103 138 148 112 96 133 153 133 126
44186731 44214406 51754 116.461540 113.230766 51754 51640.769531 113.230766 113 86 87 94 116 113 126 100 92 147 117 157 124
44226062 44253679 51265 86.923080 84.846153 51265 51180.152344 84.846153 95 80 69 69 71 98 85 88 90 86 97 99 76
44265400 44294478 54363 77.307693 76.000000 54363 54287.000000 76.000000 57 64 62 55 64 76 63 71 94 96 109 88 89
44304693 44333877 54581 42.461540 41.307693 54581 54539.691406 41.307693 44 42 36 33 45 41 31 28 33 58 50 43 53
44345501 44373216 51845 27.846153 27.000000 51845 51818.000000 27.000000 23 35 22 19 22 26 27 22 29 36 33 28 29
44384873 44412525 51481 9.230769 9.076923 51481 51471.921875 9.076923 10 5 9 12 10 4 11 13 7 16 8 7 6
44424179 44453348 54568 3.461539 3.384615 54568 54564.617188 3.384615 0 0 6 8 8 3 8 3 3 5 0 0 0
44463552 44492609 54341 1.307692 1.230769 54341 54339.769531 1.230769 0 0 1 2 2 1 2 2 3 3 0 0 0
44504270 44531976 51829 0.692308 0.538462 51829 51828.460938 0.538462 0 0 0 0 2 1 1 0 2 1 0 0 0
44543647 44571365 51851 0.153846 0.153846 51851 51850.847656 0.153846 0 0 0 0 2 0 0 0 0 0 0 0 0
44583015 44612116 54406 0.230769 0.230769 54406 54405.769531 0.230769 0 0 1 1 0 0 0 0 0 1 0 0 0
44622282 44651420 54476 0.000000 0.000000 54476 54476.000000 0.000000 0 0 0 0 0 0 0 0 0 0 0 0 0
44714113 44741765 51707 70.076920 68.230766 51707 51638.769531 68.230766 0 0 102 112 126 93 115 75 125 139 0 0 0
