27 32
43579133 43608322 54591 105.230766 102.923080 54591 54488.078125 102.923080 150 165 0 0 0 108 109 107 126 155 145 139 134
43669489 43698659 54555 0.076923 0.076923 54555 54554.921875 0.076923 0 0 0 0 0 0 0 0 0 0 0 0 1
43710254 43737954 51799 0.384615 0.076923 51799 51798.921875 0.076923 0 0 0 0 0 0 0 1 0 0 0 0 0
43749589 43778705 54454 0.538462 0.461538 54454 54453.539062 0.461538 0 2 0 0 0 0 0 0 1 0 1 2 0
43788927 43818058 54482 0.692308 0.461538 54482 54481.539062 0.461538 2 1 0 0 0 0 0 1 0 0 1 1 0
43828313 43857437 54468 1.692308 1.615385 54468 54466.382812 1.615385 1 2 0 0 0 4 2 2 3 1 6 0 0
43869080 43896755 51770 2.846154 2.846154 51770 51767.152344 2.846154 4 4 0 0 0 3 4 3 3 3 3 7 3
43908446 43937569 54484 8.000000 7.769231 54484 54476.230469 7.769231 10 8 0 0 0 9 10 12 5 14 17 11 5
43947759 43976898 54514 18.615385 18.307692 54514 54495.691406 18.307692 22 23 0 0 1 29 21 18 26 29 31 22 16
43987128 44016260 54501 33.461540 32.846153 54501 54468.152344 32.846153 44 43 0 0 0 39 50 46 51 44 40 42 28
44027923 44055580 51736 50.692307 49.461540 51736 51686.539062 49.461540 86 56 0 1 0 60 58 49 67 80 71 60 55
44067259 44094919 51723 71.615387 70.307693 51723 51652.691406 70.307693 110 90 0 1 0 77 79 89 85 95 100 103 85
44106615 44135712 54418 95.000000 93.000000 54418 54325.000000 93.000000 130 137 0 1 2 118 116 97 116 137 119 115 121
44145927 44175005 54382 100.538460 98.615387 54382 54283.382812 98.615387 146 137 1 0 0 128 126 118 114 133 145 126 108
44186731 44214406 51752 91.000000 89.076920 51752 51662.921875 89.076920 140 129 0 1 0 98 121 102 106 103 142 101 115
44226062 44253679 51265 76.230766 74.076920 51265 51190.921875 74.076920 116 103 13 13 17 74 93 80 98 103 76 77 100
44265400 44294478 54362 38.230770 37.615383 54362 54324.382812 37.615383 64 55 1 1 0 0 0 0 62 97 80 81 48
44304693 44333877 54581 22.307692 21.846153 54581 54559.152344 21.846153 32 33 0 0 0 0 0 0 41 60 48 36 34
44345501 44373216 51845 15.846154 15.076923 51845 51829.921875 15.076923 24 12 1 0 0 0 0 0 34 34 33 31 27
44384873 44412525 51481 11.692307 11.384615 51481 51469.617188 11.384615 9 9 10 9 9 15 9 11 15 11 15 15 11
44424179 44453348 54568 3.615385 3.538461 54568 54564.460938 3.538461 0 0 3 7 4 6 5 4 6 5 0 6 0
44463552 44492609 54339 1.538462 1.384615 54339 54337.617188 1.384615 0 0 0 1 3 5 0 1 3 1 0 4 0
44504270 44531976 51828 1.076923 1.000000 51828 51827.000000 1.000000 0 0 1 1 1 1 0 1 4 2 0 2 0
44543647 44571365 51851 0.538462 0.384615 51851 51850.617188 0.384615 0 0 0 0 2 1 0 0 1 1 0 0 0
44583015 44612116 54406 0.153846 0.076923 54406 54405.921875 0.076923 0 0 0 0 0 0 1 0 0 0 0 0 0
44622282 44651420 54476 0.307692 0.230769 54476 54475.769531 0.230769 0 0 0 0 1 0 0 0 0 1 0 1 0
44714113 44741765 51707 74.615387 73.384613 51707 51633.617188 73.384613 0 0 91 90 90 119 119 98 97 123 0 127 0
