27 32
43579133 43608322 54588 131.307693 127.461540 54588 54460.539062 127.461540 143 104 122 104 125 118 153 105 147 141 145 141 109
43669489 43698659 54553 0.153846 0.076923 54553 54552.921875 0.076923 0 1 0 0 0 0 0 0 0 0 0 0 0
43710254 43737954 51797 0.000000 0.000000 51797 51797.000000 0.000000 0 0 0 0 0 0 0 0 0 0 0 0 0
43749589 43778705 54451 0.307692 0.230769 54451 54450.769531 0.230769 0 2 0 0 0 0 0 0 0 0 0 1 0
43788927 43818058 54480 1.076923 0.923077 54480 54479.078125 0.923077 1 0 0 1 2 1 2 1 3 0 1 0 0
43828313 43857437 54466 1.846154 1.692308 54466 54464.308594 1.692308 1 2 4 1 2 1 3 0 2 1 4 0 1
43869080 43896755 51767 4.307693 3.923077 51767 51763.078125 3.923077 5 4 3 2 7 4 2 6 4 6 1 2 5
43908446 43937569 54481 10.923077 10.923077 54481 54470.078125 10.923077 7 7 10 11 10 13 13 9 14 16 12 8 12
43947759 43976898 54513 21.538462 21.076923 54513 54491.921875 21.076923 22 18 26 17 26 21 25 16 14 25 25 21 18
43987128 44016260 54496 44.538460 43.615383 54496 54452.382812 43.615383 46 36 42 42 44 42 46 35 39 57 49 43 46
44027923 44055580 51734 67.692307 66.846153 51734 51667.152344 66.846153 60 65 73 62 63 55 68 61 61 71 85 81 64
44067259 44094919 51721 93.076920 91.307693 51721 51629.691406 91.307693 89 80 88 69 83 90 97 82 109 111 108 111 70
44106615 44135712 54415 119.461540 117.230766 54415 54297.769531 117.230766 128 94 111 116 135 116 118 106 113 114 140 125 108
44145927 44175005 54380 131.538467 128.692307 54380 54251.308594 128.692307 115 114 111 145 116 125 128 100 121 149 152 153 144
44186731 44214406 51749 117.846153 115.923080 51749 51633.078125 115.923080 113 121 122 113 114 99 110 105 113 120 148 114 115
44226062 44253679 51263 90.769234 89.000000 51263 51174.000000 89.000000 80 79 75 84 89 99 87 70 94 104 93 99 104
44265400 44294478 54361 50.538460 48.769230 54361 54312.230469 48.769230 62 76 47 50 64 72 67 64 0 0 0 67 65
44304693 44333877 54579 30.307692 29.769230 54579 54549.230469 29.769230 32 35 36 35 37 43 39 43 0 0 0 55 32
44345501 44373216 51843 16.692308 16.153847 51843 51826.847656 16.153847 25 23 21 19 24 16 25 15 0 0 0 20 22
44384873 44412525 51478 7.846154 7.615385 51478 51470.382812 7.615385 0 0 4 9 7 7 7 9 14 7 11 15 9
44424179 44453348 54568 2.846154 2.769231 54568 54565.230469 2.769231 0 0 4 1 5 1 4 3 7 3 0 8 0
44463552 44492609 54337 2.153846 1.923077 54337 54335.078125 1.923077 0 0 4 2 0 3 4 5 1 5 0 1 0
44504270 44531976 51824 0.384615 0.384615 51824 51823.617188 0.384615 0 0 0 0 0 2 1 0 0 2 0 0 0
44543647 44571365 51848 0.000000 0.000000 51848 51848.000000 0.000000 0 0 0 0 0 0 0 0 0 0 0 0 0
44583015 44612116 54403 0.230769 0.076923 54403 54402.921875 0.076923 0 0 0 0 0 0 0 0 0 0 0 1 0
44622282 44651420 54472 0.153846 0.000000 54472 54472.000000 0.000000 0 0 0 0 0 0 0 0 0 0 0 0 0
44714113 44741765 51706 76.153847 74.230766 51706 51631.769531 74.230766 0 0 90 99 102 114 125 95 93 102 0 145 0
