27 32
43579133 43608322 54591 104.923080 102.230766 54591 54488.769531 102.230766 109 120 0 0 0 151 138 130 101 130 144 162 144
43669489 43698659 54554 0.153846 0.076923 54554 54553.921875 0.076923 0 0 0 0 0 0 0 0 0 1 0 0 0
43710254 43737954 51800 0.153846 0.000000 51800 51800.000000 0.000000 0 0 0 0 0 0 0 0 0 0 0 0 0
43749589 43778705 54454 0.692308 0.615385 54454 54453.382812 0.615385 1 3 0 0 0 0 0 0 0 1 2 0 1
43788927 43818058 54482 0.846154 0.846154 54482 54481.152344 0.846154 0 0 0 0 0 2 1 0 1 3 0 2 2
43828313 43857437 54468 1.538462 1.538462 54468 54466.460938 1.538462 0 3 0 1 0 2 1 0 2 1 3 2 5
43869080 43896755 51770 3.461539 3.384615 51770 51766.617188 3.384615 4 1 0 0 0 5 1 5 9 5 7 4 3
43908446 43937569 54484 8.615385 8.461538 54484 54475.539062 8.461538 8 9 0 0 0 11 20 6 16 9 9 12 10
43947759 43976898 54513 16.076923 15.692307 54513 54497.308594 15.692307 18 23 0 0 0 17 23 23 18 13 18 30 21
43987128 44016260 54501 35.076923 34.384617 54501 54466.617188 34.384617 52 41 1 0 0 53 48 36 35 39 46 52 44
44027923 44055580 51736 57.692307 56.692307 51736 51679.308594 56.692307 67 73 0 0 0 82 81 75 57 60 68 89 85
44067259 44094919 51723 75.461540 74.384613 51723 51648.617188 74.384613 91 80 1 0 1 108 105 92 72 102 96 117 102
44106615 44135712 54418 93.538460 91.538460 54418 54326.460938 91.538460 115 101 0 1 0 142 133 117 99 126 122 118 116
44145927 44175005 54382 105.538460 103.153847 54382 54278.847656 103.153847 147 118 0 0 0 151 130 106 98 123 149 169 150
44186731 44214406 51754 94.461540 92.538460 51754 51661.460938 92.538460 96 108 0 1 0 118 140 112 103 111 131 150 133
44226062 44253679 51265 77.923080 76.384613 51265 51188.617188 76.384613 110 89 13 15 13 97 101 82 76 87 75 133 102
44265400 44294478 54363 37.076923 36.692307 54363 54326.308594 36.692307 73 64 0 0 0 0 0 0 53 52 71 82 82
44304693 44333877 54581 20.615385 20.230770 54581 54560.769531 20.230770 57 40 0 0 0 0 0 0 35 30 23 43 35
44345501 44373216 51845 9.846154 9.846154 51845 51835.152344 9.846154 30 13 0 0 0 0 0 0 10 12 24 17 22
44384873 44412525 51481 11.230769 10.769231 51481 51470.230469 10.769231 14 9 8 10 10 16 13 9 9 6 5 20 11
44424179 44453348 54568 2.230769 2.230769 54568 54565.769531 2.230769 0 0 6 2 1 7 3 3 1 3 0 3 0
44463552 44492609 54341 1.692308 1.615385 54341 54339.382812 1.615385 0 0 2 0 0 8 4 1 0 4 0 2 0
44504270 44531976 51828 0.615385 0.538462 51828 51827.460938 0.538462 0 0 2 0 1 2 0 2 0 0 0 0 0
44543647 44571365 51851 0.307692 0.307692 51851 51850.691406 0.307692 0 0 0 0 0 2 0 1 0 1 0 0 0
44583015 44612116 54406 0.307692 0.153846 54406 54405.847656 0.153846 0 0 1 1 0 0 0 0 0 0 0 0 0
44622282 44651420 54476 0.230769 0.000000 54476 54476.000000 0.000000 0 0 0 0 0 0 0 0 0 0 0 0 0
44714113 44741765 51707 73.846153 72.384613 51707 51634.617188 72.384613 0 0 105 86 94 111 122 87 94 122 0 120 0
