136
61062044 61362044 977780 22627 21260
61362045 61662045 977912 16797 15800
61662046 61962046 977976 19016 17835
61962047 62262047 977913 22082 20715
62262048 62562048 977969 21991 20604
62562049 62862049 977912 22248 20833
62862050 63162050 977912 22062 20658
63162051 63462051 977945 21730 20372
63462052 63762052 977943 21741 20428
63762053 64062053 978014 21585 20298
64062054 64362054 978004 21714 20333
64362055 64662055 977985 21207 19930
64662056 64962056 977847 21428 20156
64962057 65262057 977978 21290 20018
65262058 65562058 977977 21210 19929
65562059 65862059 977972 21006 19798
65862060 66162060 977943 21163 19820
66162061 66462061 977946 20821 19570
66462062 66762062 977938 21067 19814
66762063 67062063 977913 20800 19547
67062064 67362064 977977 20685 19461
67362065 67662065 978036 20706 19490
67662066 67962066 977878 20738 19579
67962067 68262067 977937 20523 19333
68262068 68562068 978002 20540 19301
68562069 68862069 977917 20260 19050
68862070 69162070 977970 20360 19178
69162071 69462071 977912 20290 19091
69462072 69762072 977908 20340 19146
69762073 70062073 977907 20010 18834
70062074 70362074 977911 20051 18900
70362075 70662075 977913 19888 18717
70662076 70962076 977876 19919 18815
70962077 71262077 977912 20235 19047
71262078 71562078 977938 19887 18679
71562079 71862079 977969 19642 18556
71862080 72162080 977870 19596 18392
72162081 72462081 977976 19951 18728
72462082 72762082 977851 19691 18493
72762083 73062083 977946 19625 18438
73062084 73362084 978004 19635 18495
73362085 73662085 977781 19620 18484
73662086 73962086 977977 19428 18306
73962087 74262087 978005 19283 18140
74262088 74562088 977951 19381 18209
74562089 74862090 977953 19500 18405
74862091 75162091 977936 19282 18144
75162092 75462092 977873 19117 18068
75462093 75762093 978004 19000 17927
75762094 76062094 978017 19001 17894
76062095 76362095 977882 18975 17886
76362096 76662096 977974 18929 17837
76662097 76962097 977947 18961 17805
76962098 77262098 977813 18882 17848
77262099 77562099 977939 19010 17922
77562100 77862100 977912 18994 17898
77862101 78162101 977979 18865 17814
78162102 78462102 977907 18689 17639
78462103 78762103 977978 18797 17726
78762104 79062104 977972 18662 17635
79062105 79362105 977882 18556 17583
79362106 79662106 977918 18377 17393
79662107 79962107 977736 18751 17695
79962108 80262108 977903 18473 17453
80262109 80562109 977947 18590 17476
80562110 80862110 977901 18370 17315
80862111 81162111 977920 18334 17336
81162112 81462112 977840 18279 17268
81462113 81762113 978006 18445 17420
81762114 82062114 977851 18306 17299
82062115 82362115 978002 18245 17286
82362116 82662116 977902 18007 17055
82662117 82962117 977913 18074 17141
82962118 83262118 978007 18175 17124
83262119 83562119 977946 17803 16882
83562120 83862120 977949 17952 17015
83862121 84162121 978042 18101 17126
84162122 84462122 977843 17911 16909
84462123 84762123 977884 18112 17127
84762124 85062124 977970 17732 16797
85062125 85362125 977815 17634 16656
85362126 85662126 977906 17874 16872
85662127 85962127 977909 17915 16925
85962128 86262128 977877 17735 16819
86262129 86562129 977971 17445 16489
86562130 86862130 977906 17711 16707
86862131 87162131 977815 17386 16469
87162132 87462132 977902 17705 16732
87462133 87762133 977774 17347 16419
87762134 88062134 977868 17268 16345
88062135 88362135 977974 17592 16652
88362136 88662136 977915 17412 16499
88662137 88962137 977840 17525 16638
88962138 89262138 977913 17235 16345
89262139 89562139 977952 17033 16136
89562140 89862140 977833 17247 16298
89862141 90162141 977983 17009 16116
90162142 90462142 977949 16901 15995
90462143 90762143 978006 17009 16115
90762144 91062144 977952 17019 16111
91062145 91362145 977883 16772 15897
91362146 91662146 978007 16864 15995
91662147 91962147 977847 17068 16198
91962148 92262148 977975 16960 16052
92262149 92562149 978020 16937 16069
92562150 92862150 977879 16715 15795
92862151 93162151 977968 16675 15813
93162152 93462152 977852 16791 15893
93462153 93762153 977982 16634 15803
93762154 94062154 977970 16421 15577
94062155 94362155 977940 16805 15888
94362156 94662156 977911 16367 15476
94662157 94962157 977846 16262 15445
94962158 95262158 977846 16476 15591
95262159 95562159 978004 16526 15688
95562160 95862160 977949 16396 15556
95862161 96162161 977913 16160 15283
96162162 96462162 977788 16056 15245
96462163 96762163 977944 16236 15430
96762164 97062164 977980 15926 15114
97062165 97362165 978037 16069 15250
97362166 97662166 977912 16197 15356
97662167 97962167 977982 15876 15024
97962168 98262168 977810 15849 14995
98262169 98562169 977883 15785 14952
98562170 98862170 977907 15873 15070
98862171 99162171 977943 15809 15038
99162172 99462172 977944 15848 15040
99462173 99762173 978037 14225 13526
99762174 100062174 977943 11283 10759
100062175 100362175 977905 15867 15054
100362176 100662176 977967 15691 14884
100662177 100962177 977879 15611 14833
100962178 101262178 977974 15669 14858
101262179 101562179 977936 7291 6916
101562180 101832071 879823 0 0
