136
61062044 61362044 977780 30303 28008
61362045 61662045 977912 22624 21030
61662046 61962046 977976 25593 23679
61962047 62262047 977913 29530 27318
62262048 62562048 977969 29515 27253
62562049 62862049 977912 29754 27491
62862050 63162050 977912 29426 27241
63162051 63462051 977945 29191 27053
63462052 63762052 977943 29002 26887
63762053 64062053 978014 28928 26814
64062054 64362054 978004 29127 26964
64362055 64662055 977985 28439 26432
64662056 64962056 977847 28829 26727
64962057 65262057 977978 28687 26588
65262058 65562058 977977 28580 26455
65562059 65862059 977972 28042 26064
65862060 66162060 977943 28375 26269
66162061 66462061 977946 27845 25803
66462062 66762062 977938 28092 26092
66762063 67062063 977913 27876 25938
67062064 67362064 977977 27799 25786
67362065 67662065 978036 27679 25739
67662066 67962066 977878 27783 25885
67962067 68262067 977937 27458 25529
68262068 68562068 978002 27318 25347
68562069 68862069 977917 27276 25287
68862070 69162070 977970 27394 25435
69162071 69462071 977912 27099 25140
69462072 69762072 977908 27162 25247
69762073 70062073 977907 26854 24936
70062074 70362074 977911 26818 24974
70362075 70662075 977913 26514 24622
70662076 70962076 977876 26788 24958
70962077 71262077 977912 26964 25061
71262078 71562078 977938 26577 24682
71562079 71862079 977969 26399 24614
71862080 72162080 977870 26344 24454
72162081 72462081 977976 26621 24710
72462082 72762082 977851 26279 24448
72762083 73062083 977946 26255 24322
73062084 73362084 978004 26263 24419
73362085 73662085 977781 26300 24547
73662086 73962086 977977 26223 24331
73962087 74262087 978005 25826 24045
74262088 74562088 977951 25965 24193
74562089 74862090 977953 26164 24295
74862091 75162091 977936 25766 23999
75162092 75462092 977873 25747 24013
75462093 75762093 978004 25721 23928
75762094 76062094 978017 25590 23830
76062095 76362095 977882 25510 23708
76362096 76662096 977974 25404 23680
76662097 76962097 977947 25410 23530
76962098 77262098 977813 25441 23723
77262099 77562099 977939 25615 23873
77562100 77862100 977912 25520 23731
77862101 78162101 977979 25404 23707
78162102 78462102 977907 25281 23486
78462103 78762103 977978 25150 23448
78762104 79062104 977972 25068 23432
79062105 79362105 977882 24879 23232
79362106 79662106 977918 24688 23005
79662107 79962107 977736 25011 23332
79962108 80262108 977903 24907 23153
80262109 80562109 977947 24979 23201
80562110 80862110 977901 24605 22924
80862111 81162111 977920 24532 22903
81162112 81462112 977840 24541 22909
81462113 81762113 978006 24660 23003
81762114 82062114 977851 24529 22813
82062115 82362115 978002 24375 22797
82362116 82662116 977902 24159 22569
82662117 82962117 977913 24187 22679
82962118 83262118 978007 24165 22510
83262119 83562119 977946 23836 22351
83562120 83862120 977949 24179 22523
83862121 84162121 978042 24322 22710
84162122 84462122 977843 23959 22301
84462123 84762123 977884 24084 22507
84762124 85062124 977970 23903 22342
85062125 85362125 977815 23760 22142
85362126 85662126 977906 23848 22281
85662127 85962127 977909 23975 22396
85962128 86262128 977877 23710 22159
86262129 86562129 977971 23515 21952
86562130 86862130 977906 23707 22081
86862131 87162131 977815 23365 21890
87162132 87462132 977902 23726 22121
87462133 87762133 977774 23300 21707
87762134 88062134 977868 23188 21681
88062135 88362135 977974 23469 21942
88362136 88662136 977915 23332 21856
88662137 88962137 977840 23316 21823
88962138 89262138 977913 23131 21654
89262139 89562139 977952 22927 21452
89562140 89862140 977833 23150 21619
89862141 90162141 977983 22763 21320
90162142 90462142 977949 22787 21294
90462143 90762143 978006 22876 21427
90762144 91062144 977952 22818 21297
91062145 91362145 977883 22583 21107
91362146 91662146 978007 22569 21101
91662147 91962147 977847 22680 21261
91962148 92262148 977975 22583 21168
92262149 92562149 978020 22570 21164
92562150 92862150 977879 22404 20957
92862151 93162151 977968 22289 20900
93162152 93462152 977852 22536 21049
93462153 93762153 977982 22311 20964
93762154 94062154 977970 22110 20726
94062155 94362155 977940 22470 21010
94362156 94662156 977911 22013 20602
94662157 94962157 977846 21805 20421
94962158 95262158 977846 21903 20503
95262159 95562159 978004 22187 20778
95562160 95862160 977949 21901 20502
95862161 96162161 977913 21569 20208
96162162 96462162 977788 21691 20335
96462163 96762163 977944 21758 20444
96762164 97062164 977980 21506 20141
97062165 97362165 978037 21488 20121
97362166 97662166 977912 21672 20332
97662167 97962167 977982 21214 19885
97962168 98262168 977810 21328 19964
98262169 98562169 977883 21264 19925
98562170 98862170 977907 21402 20052
98862171 99162171 977943 21170 19893
99162172 99462172 977944 21251 19972
99462173 99762173 978037 19052 17877
99762174 100062174 977943 15035 14243
100062175 100362175 977905 21075 19776
100362176 100662176 977967 20934 19638
100662177 100962177 977879 20977 19690
100962178 101262178 977974 20970 19642
101262179 101562179 977936 9814 9227
101562180 101832071 879823 0 0
