136
61062044 61362044 977780 16670 15541
61362045 61662045 977912 12317 11554
61662046 61962046 977976 13998 13089
61962047 62262047 977913 16255 15152
62262048 62562048 977969 16084 15016
62562049 62862049 977912 16361 15282
62862050 63162050 977912 16152 15064
63162051 63462051 977945 15961 14946
63462052 63762052 977943 15999 14990
63762053 64062053 978014 15851 14809
64062054 64362054 978004 15964 14939
64362055 64662055 977985 15660 14653
64662056 64962056 977847 15716 14715
64962057 65262057 977978 15569 14547
65262058 65562058 977977 15543 14548
65562059 65862059 977972 15481 14507
65862060 66162060 977943 15649 14593
66162061 66462061 977946 15304 14321
66462062 66762062 977938 15412 14421
66762063 67062063 977913 15290 14329
67062064 67362064 977977 15276 14347
67362065 67662065 978036 15259 14290
67662066 67962066 977878 15213 14278
67962067 68262067 977937 15023 14059
68262068 68562068 978002 15077 14076
68562069 68862069 977917 14941 14025
68862070 69162070 977970 14896 14020
69162071 69462071 977912 14996 14028
69462072 69762072 977908 14928 14010
69762073 70062073 977907 14716 13777
70062074 70362074 977911 14634 13735
70362075 70662075 977913 14561 13665
70662076 70962076 977876 14612 13736
70962077 71262077 977912 14956 14033
71262078 71562078 977938 14632 13736
71562079 71862079 977969 14442 13585
71862080 72162080 977870 14266 13359
72162081 72462081 977976 14551 13631
72462082 72762082 977851 14382 13502
72762083 73062083 977946 14407 13499
73062084 73362084 978004 14452 13527
73362085 73662085 977781 14299 13434
73662086 73962086 977977 14290 13436
73962087 74262087 978005 14105 13210
74262088 74562088 977951 14167 13285
74562089 74862090 977953 14265 13391
74862091 75162091 977936 14216 13346
75162092 75462092 977873 13960 13119
75462093 75762093 978004 13930 13087
75762094 76062094 978017 14031 13149
76062095 76362095 977882 13922 13063
76362096 76662096 977974 13947 13075
76662097 76962097 977947 14048 13125
76962098 77262098 977813 13931 13108
77262099 77562099 977939 13917 13077
77562100 77862100 977912 13972 13121
77862101 78162101 977979 13814 12998
78162102 78462102 977907 13728 12932
78462103 78762103 977978 13773 12962
78762104 79062104 977972 13648 12847
79062105 79362105 977882 13628 12871
79362106 79662106 977918 13451 12697
79662107 79962107 977736 13894 13078
79962108 80262108 977903 13566 12769
80262109 80562109 977947 13655 12797
80562110 80862110 977901 13461 12645
80862111 81162111 977920 13483 12689
81162112 81462112 977840 13391 12615
81462113 81762113 978006 13634 12827
81762114 82062114 977851 13589 12829
82062115 82362115 978002 13415 12646
82362116 82662116 977902 13330 12560
82662117 82962117 977913 13214 12451
82962118 83262118 978007 13292 12493
83262119 83562119 977946 12998 12293
83562120 83862120 977949 13230 12490
83862121 84162121 978042 13318 12539
84162122 84462122 977843 13073 12310
84462123 84762123 977884 13323 12546
84762124 85062124 977970 13027 12275
85062125 85362125 977815 12819 12071
85362126 85662126 977906 13118 12309
85662127 85962127 977909 13166 12430
85962128 86262128 977877 13015 12297
86262129 86562129 977971 12793 12045
86562130 86862130 977906 12941 12185
86862131 87162131 977815 12707 12002
87162132 87462132 977902 13018 12241
87462133 87762133 977774 12702 11967
87762134 88062134 977868 12729 12004
88062135 88362135 977974 12854 12129
88362136 88662136 977915 12705 11965
88662137 88962137 977840 12806 12121
88962138 89262138 977913 12655 11943
89262139 89562139 977952 12496 11761
89562140 89862140 977833 12625 11873
89862141 90162141 977983 12379 11672
90162142 90462142 977949 12324 11625
90462143 90762143 978006 12486 11793
90762144 91062144 977952 12484 11766
91062145 91362145 977883 12147 11482
91362146 91662146 978007 12329 11634
91662147 91962147 977847 12545 11886
91962148 92262148 977975 12356 11661
92262149 92562149 978020 12429 11785
92562150 92862150 977879 12290 11583
92862151 93162151 977968 12249 11568
93162152 93462152 977852 12383 11658
93462153 93762153 977982 12175 11501
93762154 94062154 977970 11980 11317
94062155 94362155 977940 12321 11658
94362156 94662156 977911 12037 11349
94662157 94962157 977846 11866 11211
94962158 95262158 977846 12084 11378
95262159 95562159 978004 12110 11445
95562160 95862160 977949 12036 11334
95862161 96162161 977913 11866 11208
96162162 96462162 977788 11680 11064
96462163 96762163 977944 11840 11245
96762164 97062164 977980 11697 11045
97062165 97362165 978037 11898 11259
97362166 97662166 977912 11885 11225
97662167 97962167 977982 11561 10922
97962168 98262168 977810 11591 10947
98262169 98562169 977883 11523 10889
98562170 98862170 977907 11537 10942
98862171 99162171 977943 11594 10967
99162172 99462172 977944 11545 10919
99462173 99762173 978037 10408 9803
99762174 100062174 977943 8285 7868
100062175 100362175 977905 11535 10906
100362176 100662176 977967 11415 10788
100662177 100962177 977879 11423 10811
100962178 101262178 977974 11426 10817
101262179 101562179 977936 5356 5064
101562180 101832071 879823 0 0
