136
61062044 61362044 977780 32048 29135
61362045 61662045 977912 23770 21801
61662046 61962046 977976 27017 24656
61962047 62262047 977913 31133 28318
62262048 62562048 977969 31089 28245
62562049 62862049 977912 31335 28464
62862050 63162050 977912 30935 28253
63162051 63462051 977945 30746 28057
63462052 63762052 977943 30565 27904
63762053 64062053 978014 30507 27821
64062054 64362054 978004 30731 27980
64362055 64662055 977985 30072 27503
64662056 64962056 977847 30401 27746
64962057 65262057 977978 30130 27514
65262058 65562058 977977 30071 27417
65562059 65862059 977972 29511 27044
65862060 66162060 977943 29958 27300
66162061 66462061 977946 29373 26779
66462062 66762062 977938 29591 27030
66762063 67062063 977913 29373 26870
67062064 67362064 977977 29293 26760
67362065 67662065 978036 29175 26733
67662066 67962066 977878 29257 26831
67962067 68262067 977937 28961 26468
68262068 68562068 978002 28759 26291
68562069 68862069 977917 28783 26290
68862070 69162070 977970 28838 26374
69162071 69462071 977912 28567 26106
69462072 69762072 977908 28621 26187
69762073 70062073 977907 28325 25905
70062074 70362074 977911 28253 25865
70362075 70662075 977913 27877 25515
70662076 70962076 977876 28222 25892
70962077 71262077 977912 28319 25976
71262078 71562078 977938 27965 25614
71562079 71862079 977969 27837 25576
71862080 72162080 977870 27773 25398
72162081 72462081 977976 28116 25703
72462082 72762082 977851 27701 25361
72762083 73062083 977946 27594 25214
73062084 73362084 978004 27691 25343
73362085 73662085 977781 27706 25457
73662086 73962086 977977 27605 25246
73962087 74262087 978005 27247 24998
74262088 74562088 977951 27340 25092
74562089 74862090 977953 27496 25149
74862091 75162091 977936 27152 24919
75162092 75462092 977873 27071 24909
75462093 75762093 978004 27063 24828
75762094 76062094 978017 26941 24691
76062095 76362095 977882 26854 24610
76362096 76662096 977974 26814 24588
76662097 76962097 977947 26800 24453
76962098 77262098 977813 26875 24652
77262099 77562099 977939 26959 24745
77562100 77862100 977912 26852 24619
77862101 78162101 977979 26770 24638
78162102 78462102 977907 26661 24413
78462103 78762103 977978 26450 24266
78762104 79062104 977972 26420 24293
79062105 79362105 977882 26218 24125
79362106 79662106 977918 25921 23812
79662107 79962107 977736 26380 24234
79962108 80262108 977903 26280 24075
80262109 80562109 977947 26275 24069
80562110 80862110 977901 25918 23809
80862111 81162111 977920 25875 23762
81162112 81462112 977840 25810 23766
81462113 81762113 978006 25917 23862
81762114 82062114 977851 25840 23694
82062115 82362115 978002 25687 23646
82362116 82662116 977902 25423 23433
82662117 82962117 977913 25454 23485
82962118 83262118 978007 25430 23357
83262119 83562119 977946 25164 23253
83562120 83862120 977949 25452 23401
83862121 84162121 978042 25627 23587
84162122 84462122 977843 25238 23174
84462123 84762123 977884 25373 23386
84762124 85062124 977970 25187 23224
85062125 85362125 977815 24939 22949
85362126 85662126 977906 25153 23144
85662127 85962127 977909 25268 23236
85962128 86262128 977877 24944 23015
86262129 86562129 977971 24790 22811
86562130 86862130 977906 24928 22898
86862131 87162131 977815 24647 22726
87162132 87462132 977902 24962 22969
87462133 87762133 977774 24553 22562
87762134 88062134 977868 24409 22482
88062135 88362135 977974 24693 22764
88362136 88662136 977915 24543 22681
88662137 88962137 977840 24569 22665
88962138 89262138 977913 24341 22480
89262139 89562139 977952 24133 22281
89562140 89862140 977833 24340 22414
89862141 90162141 977983 24013 22147
90162142 90462142 977949 23951 22093
90462143 90762143 978006 24045 22216
90762144 91062144 977952 24028 22123
91062145 91362145 977883 23798 21910
91362146 91662146 978007 23759 21916
91662147 91962147 977847 23821 21996
91962148 92262148 977975 23797 21958
92262149 92562149 978020 23779 21961
92562150 92862150 977879 23538 21717
92862151 93162151 977968 23430 21664
93162152 93462152 977852 23672 21826
93462153 93762153 977982 23524 21772
93762154 94062154 977970 23270 21474
94062155 94362155 977940 23612 21814
94362156 94662156 977911 23214 21412
94662157 94962157 977846 23025 21225
94962158 95262158 977846 23074 21292
95262159 95562159 978004 23358 21576
95562160 95862160 977949 23097 21310
95862161 96162161 977913 22775 21040
96162162 96462162 977788 22856 21121
96462163 96762163 977944 22933 21250
96762164 97062164 977980 22594 20887
97062165 97362165 978037 22640 20915
97362166 97662166 977912 22743 21013
97662167 97962167 977982 22322 20630
97962168 98262168 977810 22525 20788
98262169 98562169 977883 22422 20721
98562170 98862170 977907 22538 20865
98862171 99162171 977943 22374 20691
99162172 99462172 977944 22441 20802
99462173 99762173 978037 20062 18557
99762174 100062174 977943 15766 14777
100062175 100362175 977905 22187 20555
100362176 100662176 977967 21985 20363
100662177 100962177 977879 22060 20440
100962178 101262178 977974 22098 20451
101262179 101562179 977936 10329 9580
101562180 101832071 879823 0 0
