136
61062044 61362044 977780 33416 29634
61362045 61662045 977912 24785 22217
61662046 61962046 977976 28124 25056
61962047 62262047 977913 32505 28792
62262048 62562048 977969 32490 28700
62562049 62862049 977912 32636 28976
62862050 63162050 977912 32227 28720
63162051 63462051 977945 32049 28517
63462052 63762052 977943 31863 28371
63762053 64062053 978014 31785 28285
64062054 64362054 978004 32047 28494
64362055 64662055 977985 31282 27959
64662056 64962056 977847 31687 28225
64962057 65262057 977978 31371 27954
65262058 65562058 977977 31361 27904
65562059 65862059 977972 30706 27502
65862060 66162060 977943 31265 27773
66162061 66462061 977946 30554 27241
66462062 66762062 977938 30859 27503
66762063 67062063 977913 30599 27348
67062064 67362064 977977 30556 27201
67362065 67662065 978036 30458 27177
67662066 67962066 977878 30534 27280
67962067 68262067 977937 30191 26929
68262068 68562068 978002 29899 26735
68562069 68862069 977917 29985 26707
68862070 69162070 977970 30003 26800
69162071 69462071 977912 29780 26582
69462072 69762072 977908 29768 26632
69762073 70062073 977907 29556 26377
70062074 70362074 977911 29476 26342
70362075 70662075 977913 28977 25971
70662076 70962076 977876 29386 26284
70962077 71262077 977912 29531 26417
71262078 71562078 977938 29195 26106
71562079 71862079 977969 29061 26005
71862080 72162080 977870 28970 25837
72162081 72462081 977976 29245 26132
72462082 72762082 977851 28849 25791
72762083 73062083 977946 28690 25615
73062084 73362084 978004 28886 25809
73362085 73662085 977781 28891 25899
73662086 73962086 977977 28722 25667
73962087 74262087 978005 28374 25400
74262088 74562088 977951 28479 25531
74562089 74862090 977953 28619 25580
74862091 75162091 977936 28320 25351
75162092 75462092 977873 28146 25311
75462093 75762093 978004 28185 25276
75762094 76062094 978017 28072 25126
76062095 76362095 977882 27961 25021
76362096 76662096 977974 27865 25001
76662097 76962097 977947 27905 24854
76962098 77262098 977813 27926 25045
77262099 77562099 977939 28104 25175
77562100 77862100 977912 27968 25065
77862101 78162101 977979 27861 25057
78162102 78462102 977907 27769 24820
78462103 78762103 977978 27555 24700
78762104 79062104 977972 27552 24746
79062105 79362105 977882 27334 24521
79362106 79662106 977918 27004 24211
79662107 79962107 977736 27462 24652
79962108 80262108 977903 27336 24527
80262109 80562109 977947 27372 24480
80562110 80862110 977901 26942 24202
80862111 81162111 977920 26888 24165
81162112 81462112 977840 26872 24164
81462113 81762113 978006 26940 24270
81762114 82062114 977851 26906 24112
82062115 82362115 978002 26709 24031
82362116 82662116 977902 26460 23838
82662117 82962117 977913 26483 23843
82962118 83262118 978007 26494 23772
83262119 83562119 977946 26189 23647
83562120 83862120 977949 26515 23830
83862121 84162121 978042 26699 23961
84162122 84462122 977843 26260 23569
84462123 84762123 977884 26377 23783
84762124 85062124 977970 26230 23604
85062125 85362125 977815 25923 23346
85362126 85662126 977906 26094 23493
85662127 85962127 977909 26358 23656
85962128 86262128 977877 25940 23377
86262129 86562129 977971 25743 23181
86562130 86862130 977906 25952 23322
86862131 87162131 977815 25690 23134
87162132 87462132 977902 25930 23344
87462133 87762133 977774 25469 22928
87762134 88062134 977868 25387 22895
88062135 88362135 977974 25674 23182
88362136 88662136 977915 25507 23096
88662137 88962137 977840 25578 23059
88962138 89262138 977913 25327 22873
89262139 89562139 977952 25074 22632
89562140 89862140 977833 25292 22792
89862141 90162141 977983 24998 22510
90162142 90462142 977949 24883 22427
90462143 90762143 978006 25001 22570
90762144 91062144 977952 25035 22532
91062145 91362145 977883 24793 22278
91362146 91662146 978007 24722 22307
91662147 91962147 977847 24811 22384
91962148 92262148 977975 24697 22292
92262149 92562149 978020 24775 22339
92562150 92862150 977879 24482 22114
92862151 93162151 977968 24370 22052
93162152 93462152 977852 24605 22214
93462153 93762153 977982 24402 22105
93762154 94062154 977970 24195 21832
94062155 94362155 977940 24555 22195
94362156 94662156 977911 24176 21791
94662157 94962157 977846 23929 21565
94962158 95262158 977846 23976 21627
95262159 95562159 978004 24295 21914
95562160 95862160 977949 23975 21651
95862161 96162161 977913 23675 21407
96162162 96462162 977788 23774 21475
96462163 96762163 977944 23828 21609
96762164 97062164 977980 23483 21226
97062165 97362165 978037 23546 21307
97362166 97662166 977912 23640 21337
97662167 97962167 977982 23186 20968
97962168 98262168 977810 23407 21122
98262169 98562169 977883 23273 21051
98562170 98862170 977907 23404 21202
98862171 99162171 977943 23257 21054
99162172 99462172 977944 23350 21153
99462173 99762173 978037 20833 18867
99762174 100062174 977943 16358 15010
100062175 100362175 977905 23020 20912
100362176 100662176 977967 22858 20709
100662177 100962177 977879 22869 20769
100962178 101262178 977974 22934 20802
101262179 101562179 977936 10735 9719
101562180 101832071 879823 0 0
