135 74
61062044 61362044 977780 22627 21260 206 46755.141180
61362045 61662045 977912 16797 15800 206 35370.657654
61662046 61962046 977976 19016 17835 206 39531.630465
61962047 62262047 977913 22082 20715 206 46022.278660
62262048 62562048 977969 21991 20604 206 45853.721760
62562049 62862049 977912 22248 20833 206 45697.596610
62862050 63162050 977912 22062 20658 206 45515.689740
63162051 63462051 977945 21730 20372 206 45321.444970
63462052 63762052 977943 21741 20428 206 45131.477660
63762053 64062053 978014 21585 20298 205 44730.117660
64062054 64362054 978004 21714 20333 206 44772.589700
64362055 64662055 977985 21207 19930 206 44623.051490
64662056 64962056 977847 21428 20156 206 44413.003250
64962057 65262057 977978 21290 20018 206 44267.257110
65262058 65562058 977977 21210 19929 206 44083.695100
65562059 65862059 977972 21006 19798 206 43955.098330
65862060 66162060 977943 21163 19820 206 43740.882510
66162061 66462061 977946 20821 19570 206 43614.340080
66462062 66762062 977938 21067 19814 206 43378.830270
66762063 67062063 977913 20800 19547 206 43223.342380
67062064 67362064 977977 20685 19461 205 42850.214260
67362065 67662065 978036 20706 19490 206 42950.029450
67662066 67962066 977878 20738 19579 206 42849.406430
67962067 68262067 977937 20523 19333 206 42727.898930
68262068 68562068 978002 20540 19301 206 42527.927460
68562069 68862069 977917 20260 19050 206 42411.740280
68862070 69162070 977970 20360 19178 206 42314.889470
69162071 69462071 977912 20290 19091 206 42199.725680
69462072 69762072 977908 20340 19146 206 42049.115870
69762073 70062073 977907 20010 18834 206 41894.847620
70062074 70362074 977911 20051 18900 206 41725.464220
70362075 70662075 977913 19888 18717 205 41396.567250
70662076 70962076 977876 19919 18815 206 41444.718590
70962077 71262077 977912 20235 19047 206 41359.207330
71262078 71562078 977938 19887 18679 206 41226.125690
71562079 71862079 977969 19642 18556 206 41140.093220
71862080 72162080 977870 19596 18392 206 40980.173770
72162081 72462081 977976 19951 18728 206 40914.643040
72462082 72762082 977851 19691 18493 206 40832.084750
72762083 73062083 977946 19625 18438 206 40693.128420
73062084 73362084 978004 19635 18495 206 40648.619890
73362085 73662085 977781 19620 18484 206 40556.001170
73662086 73962086 977977 19428 18306 205 40192.246540
73962087 74262087 978005 19283 18140 206 40276.049320
74262088 74562088 977951 19381 18209 206 40166.878960
74562089 74862090 977953 19500 18405 206 40059.238560
74862091 75162091 977936 19282 18144 206 39943.669620
75162092 75462092 977873 19117 18068 206 39871.232100
75462093 75762093 978004 19000 17927 206 39775.080830
75762094 76062094 978017 19001 17894 206 39707.989710
76062095 76362095 977882 18975 17886 206 39622.274360
76362096 76662096 977974 18929 17837 206 39546.919080
76662097 76962097 977947 18961 17805 206 39466.231040
76962098 77262098 977813 18882 17848 206 39390.571700
77262099 77562099 977939 19010 17922 205 39087.822750
77562100 77862100 977912 18994 17898 206 39167.471310
77862101 78162101 977979 18865 17814 206 39075.841920
78162102 78462102 977907 18689 17639 206 38997.172830
78462103 78762103 977978 18797 17726 206 38926.103340
78762104 79062104 977972 18662 17635 206 38843.816460
79062105 79362105 977882 18556 17583 206 38747.518600
79362106 79662106 977918 18377 17393 206 38668.870950
79662107 79962107 977736 18751 17695 206 38564.656180
79962108 80262108 977903 18473 17453 206 38484.571690
80262109 80562109 977947 18590 17476 206 38421.215330
80562110 80862110 977901 18370 17315 205 38141.069480
80862111 81162111 977920 18334 17336 206 38222.162680
81162112 81462112 977840 18279 17268 206 38139.174480
81462113 81762113 978006 18445 17420 206 38029.893970
81762114 82062114 977851 18306 17299 206 37926.111480
82062115 82362115 978002 18245 17286 206 37852.775770
82362116 82662116 977902 18007 17055 206 37765.981930
82662117 82962117 977913 18074 17141 206 37697.413100
82962118 83262118 978007 18175 17124 206 37612.783830
83262119 83562119 977946 17803 16882 206 37524.298420
83562120 83862120 977949 17952 17015 206 37463.746290
83862121 84162121 978042 18101 17126 205 37187.898290
84162122 84462122 977843 17911 16909 206 37277.889890
84462123 84762123 977884 18112 17127 206 37188.311610
84762124 85062124 977970 17732 16797 206 37099.492190
85062125 85362125 977815 17634 16656 206 37018.452860
85362126 85662126 977906 17874 16872 206 36923.379060
85662127 85962127 977909 17915 16925 206 36844.233180
85962128 86262128 977877 17735 16819 206 36745.924090
86262129 86562129 977971 17445 16489 206 36640.443860
86562130 86862130 977906 17711 16707 206 36552.873750
86862131 87162131 977815 17386 16469 206 36473.100020
87162132 87462132 977902 17705 16732 205 36217.866170
87462133 87762133 977774 17347 16419 206 36318.457620
87762134 88062134 977868 17268 16345 206 36232.360100
88062135 88362135 977974 17592 16652 206 36121.520090
88362136 88662136 977915 17412 16499 206 36035.461710
88662137 88962137 977840 17525 16638 206 35946.711270
88962138 89262138 977913 17235 16345 206 35849.373330
89262139 89562139 977952 17033 16136 206 35750.845770
89562140 89862140 977833 17247 16298 206 35680.604350
89862141 90162141 977983 17009 16116 206 35600.532630
90162142 90462142 977949 16901 15995 206 35491.456040
90462143 90762143 978006 17009 16115 206 35379.972990
90762144 91062144 977952 17019 16111 205 35121.024610
91062145 91362145 977883 16772 15897 206 35208.017810
91362146 91662146 978007 16864 15995 206 35116.838670
91662147 91962147 977847 17068 16198 206 35034.963710
91962148 92262148 977975 16960 16052 206 34963.730980
92262149 92562149 978020 16937 16069 206 34866.975430
92562150 92862150 977879 16715 15795 206 34734.094490
92862151 93162151 977968 16675 15813 206 34631.646820
93162152 93462152 977852 16791 15893 206 34525.490460
93462153 93762153 977982 16634 15803 206 34418.025230
93762154 94062154 977970 16421 15577 206 34269.117270
94062155 94362155 977940 16805 15888 205 34003.097900
94362156 94662156 977911 16367 15476 206 34111.911700
94662157 94962157 977846 16262 15445 206 34053.635270
94962158 95262158 977846 16476 15591 206 34005.502670
95262159 95562159 978004 16526 15688 206 33942.640590
95562160 95862160 977949 16396 15556 206 33890.067220
95862161 96162161 977913 16160 15283 206 33729.177020
96162162 96462162 977788 16056 15245 206 33659.378720
96462163 96762163 977944 16236 15430 206 33549.284300
96762164 97062164 977980 15926 15114 206 33449.577170
97062165 97362165 978037 16069 15250 206 33368.988480
97362166 97662166 977912 16197 15356 205 33134.812690
97662167 97962167 977982 15876 15024 206 33230.177990
97962168 98262168 977810 15849 14995 206 33150.323360
98262169 98562169 977883 15785 14952 206 33101.675300
98562170 98862170 977907 15873 15070 206 33016.566230
98862171 99162171 977943 15809 15038 206 32860.410350
99162172 99462172 977944 15848 15040 206 32736.176680
99462173 99762173 978037 14225 13526 206 29382.562829
99762174 100062174 977943 11283 10759 206 23027.314570
100062175 100362175 977905 15867 15054 206 32501.205860
100362176 100662176 977967 15691 14884 206 32415.300510
100662177 100962177 977879 15611 14833 206 32320.980850
100962178 101262178 977974 15669 14858 205 32110.550390
101262179 101562179 977936 7291 6916 99 15454.659990
