135 74
61062044 61362044 977780 32048 29135 206 46755.141180
61362045 61662045 977912 23770 21801 206 35370.657654
61662046 61962046 977976 27017 24656 206 39531.630465
61962047 62262047 977913 31133 28318 206 46022.278660
62262048 62562048 977969 31089 28245 206 45853.721760
62562049 62862049 977912 31335 28464 206 45697.596610
62862050 63162050 977912 30935 28253 206 45515.689740
63162051 63462051 977945 30746 28057 206 45321.444970
63462052 63762052 977943 30565 27904 206 45131.477660
63762053 64062053 978014 30507 27821 205 44730.117660
64062054 64362054 978004 30731 27980 206 44772.589700
64362055 64662055 977985 30072 27503 206 44623.051490
64662056 64962056 977847 30401 27746 206 44413.003250
64962057 65262057 977978 30130 27514 206 44267.257110
65262058 65562058 977977 30071 27417 206 44083.695100
65562059 65862059 977972 29511 27044 206 43955.098330
65862060 66162060 977943 29958 27300 206 43740.882510
66162061 66462061 977946 29373 26779 206 43614.340080
66462062 66762062 977938 29591 27030 206 43378.830270
66762063 67062063 977913 29373 26870 206 43223.342380
67062064 67362064 977977 29293 26760 205 42850.214260
67362065 67662065 978036 29175 26733 206 42950.029450
67662066 67962066 977878 29257 26831 206 42849.406430
67962067 68262067 977937 28961 26468 206 42727.898930
68262068 68562068 978002 28759 26291 206 42527.927460
68562069 68862069 977917 28783 26290 206 42411.740280
68862070 69162070 977970 28838 26374 206 42314.889470
69162071 69462071 977912 28567 26106 206 42199.725680
69462072 69762072 977908 28621 26187 206 42049.115870
69762073 70062073 977907 28325 25905 206 41894.847620
70062074 70362074 977911 28253 25865 206 41725.464220
70362075 70662075 977913 27877 25515 205 41396.567250
70662076 70962076 977876 28222 25892 206 41444.718590
70962077 71262077 977912 28319 25976 206 41359.207330
71262078 71562078 977938 27965 25614 206 41226.125690
71562079 71862079 977969 27837 25576 206 41140.093220
71862080 72162080 977870 27773 25398 206 40980.173770
72162081 72462081 977976 28116 25703 206 40914.643040
72462082 72762082 977851 27701 25361 206 40832.084750
72762083 73062083 977946 27594 25214 206 40693.128420
73062084 73362084 978004 27691 25343 206 40648.619890
73362085 73662085 977781 27706 25457 206 40556.001170
73662086 73962086 977977 27605 25246 205 40192.246540
73962087 74262087 978005 27247 24998 206 40276.049320
74262088 74562088 977951 27340 25092 206 40166.878960
74562089 74862090 977953 27496 25149 206 40059.238560
74862091 75162091 977936 27152 24919 206 39943.669620
75162092 75462092 977873 27071 24909 206 39871.232100
75462093 75762093 978004 27063 24828 206 39775.080830
75762094 76062094 978017 26941 24691 206 39707.989710
76062095 76362095 977882 26854 24610 206 39622.274360
76362096 76662096 977974 26814 24588 206 39546.919080
76662097 76962097 977947 26800 24453 206 39466.231040
76962098 77262098 977813 26875 24652 206 39390.571700
77262099 77562099 977939 26959 24745 205 39087.822750
77562100 77862100 977912 26852 24619 206 39167.471310
77862101 78162101 977979 26770 24638 206 39075.841920
78162102 78462102 977907 26661 24413 206 38997.172830
78462103 78762103 977978 26450 24266 206 38926.103340
78762104 79062104 977972 26420 24293 206 38843.816460
79062105 79362105 977882 26218 24125 206 38747.518600
79362106 79662106 977918 25921 23812 206 38668.870950
79662107 79962107 977736 26380 24234 206 38564.656180
79962108 80262108 977903 26280 24075 206 38484.571690
80262109 80562109 977947 26275 24069 206 38421.215330
80562110 80862110 977901 25918 23809 205 38141.069480
80862111 81162111 977920 25875 23762 206 38222.162680
81162112 81462112 977840 25810 23766 206 38139.174480
81462113 81762113 978006 25917 23862 206 38029.893970
81762114 82062114 977851 25840 23694 206 37926.111480
82062115 82362115 978002 25687 23646 206 37852.775770
82362116 82662116 977902 25423 23433 206 37765.981930
82662117 82962117 977913 25454 23485 206 37697.413100
82962118 83262118 978007 25430 23357 206 37612.783830
83262119 83562119 977946 25164 23253 206 37524.298420
83562120 83862120 977949 25452 23401 206 37463.746290
83862121 84162121 978042 25627 23587 205 37187.898290
84162122 84462122 977843 25238 23174 206 37277.889890
84462123 84762123 977884 25373 23386 206 37188.311610
84762124 85062124 977970 25187 23224 206 37099.492190
85062125 85362125 977815 24939 22949 206 37018.452860
85362126 85662126 977906 25153 23144 206 36923.379060
85662127 85962127 977909 25268 23236 206 36844.233180
85962128 86262128 977877 24944 23015 206 36745.924090
86262129 86562129 977971 24790 22811 206 36640.443860
86562130 86862130 977906 24928 22898 206 36552.873750
86862131 87162131 977815 24647 22726 206 36473.100020
87162132 87462132 977902 24962 22969 205 36217.866170
87462133 87762133 977774 24553 22562 206 36318.457620
87762134 88062134 977868 24409 22482 206 36232.360100
88062135 88362135 977974 24693 22764 206 36121.520090
88362136 88662136 977915 24543 22681 206 36035.461710
88662137 88962137 977840 24569 22665 206 35946.711270
88962138 89262138 977913 24341 22480 206 35849.373330
89262139 89562139 977952 24133 22281 206 35750.845770
89562140 89862140 977833 24340 22414 206 35680.604350
89862141 90162141 977983 24013 22147 206 35600.532630
90162142 90462142 977949 23951 22093 206 35491.456040
90462143 90762143 978006 24045 22216 206 35379.972990
90762144 91062144 977952 24028 22123 205 35121.024610
91062145 91362145 977883 23798 21910 206 35208.017810
91362146 91662146 978007 23759 21916 206 35116.838670
91662147 91962147 977847 23821 21996 206 35034.963710
91962148 92262148 977975 23797 21958 206 34963.730980
92262149 92562149 978020 23779 21961 206 34866.975430
92562150 92862150 977879 23538 21717 206 34734.094490
92862151 93162151 977968 23430 21664 206 34631.646820
93162152 93462152 977852 23672 21826 206 34525.490460
93462153 93762153 977982 23524 21772 206 34418.025230
93762154 94062154 977970 23270 21474 206 34269.117270
94062155 94362155 977940 23612 21814 205 34003.097900
94362156 94662156 977911 23214 21412 206 34111.911700
94662157 94962157 977846 23025 21225 206 34053.635270
94962158 95262158 977846 23074 21292 206 34005.502670
95262159 95562159 978004 23358 21576 206 33942.640590
95562160 95862160 977949 23097 21310 206 33890.067220
95862161 96162161 977913 22775 21040 206 33729.177020
96162162 96462162 977788 22856 21121 206 33659.378720
96462163 96762163 977944 22933 21250 206 33549.284300
96762164 97062164 977980 22594 20887 206 33449.577170
97062165 97362165 978037 22640 20915 206 33368.988480
97362166 97662166 977912 22743 21013 205 33134.812690
97662167 97962167 977982 22322 20630 206 33230.177990
97962168 98262168 977810 22525 20788 206 33150.323360
98262169 98562169 977883 22422 20721 206 33101.675300
98562170 98862170 977907 22538 20865 206 33016.566230
98862171 99162171 977943 22374 20691 206 32860.410350
99162172 99462172 977944 22441 20802 206 32736.176680
99462173 99762173 978037 20062 18557 206 29382.562829
99762174 100062174 977943 15766 14777 206 23027.314570
100062175 100362175 977905 22187 20555 206 32501.205860
100362176 100662176 977967 21985 20363 206 32415.300510
100662177 100962177 977879 22060 20440 206 32320.980850
100962178 101262178 977974 22098 20451 205 32110.550390
101262179 101562179 977936 10329 9580 99 15454.659990
