135 74
61062044 61362044 977780 16670 15541 206 46755.141180
61362045 61662045 977912 12317 11554 206 35370.657654
61662046 61962046 977976 13998 13089 206 39531.630465
61962047 62262047 977913 16255 15152 206 46022.278660
62262048 62562048 977969 16084 15016 206 45853.721760
62562049 62862049 977912 16361 15282 206 45697.596610
62862050 63162050 977912 16152 15064 206 45515.689740
63162051 63462051 977945 15961 14946 206 45321.444970
63462052 63762052 977943 15999 14990 206 45131.477660
63762053 64062053 978014 15851 14809 205 44730.117660
64062054 64362054 978004 15964 14939 206 44772.589700
64362055 64662055 977985 15660 14653 206 44623.051490
64662056 64962056 977847 15716 14715 206 44413.003250
64962057 65262057 977978 15569 14547 206 44267.257110
65262058 65562058 977977 15543 14548 206 44083.695100
65562059 65862059 977972 15481 14507 206 43955.098330
65862060 66162060 977943 15649 14593 206 43740.882510
66162061 66462061 977946 15304 14321 206 43614.340080
66462062 66762062 977938 15412 14421 206 43378.830270
66762063 67062063 977913 15290 14329 206 43223.342380
67062064 67362064 977977 15276 14347 205 42850.214260
67362065 67662065 978036 15259 14290 206 42950.029450
67662066 67962066 977878 15213 14278 206 42849.406430
67962067 68262067 977937 15023 14059 206 42727.898930
68262068 68562068 978002 15077 14076 206 42527.927460
68562069 68862069 977917 14941 14025 206 42411.740280
68862070 69162070 977970 14896 14020 206 42314.889470
69162071 69462071 977912 14996 14028 206 42199.725680
69462072 69762072 977908 14928 14010 206 42049.115870
69762073 70062073 977907 14716 13777 206 41894.847620
70062074 70362074 977911 14634 13735 206 41725.464220
70362075 70662075 977913 14561 13665 205 41396.567250
70662076 70962076 977876 14612 13736 206 41444.718590
70962077 71262077 977912 14956 14033 206 41359.207330
71262078 71562078 977938 14632 13736 206 41226.125690
71562079 71862079 977969 14442 13585 206 41140.093220
71862080 72162080 977870 14266 13359 206 40980.173770
72162081 72462081 977976 14551 13631 206 40914.643040
72462082 72762082 977851 14382 13502 206 40832.084750
72762083 73062083 977946 14407 13499 206 40693.128420
73062084 73362084 978004 14452 13527 206 40648.619890
73362085 73662085 977781 14299 13434 206 40556.001170
73662086 73962086 977977 14290 13436 205 40192.246540
73962087 74262087 978005 14105 13210 206 40276.049320
74262088 74562088 977951 14167 13285 206 40166.878960
74562089 74862090 977953 14265 13391 206 40059.238560
74862091 75162091 977936 14216 13346 206 39943.669620
75162092 75462092 977873 13960 13119 206 39871.232100
75462093 75762093 978004 13930 13087 206 39775.080830
75762094 76062094 978017 14031 13149 206 39707.989710
76062095 76362095 977882 13922 13063 206 39622.274360
76362096 76662096 977974 13947 13075 206 39546.919080
76662097 76962097 977947 14048 13125 206 39466.231040
76962098 77262098 977813 13931 13108 206 39390.571700
77262099 77562099 977939 13917 13077 205 39087.822750
77562100 77862100 977912 13972 13121 206 39167.471310
77862101 78162101 977979 13814 12998 206 39075.841920
78162102 78462102 977907 13728 12932 206 38997.172830
78462103 78762103 977978 13773 12962 206 38926.103340
78762104 79062104 977972 13648 12847 206 38843.816460
79062105 79362105 977882 13628 12871 206 38747.518600
79362106 79662106 977918 13451 12697 206 38668.870950
79662107 79962107 977736 13894 13078 206 38564.656180
79962108 80262108 977903 13566 12769 206 38484.571690
80262109 80562109 977947 13655 12797 206 38421.215330
80562110 80862110 977901 13461 12645 205 38141.069480
80862111 81162111 977920 13483 12689 206 38222.162680
81162112 81462112 977840 13391 12615 206 38139.174480
81462113 81762113 978006 13634 12827 206 38029.893970
81762114 82062114 977851 13589 12829 206 37926.111480
82062115 82362115 978002 13415 12646 206 37852.775770
82362116 82662116 977902 13330 12560 206 37765.981930
82662117 82962117 977913 13214 12451 206 37697.413100
82962118 83262118 978007 13292 12493 206 37612.783830
83262119 83562119 977946 12998 12293 206 37524.298420
83562120 83862120 977949 13230 12490 206 37463.746290
83862121 84162121 978042 13318 12539 205 37187.898290
84162122 84462122 977843 13073 12310 206 37277.889890
84462123 84762123 977884 13323 12546 206 37188.311610
84762124 85062124 977970 13027 12275 206 37099.492190
85062125 85362125 977815 12819 12071 206 37018.452860
85362126 85662126 977906 13118 12309 206 36923.379060
85662127 85962127 977909 13166 12430 206 36844.233180
85962128 86262128 977877 13015 12297 206 36745.924090
86262129 86562129 977971 12793 12045 206 36640.443860
86562130 86862130 977906 12941 12185 206 36552.873750
86862131 87162131 977815 12707 12002 206 36473.100020
87162132 87462132 977902 13018 12241 205 36217.866170
87462133 87762133 977774 12702 11967 206 36318.457620
87762134 88062134 977868 12729 12004 206 36232.360100
88062135 88362135 977974 12854 12129 206 36121.520090
88362136 88662136 977915 12705 11965 206 36035.461710
88662137 88962137 977840 12806 12121 206 35946.711270
88962138 89262138 977913 12655 11943 206 35849.373330
89262139 89562139 977952 12496 11761 206 35750.845770
89562140 89862140 977833 12625 11873 206 35680.604350
89862141 90162141 977983 12379 11672 206 35600.532630
90162142 90462142 977949 12324 11625 206 35491.456040
90462143 90762143 978006 12486 11793 206 35379.972990
90762144 91062144 977952 12484 11766 205 35121.024610
91062145 91362145 977883 12147 11482 206 35208.017810
91362146 91662146 978007 12329 11634 206 35116.838670
91662147 91962147 977847 12545 11886 206 35034.963710
91962148 92262148 977975 12356 11661 206 34963.730980
92262149 92562149 978020 12429 11785 206 34866.975430
92562150 92862150 977879 12290 11583 206 34734.094490
92862151 93162151 977968 12249 11568 206 34631.646820
93162152 93462152 977852 12383 11658 206 34525.490460
93462153 93762153 977982 12175 11501 206 34418.025230
93762154 94062154 977970 11980 11317 206 34269.117270
94062155 94362155 977940 12321 11658 205 34003.097900
94362156 94662156 977911 12037 11349 206 34111.911700
94662157 94962157 977846 11866 11211 206 34053.635270
94962158 95262158 977846 12084 11378 206 34005.502670
95262159 95562159 978004 12110 11445 206 33942.640590
95562160 95862160 977949 12036 11334 206 33890.067220
95862161 96162161 977913 11866 11208 206 33729.177020
96162162 96462162 977788 11680 11064 206 33659.378720
96462163 96762163 977944 11840 11245 206 33549.284300
96762164 97062164 977980 11697 11045 206 33449.577170
97062165 97362165 978037 11898 11259 206 33368.988480
97362166 97662166 977912 11885 11225 205 33134.812690
97662167 97962167 977982 11561 10922 206 33230.177990
97962168 98262168 977810 11591 10947 206 33150.323360
98262169 98562169 977883 11523 10889 206 33101.675300
98562170 98862170 977907 11537 10942 206 33016.566230
98862171 99162171 977943 11594 10967 206 32860.410350
99162172 99462172 977944 11545 10919 206 32736.176680
99462173 99762173 978037 10408 9803 206 29382.562829
99762174 100062174 977943 8285 7868 206 23027.314570
100062175 100362175 977905 11535 10906 206 32501.205860
100362176 100662176 977967 11415 10788 206 32415.300510
100662177 100962177 977879 11423 10811 206 32320.980850
100962178 101262178 977974 11426 10817 205 32110.550390
101262179 101562179 977936 5356 5064 99 15454.659990
