8 1 5 0 0-10 0-79 0
8 1 5 0 43-51 0-79 0
8 1 5 0 0-51 0-7 0
8 1 5 0 0-51 54-79 0
8 1 5 1 0-11 0-79 0
8 1 5 1 40-51 0-79 0
8 1 5 1 0-51 0-18 0
8 1 5 1 0-51 60-79 0
8 1 5 2 0-8 0-79 0
8 1 5 2 41-51 0-79 0
8 1 5 2 0-51 0-25 0
8 1 5 2 0-51 72-79 0
8 1 13 0 0-8 0-79 0
8 1 13 0 41-51 0-79 0
8 1 13 0 0-51 0-9 0
8 1 13 0 0-51 56-79 0
8 1 13 1 0-11 0-79 0
8 1 13 1 40-51 0-79 0
8 1 13 1 0-51 0-18 0
8 1 13 1 0-51 60-79 0
8 1 13 2 0-8 0-79 0
8 1 13 2 41-51 0-79 0
8 1 13 2 0-51 0-22 0
8 1 13 2 0-51 69-79 0
8 1 21 0 0-9 0-79 0
8 1 21 0 42-51 0-79 0
8 1 21 0 0-51 0-7 0
8 1 21 0 0-51 54-79 0
8 1 21 1 0-11 0-79 0
8 1 21 1 40-51 0-79 0
8 1 21 1 0-51 0-18 0
8 1 21 1 0-51 60-79 0
8 1 21 2 0-7 0-79 0
8 1 21 2 40-51 0-79 0
8 1 21 2 0-51 0-14 0
8 1 21 2 0-51 61-79 0
8 1 29 0 0-12 0-79 0
8 1 29 0 45-51 0-79 0
8 1 29 0 0-51 0-16 0
8 1 29 0 0-51 63-79 0
8 1 29 1 0-11 0-79 0
8 1 29 1 40-51 0-79 0
8 1 29 1 0-51 0-18 0
8 1 29 1 0-51 60-79 0
8 1 29 2 0-8 0-79 0
8 1 29 2 41-51 0-79 0
8 1 29 2 0-51 0-22 0
8 1 29 2 0-51 69-79 0
8 2 5 0 0-3 0-79 0
8 2 5 0 36-51 0-79 0
8 2 5 0 0-51 0-9 0
8 2 5 0 0-51 56-79 0
8 2 5 1 0-11 0-79 0
8 2 5 1 40-51 0-79 0
8 2 5 1 0-51 0-18 0
8 2 5 1 0-51 60-79 0
8 2 5 2 0-10 0-79 0
8 2 5 2 43-51 0-79 0
8 2 5 2 0-51 0-15 0
8 2 5 2 0-51 62-79 0
8 2 13 0 0-8 0-79 0
8 2 13 0 41-51 0-79 0
8 2 13 0 0-51 0-10 0
8 2 13 0 0-51 57-79 0
8 2 13 1 0-11 0-79 0
8 2 13 1 40-51 0-79 0
8 2 13 1 0-51 0-18 0
8 2 13 1 0-51 60-79 0
8 2 13 2 0-10 0-79 0
8 2 13 2 43-51 0-79 0
8 2 13 2 0-51 0-19 0
8 2 13 2 0-51 66-79 0
8 2 21 0 0-7 0-79 0
8 2 21 0 40-51 0-79 0
8 2 21 0 0-51 0-6 0
8 2 21 0 0-51 53-79 0
8 2 21 1 0-11 0-79 0
8 2 21 1 40-51 0-79 0
8 2 21 1 0-51 0-18 0
8 2 21 1 0-51 60-79 0
8 2 21 2 0-8 0-79 0
8 2 21 2 41-51 0-79 0
8 2 21 2 0-51 0-19 0
8 2 21 2 0-51 66-79 0
8 2 29 0 0-13 0-79 0
8 2 29 0 46-51 0-79 0
8 2 29 0 0-51 0-11 0
8 2 29 0 0-51 58-79 0
8 2 29 1 0-9 0-79 0
8 2 29 1 38-51 0-79 0
8 2 29 1 0-51 0-18 0
8 2 29 1 0-51 60-79 0
8 2 29 2 0-7 0-79 0
8 2 29 2 40-51 0-79 0
8 2 29 2 0-51 0-20 0
8 2 29 2 0-51 67-79 0
7 1 5 0 0-5 0-79 0
7 1 5 0 38-51 0-79 0
7 1 5 0 0-51 0-14 0
7 1 5 0 0-51 61-79 0
7 1 5 1 0-11 0-79 0
7 1 5 1 40-51 0-79 0
7 1 5 1 0-51 0-18 0
7 1 5 1 0-51 60-79 0
7 1 5 2 0-14 0-79 0
7 1 5 2 47-51 0-79 0
7 1 5 2 0-51 0-22 0
7 1 5 2 0-51 69-79 0
7 1 13 0 0-10 0-79 0
7 1 13 0 43-51 0-79 0
7 1 13 0 0-51 0-11 0
7 1 13 0 0-51 58-79 0
7 1 13 1 0-11 0-79 0
7 1 13 1 40-51 0-79 0
7 1 13 1 0-51 0-18 0
7 1 13 1 0-51 60-79 0
7 1 13 2 0-11 0-79 0
7 1 13 2 44-51 0-79 0
7 1 13 2 0-51 0-22 0
7 1 13 2 0-51 69-79 0
7 1 21 0 0-10 0-79 0
7 1 21 0 43-51 0-79 0
7 1 21 0 0-51 0-9 0
7 1 21 0 0-51 56-79 0
7 1 21 1 0-11 0-79 0
7 1 21 1 40-51 0-79 0
7 1 21 1 0-51 0-18 0
7 1 21 1 0-51 60-79 0
7 1 21 2 0-6 0-79 0
7 1 21 2 39-51 0-79 0
7 1 21 2 0-51 0-17 0
7 1 21 2 0-51 64-79 0
7 1 29 0 0-13 0-79 0
7 1 29 0 46-51 0-79 0
7 1 29 0 0-51 0-13 0
7 1 29 0 0-51 60-79 0
7 1 29 1 0-11 0-79 0
7 1 29 1 40-51 0-79 0
7 1 29 1 0-51 0-18 0
7 1 29 1 0-51 60-79 0
7 1 29 2 0-4 0-79 0
7 1 29 2 37-51 0-79 0
7 1 29 2 0-51 0-16 0
7 1 29 2 0-51 63-79 0
7 2 5 0 0-6 0-79 0
7 2 5 0 39-51 0-79 0
7 2 5 0 0-51 0-15 0
7 2 5 0 0-51 62-79 0
7 2 5 1 0-13 0-79 0
7 2 5 1 42-51 0-79 0
7 2 5 1 0-51 0-18 0
7 2 5 1 0-51 60-79 0
7 2 5 2 0-6 0-79 0
7 2 5 2 39-51 0-79 0
7 2 5 2 0-51 0-18 0
7 2 5 2 0-51 65-79 0
7 2 13 0 0-15 0-79 0
7 2 13 0 48-51 0-79 0
7 2 13 0 0-51 0-16 0
7 2 13 0 0-51 63-79 0
7 2 13 1 0-11 0-79 0
7 2 13 1 40-51 0-79 0
7 2 13 1 0-51 0-18 0
7 2 13 1 0-51 60-79 0
7 2 13 2 0-10 0-79 0
7 2 13 2 43-51 0-79 0
7 2 13 2 0-51 0-19 0
7 2 13 2 0-51 66-79 0
7 2 21 0 0-8 0-79 0
7 2 21 0 41-51 0-79 0
7 2 21 0 0-51 0-9 0
7 2 21 0 0-51 56-79 0
7 2 21 1 0-11 0-79 0
7 2 21 1 40-51 0-79 0
7 2 21 1 0-51 0-18 0
7 2 21 1 0-51 60-79 0
7 2 21 2 0-6 0-79 0
7 2 21 2 39-51 0-79 0
7 2 21 2 0-51 0-20 0
7 2 21 2 0-51 67-79 0
7 2 29 0 0-9 0-79 0
7 2 29 0 42-51 0-79 0
7 2 29 0 0-51 0-16 0
7 2 29 0 0-51 63-79 0
7 2 29 1 0-11 0-79 0
7 2 29 1 40-51 0-79 0
7 2 29 1 0-51 0-18 0
7 2 29 1 0-51 60-79 0
7 2 29 2 0-9 0-79 0
7 2 29 2 42-51 0-79 0
7 2 29 2 0-51 0-16 0
7 2 29 2 0-51 63-79 0
