63
63827658 64127679 717222 1038136 958013
64127680 64427762 716031 1030103 951144
64427763 64727846 716032 1023448 944631
64727847 65027931 716033 1020513 942412
65027932 65328022 716032 1016106 938643
65328023 65628110 716032 1009733 932818
65628111 65928201 716031 1006373 929447
65928202 66228296 716033 1001331 924963
66228297 66528394 715264 796142 741309
66528395 66828488 713727 752959 702418
66828489 67128585 716032 989146 914548
67128586 67428683 716033 985296 910655
67428684 67728785 716032 981427 907206
67728786 68028786 716016 975398 901812
68028787 68328885 715791 973801 900814
68328886 68628886 715810 967816 894952
68628887 68928887 715742 965757 893458
68928888 69228889 715776 961599 889572
69228890 69528895 715777 960936 888982
69528896 69828904 715775 955156 883771
69828905 70128914 715776 952492 881645
70128915 70428925 715776 949888 879368
70428926 70728939 715776 945964 875369
70728940 71028955 715776 946004 875488
71028956 71328975 715776 942333 872449
71328976 71628996 715777 940455 870522
71628997 71929020 715775 937964 868446
71929021 72229046 715777 934832 865614
72229047 72529077 715775 932278 863411
72529078 72829111 715776 929512 860789
72829112 73129148 715776 926460 857789
73129149 73429188 715776 924250 856459
73429189 73729231 715776 922834 854639
73729232 74029276 715776 921289 853047
74029277 74329328 715777 920466 852015
74329329 74629382 715776 917408 850113
74629383 74929440 715776 917785 850802
74929441 75229503 715775 913286 846186
75229504 75529571 715777 913049 846106
75529572 75829644 715776 911659 845078
75829645 76129722 715775 910226 843560
76129723 76429807 715777 907642 841317
76429808 76729897 715776 906057 839929
76729898 77029994 715775 905284 839450
77029995 77330093 715777 903754 837592
77330094 77630094 715666 901444 835042
77630095 77930100 715374 899825 834379
77930101 78230113 715519 899685 834158
78230114 78530134 715520 897304 832380
78530135 78830159 715520 896739 831727
78830160 79130191 715520 897014 831677
79130192 79430223 715520 894259 829775
79430224 79730265 715520 893416 828830
79730266 80030310 715520 893385 828638
80030311 80330365 715521 893514 828694
80330366 80630427 715519 888967 825025
80630428 80930494 715520 890160 826611
80930495 81230564 715521 889759 825572
81230565 81530640 715519 887557 823817
81530641 81830724 715520 887849 824340
81830725 82130813 715521 885441 821843
82130814 82430908 715519 884681 821692
82430909 82608502 423680 523320 485740
