33
11102888 11402888 609254 418389 397605
11402889 11702889 609203 430639 409066
11702890 12002890 609237 439693 417338
12002891 12302891 609209 438195 416008
12302892 12602892 609234 434638 412637
12602893 12902893 609221 434714 413028
12902894 13202894 609235 434455 412344
13202895 13502895 609213 433169 411227
13502896 13802896 609234 432489 410705
13802897 14102897 609189 300352 286031
14102898 14402898 609231 384938 365896
14402899 14702899 609226 429595 408056
14702900 15002900 609179 428859 407077
15002901 15302901 609237 426390 404981
15302902 15602902 609224 425658 404035
15602903 15902903 609194 423937 402519
15902904 16202904 609223 423393 402278
16202905 16502906 609256 421368 400257
16502907 16802907 609192 421601 400555
16802908 17102908 609226 421337 400350
17102909 17402909 609207 419604 398722
17402910 17702911 609234 418522 397907
17702912 18002912 609220 419054 398178
18002913 18302913 609203 418075 397345
18302914 18602914 609241 415752 394943
18602915 18902915 609216 416218 395395
18902916 19202916 609201 415320 394778
19202917 19502917 609221 415872 395116
19502918 19802918 609223 413074 392389
19802919 20102919 609195 413369 392868
20102920 20402920 609205 411832 391318
20402921 20702921 609202 411677 391219
20702922 20922518 445955 212503 202005
