275
67741550 68041550 605584 337821 299326
68041551 68341551 605536 336130 297726
68341552 68641552 605600 335924 297521
68641553 68941553 605623 334231 296164
68941554 69241554 605601 333144 295036
69241555 69541555 605498 332256 294358
69541556 69841556 605488 331718 293911
69841557 70141557 605595 329919 292550
70141558 70441558 605588 329405 292035
70441559 70741559 605538 328661 291314
70741560 71041560 605528 327867 290686
71041561 71341561 605475 325664 288381
71341562 71641562 605597 326031 289246
71641563 71941563 605561 324646 288225
71941564 72241564 605551 324659 288135
72241565 72541565 605510 322069 285893
72541566 72841566 605609 321332 285076
72841567 73141567 605537 318224 282933
73141568 73441568 605545 322624 286443
73441569 73741569 605631 319961 284012
73741570 74041570 605565 321344 285098
74041571 74341571 605594 320177 284527
74341572 74641572 605541 319395 283981
74641573 74941574 605546 317873 282184
74941575 75241575 605633 317481 282039
75241576 75541576 605490 317234 281861
75541577 75841577 605540 313557 278613
75841578 76141578 605590 313961 279264
76141579 76441579 605585 313586 278957
76441580 76741580 605600 312935 278016
76741581 77041581 605619 313073 278121
77041582 77341582 605601 311804 277497
77341583 77641583 605589 311964 277452
77641584 77941584 605533 310202 276135
77941585 78241585 605590 306762 273127
78241586 78541586 605549 308635 274641
78541587 78841587 605352 306690 272993
78841588 79141588 605616 307685 273564
79141589 79441589 605511 306492 272992
79441590 79741590 605521 303599 270262
79741591 80041591 605600 304799 271552
80041592 80341592 605573 305492 271772
80341593 80641593 605597 303402 270391
80641594 80941594 605577 302835 269629
80941595 81241595 605574 302103 269361
81241596 81541597 605612 301915 269203
81541598 81841598 605519 300299 267491
81841599 82141601 605579 299865 267233
82141602 82441602 605590 298775 266367
82441603 82741603 605505 298915 266747
82741604 83041604 605612 298385 265912
83041605 83341605 605557 298183 265898
83341606 83641606 605478 297179 265263
83641607 83941607 605513 295913 263995
83941608 84241608 605505 296446 264285
84241609 84541609 605632 295426 263623
84541610 84841610 605570 294544 262890
84841611 85141611 605555 293386 261882
85141612 85441612 605572 292486 261110
85441613 85741613 605632 292960 261613
85741614 86041614 605576 290113 259204
86041615 86341615 605565 290658 259513
86341616 86641616 605583 291398 260123
86641617 86941617 605384 290874 259421
86941618 87241618 605521 288383 257883
87241619 87541619 605529 288815 258199
87541620 87841620 605624 287692 257262
87841621 88141621 605483 288295 257713
88141622 88441622 605579 286190 256046
88441623 88741623 605484 285782 255560
88741624 89041624 605451 284992 255009
89041625 89341625 605466 285609 255336
89341626 89641627 605518 284357 254502
89641628 89941628 605439 281553 251713
89941629 90241629 605577 282714 252864
90241630 90541630 605528 282917 253076
90541631 90841632 605551 281670 252178
90841633 91141635 605553 281618 252095
91141636 91441636 605596 280248 250957
91441637 91741637 605551 279342 250116
91741638 92041639 605491 279592 250427
92041640 92341640 605588 278760 249610
92341641 92641641 605545 277721 248607
92641642 92941643 605464 277591 248540
92941644 93241644 605551 277520 248518
93241645 93541645 605564 276669 247848
93541646 93841646 605621 277110 248158
93841647 94141647 605571 276013 247072
94141648 94441649 605611 275644 247092
94441650 94741650 605559 275288 246804
94741651 95041651 605530 275065 246405
95041652 95341652 605558 273483 245082
95341653 95641653 605590 272261 244080
95641654 95941654 605645 273025 244957
95941655 96241655 605604 270675 242924
96241656 96541656 605591 269946 241951
96541657 96841657 605491 269878 241927
96841658 97141658 605567 270347 242316
97141659 97441659 605623 269665 241608
97441660 97741661 605563 268354 240669
97741662 98041662 605564 267975 240809
98041663 98341663 605581 266744 239597
98341664 98641664 605535 268065 240626
98641665 98941665 605502 267312 240080
98941666 99241666 605601 266206 238971
99241667 99541667 605500 265728 238328
99541668 99841668 605616 265726 238975
99841669 100141669 605613 265068 238028
100141670 100441670 605540 264689 237905
100441671 100741671 605599 264002 237197
100741672 101041672 605524 262861 235849
101041673 101341673 605528 263306 236263
101341674 101641674 605563 262037 235610
101641675 101941675 605599 260539 234296
101941676 102241676 605499 261265 234921
102241677 102541677 605579 261074 234472
102541678 102841678 605516 259616 233271
102841679 103141679 605536 259796 233484
103141680 103441681 605528 259154 232889
103441682 103741682 605558 259579 233294
103741683 104041683 605586 258823 232818
104041684 104341684 605529 258444 232329
104341685 104641685 605516 257892 231860
104641686 104941686 605582 256455 230849
104941687 105241688 605615 255510 229721
105241689 105541689 605502 254708 229206
105541690 105841690 605566 202221 182578
105841691 106141691 605485 193259 174605
106141692 106441693 605576 254701 229307
106441694 106741694 605572 255070 229568
106741695 107041696 605402 254490 228955
107041697 107341697 605619 253317 227950
107341698 107641698 605541 252554 227462
107641699 107941699 605490 251849 226612
107941700 108241700 605582 252208 227069
108241701 108541702 605542 250397 225884
108541703 108841703 605542 250187 225258
108841704 109141705 605565 250181 225451
109141706 109441706 605530 249686 225229
109441707 109741707 605571 250022 225618
109741708 110041708 605528 248609 224153
110041709 110341709 605612 248606 224164
110341710 110641710 605627 247120 222711
110641711 110941711 605575 247200 222745
110941712 111241712 605466 245739 221475
111241713 111541713 605588 246662 222644
111541714 111841714 605509 246812 222597
111841715 112141715 605509 244990 220928
112141716 112441716 605513 244626 220636
112441717 112741717 605454 244447 220578
112741718 113041718 605606 244554 220663
113041719 113341719 605623 243304 219404
113341720 113641720 605595 242610 218781
113641721 113941721 605590 242266 218547
113941722 114241722 605561 240894 217580
114241723 114541725 605559 241302 218059
114541726 114841726 605565 241356 217692
114841727 115141727 605561 241443 217804
115141728 115441728 605463 240586 217117
115441729 115741729 605426 239879 216667
115741730 116041730 605606 238924 215476
116041731 116341731 605553 238320 215174
116341732 116641732 605519 238799 215862
116641733 116941733 605558 237928 214749
116941734 117241734 605529 237779 214826
117241735 117541735 605591 237971 214793
117541736 117841736 605501 237110 214235
117841737 118141738 605571 237452 214099
118141739 118441739 605579 235547 212577
118441740 118741740 605585 234679 211767
118741741 119041741 605567 233915 211158
119041742 119341742 605497 234828 211993
119341743 119641743 605522 234193 211627
119641744 119941744 605564 234625 212276
119941745 120241747 605513 232924 210434
120241748 120541748 605600 232317 210130
120541749 120841749 605514 232722 210154
120841750 121141750 605529 232859 210743
121141751 121441751 605586 230757 208673
121441752 121741752 605524 231014 208975
121741753 122041753 605588 230859 208910
122041754 122341754 605517 230718 208775
122341755 122641755 605443 229535 207706
122641756 122941756 605431 229315 207403
122941757 123241757 605519 229333 207338
123241758 123541759 605576 226073 204392
123541760 123841760 605524 228928 206943
123841761 124141761 605547 228128 206319
124141762 124441762 605544 227484 205818
124441763 124741763 605560 227414 205696
124741764 125041765 605560 228399 206817
125041766 125341766 605546 226977 205552
125341767 125641767 605518 226049 204596
125641768 125941768 605514 225694 204099
125941769 126241769 605579 225346 203977
126241770 126541770 605514 225131 203863
126541771 126841771 605520 225014 203685
126841772 127141772 605490 225289 203938
127141773 127441773 605563 223686 202619
127441774 127741774 605563 222297 201227
127741775 128041775 605584 222758 201720
128041776 128341776 605539 222382 201153
128341777 128641777 605554 221654 201060
128641778 128941779 605590 221042 200313
128941780 129241780 605579 220490 199792
129241781 129541781 605606 220617 199745
129541782 129841782 605551 218463 197915
129841783 130141783 605550 218386 197921
130141784 130441784 605577 219030 198563
130441785 130741785 605588 218734 198224
130741786 131041787 605609 218878 198199
131041788 131341788 605461 216938 196683
131341789 131641789 605528 216859 196639
131641790 131941790 605553 217577 197292
131941791 132241793 605541 217215 196728
132241794 132541795 605557 216434 196570
132541796 132841796 605519 217052 196777
132841797 133141797 605512 216259 196169
133141798 133441798 605460 215549 195387
133441799 133741799 605590 214942 195033
133741800 134041800 605511 215025 195126
134041801 134341801 605549 213880 194118
134341802 134641803 605533 161273 146739
134641804 134941804 605559 169513 154440
134941805 135241805 605514 212333 192629
135241806 135541806 605600 213069 193441
135541807 135841807 605541 212446 192648
135841808 136141808 605503 209639 190289
136141809 136441809 605582 212294 192684
136441810 136741810 605540 210947 191480
136741811 137041811 605564 211044 191627
137041812 137341812 605550 209584 190216
137341813 137641813 605461 210792 191435
137641814 137941815 605569 210834 191383
137941816 138241816 605561 209382 190095
138241817 138541817 605575 209278 190183
138541818 138841818 605558 208827 189764
138841819 139141820 605529 209524 190384
139141821 139441821 605432 208945 189632
139441822 139741822 605550 208387 189375
139741823 140041823 605439 207447 188397
140041824 140341824 605626 206754 187892
140341825 140641825 605518 206954 188201
140641826 140941826 605475 206560 187982
140941827 141241827 605591 206134 187252
141241828 141541828 605563 206144 187390
141541829 141841829 605529 205469 186533
141841830 142141830 605582 204690 185810
142141831 142441831 605563 204558 186143
142441832 142741832 605613 203877 185435
142741833 143041834 605552 203834 185092
143041835 143341835 605572 203635 185062
143341836 143641836 605525 203353 184732
143641837 143941839 605532 202792 184471
143941840 144241840 605557 202077 183714
144241841 144541843 605537 201521 183287
144541844 144841845 605602 201774 183383
144841846 145141846 605522 201382 183297
145141847 145441847 605532 201457 183092
145441848 145741848 605571 200513 182295
145741849 146041849 605508 200329 182188
146041850 146341852 605628 199960 182088
146341853 146641854 605573 198919 181092
146641855 146941855 605544 198904 181048
146941856 147241856 605577 198353 180653
147241857 147541857 605545 198289 180378
147541858 147841858 605528 198509 180562
147841859 148141860 605600 197536 179489
148141861 148441861 605604 197156 179563
148441862 148741862 605543 197730 179949
148741863 149041863 605625 196992 179377
149041864 149341864 605475 144677 132223
149341865 149641866 605519 158648 144804
149641867 149941867 605486 189149 172187
149941868 149982076 81150 0 0
