171
68971309 69271309 977873 783343 728507
69271310 69571310 977914 720003 671186
69571311 69871311 977830 560350 525581
69871312 70171312 977827 771937 718410
70171313 70471313 977925 736050 686385
70471314 70771314 977874 765179 712407
70771315 71071315 977873 733614 679347
71071316 71371316 977848 721577 667413
71371317 71671317 977856 721185 667339
71671318 71971318 977857 719802 666243
71971319 72271319 977834 717007 663883
72271320 72571320 977796 713807 660847
72571321 72871321 977842 711431 658813
72871322 73171322 977865 708985 656688
73171323 73471323 977879 707227 655236
73471324 73771324 977837 706610 654585
73771325 74071325 977811 703668 651675
74071326 74371326 977799 701529 650081
74371327 74671327 977774 701630 650487
74671328 74971328 977786 697676 646890
74971329 75271329 977795 696832 645905
75271330 75571330 977876 694298 643644
75571331 75871331 977860 693140 642816
75871332 76171332 977879 692102 641560
76171333 76471333 977832 690179 640353
76471334 76771334 977898 685531 636110
76771335 77071335 977851 685692 636088
77071336 77371336 977847 683043 634188
77371337 77671337 977830 681266 632156
77671338 77971338 977915 681359 632530
77971339 78271339 977929 678950 630374
78271340 78571340 977883 677524 629083
78571341 78871341 977823 675698 627285
78871342 79171342 977785 671981 624322
79171343 79471343 977850 670814 623525
79471344 79771344 978016 668824 621392
79771345 80071345 977883 662771 616155
80071346 80371346 977943 666984 619606
80371347 80671347 977920 665776 618107
80671348 80971348 977802 665302 618327
80971349 81271349 977913 661590 614861
81271350 81571350 977915 662694 616228
81571351 81871351 977949 659969 613617
81871352 82171352 977716 656705 610942
82171353 82471353 977789 655682 609693
82471354 82771354 977973 654316 608824
82771355 83071355 977887 653130 607847
83071356 83371356 977920 650640 605429
83371357 83671357 977913 649877 604575
83671358 83971358 977979 648431 603264
83971359 84271359 977883 646738 601636
84271360 84571360 977908 644435 599922
84571361 84871361 977816 641350 597433
84871362 85171362 977880 640469 596783
85171363 85471363 977815 639514 595185
85471364 85771364 977878 637917 593938
85771365 86071365 977812 634429 591001
86071366 86371366 977949 634788 591164
86371367 86671367 977908 632401 589012
86671368 86971368 977841 630522 587418
86971369 87271369 977851 629023 586460
87271370 87571370 977888 627542 584992
87571371 87871371 977906 626804 584175
87871372 88171372 977919 623976 581553
88171373 88471373 977980 618231 576772
88471374 88771374 977852 623774 582146
88771375 89071375 977858 622418 580293
89071376 89371376 977843 622622 580834
89371377 89671377 977917 620061 578383
89671378 89971378 977918 615726 574576
89971379 90271379 977978 617155 575738
90271380 90571380 977917 614283 572799
90571381 90871381 977855 613447 572420
90871382 91171382 977779 611516 570204
91171383 91471383 977885 609561 568707
91471384 91771384 977911 607981 567574
91771385 92071385 977948 606528 565798
92071386 92371386 977983 607071 566538
92371387 92671387 977910 604837 564413
92671388 92971388 977817 603605 563702
92971389 93271389 977912 602231 562662
93271390 93571390 977914 599282 559625
93571391 93871391 977884 598391 558536
93871392 94171392 977882 596347 556995
94171393 94471393 977872 595925 556845
94471394 94771394 977849 596539 557299
94771395 95071395 977905 592533 553650
95071396 95371396 977848 591528 553196
95371397 95671397 977692 588313 549837
95671398 95971398 977911 588819 550340
95971399 96271399 977855 587037 548807
96271400 96571400 977759 585877 547616
96571401 96871401 978007 584531 546584
96871402 97171402 977854 583687 545296
97171403 97471403 977920 576401 539382
97471404 97771404 977808 580446 542654
97771405 98071405 977854 578997 541392
98071406 98371406 977913 577959 540355
98371407 98671407 977808 577708 540604
98671408 98971408 977983 575959 539126
98971409 99271409 977801 573753 536637
99271410 99571410 977914 572834 535907
99571411 99871411 977852 571788 534798
99871412 100171412 977748 571217 534864
100171413 100471413 977888 569451 532727
100471414 100771414 977693 567177 530905
100771415 101071415 977845 565560 529575
101071416 101371416 977882 565720 529754
101371417 101671417 977916 564852 528853
101671418 101971418 977877 561608 526039
101971419 102271419 977851 561527 526109
102271420 102571420 977909 559501 523904
102571421 102871421 977885 559369 523803
102871422 103171422 977916 556972 521931
103171423 103471423 977975 555543 520418
103471424 103771424 978015 553842 518971
103771425 104071425 977783 553418 518669
104071426 104371426 977970 552373 517927
104371427 104671427 977884 552017 517463
104671428 104971428 977886 550353 516174
104971429 105271429 978009 547985 513675
105271430 105571430 977887 547280 512920
105571431 105871431 977969 546126 512568
105871432 106171432 977979 541602 508362
106171433 106471433 977819 365353 345684
106471434 106771434 977911 514923 483235
106771435 107071435 977918 541868 508091
107071436 107371436 977850 540678 507280
107371437 107671437 977913 539159 506019
107671438 107971438 977816 538480 505349
107971439 108271439 977880 538311 505360
108271440 108571440 977913 535948 503120
108571441 108871441 977917 535847 502973
108871442 109171442 977939 532581 499950
109171443 109471443 977844 531874 499264
109471444 109771444 977847 529837 497736
109771445 110071445 977935 529830 497715
110071446 110371446 977916 528881 497015
110371447 110671447 978013 526553 494574
110671448 110971448 977903 527876 496175
110971449 111271449 977913 526134 494681
111271450 111571450 977880 524343 492747
111571451 111871451 977878 522228 490560
111871452 112171452 977915 522131 491078
112171453 112471453 977904 520714 489389
112471454 112771454 977911 519989 488665
112771455 113071455 977883 519581 488740
113071456 113371456 977878 515699 485083
113371457 113671457 977942 517591 486767
113671458 113971458 977953 514969 484329
113971459 114271459 978042 514222 483959
114271460 114571460 977983 513203 482717
114571461 114871461 977852 511850 481896
114871462 115171462 977877 510925 480462
115171463 115471463 977851 509287 479017
115471464 115771464 977944 507895 477955
115771465 116071465 977947 494455 465561
116071466 116371466 977845 463589 437100
116371467 116671467 977977 463451 436798
116671468 116971468 977918 460354 434058
116971469 117271469 977883 460041 433896
117271470 117571470 977977 460773 434594
117571471 117871471 977884 459948 433957
117871472 118171472 977939 457716 432099
118171473 118471473 977782 456811 430743
118471474 118771474 977919 456214 430538
118771475 119071475 977881 454380 428859
119071476 119371476 977948 452823 427104
119371477 119671477 977689 448706 423426
119671478 119971478 977868 452945 427534
119971479 120042358 231077 17248 16288
