145
72197683 72497683 978043 299614 279938
72497684 72797684 978022 299469 279615
72797685 73097685 978014 294503 275121
73097686 73397686 978049 298156 278479
73397687 73697687 978018 297394 277885
73697688 73997688 977983 296295 276923
73997689 74297689 978116 294774 275054
74297690 74597690 977832 329146 292159
74597691 74897691 977575 293047 273760
74897692 75197692 977512 292080 273019
75197693 75497693 977101 291256 272123
75497694 -1740636161 275935 81914 76524
-1740636160 -1712956417 1 0 0
-1712956416 248382460 1 0 0
248382461 248682461 977250 289981 271107
248682462 248982462 977406 290800 272028
248982463 249282463 977201 289336 270721
249282464 -1966295041 246597 72284 67649
-1966295040 -1936934913 1 0 0
-1936934912 335758167 1 0 0
335758168 336058168 977344 287296 268534
336058169 336358169 977479 286017 267429
336358170 336658170 977422 286731 268372
336658171 336958171 977199 284730 266376
336958172 337258172 977328 283516 265383
337258173 337558173 977073 282965 265128
337558174 337858174 977155 282862 264478
337858175 338158175 977673 281200 263208
338158176 338458176 978002 278583 260939
338458177 338758177 978023 280567 262685
338758178 339058178 978019 281865 263996
339058179 339358179 978044 280015 261948
339358180 339658180 978018 279831 261963
339658181 339958181 978019 279241 261517
339958182 340258182 978041 277517 259910
340258183 340558183 978018 277889 260352
340558184 340858184 977976 276445 259138
340858185 341158185 978021 275737 258480
341158186 341458186 978021 275447 258159
341458187 341758187 978042 274739 257713
341758188 342058188 978015 274355 257043
342058189 342358189 978020 273841 256768
342358190 342658190 978048 271970 254947
342658191 342958191 978022 270954 254145
342958192 343258192 978019 271170 254289
343258193 343558193 978047 270109 253281
343558194 343858194 978021 269666 252694
343858195 344158195 978045 269138 252545
344158196 344458196 978017 268404 251856
344458197 344758197 978018 266511 249993
344758198 345058198 978047 267074 250437
345058199 345358199 978020 262823 246418
345358200 345658200 978008 248601 233211
345658201 345958201 978052 247246 231851
345958202 346258202 978020 245817 230441
346258203 346558203 978022 245672 230449
346558204 346858204 977984 245658 230522
346858205 347158205 978019 244836 229849
347158206 347458206 978041 241794 227001
347458207 347758207 978021 244603 229366
347758208 348058208 978024 244481 229585
348058209 348358209 978048 243788 228851
348358210 348658210 978016 242749 227942
348658211 348958211 978021 243197 228477
348958212 349258212 978012 241911 227214
349258213 349558213 978018 240797 225974
349558214 349858214 978016 240926 226343
349858215 350158215 977999 240787 226032
350158216 350458216 978023 239485 225105
350458217 350758217 978046 239157 224750
350758218 351058218 978017 238976 224534
351058219 351358219 978022 235332 221228
351358220 351658220 978014 236817 222381
351658221 351958221 978019 236304 222073
351958222 352258222 978023 237010 222902
352258223 352558223 978051 235697 221538
352558224 352858224 978021 235549 221645
352858225 353158225 978023 234696 220854
353158226 353458226 978009 233919 220041
353458227 353758227 978019 233529 219629
353758228 354058228 978020 233491 219682
354058229 354358229 978042 232022 218200
354358230 354658230 978019 231996 218275
354658231 354958231 978009 231462 217705
354958232 355258232 977979 230451 216707
355258233 355558233 978016 230307 216604
355558234 355858234 978049 229763 216104
355858235 356158235 978024 226543 213332
356158236 356458236 978019 228683 215316
356458237 356758237 978045 227162 213788
356758238 357058238 977987 228015 214652
357058239 357358239 978022 226969 213571
357358240 357658240 978049 227152 213854
357658241 357958241 978020 226041 212795
357958242 358258242 978048 224564 211539
358258243 358558243 978021 224677 211777
358558244 358858244 978024 223719 210708
358858245 359158245 978044 223419 210559
359158246 359458246 978019 222553 209646
359458247 359758247 978023 222580 209868
359758248 360058248 978049 221985 209171
360058249 360358249 977979 215591 203076
360358250 360658250 977945 200327 188773
360658251 360958251 978019 200136 188588
360958252 361258252 978020 200367 188868
361258253 361558253 978045 199553 188295
361558254 361858254 978019 196878 185835
361858255 362158255 978016 199358 188074
362158256 362458256 978004 198196 186826
362458257 362758257 978016 197319 186429
362758258 363058258 977949 197549 186526
363058259 363358259 978049 197966 186796
363358260 363658260 978016 196284 185198
363658261 363958261 978024 196157 185045
363958262 364258262 978046 195927 185013
364258263 364558263 978018 195314 184331
364558264 364858264 978029 194849 183962
364858265 365158265 977991 194552 183575
365158266 365458266 978019 193649 182838
365458267 365758267 978050 193452 182693
365758268 366058268 978019 192419 181705
366058269 366358269 978019 192214 181588
366358270 366658270 978047 191347 180676
366658271 366958271 978017 191226 180559
366958272 367258272 978019 190699 179998
367258273 367558273 978038 190167 179523
367558274 367858274 977987 190653 180241
367858275 368158275 978045 189393 179021
368158276 368458276 978016 188357 177908
368458277 368758277 978025 189366 178953
368758278 369058278 978045 188549 178124
369058279 369358279 977979 187533 177350
369358280 369658280 978016 187959 177789
369658281 369958281 978044 186588 176254
369958282 370258282 978020 187259 177041
370258283 370558283 978012 186531 176252
370558284 370858284 978047 185262 175331
370858285 371158285 978018 186261 176111
371158286 371458286 978045 185446 175288
371458287 371758287 978020 184208 174377
371758288 372058288 978018 130321 123933
372058289 372358289 978049 162021 153506
372358290 372658290 978021 183102 173204
372658291 372958291 978019 182781 172900
372958292 372958663 1214 225 220
