53
86700001 87000001 592788 296423 265262
87000002 87300003 592769 295752 265225
87300004 87600004 592793 294331 263531
87600005 87900006 592782 293640 263381
87900007 88200007 592784 293208 263009
88200008 88500008 592759 291604 261420
88500009 88800009 592790 291764 261992
88800010 89100010 592733 290869 260970
89100011 89400011 592781 290602 261300
89400012 89700012 592786 289089 259347
89700013 90000013 592729 288389 258735
90000014 90300014 592799 286495 257254
90300015 90600015 592777 286699 257366
90600016 90900016 592778 284743 255843
90900017 91200017 592763 285245 256237
91200018 91500018 592761 285815 256529
91500019 91800019 592765 283993 255127
91800020 92100020 592779 282298 253742
92100021 92400021 592734 281238 252973
92400022 92700022 592783 280116 252089
92700023 93000023 592803 279504 251145
93000024 93300024 592762 280160 252068
93300025 93600025 592772 279326 251245
93600026 93900026 592761 278823 250983
93900027 94200027 592759 277992 250095
94200028 94500028 592766 277157 249133
94500029 94800029 592791 275758 248019
94800030 95100030 592779 276380 248508
95100031 95400031 592749 275986 248139
95400032 95700032 592805 274963 247085
95700033 96000033 592768 274327 246988
96000034 96300034 592803 274049 246793
96300035 96600035 592758 273660 246747
96600036 96900036 592792 273047 245735
96900037 97200037 592770 271980 245086
97200038 97500038 592785 271430 244307
97500039 97800039 592780 270539 243836
97800040 98100040 592793 270544 243838
98100041 98400042 592795 268915 242190
98400043 98700043 592735 268981 242260
98700044 99000044 592799 268344 241740
99000045 99300045 592761 267794 241510
99300046 99600046 592793 268073 241628
99600047 99900047 592758 266523 240308
99900048 100200048 592800 266035 239787
100200049 100500049 592778 264704 238690
100500050 100800050 592792 262670 236997
100800051 101100051 592792 262283 236593
101100052 101400052 592757 261716 236111
101400053 101700054 592812 262448 236867
101700055 102000055 592700 261594 235923
102000056 102300056 592788 259791 234052
102300057 102600057 592727 259867 234442
