93
46479417 46779417 977875 138406 121232
46779418 47079418 977969 138480 121271
47079419 47379419 977977 137195 120258
47379420 47679420 977881 100850 89329
47679421 47979421 978005 120516 106050
47979422 48279422 977749 136444 119607
48279423 48579423 978015 135560 118979
48579424 48879424 977936 135430 118898
48879425 49179425 978000 134975 118358
49179426 49479426 977939 134884 118342
49479427 49779427 977967 134144 117840
49779428 50079428 977876 133422 117010
50079429 50379429 978036 134024 117883
50379430 50679430 977873 133102 116871
50679431 50979431 977936 133254 116953
50979432 51279432 977999 132283 116375
51279433 51579433 977834 132004 116089
51579434 51879434 977933 130694 115093
51879435 52179435 977997 131359 115317
52179436 52479436 977903 131337 115471
52479437 52779437 977904 130724 114879
52779438 53079438 977832 131576 115733
53079439 53379439 977899 129696 114234
53379440 53679440 977866 129808 114328
53679441 53979441 977941 129637 114181
53979442 54279442 977806 129047 114003
54279443 54579443 977897 129274 113857
54579444 54879444 977929 129214 113911
54879445 55179445 977939 128210 113289
55179446 55479446 977964 128544 113793
55479447 55779447 977937 127287 112738
55779448 56079448 977867 127111 112492
56079449 56379449 977835 126874 112430
56379450 56679450 977934 127076 112598
56679451 56979451 977969 125763 111432
56979452 57279452 977907 126333 111991
57279453 57579453 977974 126358 111906
57579454 57879454 977954 125688 111215
57879455 58179455 977901 125028 110927
58179456 58479456 977972 125029 110780
58479457 58779457 977934 124485 110228
58779458 59079458 977936 124253 109845
59079459 59379459 977971 123262 109489
59379460 59679460 978037 123405 109354
59679461 59979461 977939 123063 109267
59979462 60279462 977972 123119 109368
60279463 60579463 978000 122880 109044
60579464 60879464 977944 122672 108768
60879465 61179465 978003 121925 108101
61179466 61479466 977979 121636 107979
61479467 61779467 977845 121438 108012
61779468 62079468 977809 121494 108030
62079469 62379469 977942 121135 107725
62379470 62679470 977921 120443 107073
62679471 62979471 978040 120720 107234
62979472 63279472 977813 120367 107100
63279473 63579473 978004 120054 106793
63579474 63879474 977850 119308 106213
63879475 64179475 978013 119454 106140
64179476 64479476 977944 118873 105588
64479477 64779477 977951 118679 105521
64779478 65079478 977910 119004 105926
65079479 65379479 977977 117847 105023
65379480 65679480 977915 118025 105139
65679481 65979481 977942 117788 104790
65979482 66279482 977843 117802 104863
66279483 66579483 977674 117699 104836
66579484 66879484 978006 119701 106667
66879485 67179485 977778 119403 106346
67179486 67479486 978012 119314 106284
67479487 67779487 978006 119279 106256
67779488 68079488 977945 118361 105370
68079489 68379489 977940 118834 105886
68379490 68679490 977973 117857 104958
68679491 68979491 977777 117411 104505
68979492 69279492 977909 117726 104727
69279493 69579493 978008 117588 104659
69579494 69879494 977915 117515 104682
69879495 70179495 977934 116591 103898
70179496 70479496 977874 116016 103400
70479497 70779497 977804 116080 103317
70779498 71079498 977939 115807 103308
71079499 71379499 977914 116079 103591
71379500 71679500 977777 115639 102985
71679501 71979501 977941 114649 102214
71979502 72279502 977976 115072 102432
72279503 72579503 977912 115096 102491
72579504 72879504 977868 113913 101503
72879505 73179505 977878 71674 64740
73179506 73479506 977876 112155 100125
73479507 73779507 978007 114026 101713
73779508 74079508 977978 113492 101199
74079509 74239102 520232 17757 15849
