252
39453147 39463147 32611 233 229 18572 18359 213
39463147 39473147 32609 221 214 18560 18365 195
39473147 39483147 32609 235 226 18552 18346 206
39483147 39493147 32549 245 241 18511 18290 221
39493147 39503147 32609 246 240 18550 18330 220
39503147 39513147 32575 236 232 18537 18325 212
39513147 39523147 32582 245 243 18553 18328 225
39523147 39533147 32609 233 227 18565 18352 213
39533147 39543147 32608 240 233 18557 18338 219
39543147 39553147 32604 233 228 18548 18335 213
39553147 39563147 32586 243 238 18533 18320 213
39563147 39571161 26121 165 163 14868 14723 145
39578458 39588458 32612 372 363 18554 18230 324
39588458 39598458 32582 397 385 18549 18202 347
39598458 39608458 32609 399 381 18572 18226 346
39608458 39618458 32608 390 374 18558 18219 339
39618458 39628458 32582 403 395 18540 18182 358
39628458 39638458 32608 409 396 18548 18177 371
39638458 39648458 32608 374 364 18547 18213 334
39648458 39658458 32608 394 383 18555 18200 355
39658458 39668458 32582 413 403 18554 18186 368
39668458 39678458 32608 387 380 18567 18217 350
39678458 39688458 32609 359 351 18558 18235 323
39688458 39697906 30779 390 384 17500 17150 350
39703780 39713780 32612 635 620 18554 18001 553
39713780 39723780 32608 674 654 18545 17966 579
39723780 39733780 32549 632 609 18516 17979 537
39733780 39743780 32608 696 687 18561 17940 621
39743780 39753780 32609 642 632 18572 18010 562
39753780 39763780 32550 676 657 18526 17930 596
39763780 39773780 32608 667 650 18555 17997 558
39773780 39783780 32609 672 653 18545 17962 583
39783780 39793780 32609 669 648 18547 17978 569
39793780 39803780 32582 694 676 18543 17947 596
39803780 39813780 32609 711 686 18567 17953 614
39813780 39823269 30940 606 590 17596 17070 526
39830538 39840538 32611 1108 1075 18552 17637 915
39840538 39850538 32608 1107 1071 18544 17619 925
39850538 39860538 32581 1102 1064 18537 17631 906
39860538 39870538 32608 1055 1017 18565 17681 884
39870538 39880538 32608 1052 1021 18571 17696 875
39880538 39890538 32581 1025 1001 18546 17677 869
39890538 39900538 32609 1031 1002 18553 17695 858
39900538 39910538 32607 1150 1114 18548 17580 968
39910538 39920538 32608 1082 1050 18548 17638 910
39920538 39930538 32582 1005 963 18539 17686 853
39930538 39940538 32608 1113 1083 18569 17626 943
39940538 39948588 26240 910 888 14944 14183 761
39954362 39964362 32614 1634 1592 18557 17227 1330
39964362 39974362 32581 1713 1650 18550 17206 1344
39974362 39984362 32608 1657 1596 18570 17245 1325
39984362 39994362 32608 1676 1630 18561 17220 1341
39994362 40004362 32581 1710 1641 18537 17199 1338
40004362 40014362 32608 1662 1615 18546 17220 1326
40014362 40024362 32609 1609 1555 18550 17255 1295
40024362 40034362 32608 1710 1658 18558 17198 1360
40034362 40044362 32582 1659 1604 18551 17223 1328
40044362 40054362 32608 1628 1579 18568 17236 1332
40054362 40064362 32609 1728 1661 18558 17213 1345
40064362 40073813 30752 1579 1520 17485 16229 1256
40079695 40089695 32611 2537 2448 18551 16630 1921
40089695 40099695 32609 2553 2449 18544 16672 1872
40099695 40109695 32581 2545 2457 18539 16675 1864
40109695 40119695 32608 2492 2406 18564 16697 1867
40119695 40129695 32608 2531 2430 18570 16688 1882
40129695 40139695 32583 2564 2485 18546 16609 1937
40139695 40149695 32577 2553 2466 18533 16616 1917
40149695 40159695 32608 2507 2428 18545 16681 1864
40159695 40169695 32609 2548 2467 18549 16631 1918
40169695 40179695 32582 2565 2474 18544 16622 1922
40179695 40189695 32608 2551 2444 18568 16648 1920
40189695 40199101 30668 2260 2192 17444 15757 1687
40206416 40216416 32612 3645 3486 18553 16095 2458
40216416 40226416 32609 3658 3477 18545 16076 2469
40226416 40236416 32581 3696 3531 18538 16049 2489
40236416 40246416 32608 3705 3551 18563 16013 2550
40246416 40256416 32609 3687 3502 18568 16045 2523
40256416 40266416 32581 3659 3504 18548 16049 2499
40266416 40276416 32608 3530 3397 18555 16082 2473
40276416 40286416 32609 3504 3351 18546 16128 2418
40286416 40296416 32607 3680 3526 18547 16049 2498
40296416 40306416 32582 3568 3415 18541 16093 2448
40306416 40316416 32577 3716 3550 18547 16036 2511
40316416 40324409 26054 2898 2762 14841 12856 1985
40330275 40340275 32611 5032 4768 18556 15446 3110
40340275 40350275 32582 4886 4677 18554 15493 3061
40350275 40360275 32609 4833 4589 18568 15600 2968
40360275 40370275 32608 4967 4711 18558 15492 3066
40370275 40380275 32536 4905 4660 18513 15496 3017
40380275 40390275 32608 4855 4596 18541 15491 3050
40390275 40400275 32609 4996 4733 18551 15460 3091
40400275 40410275 32590 4877 4653 18549 15496 3053
40410275 40420275 32565 5000 4762 18544 15463 3081
40420275 40430275 32608 4963 4717 18564 15517 3047
40430275 40440275 32607 4845 4596 18555 15567 2988
40440275 40449770 30933 4732 4475 17597 14681 2916
40455554 40465554 32546 6262 5893 18513 15036 3477
40465554 40475554 32608 6245 5869 18540 15048 3492
40475554 40485554 32549 6226 5868 18519 15001 3518
40485554 40495554 32610 6183 5815 18563 15069 3494
40495554 40505554 32608 6141 5798 18569 15082 3487
40505554 40515554 32582 6296 5932 18546 15038 3508
40515554 40525554 32608 6312 5911 18555 15025 3530
40525554 40535554 32609 6314 5936 18546 15042 3504
40535554 40545554 32608 6309 5938 18548 14999 3549
40545554 40555554 32546 6392 6003 18519 14969 3550
40555554 40565554 32608 6259 5868 18567 15068 3499
40565554 40575069 30992 6106 5740 17626 14277 3349
40580883 40590883 32611 7171 6724 18567 14776 3791
40590883 40600883 32608 7403 6884 18558 14767 3791
40600883 40610883 32609 7207 6735 18551 14753 3798
40610883 40620883 32581 7086 6568 18529 14771 3758
40620883 40630883 32608 7180 6734 18553 14743 3810
40630883 40640883 32608 7277 6836 18563 14727 3836
40640883 40650883 32581 7320 6849 18555 14728 3827
40650883 40660883 32608 7240 6765 18561 14770 3791
40660883 40670883 32576 7144 6654 18536 14788 3748
40670883 40680883 32609 7055 6630 18545 14837 3708
40680883 40690883 32550 7298 6805 18515 14683 3832
40690883 40700372 30939 6781 6369 17624 14073 3551
40706151 40716151 32611 7634 7073 18555 14647 3908
40716151 40726151 32582 7880 7384 18552 14576 3976
40726151 40736151 32609 7631 7119 18570 14664 3906
40736151 40746151 32609 7531 7018 18557 14652 3905
40746151 40756151 32581 7708 7202 18541 14666 3875
40756151 40766151 32608 7482 6980 18545 14715 3830
40766151 40776151 32608 7617 7091 18549 14654 3895
40776151 40786151 32608 7695 7207 18556 14665 3891
40786151 40796151 32581 7556 7067 18555 14686 3869
40796151 40806151 32609 7511 7026 18566 14671 3895
40806151 40816151 32609 7689 7173 18556 14666 3890
40816151 40825595 30766 7184 6665 17497 13825 3672
40831464 40841464 32612 7274 6822 18550 14709 3841
40841464 40851464 32608 7319 6844 18545 14713 3832
40851464 40861464 32548 7322 6824 18518 14663 3855
40861464 40871464 32608 7281 6801 18563 14717 3846
40871464 40881464 32609 7311 6843 18571 14739 3832
40881464 40891464 32581 7440 6973 18545 14724 3821
40891464 40901464 32609 7452 6988 18553 14677 3876
40901464 40911464 32609 7419 6915 18546 14715 3831
40911464 40921464 32608 7392 6901 18549 14713 3836
40921464 40931464 32549 7370 6901 18521 14666 3855
40931464 40941464 32608 7276 6825 18569 14766 3803
40941464 40949444 26011 5853 5472 14813 11773 3040
40956754 40966754 32611 6229 5860 18568 15033 3535
40966754 40976754 32608 6421 6043 18558 14958 3600
40976754 40986754 32576 6406 6023 18534 14983 3551
40986754 40996754 32582 6452 6058 18526 14987 3539
40996754 41006754 32573 6354 5965 18531 15004 3527
41006754 41016754 32608 6521 6127 18559 15001 3558
41016754 41026754 32582 6515 6152 18557 14980 3577
41026754 41036754 32607 6231 5819 18562 15098 3464
41036754 41046754 32602 6132 5762 18552 15096 3456
41046754 41056754 32601 6039 5672 18541 15074 3467
41056754 41066754 32573 6146 5766 18528 15064 3464
41066754 41076228 30885 5728 5378 17596 14364 3232
41082101 41092101 32605 4699 4431 18555 15615 2940
41092101 41102101 32572 4803 4566 18548 15546 3002
41102101 41112101 32601 4895 4634 18561 15530 3031
41112101 41122101 32602 5035 4795 18554 15472 3082
41122101 41132101 32573 4730 4471 18531 15581 2950
41132101 41142101 32602 4764 4547 18539 15541 2998
41142101 41152101 32602 4784 4537 18549 15570 2979
41152101 41162101 32539 4859 4605 18522 15469 3053
41162101 41172101 32569 4898 4651 18545 15512 3033
41172101 41182101 32603 4949 4683 18558 15479 3079
41182101 41192101 32601 4750 4509 18550 15571 2979
41192101 41200103 26077 3940 3694 14819 12400 2419
41207319 41217319 32605 3653 3494 18551 16057 2494
41217319 41227319 32601 3689 3520 18537 16004 2533
41227319 41237319 32572 3717 3572 18533 16014 2519
41237319 41247319 32602 3671 3494 18557 16054 2503
41247319 41257319 32603 3695 3547 18566 16035 2531
41257319 41267319 32572 3522 3350 18544 16101 2443
41267319 41277319 32602 3699 3531 18549 16026 2523
41277319 41287319 32602 3614 3439 18545 16109 2436
41287319 41297319 32602 3642 3464 18541 16063 2478
41297319 41307319 32572 3611 3441 18533 16040 2493
41307319 41317319 32603 3609 3440 18565 16056 2509
41317319 41326847 31060 3455 3304 17666 15283 2383
41332606 41342606 32605 2500 2407 18565 16712 1853
41342606 41352606 32602 2537 2427 18556 16673 1883
41352606 41362606 32602 2442 2330 18549 16699 1850
41362606 41372606 32540 2604 2501 18505 16602 1903
41372606 41382606 32603 2501 2425 18547 16641 1906
41382606 41392606 32602 2586 2498 18554 16621 1933
41392606 41402606 32572 2526 2433 18548 16666 1882
41402606 41412606 32603 2603 2504 18561 16617 1944
41412606 41422606 32601 2570 2468 18552 16639 1913
41422606 41432606 32603 2516 2425 18549 16667 1882
41432606 41442606 32539 2550 2450 18504 16601 1903
41442606 41450642 26187 2066 1998 14907 13378 1529
41457919 41467919 32605 1699 1653 18549 17174 1375
41467919 41477919 32572 1692 1633 18546 17184 1362
41477919 41487919 32602 1690 1638 18564 17217 1347
41487919 41497919 32602 1665 1626 18557 17246 1311
41497919 41507919 32572 1638 1577 18534 17216 1318
41507919 41517919 32602 1664 1609 18540 17205 1335
41517919 41527919 32602 1628 1584 18545 17221 1324
41527919 41537919 32566 1752 1697 18532 17157 1375
41537919 41547919 32572 1763 1703 18547 17145 1402
41547919 41557919 32602 1715 1659 18561 17211 1350
41557919 41567919 32602 1625 1578 18554 17242 1312
41567919 41577399 30874 1557 1516 17558 16295 1263
41583268 41593268 32540 1122 1094 18510 17578 932
41593268 41603268 32602 1076 1046 18538 17628 910
41603268 41613268 32572 1078 1047 18535 17630 905
41613268 41623268 32602 1110 1080 18561 17656 905
41623268 41633268 32602 1064 1032 18564 17680 884
41633268 41643268 32573 1094 1063 18539 17629 910
41643268 41653268 32534 1025 997 18510 17619 891
41653268 41663268 32569 1023 992 18523 17665 858
41663268 41673268 32602 1150 1120 18543 17567 976
41673268 41683268 32571 1134 1105 18536 17587 949
41683268 41693268 32602 1059 1028 18564 17697 867
41693268 41701283 26119 863 834 14873 14155 718
41708582 41718582 32605 624 604 18561 18019 542
41718582 41728582 32603 688 668 18554 17977 577
41728582 41738582 32603 655 633 18547 17983 564
41738582 41748582 32572 677 654 18522 17945 577
41748582 41758582 32602 603 578 18549 18028 521
41758582 41768582 32601 658 639 18561 17992 569
41768582 41778582 32573 625 614 18549 17996 553
41778582 41788582 32602 649 634 18557 17981 576
41788582 41798582 32602 629 609 18550 18015 535
41798582 41808582 32602 690 671 18540 17948 592
41808582 41818582 32504 646 627 18490 17918 572
41818582 41826549 25962 522 509 14783 14329 454
41832324 41842324 32605 406 397 18550 18183 367
41842324 41852324 32600 406 397 18540 18182 358
41852324 41862324 32573 369 362 18529 18200 329
41862324 41872324 32570 381 370 18536 18205 331
41872324 41882324 32602 411 400 18567 18204 363
41882324 41892324 32573 406 398 18543 18184 359
41892324 41902324 32602 364 355 18552 18225 327
41902324 41912324 32602 426 415 18546 18174 372
41912324 41922324 32601 424 414 18540 18160 380
41922324 41932324 32573 376 364 18533 18198 335
41932324 41942324 32601 366 358 18560 18230 330
41942324 41951806 30911 376 364 17587 17257 330
41957687 41967687 32606 207 203 18566 18382 184
41967687 41977687 32602 238 231 18554 18336 218
41977687 41987687 32602 219 212 18545 18345 200
41987687 41997687 32571 207 201 18523 18337 186
41997687 42007687 32602 199 194 18549 18367 182
42007687 42017687 32569 212 209 18539 18349 190
42017687 42027687 32573 212 205 18549 18354 195
42027687 42037687 32602 191 183 18558 18391 167
42037687 42047687 32602 195 191 18551 18374 177
42047687 42057687 32602 196 193 18541 18365 176
42057687 42067687 32540 233 227 18510 18305 205
42067687 42077168 30907 192 186 17607 17441 166
