27
72379071 72408217 2017411 52209 51165
72469403 72498558 2018592 105 63
72508791 72537900 2015338 127 74
72549543 72577262 1919001 163 109
72588941 72618059 2014755 284 236
72628261 72657394 2016511 768 712
72667529 72696667 2016856 1851 1758
72708315 72736068 1920796 4294 4184
72747760 72776846 2013217 9355 9147
72787062 72816173 2014966 17134 16762
72827859 72855531 1915727 26747 26146
72867210 72894891 1916356 38011 37192
72906538 72935607 2012616 48307 47311
72945847 72975008 2018285 52397 51314
72986664 73014349 1915941 46763 45789
73025928 73053636 1916831 39073 38222
73065279 73094450 2018431 29298 28661
73104686 73133832 2017408 18624 18216
73145468 73173161 1916621 9469 9230
73184744 73212490 1919633 4817 4682
73224155 73253266 2014956 2046 1941
73263485 73292566 2012903 809 751
73302784 73331905 2014979 340 293
73343557 73371301 1920727 177 130
73382889 73412033 2017134 139 80
73422288 73451354 2012407 103 50
73514047 73543175 2016694 52700 51586
