125
75613035 75913035 717895 1518540 1278053
75913036 76213098 716686 1500343 1262716
76213099 76513165 716800 1488926 1254717
76513166 76813231 716801 1479045 1247553
76813232 77113299 716799 1463908 1234662
77113300 77413367 716799 1457174 1229025
77413368 77713435 716800 1441855 1216814
77713436 78013504 716800 1431453 1209343
78013505 78313573 716802 1430140 1207479
78313574 78613643 716799 1418487 1199458
78613644 78913713 716800 1412286 1194762
78913714 79213784 716800 1407512 1191133
79213785 79513855 716801 1399293 1183944
79513856 79813926 716798 1385458 1172578
79813927 80113997 716801 1375741 1164088
80113998 80414069 716799 1369677 1159542
80414070 80714142 716800 1360690 1152939
80714143 81014215 716802 1352272 1145816
81014216 81314288 716798 1349482 1143726
81314289 81614362 716802 1342783 1138644
81614363 81914436 716799 1333767 1131733
81914437 82214510 716799 1324389 1124210
82214511 82514585 716802 1319323 1119872
82514586 82814659 716798 1319646 1120510
82814660 83114734 716801 1314206 1115405
83114735 83414809 716800 1305178 1109354
83414810 83714884 716801 1298934 1104112
83714885 84014961 716800 1290699 1098525
84014962 84315037 716799 1291391 1098183
84315038 84615113 716799 1288521 1095859
84615114 84915190 716801 1282446 1091553
84915191 85215266 716799 1279263 1088726
85215267 85515344 716801 1272804 1083409
85515345 85815422 716800 1268889 1080619
85815423 86115499 716800 1265752 1077839
86115500 86415577 716801 1260395 1073695
86415578 86715655 716799 1252646 1067912
86715656 87015733 716801 1248945 1064445
87015734 87315812 716801 1248022 1063918
87315813 87615891 716797 1242338 1059374
87615892 87915970 716801 1238055 1055328
87915971 88216050 716799 1221344 1042782
88216051 88516130 716800 1230041 1049735
88516131 88816211 716801 1223733 1044944
88816212 89116290 716799 1222044 1043392
89116291 89416370 716801 1216595 1039083
89416371 89716451 716799 1210782 1034591
89716452 90016532 716800 1205059 1030030
90016533 90316614 716801 1198930 1025117
90316615 90616695 716800 1192338 1020078
90616696 90916777 716799 1187515 1016144
90916778 91216860 716800 1183766 1013076
91216861 91516942 716800 1180040 1009684
91516943 91817026 716801 1167829 999997
91817027 92117109 716800 1160912 994790
92117110 92417192 716800 1173545 1005285
92417193 92717275 716800 1165547 997930
92717276 93017295 716543 872095 759792
93017296 93317363 716033 804752 703790
93317364 93617447 716800 1155428 990432
93617448 93917531 716799 1149736 985628
93917532 94217615 716801 1148006 984094
94217616 94517700 716800 1144848 981706
94517701 94817785 716800 1142238 979244
94817786 95117870 716801 1138745 977669
95117871 95417955 716800 1135353 974362
95417956 95718040 716798 1127541 968028
95718041 96018126 716801 1125350 966791
96018127 96318212 716800 1124026 965408
96318213 96618298 716799 1119165 961131
96618299 96918384 716800 1117498 960396
96918385 97218470 716801 1113467 956952
97218471 97518556 716799 1111514 955172
97518557 97818643 716802 1106774 951828
97818644 98118729 716799 1104176 949468
98118730 98418817 716800 1099350 945283
98418818 98718904 716801 1096729 943603
98718905 99018992 716798 1095436 942341
99018993 99319079 716800 1091176 939003
99319080 99619167 716800 1087403 936579
99619168 99919255 716801 1082845 932154
99919256 100219344 716799 1077601 928003
100219345 100519432 716800 1078379 929352
100519433 100819520 716801 1074580 925887
100819521 101119608 716801 1072688 923930
101119609 101419697 716798 1069887 922313
101419698 101719786 716801 1066009 918909
101719787 102019875 716802 1062422 915802
102019876 102319964 716798 1058512 912416
102319965 102620053 716799 1052933 909172
102620054 102920143 716800 1048551 904948
102920144 103220233 716803 1048554 905484
103220234 103520323 716799 1046302 902773
103520324 103820414 716798 1043577 901519
103820415 104120504 716800 1039507 898376
104120505 104420596 716801 1032829 892687
104420597 104720688 716800 1031289 890544
104720689 105020779 716799 1027764 887230
105020780 105320870 716801 1026291 886205
105320871 105620961 716799 1023445 884454
105620962 105921053 716802 1019974 881513
105921054 106221145 716800 1019373 880804
106221146 106521238 716798 1019651 882485
106521239 106821329 716800 1019832 882495
106821330 107121421 716800 1018840 882237
107121422 107421513 716800 1014082 877967
107421514 107721606 716801 1010400 874731
107721607 108021698 716800 1006634 872259
108021699 108321791 716799 1002392 867570
108321792 108621884 716800 1000009 865738
108621885 108921977 716802 998555 864814
108921978 109222070 716798 997436 864080
109222071 109522164 716801 996244 863413
109522165 109822257 716799 995667 863141
109822258 110122351 716802 992685 861106
110122352 110422352 716542 940627 818010
110422353 110722371 716544 813392 713813
110722372 111022376 715522 710591 628602
111022377 111322470 716801 979841 850802
111322471 111622565 716798 979764 850980
111622566 111922659 716801 975923 847011
111922660 112222754 716798 974855 846071
112222755 112522849 716801 971891 844698
112522850 112822944 716800 970678 843387
112822945 113038908 478734 645342 559974
