72
85289768 85589768 592769 301077 269766
85589769 85889769 592791 301761 270121
85889770 86189771 592765 250517 225213
86189772 86489772 592798 217968 196280
86489773 86789773 592780 296986 265756
86789774 87089775 592773 296260 265182
87089776 87389776 592807 295123 264653
87389777 87689777 592772 294940 264246
87689778 87989778 592787 293669 263448
87989779 88289779 592764 292309 262143
88289780 88589780 592785 291476 261316
88589781 88889781 592769 291576 261936
88889782 89189782 592768 290954 261022
89189783 89489783 592740 290271 260874
89489784 89789784 592784 288739 259057
89789785 90089785 592776 288025 258482
90089786 90389786 592752 286365 257085
90389787 90689787 592797 286180 256954
90689788 90989788 592766 284619 255821
90989789 91289789 592787 285543 256553
91289790 91589791 592738 285312 256062
91589792 91889793 592790 283760 254917
91889794 92189794 592751 281703 253165
92189795 92489795 592752 280806 252877
92489796 92789796 592796 280020 251619
92789797 93089797 592773 279171 251166
93089798 93389798 592799 280186 252010
93389799 93689799 592727 279368 251306
93689800 93989800 592764 278570 250706
93989801 94289801 592768 277728 249717
94289802 94589802 592790 276756 248913
94589803 94889804 592778 276101 248234
94889805 95189805 592760 276223 248446
95189806 95489806 592789 275357 247630
95489807 95789807 592771 274933 247001
95789808 96089808 592804 273719 246426
96089809 96389809 592759 274672 247523
96389810 96689811 592797 273772 246752
96689812 96989812 592755 272681 245415
96989813 97289813 592802 271872 244854
97289814 97589815 592778 270417 243721
97589816 97889816 592791 270531 243826
97889817 98189817 592792 269958 243127
98189818 98489818 592761 269578 242756
98489819 98789819 592778 268699 242040
98789820 99089820 592756 268145 241654
99089821 99389821 592796 268055 241657
99389822 99689822 592757 267631 241384
99689823 99989824 592805 265436 239254
99989825 100289825 592767 266156 239930
100289826 100589826 592800 264673 238635
100589827 100889827 592791 261874 236235
100889828 101189828 592763 262446 236746
101189829 101489829 592806 262116 236627
101489830 101789830 592733 261478 235825
101789831 102089831 592760 261648 235802
102089832 102389832 592725 259764 234247
102389833 102689834 592788 259578 234135
102689835 102989835 592782 258778 233490
102989836 103289836 592796 255405 230721
103289837 103589839 592751 258683 233438
103589840 103889840 592774 258565 233433
103889841 104189845 592771 258082 233008
104189846 104489846 592776 257748 232585
104489847 104789847 592760 256778 232000
104789848 105089848 592754 256526 231604
105089849 105389849 592794 255690 230846
105389850 105689850 592783 255681 230836
105689851 105989852 592791 255239 230512
105989853 106289853 592787 210507 190143
106289854 106589854 592767 0 0
106589855 106637328 93797 0 0
