137
6296895 6596895 598107 195599 175277
6596896 6896896 598136 196051 176113
6896897 7196898 598115 197415 177488
7196899 7496899 598151 195903 176172
7496900 7796901 598118 196113 176480
7796902 8096902 598145 194621 174961
8096903 8396903 598113 194888 175093
8396904 8696904 598141 194927 175256
8696905 8996905 598112 193429 174038
8996906 9296906 598127 192841 173666
9296907 9596907 598131 192071 172543
9596908 9896908 598120 190972 171619
9896909 10196910 598130 190697 171610
10196911 10496911 598109 191444 172447
10496912 10796912 598155 190444 171415
10796913 11096913 598132 189630 170732
11096914 11396914 598143 189376 170662
11396915 11696915 598118 189687 170640
11696916 11996916 598134 188684 170190
11996917 12296917 598132 186550 168186
12296918 12596919 598111 188740 170002
12596920 12896920 598128 187196 168855
12896921 13196922 598119 187669 168964
13196923 13496923 598146 187055 168349
13496924 13796924 598098 185767 167434
13796925 14096925 598148 185356 166925
14096926 14396926 598122 183908 165550
14396927 14696927 598117 184533 166179
14696928 14996928 598129 185250 167248
14996929 15296929 598125 184656 166554
15296930 15596930 598107 184301 166173
15596931 15896931 598117 184285 166205
15896932 16196932 598155 183604 165662
16196933 16496935 598079 182426 164696
16496936 16796936 598149 182186 164337
16796937 17096937 598124 182031 164218
17096938 17396938 598119 181255 163433
17396939 17696939 598139 180333 162740
17696940 17996941 598114 180841 162891
17996942 18296942 598120 179886 162211
18296943 18596943 598108 179243 161975
18596944 18896944 598157 179155 161758
18896945 19196945 598095 178667 161520
19196946 19496946 598133 178590 161129
19496947 19796947 598135 179240 161831
19796948 20096948 598123 177974 160812
20096949 20396949 598121 177849 160614
20396950 20696951 598134 176838 159848
20696952 20996952 598123 176081 158963
20996953 21296953 598110 175565 158560
21296954 21596954 598156 175453 158420
21596955 21896955 598113 175363 158485
21896956 22196956 598144 175570 158634
22196957 22496957 598128 174464 157662
22496958 22796958 598134 174861 157874
22796959 23096959 598123 173981 157107
23096960 23396960 598127 148617 134852
23396961 23696961 598122 111848 101923
23696962 23996962 598114 141945 128662
23996963 24296963 598154 171614 155025
24296964 24596964 598086 172007 155591
24596965 24896965 598150 170945 154573
24896966 25196966 598130 171284 154668
25196967 25496967 598110 170982 154807
25496968 25796968 598125 170148 154092
25796969 26096970 598129 170224 153980
26096971 26396971 598120 169571 153451
26396972 26696972 598105 169517 153577
26696973 26996973 598156 169526 153365
26996974 27296974 598087 168610 152753
27296975 27596975 598157 167810 151829
27596976 27896976 598127 167982 151978
27896977 28196977 598119 168698 152998
28196978 28496979 598118 167837 152098
28496980 28796980 598139 166099 150626
28796981 29096982 598118 167442 151814
29096983 29396983 598116 166670 150933
29396984 29696984 598150 166180 150589
29696985 29996985 598084 165690 149984
29996986 30296986 598148 165070 149638
30296987 30596987 598128 165537 149873
30596988 30896988 598129 165131 149552
30896989 31196989 598114 164821 149376
31196990 31496990 598146 164420 149107
31496991 31796991 598119 164539 149239
31796992 32096992 598115 164162 149080
32096993 32396993 598150 164080 149043
32396994 32696994 598101 162965 147919
32696995 32996996 598150 163207 147902
32996997 33296998 598132 163345 148109
33296999 33596999 598142 161147 146286
33597000 33897000 598121 162017 147065
33897001 34197001 598140 162216 147205
34197002 34497002 598115 161189 146434
34497003 34797003 598107 161864 146853
34797004 35097004 598150 160642 145794
35097005 35397005 598102 160235 145466
35397006 35697006 598143 159990 145195
35697007 35997007 598130 159091 144628
35997008 36297009 598120 159577 145084
36297010 36597011 598127 159264 144528
36597012 36897012 598142 157927 143250
36897013 37197014 598095 158629 144101
37197015 37497015 598124 158092 143676
37497016 37797016 598145 158154 143645
37797017 38097017 598069 132891 121209
38097018 38397018 598158 102771 93968
38397019 38697019 598115 132238 120222
38697020 38997020 598114 157289 142882
38997021 39297021 598125 155068 140924
39297022 39597022 598144 143964 130252
39597023 39897023 598114 149689 135743
39897024 40197025 598116 155357 141051
40197026 40497026 598148 155727 141290
40497027 40797027 598089 156014 141752
40797028 41097028 598155 155026 140905
41097029 41397029 598127 154941 140714
41397030 41697030 598126 152275 138473
41697031 41997031 598133 154490 140473
41997032 42297032 598140 153953 139964
42297033 42597033 598103 153703 139782
42597034 42897035 598133 153534 139580
42897036 43197036 598149 152552 138504
43197037 43497037 598086 152361 138590
43497038 43797038 598154 152470 138630
43797039 44097039 598110 151573 137803
44097040 44397040 598120 151291 137728
44397041 44697041 598127 151825 138173
44697042 44997042 598150 151195 137425
44997043 45297043 598093 150674 137012
45297044 45597044 598126 151421 137821
45597045 45897045 598144 150114 136670
45897046 46197046 598085 149978 136440
46197047 46497047 598152 150324 136720
46497048 46797048 598117 150233 136781
46797049 47097049 598123 149363 136021
47097050 47322221 448948 47523 43210
