27
3827879 3857014 61242 67680 64351
3925505 3953127 627 927 320
3964806 3993932 707 1039 371
4005644 4034734 809 1119 469
4046454 4075519 1184 1494 826
4087190 4116333 2421 2897 2080
4127955 4157110 6042 6736 5827
4168751 4197986 14779 16262 14864
4209585 4238732 28899 31371 29551
4251811 4279576 40960 44498 42188
4291131 4320304 53052 57793 54925
4333458 4361135 55296 60601 57662
4372745 4401907 60750 66911 63612
4413561 4442663 61184 67447 64102
4454328 4483477 60337 66376 63167
4495173 4524324 57088 62404 59297
4535961 4563673 48384 52601 49909
4576789 4605853 39346 42614 40377
4617499 4645204 23194 25129 23572
4658280 4687458 11669 12833 11668
4699135 4728260 4574 5194 4320
4739953 4769081 1849 2243 1521
4780736 4809879 1009 1311 680
4822920 4850658 768 1069 390
4863724 4891425 649 912 304
4904565 4932229 664 940 323
5000672 5029852 61379 67620 64313
