57
78944935 79244935 599032 352374 316765
79244936 79544936 598987 264734 239338
79544937 79844938 599042 382771 343346
79844939 80144941 599019 385386 345626
80144942 80444943 599003 384411 344979
80444944 80744944 599031 383297 344054
80744945 81044945 598983 381996 342692
81044946 81344946 599040 380597 341602
81344947 81644947 598998 379388 340701
81644948 81944948 599040 378842 339731
81944949 82244949 598985 378165 339366
82244950 82544950 599040 376977 338283
82544951 82844951 598996 375272 337166
82844952 83144952 599033 373950 335847
83144953 83444954 599026 372751 334777
83444955 83744955 598977 368954 331619
83744956 84044956 599048 374141 336041
84044957 84344957 599005 371843 333879
84344958 84644959 598982 373112 335253
84644960 84944960 599029 371725 334053
84944961 85244961 599043 370582 333032
85244962 85544962 599002 369968 332979
85544963 85844963 599016 368900 331566
85844964 86144964 599004 369377 332247
86144965 86444965 599005 366434 329728
86444966 86744966 599033 366916 330074
86744967 87044967 598983 364883 328195
87044968 87344969 599036 364223 327254
87344970 87644970 598992 364158 327682
87644971 87944971 599021 362761 326194
87944972 88244972 599003 362034 325991
88244973 88544973 598980 360715 324557
88544974 88844974 598985 360510 324546
88844975 89144975 599000 359669 323771
89144976 89444977 599015 358382 322783
89444978 89744978 598963 358323 322550
89744979 90044979 599005 357523 322064
90044980 90344981 599000 357622 321976
90344982 90644982 599038 356793 321539
90644983 90944983 599026 354641 319396
90944984 91244984 598999 354608 319504
91244985 91544985 599030 351351 316854
91544986 91844986 598998 352995 318072
91844987 92144987 599040 353293 318239
92144988 92444988 598975 351547 316708
92444989 92744989 599013 350741 316290
92744990 93044990 599002 350969 316315
93044991 93344991 599043 349338 314766
93344992 93644992 598976 348192 313496
93644993 93944993 599034 347617 313489
93944994 94244994 599010 346954 312870
94244995 94544995 598977 347082 313193
94544996 94844996 599047 346545 312462
94844997 95144997 598976 345517 311573
95144998 95444998 599034 345433 311642
95444999 95744999 599012 200657 181205
95745000 95761256 32473 0 0
