21
76808398 76871411 123402 209 194
76875053 76938066 123395 433 401
76942072 77004721 122676 943 881
77008727 77070647 121247 1806 1712
77075018 77137666 122675 3583 3380
77142401 77203593 119828 6333 5974
77208692 77270612 121247 11383 10577
77275347 77336538 119801 18118 16778
77341273 77403558 121967 27369 24952
77407928 77469848 121247 34102 30795
77474219 77537596 124093 38750 34842
77541238 77603158 121248 35158 31787
77607893 77667628 116959 27375 24929
77673820 77735739 121245 19574 18032
77740839 77801666 119120 12151 11351
77807129 77869049 121248 6808 6395
77873784 77935340 120513 3732 3533
77940075 78000538 118376 2018 1916
78006366 78068285 121243 945 880
78073385 78135305 121241 458 436
78139675 78201960 121965 233 216
