97
42559463 42859463 978042 460236 432240
42859464 43159464 978028 458191 430337
43159465 43459465 978023 405363 381791
43459466 43759466 978051 332114 313486
43759467 44059467 978028 450370 423362
44059468 44359468 978026 449219 422415
44359469 44659469 978036 446516 419770
44659470 44959470 978022 444707 418101
44959471 45259471 978046 442872 416602
45259472 45559472 978025 439898 413876
45559473 45859473 978026 439169 412840
45859474 46159474 978055 438080 412349
46159475 46459475 978018 435607 409618
46459476 46759476 977986 434976 409201
46759477 47059477 978049 433825 408402
47059478 47359478 977992 432115 406823
47359479 47659479 978024 431815 406455
47659480 47959480 978047 429870 404781
47959481 48259481 978015 427522 402629
48259482 48559482 978051 422138 397747
48559483 48859483 978021 426653 401875
48859484 49159484 978024 423005 398680
49159485 49459485 978052 419127 394978
49459486 49759486 978021 418013 393839
49759487 50059487 977990 416844 393091
50059488 50359488 978053 416945 392827
50359489 50659489 978022 414177 390259
50659490 50959490 978023 412890 388904
50959491 51259491 978058 412851 389197
51259492 51559492 978023 411999 388550
51559493 51859493 978051 409245 385838
51859494 52159494 978030 409820 386542
52159495 52459495 978023 408547 385095
52459496 52759496 978049 407026 383796
52759497 53059497 978023 406632 383370
53059498 53359498 978026 405514 382531
53359499 53659499 978043 403101 380122
53659500 53959500 977928 402773 380063
53959501 54259501 978025 400306 377888
54259502 54559502 978052 399513 377271
54559503 54859503 978023 400549 378162
54859504 55159504 978033 398408 376096
55159505 55459505 978025 397872 375763
55459506 55759506 977986 394179 372283
55759507 56059507 978051 394667 372772
56059508 56359508 978020 392569 371097
56359509 56659509 977993 391626 369925
56659510 56959510 978053 389653 367801
56959511 57259511 978018 389352 367734
57259512 57559512 978020 388391 366837
57559513 57859513 978048 388174 366818
57859514 58159514 978027 385773 364447
58159515 58459515 978022 386182 364812
58459516 58759516 978048 383876 363065
58759517 59059517 977990 382949 362001
59059518 59359518 978046 381120 360442
59359519 59659519 978014 381285 360437
59659520 59959520 978025 381334 360564
59959521 60259521 978019 379004 358341
60259522 60559522 978021 378601 358032
60559523 60859523 978026 376910 356689
60859524 61159524 978011 377751 357327
61159525 61459525 978027 376658 356045
61459526 61759526 977986 374063 354002
61759527 62059527 978046 372483 352672
62059528 62359528 978025 371709 351666
62359529 62659529 978045 370981 351210
62659530 62959530 978025 371293 351376
62959531 63259531 978013 368672 349115
63259532 63559532 978013 371035 351427
63559533 63859533 978020 369142 349634
63859534 64159534 978023 366616 347293
64159535 64459535 978054 367537 348031
64459536 64759536 978022 366443 347125
64759537 65059537 978023 365704 346352
65059538 65359538 978051 365519 346165
65359539 65659539 978023 364686 345530
65659540 65959540 978051 363963 344824
65959541 66259541 978023 363321 344338
66259542 66559542 978021 361793 342973
66559543 66859543 978051 360941 341872
66859544 67159544 978025 361715 342967
67159545 67459545 978024 360800 341930
67459546 67759546 978047 359686 340886
67759547 68059547 978022 359113 340192
68059548 68359548 978018 357939 339413
68359549 68659549 978053 356846 338439
68659550 68959550 978018 340354 322620
68959551 69259551 978052 332675 315351
69259552 69559552 978022 331864 314741
69559553 69859553 978019 330117 312999
69859554 70159554 978040 329477 312323
70159555 70459555 978021 332984 315687
70459556 70759556 978020 332235 315218
70759557 71059557 978042 332219 315099
71059558 71359558 978021 163022 154394
71359559 71431547 234701 0 0
