55
19373231 19673281 717817 1124221 936276
19673282 19973283 716544 1121725 934303
19973284 20273285 716544 1118287 931774
20273286 20573288 716545 1114924 929699
20573289 20873291 716544 1109894 925703
20873292 21173307 716543 957766 808465
21173308 21473354 716545 844399 718131
21473355 21773384 716544 957801 807639
21773385 22073388 716544 1106497 923472
22073389 22373390 716544 1100477 917676
22373391 22673394 716545 1099870 918328
22673395 22973398 716544 1096679 915901
22973399 23273401 716543 1095378 915385
23273402 23573405 716543 1091827 911503
23573406 23873408 716544 1090374 911166
23873409 24173411 716545 1088282 909396
24173412 24473415 716543 1087079 908379
24473416 24773418 716546 1084593 906003
24773419 25073421 716542 1081833 904836
25073422 25373426 716545 1078842 903055
25373427 25673430 716543 1078647 901663
25673431 25973433 716545 1075985 900133
25973434 26273438 716544 1072293 898019
26273439 26573442 716544 1069395 895312
26573443 26873447 716544 1066275 892347
26873448 27173451 716543 1067937 894325
27173452 27473455 716546 1064945 891897
27473456 27773460 716543 1060215 887945
27773461 28073465 716545 1061925 889431
28073466 28373470 716543 1059277 887337
28373471 28673475 716543 1060575 888329
28673476 28973479 716544 1057670 886070
28973480 29273484 716544 1054411 883731
29273485 29573489 716546 1052644 881910
29573490 29873494 716543 1050182 880297
29873495 30173499 716543 1049704 880297
30173500 30473504 716546 1046900 877727
30473505 30773518 716543 994247 835834
30773519 31073557 716544 824561 704576
31073558 31373612 716544 799115 684239
31373613 31673617 716544 1041036 873708
31673618 31973622 716543 1034904 867882
31973623 32273628 716545 1033990 868889
32273629 32573633 716543 1031147 865509
32573634 32873638 716544 1029261 864620
32873639 33173643 716545 1028106 863567
33173644 33473649 716544 1027541 863085
33473650 33773654 716545 1024515 861095
33773655 34073660 716543 1023482 860854
34073661 34373666 716545 1022357 860026
34373667 34673671 716544 1020591 858307
34673672 34973677 716542 1015820 854448
34973678 35273683 716544 1015654 854201
35273684 35573690 716544 1014280 852833
35573691 35702129 179474 254413 213794
