137
68719483 69019483 593995 497011 447436
69019484 69319484 594159 493551 444316
69319485 69619485 594195 329826 300035
69619486 69919486 594176 447797 403937
69919487 70219487 594182 487150 438871
70219488 70519488 594181 487560 439172
70519489 70819489 594160 487207 438688
70819490 71119490 594180 487145 439393
71119491 71419491 594160 485797 437870
71419492 71719492 594184 485050 437260
71719493 72019493 594162 482884 435053
72019494 72319494 594164 481189 434164
72319495 72619495 594170 480497 432837
72619496 72919496 594178 480194 432959
72919497 73219497 594167 480460 433378
73219498 73519499 594174 478943 431446
73519500 73819500 594182 478284 431065
73819501 74119501 594159 477475 430383
74119502 74419502 594160 477932 430869
74419503 74719503 594147 477500 430980
74719504 75019504 594189 476816 430348
75019505 75319505 594192 476649 429811
75319506 75619506 594165 474600 428127
75619507 75919507 594194 473112 426712
75919508 76219508 594169 471568 424988
76219509 76519509 594167 473811 427835
76519510 76819510 594174 471335 425206
76819511 77119512 594189 470141 424289
77119513 77419513 594139 470008 424175
77419514 77719514 594189 468191 422008
77719515 78019515 594141 466957 421270
78019516 78319516 594185 467828 422453
78319517 78619517 594159 467151 421712
78619518 78919518 594137 465450 420328
78919519 79219519 594155 463899 418841
79219520 79519520 594176 464772 419791
79519521 79819522 594168 462460 417903
79819523 80119523 594169 461676 417303
80119524 80419524 594189 461128 416514
80419525 80719525 594120 459592 415318
80719526 81019526 594163 458303 413940
81019527 81319527 594175 457388 413655
81319528 81619528 594171 456216 412423
81619529 81919529 594175 455256 411423
81919530 82219530 594146 453216 409515
82219531 82519531 594174 454386 410757
82519532 82819532 594161 452300 408982
82819533 83119533 594184 453779 410052
83119534 83419534 594153 452234 409125
83419535 83719536 594146 449489 406272
83719537 84019537 594168 449252 406153
84019538 84319538 594175 451341 408361
84319539 84619539 594165 449338 406352
84619540 84919541 594171 446744 404199
84919542 85219542 594176 447841 405001
85219543 85519543 594154 447478 404860
85519544 85819545 594154 446151 403896
85819546 86119546 594158 445394 403069
86119547 86419547 594155 444058 401620
86419548 86719548 594199 442818 400804
86719549 87019549 594130 441376 399583
87019550 87319550 594181 439343 397957
87319551 87619553 594144 439539 398144
87619554 87919554 594170 439367 397675
87919555 88219555 594123 439489 397620
88219556 88519556 594194 436645 395793
88519557 88819557 594141 436459 395579
88819558 89119558 594196 434201 393301
89119559 89419561 594198 434717 393413
89419562 89719563 594169 433432 392831
89719564 90019564 594176 432123 391572
90019565 90319565 594161 431134 390379
90319566 90619566 594174 431372 390789
90619567 90919567 594165 429788 389567
90919568 91219568 594184 428960 389087
91219569 91519569 594156 428408 388351
91519570 91819570 594177 426293 386614
91819571 92119571 594178 426619 386901
92119572 92419573 594175 419852 380757
92419574 92719575 594182 424739 385283
92719576 93019576 594158 424238 385070
93019577 93319577 594179 421761 382492
93319578 93619578 594161 423126 383906
93619579 93919579 594192 421826 382689
93919580 94219580 594132 420903 382104
94219581 94519581 594179 420467 381523
94519582 94819582 594197 418530 379776
94819583 95119583 594182 418572 379893
95119584 95419584 594169 416823 378108
95419585 95719585 594171 416613 377903
95719586 96019586 594153 414501 376200
96019587 96319587 594135 412941 374485
96319588 96619588 594194 414595 376343
96619589 96919589 594142 414136 375988
96919590 97219590 594191 412490 374710
97219591 97519591 594169 412586 374736
97519592 97819592 594164 412680 374467
97819593 98119593 594187 410280 372671
98119594 98419594 594166 409584 372050
98419595 98719595 594148 408851 371280
98719596 99019596 594172 407487 370102
99019597 99319597 594186 406893 369568
99319598 99619598 594150 402806 366274
99619599 99919599 594193 405870 369085
99919600 100219600 594143 404828 367718
100219601 100519601 594185 400425 364056
100519602 100819604 594192 403634 367311
100819605 101119605 594166 401148 364847
101119606 101419606 594135 400461 364173
101419607 101719607 594179 401526 364982
101719608 102019608 594167 400442 364072
102019609 102319609 594109 399318 363171
102319610 102619610 594191 398415 362525
102619611 102919611 594174 397601 361590
102919612 103219612 594162 396506 360989
103219613 103519613 594171 396170 360328
103519614 103819614 594177 394458 358848
103819615 104119615 594177 394633 358796
104119616 104419618 594135 393979 358620
104419619 104719619 594181 394218 358962
104719620 105019620 594170 392059 356550
105019621 105319622 594182 392564 357288
105319623 105619624 594178 390237 354921
105619625 105919625 594158 391002 356219
105919626 106219626 594194 376551 342730
106219627 106519627 594178 355508 323143
106519628 106819628 594171 353007 321427
106819629 107119629 594170 352622 321027
107119630 107419630 594185 316039 288075
107419631 107719631 594126 236170 216435
107719632 108019632 594192 347515 316420
108019633 108319633 594182 350443 318841
108319634 108619634 594156 349989 318878
108619635 108919635 594196 348582 317437
108919636 109219636 594167 349493 317966
109219637 109519637 594182 348210 317223
109519638 109619108 197009 28525 26002
