27
69900796 69928515 1918987 49641 48505
69991118 70018853 1920099 102 63
70030449 70059602 2018441 101 70
70071247 70100463 2022266 165 115
70110608 70139793 2019398 311 267
70151437 70179130 1916636 742 687
70190781 70218390 1910057 1820 1736
70230040 70259209 2019052 4505 4375
70269425 70298560 2016657 9279 9055
70308791 70337881 2013530 17273 16860
70349525 70377237 1918509 26725 26152
70388865 70418039 2019904 39609 38858
70428259 70457379 2015455 48111 47097
70467608 70496732 2016421 51722 50646
70508408 70536033 1912212 46906 45933
70547702 70576883 2019829 41279 40427
70587067 70616149 2012966 29721 29109
70626379 70655472 2013717 18692 18292
70667219 70694876 1914156 9558 9329
70706468 70735664 2020876 4931 4791
70745821 70774996 2019408 2189 2106
70786675 70814312 1913318 768 718
70825941 70853682 1920533 292 254
70865317 70894442 2015816 189 133
70904652 70933792 2017546 144 83
70945462 70973122 1914212 104 57
71035809 71063438 1912741 48863 47827
