3564
0 56335 1 0
1 56333 0 0
2 28168 0 0
3 0 0 0
4 14084 0 0
5 14084 0 0
6 28166 0 0
7 42253 1 1
8 14085 0 0
9 56335 1 0
10 28168 1 0
11 42250 1 0
12 0 0 0
13 42253 1 0
14 14084 0 0
15 28168 1 1
16 14084 0 0
17 28169 0 0
18 42251 1 0
19 14084 0 0
20 14083 0 0
21 28167 0 0
22 42252 0 0
23 28169 1 0
24 0 0 0
25 14084 0 0
26 14084 0 0
27 28166 0 0
28 14085 1 0
29 14084 0 0
30 14084 0 0
31 28169 0 0
32 56336 0 0
33 56336 1 0
34 28168 0 0
35 14084 0 0
36 42252 1 0
37 28169 1 0
38 14085 0 0
39 42252 38036 34796
40 14083 4 0
41 28169 0 0
42 14083 0 0
43 14085 0 0
44 42253 3 0
45 42250 0 0
46 14084 1 0
47 28167 0 0
48 42250 0 0
49 56338 1 0
50 70420 0 0
51 28167 0 0
52 42251 2 0
53 14084 0 0
54 28168 0 0
55 42251 0 0
56 42250 0 0
57 0 0 0
58 42252 0 0
59 56337 3 0
60 42250 0 0
61 42250 1 0
62 56337 1 0
63 28168 0 0
64 28168 1 0
65 28168 0 0
66 14084 0 0
67 14084 0 0
68 0 0 0
69 28166 0 0
70 28169 2 0
71 14083 0 0
72 0 0 0
73 28168 0 0
74 14083 1 0
75 14084 1 0
76 28170 0 0
77 4 0 0
78 70417 4 3
79 56336 57161 52183
80 28167 23748 21727
81 42252 54584 49111
82 14083 13898 12581
83 0 0 0
84 56334 46899 42687
85 56334 68260 61665
86 14084 13048 11853
87 14085 14730 13350
88 56338 45106 41168
89 42251 43933 39851
90 14083 11016 10017
91 28168 3 1
92 70422 4 0
93 0 0 0
94 28169 1 0
95 28169 1 1
96 42253 1 0
97 42254 1 0
98 28168 3 0
99 14084 0 0
100 14084 0 0
101 28169 0 0
102 28170 1 0
103 42252 1 0
104 14084 1 0
105 0 0 0
106 14084 0 0
107 28168 5 0
108 14083 0 0
109 14084 0 0
110 70421 5 0
111 14084 1 0
112 28168 0 0
113 42250 1 0
114 42251 1 0
115 70420 2 0
116 14084 0 0
117 28168 3 0
118 28168 2 0
119 14084 0 0
120 14084 1 0
121 0 0 0
122 28167 3 0
123 0 0 0
124 28167 0 0
125 28168 1 0
126 28166 1 0
127 28175 2 0
128 14084 0 0
129 14083 0 0
130 28170 6 2
131 42249 17 8
132 42251 11 3
133 0 0 0
134 42252 6 0
135 28168 5 1
136 28167 12 3
137 56335 14 7
138 28169 9 5
139 14084 1 0
140 0 0 0
141 42253 1 0
142 14085 0 0
143 42253 1 0
144 28169 3 0
145 42254 2 0
146 0 0 0
147 42249 2 0
148 14085 0 0
149 42251 2 0
150 42255 0 0
151 14085 0 0
152 14083 0 0
153 14084 0 0
154 0 0 0
155 14084 1 0
156 28170 1 0
157 14084 0 0
158 28168 1 0
159 56335 0 0
160 84502 2 2
161 42251 1 0
162 56334 1 0
163 1 0 0
164 28167 0 0
165 42251 1 0
166 28168 1 0
167 28167 0 0
168 28167 0 0
169 28167 0 0
170 28168 9 5
171 28170 5 4
172 0 0 0
173 56336 9 4
174 28168 5 3
175 28167 1 0
176 28167 8 5
177 56337 11 6
178 42253 13 6
179 14083 0 0
180 14085 4 3
181 28170 2 1
182 42252 1 0
183 28167 0 0
184 14084 0 0
185 14085 0 0
186 28167 1 0
187 14085 1 0
188 0 0 0
189 28168 1 0
190 42252 1 0
191 70418 0 0
192 42249 2 0
193 14084 0 0
194 28168 1 0
195 56338 2 0
196 14086 0 0
197 28169 1 0
198 14085 0 0
199 70418 1 0
200 0 0 0
201 14084 1 0
202 56336 1 0
203 42252 0 0
204 28169 0 0
205 28167 0 0
206 14084 1 0
207 0 0 0
208 14084 0 0
209 84503 1 0
210 0 0 0
211 14084 0 0
212 0 0 0
213 0 0 0
214 28166 0 0
215 0 0 0
216 14083 0 0
217 28169 32195 29269
218 14083 16361 14753
219 14084 21025 18783
220 14083 19784 17653
221 98587 106675 96351
222 28169 28763 26032
223 42250 55127 49505
224 42252 53755 48301
225 70368 63666 57707
226 14085 12645 11501
227 70417 78586 70963
228 70419 77856 70186
229 14084 15106 13618
230 14085 13681 12409
231 28168 34100 30707
232 42252 46884 42243
233 28167 29754 26895
234 28169 26553 24159
235 28168 33466 30182
236 28168 30703 27783
237 14084 14701 13278
238 28167 26791 24377
239 14083 15958 14349
240 28167 30027 27067
241 42253 42276 38169
242 42252 38861 35212
243 14085 15524 13977
244 28170 28818 26075
245 42251 41505 37682
246 28167 24870 22601
247 14084 14958 13472
248 28168 27072 24570
249 14084 15669 14199
250 42251 42607 38610
251 42250 50159 45205
252 56337 60471 54554
253 14083 13620 12291
254 28167 26124 23789
255 28167 30272 27454
256 0 0 0
257 42254 40015 36313
258 42252 38441 34926
259 42252 42577 38629
260 70421 66919 60670
261 42249 46582 42124
262 14083 14542 13150
263 28169 33354 30044
264 56337 59965 54126
265 0 0 0
266 56334 51122 46643
267 0 0 0
268 28168 27058 24563
269 14083 12849 11649
270 14084 11955 10870
271 28168 27383 24801
272 28167 26128 23726
273 14085 14491 13153
274 42252 41016 37210
275 42252 46287 41826
276 70422 70641 63946
277 28169 25331 23018
278 28167 24116 22047
279 14085 13652 12452
280 0 0 0
281 0 0 0
282 28168 23693 21523
283 14085 12683 11452
284 0 0 0
285 0 0 0
286 28167 25341 22967
287 42253 42356 38342
288 14084 12119 11060
289 56336 24 1
290 28169 5 1
291 14084 4 0
292 42251 10 0
293 42251 5 0
294 14085 1 0
295 42252 12 0
296 28168 5 0
297 56340 17 2
298 14084 10356 9517
299 0 0 0
300 14084 16160 14627
301 42253 49689 44635
302 42250 40946 37085
303 0 0 0
304 42251 49546 44817
305 28168 31466 28321
306 28168 22214 20206
307 14083 11643 10691
308 28166 27057 24499
309 28167 27824 25309
310 28169 27355 24796
311 28166 26841 24304
312 0 0 0
313 28169 29343 26497
314 14084 13181 11929
315 42253 38384 34912
316 28167 30861 27831
317 14084 14206 12895
318 28169 26524 24154
319 28168 25184 22851
320 14085 14948 13518
321 14084 14060 12768
322 56336 50035 45438
323 56335 47687 43367
324 70419 70170 63697
325 0 0 0
326 0 0 0
327 28169 23594 21574
328 28168 27809 25362
329 42252 38851 35267
330 14084 13639 12411
331 0 0 0
332 42253 44810 40446
333 14084 14040 12707
334 14083 12766 11589
335 42253 36814 33526
336 0 0 0
337 14084 13309 12036
338 28166 24729 22518
339 42251 36300 33160
340 42252 41013 37232
341 14085 13053 11884
342 28169 27070 24631
343 0 0 0
344 70421 73439 66455
345 0 0 0
346 42251 35653 32450
347 14083 11931 10878
348 14083 13080 11888
349 0 0 0
350 0 0 0
351 28167 22809 20861
352 98591 89402 81457
353 14085 12305 11178
354 56334 51344 46612
355 14085 12567 11408
356 14083 13795 12505
357 56337 53514 48639
358 42253 37662 34147
359 14084 11902 10845
360 42252 39624 35984
361 42253 37829 34329
362 42253 36499 33304
363 14084 11568 10556
364 14083 12746 11595
365 70421 60347 54931
366 28167 25771 23482
367 28166 24805 22583
368 42253 40226 36560
369 42250 36483 33238
370 42251 34 6
371 42253 8 1
372 0 0 0
373 28167 10 0
374 56336 12 0
375 14084 4 0
376 14083 3 0
377 70420 22 3
378 14084 2 0
379 14085 5 0
380 28169 5 0
381 4 0 0
382 0 0 0
383 0 0 0
384 42253 13 2
385 14084 2 0
386 28168 4 0
387 28167 11 0
388 14084 5 0
389 14083 1 0
390 56334 15 0
391 42251 5 1
392 14084 3 0
393 14084 4 0
394 28168 5 0
395 28166 4 0
396 28167 7 1
397 42252 6 0
398 14083 4 0
399 14085 2 0
400 84506 19 0
401 42252 12 1
402 14084 2 1
403 14084 2 0
404 14083 7 0
405 28169 35394 31998
406 14084 17856 16083
407 42251 67578 59845
408 0 0 0
409 28168 33934 30391
410 42253 46659 41950
411 14084 19799 17632
412 56333 74004 66248
413 0 0 0
414 14083 14091 12717
415 42250 49088 44162
416 42254 46009 41556
417 0 0 0
418 14084 14455 13082
419 28169 34586 31174
420 28164 30725 27660
421 13843 14959 13500
422 28168 27377 24870
423 28167 33235 29872
424 42252 45563 41263
425 56333 59464 53708
426 14083 13470 12255
427 28168 32584 29348
428 28166 29466 26646
429 70420 76682 69037
430 14084 13917 12619
431 28168 32514 29303
432 14084 14485 13079
433 42250 43657 39493
434 28167 27227 24663
435 14084 16150 14588
436 56336 58282 52704
437 28168 32218 29090
438 14084 15138 13577
439 14087 17956 16210
440 28167 31792 28637
441 14085 13185 11973
442 56334 51341 46638
443 14084 14389 12998
444 42250 41625 37678
445 28169 25436 23074
446 28167 25017 22746
447 0 0 0
448 14084 13257 12028
449 42252 43388 39251
450 42251 41524 37681
451 14085 15389 13848
452 28167 28840 26111
453 56336 55611 50446
454 56335 52520 47634
455 42251 42919 38672
456 14083 13791 12484
457 28167 26779 24308
458 14085 12681 11519
459 42251 41796 37953
460 0 0 0
461 14084 14616 13226
462 14099 13638 12422
463 0 0 0
464 14084 14084 12713
465 14084 13448 12278
466 0 0 0
467 14085 14226 12839
468 70418 66021 59868
469 0 0 0
470 56337 50496 45935
471 28169 28018 25372
472 14084 12774 11573
473 0 0 0
474 28167 26838 24302
475 42251 42497 38487
476 28165 25793 23341
477 28167 14 0
478 14084 4 0
479 70420 22 0
480 42254 11 0
481 70418 20 0
482 0 0 0
483 28168 11 1
484 84504 23 2
485 28170 10 0
486 14082 10500 9656
487 70420 67148 61040
488 56334 68135 61396
489 28166 34724 31183
490 14084 13904 12565
491 56335 54037 48918
492 28169 34379 30975
493 28168 33785 30377
494 0 0 0
495 28168 24833 22535
496 28166 28285 25673
497 56337 56890 51477
498 14084 13901 12585
499 56337 54316 49265
500 28168 31469 28347
501 42254 43590 39311
502 28167 27366 24806
503 70421 64235 58312
504 28168 30259 27397
505 14085 14261 12909
506 28166 27450 24848
507 28169 25785 23357
508 56337 60673 54921
509 42253 42042 38010
510 28169 28391 25713
511 14084 13556 12280
512 56333 61511 55504
513 28167 28413 25785
514 42251 41326 37479
515 56333 52337 47558
516 28166 29610 26818
517 14085 14419 12988
518 28167 31229 28189
519 28169 29015 26220
520 0 0 0
521 42252 46223 41650
522 0 0 0
523 28169 25017 22737
524 14084 13390 12138
525 28168 25911 23539
526 14084 12360 11209
527 14084 12102 11023
528 84506 77564 70564
529 42252 37583 34161
530 14084 13879 12624
531 28166 26693 24201
532 70418 72123 65280
533 14084 13765 12483
534 56335 51467 46780
535 56336 50125 45451
536 28167 26923 24412
537 0 0 0
538 42249 36431 33093
539 42252 35482 32325
540 28168 25994 23637
541 14084 12822 11647
542 14084 13342 12027
543 28167 25596 23264
544 28168 28866 26155
545 28168 27964 25241
546 42249 38324 34902
547 42253 36759 33410
548 42252 40302 36532
549 42252 38337 34778
550 28168 24622 22382
551 42250 36562 33284
552 28169 26200 23769
553 28168 24913 22680
554 42252 40016 36285
555 28168 25662 23389
556 0 0 0
557 14085 13049 11900
558 0 0 0
559 14084 3 1
560 42251 10 1
561 28167 9 1
562 0 0 0
563 28169 14 0
564 14082 5 1
565 14084 3 0
566 14084 1 0
567 42253 16 1
568 28168 6 0
569 42252 15 0
570 14085 7 0
571 28168 7 0
572 42252 13 1
573 14084 6 0
574 0 0 0
575 28169 8 1
576 28168 4 0
577 70419 15 1
578 42250 6 1
579 28168 11 0
580 56333 19 2
581 0 0 0
582 14084 4 0
583 0 0 0
584 14084 2 0
585 0 0 0
586 14085 4 0
587 28166 6 0
588 28169 8 0
589 14084 1 0
590 56335 2 0
591 70419 14 0
592 0 0 0
593 28168 6 0
594 28166 2 0
595 42250 10 1
596 28167 6 1
597 28166 8 1
598 42250 4 0
599 28167 8 1
600 84504 12 0
601 28168 6 0
602 98585 21 0
603 84503 16 0
604 0 0 0
605 56337 11 0
606 0 0 0
607 0 0 0
608 14083 1 0
609 42248 11 0
610 56333 10 1
611 42251 8 0
612 14083 0 0
613 56334 12 0
614 70418 9 0
615 28189 5 0
616 1 0 0
617 14084 1 0
618 14084 5 0
619 42253 4 0
620 42253 4 0
621 14084 1 0
622 42253 6 1
623 0 0 0
624 42252 10 1
625 0 0 0
626 42252 4 0
627 14084 3 0
628 14084 2 0
629 14084 1 0
630 28169 4 0
631 42251 3 0
632 14083 1 0
633 14084 6 0
634 28168 9 0
635 28168 8 0
636 56334 6 0
637 0 0 0
638 0 0 0
639 14083 2 0
640 28167 2 0
641 14084 1 0
642 0 0 0
643 28167 1 0
644 14084 1 0
645 56336 8 0
646 42252 5 0
647 14085 1 0
648 0 0 0
649 42254 3 0
650 28168 4 0
651 14084 1 0
652 42251 4 0
653 14085 7 0
654 28169 9 0
655 28167 1 0
656 14084 0 0
657 56334 5 0
658 28169 1 0
659 42248 6 0
660 42251 0 0
661 28169 4 0
662 56335 2 0
663 56336 1 0
664 42251 5 0
665 28169 2 0
666 28166 2 1
667 14084 1 0
668 28169 3 0
669 28168 5 0
670 0 0 0
671 42252 5 1
672 98582 6 0
673 28169 0 0
674 28168 3 1
675 56336 4 0
676 56333 3 0
677 42251 4 0
678 28168 0 0
679 0 0 0
680 28166 2 0
681 28165 1 0
682 42252 4 0
683 28167 4 0
684 14085 2 0
685 14082 3 0
686 0 0 0
687 14085 1 0
688 14084 0 0
689 56334 0 0
690 14083 0 0
691 42252 1 0
692 56336 2 0
693 14084 0 0
694 56338 2 0
695 14085 0 0
696 0 0 0
697 56338 4 0
698 56336 5 0
699 14083 1 0
700 14084 1 0
701 42251 0 0
702 56334 4 0
703 14085 0 0
704 14084 0 0
705 70421 1 0
706 0 0 0
707 14084 0 0
708 42250 5 1
709 28168 1 0
710 56335 3 1
711 28168 2 0
712 14084 0 0
713 0 0 0
714 28169 2 0
715 28169 1 0
716 28167 1 0
717 14084 2 1
718 0 0 0
719 14085 0 0
720 28167 1 0
721 14085 0 0
722 14083 1 0
723 84502 2 0
724 28167 0 0
725 0 0 0
726 42253 1 0
727 42252 1 0
728 42254 1 0
729 28167 2 0
730 28168 1 0
731 42249 2 0
732 14083 0 0
733 14084 2 0
734 0 0 0
735 42250 0 0
736 14082 0 0
737 28168 2 0
738 14084 1 0
739 28168 4 0
740 42252 1 0
741 42250 1 0
742 14085 0 0
743 28192 2 0
744 42252 2 0
745 28168 1 0
746 14083 0 0
747 28168 1 0
748 28136 1 0
749 14084 0 0
750 56337 2 0
751 42251 1 1
752 14083 0 0
753 14083 0 0
754 28169 1 0
755 14084 0 0
756 42251 0 0
757 28168 1 0
758 56334 1 0
759 0 0 0
760 56336 4 0
761 14084 0 0
762 42254 0 0
763 70417 3 1
764 14084 0 0
765 14084 0 0
766 14084 1 0
767 0 0 0
768 14084 1 0
769 28168 3 0
770 28167 2 0
771 28169 0 0
772 42254 1 0
773 84504 1 0
774 28168 0 0
775 42252 0 0
776 14083 0 0
777 28168 2 0
778 42253 2 0
779 14084 0 0
780 28169 1 0
781 28168 1 0
782 14085 1 0
783 14085 0 0
784 28168 3 0
785 0 0 0
786 56335 1 0
787 28167 0 0
788 14084 1 0
789 42249 1 0
790 56335 2 0
791 56335 1 0
792 14084 0 0
793 14085 0 0
794 28168 0 0
795 42251 0 0
796 28168 1 0
797 14083 0 0
798 14084 1 0
799 28168 1 0
800 14085 0 0
801 0 0 0
802 28169 0 0
803 42252 0 0
804 70418 0 0
805 28167 0 0
806 0 0 0
807 14084 1 0
808 70418 3 0
809 28167 2 0
810 28168 0 0
811 14084 0 0
812 42252 2 0
813 0 0 0
814 14084 1 0
815 56333 0 0
816 28168 0 0
817 28167 1 0
818 28168 0 0
819 14084 0 0
820 0 0 0
821 42210 1 0
822 112670 0 0
823 0 0 0
824 14084 0 0
825 0 0 0
826 0 0 0
827 42250 0 0
828 14083 0 0
829 14084 0 0
830 28168 0 0
831 28168 0 0
832 14083 1 0
833 14085 0 0
834 112671 1 0
835 28168 0 0
836 42252 0 0
837 28169 0 0
838 70420 1 0
839 28168 0 0
840 56338 0 0
841 56335 2 0
842 14084 0 0
843 14084 0 0
844 14084 0 0
845 42252 0 0
846 28170 0 0
847 28169 0 0
848 28168 1 0
849 14084 0 0
850 14084 0 0
851 56334 1 1
852 14085 0 0
853 14084 0 0
854 42253 0 0
855 42253 0 0
856 14085 0 0
857 42251 0 0
858 42251 2 0
859 28167 1 0
860 14085 0 0
861 28167 0 0
862 14084 0 0
863 28168 1 0
864 28170 0 0
865 70419 1 0
866 14084 0 0
867 28169 0 0
868 28169 0 0
869 14083 0 0
870 56335 1 0
871 42253 1 0
872 56335 1 0
873 84505 3 1
874 42252 0 0
875 14085 0 0
876 42252 0 0
877 56336 0 0
878 0 0 0
879 42253 0 0
880 0 0 0
881 28169 0 0
882 14085 0 0
883 28165 0 0
884 28167 0 0
885 28167 0 0
886 14084 1 0
887 14083 0 0
888 28169 0 0
889 56337 0 0
890 42251 0 0
891 42252 0 0
892 14085 1 0
893 28132 0 0
894 0 0 0
895 14085 0 0
896 14084 0 0
897 0 0 0
898 0 0 0
899 42250 1 0
900 70416 1 0
901 14084 0 0
902 42252 0 0
903 14084 0 0
904 42249 0 0
905 42252 0 0
906 28169 1 0
907 14084 0 0
908 56336 1 1
909 56335 1 0
910 56337 1 0
911 28167 0 0
912 0 0 0
913 0 0 0
914 56337 0 0
915 42252 0 0
916 0 0 0
917 42253 0 0
918 0 0 0
919 28168 0 0
920 14085 1 0
921 28168 0 0
922 28168 0 0
923 28168 0 0
924 28168 0 0
925 0 0 0
926 14085 0 0
927 14084 0 0
928 70419 0 0
929 28169 0 0
930 14084 0 0
931 28168 0 0
932 14085 0 0
933 14084 0 0
934 14084 0 0
935 70419 0 0
936 56334 0 0
937 70420 0 0
938 0 0 0
939 0 0 0
940 28168 0 0
941 14084 0 0
942 42251 0 0
943 0 0 0
944 0 0 0
945 28168 0 0
946 14083 0 0
947 14084 0 0
948 28168 0 0
949 0 0 0
950 0 0 0
951 28167 0 0
952 28168 0 0
953 42252 0 0
954 28167 0 0
955 28168 0 0
956 0 0 0
957 70421 1 0
958 0 0 0
959 28169 0 0
960 28168 0 0
961 14084 0 0
962 0 0 0
963 14083 0 0
964 28168 0 0
965 70420 1 0
966 28166 1 0
967 42253 0 0
968 14084 0 0
969 14086 0 0
970 56337 1 0
971 42251 0 0
972 0 0 0
973 28168 0 0
974 42252 1 0
975 42251 0 0
976 28166 0 0
977 28167 0 0
978 84503 1 0
979 28169 0 0
980 14083 0 0
981 42253 0 0
982 56338 0 0
983 42253 0 0
984 56334 0 0
985 0 0 0
986 28169 0 0
987 56335 1 0
988 14084 0 0
989 14085 0 0
990 70421 1 0
991 14084 0 0
992 28167 0 0
993 14085 0 0
994 14083 0 0
995 0 0 0
996 14083 0 0
997 42253 0 0
998 14084 0 0
999 14085 0 0
1000 56331 0 0
1001 28168 0 0
1002 14084 0 0
1003 56337 0 0
1004 42254 0 0
1005 14084 0 0
1006 28168 0 0
1007 42250 1 0
1008 28170 0 0
1009 42250 0 0
1010 42252 0 0
1011 14084 0 0
1012 28167 0 0
1013 70421 0 0
1014 56334 0 0
1015 14083 0 0
1016 14083 0 0
1017 14084 0 0
1018 28168 0 0
1019 14084 0 0
1020 42251 0 0
1021 0 0 0
1022 28168 0 0
1023 42252 0 0
1024 14084 0 0
1025 56335 0 0
1026 0 0 0
1027 28167 0 0
1028 42250 1 0
1029 28168 0 0
1030 0 0 0
1031 14082 0 0
1032 28168 0 0
1033 28167 0 0
1034 14083 0 0
1035 0 0 0
1036 14085 0 0
1037 42252 1 1
1038 42254 0 0
1039 14084 0 0
1040 28169 0 0
1041 28168 0 0
1042 70420 0 0
1043 0 0 0
1044 56335 0 0
1045 14083 0 0
1046 42252 0 0
1047 28169 0 0
1048 14085 0 0
1049 56336 0 0
1050 42250 0 0
1051 0 0 0
1052 28168 0 0
1053 28168 0 0
1054 28167 0 0
1055 56338 0 0
1056 14083 0 0
1057 42254 0 0
1058 28168 0 0
1059 28167 0 0
1060 0 0 0
1061 0 0 0
1062 42252 1 0
1063 42252 0 0
1064 14085 0 0
1065 14084 0 0
1066 56338 0 0
1067 42253 0 0
1068 56335 0 0
1069 14085 0 0
1070 42251 0 0
1071 14083 0 0
1072 42251 0 0
1073 0 0 0
1074 14084 0 0
1075 14083 0 0
1076 28165 0 0
1077 42250 0 0
1078 0 0 0
1079 14083 0 0
1080 14084 0 0
1081 56335 1 0
1082 0 0 0
1083 56336 0 0
1084 28168 0 0
1085 14084 0 0
1086 0 0 0
1087 28167 0 0
1088 28169 0 0
1089 42252 0 0
1090 42251 0 0
1091 14084 0 0
1092 56336 0 0
1093 56335 0 0
1094 70422 0 0
1095 0 0 0
1096 28167 0 0
1097 70420 0 0
1098 28168 0 0
1099 28165 0 0
1100 70420 0 0
1101 42253 0 0
1102 28168 0 0
1103 14085 0 0
1104 70416 0 0
1105 28170 0 0
1106 28168 0 0
1107 0 0 0
1108 28168 0 0
1109 28168 0 0
1110 56336 2 0
1111 14083 16972 15483
1112 56337 67874 61176
1113 28168 43509 38745
1114 42251 61749 55050
1115 28169 31596 28467
1116 56336 58609 53076
1117 0 0 0
1118 14084 17884 16038
1119 28169 26942 24363
1120 42250 40038 36357
1121 56336 63138 57128
1122 42253 46450 41872
1123 14084 14883 13429
1124 14083 13986 12675
1125 56335 67764 60978
1126 28168 31032 27991
1127 28168 28454 25732
1128 56338 52631 47775
1129 42252 48302 43735
1130 14084 14739 13339
1131 14085 13907 12565
1132 28168 25864 23482
1133 0 0 0
1134 56333 58414 52768
1135 1 4 3
1136 28169 26699 24224
1137 14083 15829 14314
1138 28170 29092 26276
1139 14084 13403 12192
1140 28168 25956 23595
1141 70419 75716 68243
1142 42253 43065 38993
1143 28167 29467 26618
1144 28168 28061 25405
1145 70418 84662 76143
1146 14084 15418 13927
1147 28169 26332 23883
1148 70421 63625 57960
1149 42251 44570 40331
1150 14029 13991 12694
1151 42252 39631 35971
1152 28168 24877 22684
1153 42250 41951 38124
1154 14083 13667 12454
1155 14083 14948 13582
1156 28166 27426 24756
1157 28169 31807 28657
1158 28168 29638 26867
1159 42254 40663 36765
1160 42252 39299 35667
1161 56335 59024 53378
1162 56335 55027 49760
1163 14086 12896 11710
1164 42251 37557 34173
1165 28167 28044 25440
1166 28168 26349 23918
1167 28168 28475 25681
1168 28168 26809 24273
1169 0 0 0
1170 28168 28540 25864
1171 28166 27336 24841
1172 14084 13004 11832
1173 28168 29209 26341
1174 42250 40962 37066
1175 14083 13048 11864
1176 14084 12668 11543
1177 14084 14255 12906
1178 14084 13442 12134
1179 0 0 0
1180 42251 41488 37603
1181 28166 30265 27385
1182 28166 26477 23925
1183 14085 9 1
1184 28169 10 1
1185 42252 6 0
1186 0 0 0
1187 0 0 0
1188 42252 9 1
1189 28167 9 0
1190 70419 14 0
1191 56334 6 0
1192 28167 21381 19662
1193 56336 54156 49110
1194 0 0 0
1195 0 0 0
1196 0 0 0
1197 14083 14269 12940
1198 0 0 0
1199 28166 33902 30368
1200 42251 37449 34028
1201 14084 12949 11785
1202 0 0 0
1203 42253 44155 39969
1204 56338 56700 51327
1205 0 0 0
1206 28167 32510 29319
1207 28168 29755 26864
1208 42251 41870 37909
1209 42252 39286 35633
1210 28169 30748 27733
1211 28169 28406 25657
1212 28169 27299 24790
1213 98586 89872 81727
1214 14084 15320 13787
1215 84505 85915 77837
1216 56337 54928 49610
1217 0 0 0
1218 42250 45797 41349
1219 0 0 0
1220 0 0 0
1221 14085 12972 11778
1222 42251 44251 39962
1223 42254 41588 37637
1224 42253 43953 39817
1225 14084 14198 12791
1226 42253 48486 43758
1227 70416 74767 67507
1228 42251 40501 36690
1229 14083 12684 11542
1230 0 0 0
1231 14085 13320 12085
1232 42252 37687 34276
1233 28169 24276 22096
1234 14084 13598 12404
1235 28169 25322 23011
1236 0 0 0
1237 42252 39595 35985
1238 0 0 0
1239 28164 28283 25608
1240 0 0 0
1241 0 0 0
1242 28164 28592 25945
1243 28168 27190 24546
1244 42254 37675 34172
1245 14085 12240 11133
1246 28166 27422 24878
1247 28167 26790 24316
1248 28167 27508 24952
1249 56337 53895 48872
1250 14082 14844 13395
1251 0 0 0
1252 14085 12734 11604
1253 42251 37946 34516
1254 28167 26673 24241
1255 14082 13338 12055
1256 42252 36466 33155
1257 42250 36367 33164
1258 28166 26229 23847
1259 28167 25867 23555
1260 28167 26777 24271
1261 0 0 0
1262 56335 53277 48388
1263 42250 37773 34300
1264 14084 5 0
1265 28169 6 1
1266 14084 3 0
1267 42252 8 0
1268 28187 5 0
1269 14084 3 0
1270 42252 12 0
1271 42251 19 1
1272 56335 7 0
1273 28168 6 0
1274 28167 2 0
1275 42253 13 0
1276 42253 6 0
1277 42252 8 1
1278 42251 5 2
1279 28169 7 0
1280 14083 3 0
1281 28168 9 1
1282 28167 7 0
1283 28165 6 0
1284 42253 5 0
1285 98588 24 1
1286 28168 7 1
1287 14084 2 0
1288 42252 6 0
1289 56335 17 0
1290 56337 12 2
1291 14083 3 1
1292 4 0 0
1293 42251 6 0
1294 28167 0 0
1295 42252 11 0
1296 28169 5 0
1297 28167 6 0
1298 14083 1 0
1299 14082 17153 15568
1300 14084 18127 16318
1301 14085 21185 18818
1302 56336 81930 72956
1303 14084 16276 14620
1304 28168 31286 28240
1305 56337 73784 66227
1306 14083 17756 15876
1307 56332 54570 49346
1308 28167 28404 25782
1309 14082 15575 14030
1310 70419 78396 70688
1311 56337 63897 57469
1312 14085 15040 13521
1313 14084 17262 15523
1314 28169 32088 28958
1315 56338 60748 54816
1316 28167 28136 25510
1317 14085 16450 14861
1318 56337 61420 55352
1319 0 0 0
1320 14084 14292 12840
1321 42252 48335 43576
1322 14084 15093 13670
1323 42253 41580 37673
1324 14083 13009 11769
1325 0 0 0
1326 0 0 0
1327 14084 13309 12083
1328 28168 25057 22771
1329 42252 43986 39791
1330 0 0 0
1331 0 0 0
1332 14085 14234 12927
1333 42252 47513 42905
1334 28167 30167 27218
1335 14085 14748 13330
1336 70421 69404 62826
1337 14084 15097 13691
1338 0 0 0
1339 28169 28500 25755
1340 56334 54745 49723
1341 42252 44191 39981
1342 28168 28663 25863
1343 28168 31812 28737
1344 42255 45865 41382
1345 14085 16539 14823
1346 0 0 0
1347 0 0 0
1348 42252 40253 36444
1349 14083 14679 13253
1350 28169 27337 24761
1351 14083 13267 12067
1352 28167 25815 23399
1353 56335 55657 50241
1354 42251 40354 36595
1355 14085 14590 13213
1356 56334 56670 51450
1357 42253 46321 41769
1358 28169 28868 26020
1359 14084 12950 11737
1360 28167 25302 23020
1361 28168 27492 24926
1362 14084 13006 11832
1363 28168 24983 22741
1364 56332 48841 44397
1365 14085 13152 11982
1366 14084 12901 11706
1367 28168 27735 25203
1368 14084 13431 12256
1369 70418 67943 61713
1370 27961 23911 21825
1371 56337 29 1
1372 14082 2 1
1373 56336 22 0
1374 14084 5 0
1375 56334 8 1
1376 70420 26 4
1377 14084 3 0
1378 14083 1 0
1379 0 0 0
1380 14083 10325 9522
1381 14084 13313 12111
1382 14084 17604 15763
1383 28169 35580 31904
1384 14084 13479 12197
1385 56335 54898 49785
1386 70421 86632 77855
1387 28165 33673 30283
1388 84502 72537 65949
1389 28166 24919 22744
1390 28168 29262 26521
1391 28167 29466 26679
1392 14084 14411 13053
1393 14084 13888 12600
1394 28169 32996 29752
1395 28167 30108 27122
1396 14084 14194 12803
1397 28168 26465 24016
1398 0 0 0
1399 28167 29563 26745
1400 28169 28492 25845
1401 28166 26992 24463
1402 42253 46069 41536
1403 42251 44429 40156
1404 42251 42607 38563
1405 14084 13758 12508
1406 28167 30943 27838
1407 14084 14549 13144
1408 28169 28014 25399
1409 42250 39780 36040
1410 14085 15398 13899
1411 14084 14350 12974
1412 28168 32574 29286
1413 14085 14971 13525
1414 0 0 0
1415 28169 31176 28034
1416 28166 27534 24959
1417 56338 54264 49214
1418 28167 29950 27070
1419 0 0 0
1420 14083 13560 12272
1421 70419 65928 59704
1422 42251 42763 38670
1423 28169 26876 24422
1424 14084 14984 13572
1425 42253 43650 39428
1426 0 0 0
1427 14083 15250 13729
1428 70420 65964 59747
1429 14083 12912 11735
1430 42250 42133 38035
1431 28169 27581 24951
1432 14082 12215 11066
1433 0 0 0
1434 42252 41428 37393
1435 98585 93260 84636
1436 4 6 6
1437 0 0 0
1438 0 0 0
1439 14083 14351 12970
1440 42250 39150 35422
1441 14084 12881 11693
1442 14084 14239 12874
1443 28167 27321 24741
1444 42250 37554 34038
1445 14085 12530 11361
1446 14084 13335 12146
1447 112673 106319 96718
1448 28169 28200 25566
1449 42254 40066 36403
1450 14084 13971 12646
1451 56335 52059 47270
1452 28172 16 0
1453 70419 27 2
1454 70419 21 1
1455 14085 1 0
1456 28165 8 0
1457 14085 3 0
1458 28168 18 1
1459 28169 8 0
1460 28169 10 0
1461 28168 10 0
1462 0 0 0
1463 14084 1 0
1464 98585 29 2
1465 28166 6 1
1466 14083 3 0
1467 42250 13 0
1468 14084 1 0
1469 28171 3 0
1470 56335 15 0
1471 28169 6 0
1472 28168 6 0
1473 28166 7 2
1474 42252 13 3
1475 14084 4 0
1476 28168 5 1
1477 42251 18 1
1478 70422 20 1
1479 14084 4 0
1480 14084 1 0
1481 28167 4 0
1482 14084 2 0
1483 56336 12 2
1484 42251 8 0
1485 42253 11 0
1486 98584 13 1
1487 28168 5 0
1488 14085 2 0
1489 56334 12 0
1490 14084 1 0
1491 14082 10 1
1492 42251 11 0
1493 0 0 0
1494 28168 1 1
1495 14084 2 0
1496 42252 7 0
1497 14085 2 0
1498 28169 5 0
1499 14084 0 0
1500 14085 0 0
1501 28168 6 0
1502 70387 14 0
1503 28168 2 0
1504 28167 5 0
1505 14084 6 1
1506 28167 2 0
1507 0 0 0
1508 14084 4 0
1509 14084 1 0
1510 0 0 0
1511 14083 1 0
1512 70418 16 0
1513 56338 7 1
1514 0 0 0
1515 42253 4 0
1516 0 0 0
1517 28168 2 0
1518 28168 3 0
1519 28168 5 0
1520 14084 4 0
1521 56338 7 1
1522 70420 6 1
1523 56336 7 0
1524 28167 4 1
1525 0 0 0
1526 0 0 0
1527 56336 9 1
1528 56337 6 0
1529 0 0 0
1530 42251 4 0
1531 1 0 0
1532 14083 1 0
1533 14084 2 0
1534 28168 2 0
1535 28168 1 0
1536 14090 1 0
1537 28167 3 0
1538 0 0 0
1539 28167 3 0
1540 14083 5 1
1541 84503 13 2
1542 28168 2 0
1543 28168 4 0
1544 14084 1 0
1545 14085 3 0
1546 14085 2 0
1547 14083 1 0
1548 56338 5 0
1549 28168 5 0
1550 70423 9 1
1551 1 0 0
1552 14083 3 0
1553 42251 4 0
1554 0 0 0
1555 28168 3 0
1556 0 0 0
1557 0 0 0
1558 14084 1 0
1559 14085 2 0
1560 14084 1 0
1561 28168 3 0
1562 0 0 0
1563 1 0 0
1564 28169 0 0
1565 14084 0 0
1566 28168 3 0
1567 28168 3 0
1568 14084 2 0
1569 0 0 0
1570 70420 7 0
1571 0 0 0
1572 28167 1 0
1573 28168 2 0
1574 14084 1 0
1575 0 0 0
1576 14084 1 0
1577 28169 6 1
1578 42252 1 0
1579 28168 1 0
1580 42250 1 0
1581 14084 1 0
1582 42250 4 0
1583 84502 6 1
1584 28169 0 0
1585 0 0 0
1586 14083 1 0
1587 42252 3 1
1588 28169 4 1
1589 28168 1 0
1590 28167 1 0
1591 98588 3 0
1592 42250 0 0
1593 28167 3 0
1594 42254 3 0
1595 56337 2 0
1596 42251 7 0
1597 42254 4 0
1598 0 0 0
1599 42248 2 0
1600 42251 1 0
1601 0 0 0
1602 14085 1 0
1603 56339 3 0
1604 14084 1 0
1605 28168 0 0
1606 14084 1 0
1607 14084 3 0
1608 0 0 0
1609 28167 2 0
1610 28168 1 0
1611 14085 1 0
1612 14085 2 0
1613 56337 2 0
1614 28169 0 0
1615 42249 4 0
1616 56336 5 0
1617 42251 1 0
1618 0 0 0
1619 28169 1 0
1620 42251 0 0
1621 28169 3 0
1622 42251 3 0
1623 42252 4 1
1624 14083 1 0
1625 28167 0 0
1626 56336 3 0
1627 28169 1 0
1628 14085 0 0
1629 14084 0 0
1630 14084 1 0
1631 14082 0 0
1632 0 0 0
1633 42253 3 0
1634 0 0 0
1635 28166 1 0
1636 14084 2 0
1637 0 0 0
1638 42250 1 0
1639 0 0 0
1640 56334 2 0
1641 42252 2 0
1642 28168 0 0
1643 0 0 0
1644 14084 1 0
1645 28169 0 0
1646 28168 0 0
1647 28166 1 0
1648 0 0 0
1649 14084 0 0
1650 42253 1 0
1651 42252 3 2
1652 14083 0 0
1653 28168 0 0
1654 28169 2 0
1655 42251 1 0
1656 0 0 0
1657 56337 2 0
1658 14085 0 0
1659 56337 0 0
1660 42250 1 0
1661 28168 1 0
1662 42253 4 0
1663 14083 1 1
1664 14083 0 0
1665 28168 1 0
1666 42251 0 0
1667 28168 0 0
1668 56337 1 0
1669 14085 0 0
1670 42251 3 0
1671 28169 1 0
1672 28169 1 0
1673 0 0 0
1674 0 0 0
1675 56333 1 0
1676 42252 1 0
1677 14084 0 0
1678 14084 0 0
1679 70420 1 0
1680 42252 2 0
1681 42252 1 0
1682 14084 0 0
1683 42252 0 0
1684 14084 0 0
1685 42251 1 0
1686 0 0 0
1687 14082 0 0
1688 14084 0 0
1689 28168 0 0
1690 28168 1 0
1691 0 0 0
1692 14084 0 0
1693 0 0 0
1694 56337 0 0
1695 0 0 0
1696 56337 0 0
1697 28168 1 0
1698 14084 0 0
1699 0 0 0
1700 42251 3 0
1701 28168 0 0
1702 42252 1 0
1703 42252 2 0
1704 14084 0 0
1705 42253 2 0
1706 56337 0 0
1707 56336 0 0
1708 0 0 0
1709 14085 0 0
1710 70423 0 0
1711 14084 1 0
1712 42251 1 0
1713 70421 3 0
1714 42251 0 0
1715 28168 1 0
1716 14085 1 1
1717 70422 2 0
1718 28168 1 1
1719 14083 0 0
1720 0 0 0
1721 14084 0 0
1722 28169 0 0
1723 42251 0 0
1724 14085 0 0
1725 70419 0 0
1726 28168 0 0
1727 28166 1 0
1728 14084 0 0
1729 56337 0 0
1730 0 0 0
1731 42250 2 1
1732 42250 1 0
1733 28169 0 0
1734 56334 2 0
1735 42251 1 0
1736 0 0 0
1737 14085 0 0
1738 56337 3 0
1739 14084 0 0
1740 28167 0 0
1741 42252 1 0
1742 56334 1 0
1743 0 0 0
1744 14084 0 0
1745 28169 2 0
1746 0 0 0
1747 42254 0 0
1748 14083 0 0
1749 28169 0 0
1750 14085 0 0
1751 28168 1 0
1752 0 0 0
1753 28168 0 0
1754 56338 3 0
1755 28168 0 0
1756 28169 0 0
1757 28167 1 0
1758 56336 1 0
1759 28166 1 0
1760 28169 0 0
1761 56336 1 0
1762 42254 0 0
1763 14083 0 0
1764 42253 1 0
1765 42252 0 0
1766 42254 0 0
1767 28168 0 0
1768 14084 0 0
1769 28168 0 0
1770 42253 0 0
1771 0 0 0
1772 42253 0 0
1773 42250 0 0
1774 56336 0 0
1775 56335 1 0
1776 28168 2 1
1777 42251 0 0
1778 28169 0 0
1779 14083 0 0
1780 42250 0 0
1781 14085 1 0
1782 0 0 0
1783 42250 0 0
1784 28168 0 0
1785 14084 1 0
1786 28167 0 0
1787 42253 0 0
1788 14084 0 0
1789 14085 0 0
1790 14084 1 0
1791 14085 1 0
1792 0 0 0
1793 28169 0 0
1794 56335 2 0
1795 14083 0 0
1796 28167 1 0
1797 14084 0 0
1798 28166 0 0
1799 14082 0 0
1800 0 0 0
1801 56335 0 0
1802 14085 1 0
1803 56334 3 0
1804 28168 0 0
1805 28168 0 0
1806 42251 1 0
1807 14083 0 0
1808 0 0 0
1809 28166 0 0
1810 14084 0 0
1811 0 0 0
1812 28169 0 0
1813 42251 1 1
1814 14084 0 0
1815 0 0 0
1816 28167 4 1
1817 70417 84724 76861
1818 0 0 0
1819 28167 43383 38605
1820 28167 40332 35970
1821 42252 48929 44049
1822 42252 45502 41167
1823 28168 38111 34158
1824 28169 35826 32116
1825 28169 27407 24760
1826 70421 71357 64628
1827 28167 32403 29296
1828 84506 95407 85993
1829 56339 62333 56251
1830 0 0 0
1831 28170 34782 31350
1832 0 0 0
1833 14083 15143 13630
1834 14084 13932 12659
1835 56336 67212 60576
1836 42253 45759 41224
1837 42251 45544 41212
1838 14085 13941 12607
1839 42252 50842 45837
1840 84505 91201 82234
1841 28168 29681 26796
1842 14084 14112 12827
1843 0 0 0
1844 14084 14911 13545
1845 42252 44395 40233
1846 28169 26709 24230
1847 0 0 0
1848 28168 29275 26445
1849 14083 16949 15305
1850 42253 47972 43251
1851 0 0 0
1852 28168 31989 28826
1853 0 0 0
1854 14082 13260 12053
1855 28167 29454 26542
1856 28166 27683 25050
1857 42251 38791 35193
1858 14084 12900 11777
1859 28169 29210 26457
1860 28170 26976 24493
1861 14085 14934 13575
1862 56338 58051 52615
1863 14084 15820 14283
1864 0 0 0
1865 14084 14796 13341
1866 42277 41503 37681
1867 14083 15602 14124
1868 14084 14286 12931
1869 42251 41590 37688
1870 28167 25959 23498
1871 28170 29898 27121
1872 42249 41349 37341
1873 28168 30183 27262
1874 28166 29530 26676
1875 42253 48868 44013
1876 28169 29689 26805
1877 14084 13266 12056
1878 28169 26060 23630
1879 14084 14259 12904
1880 28169 27026 24522
1881 42251 39482 35805
1882 0 0 0
1883 42201 41006 37230
1884 70417 65407 59310
1885 56336 56635 51144
1886 28167 27278 24718
1887 42252 44495 40258
1888 14084 13431 12167
1889 42250 25 2
1890 56334 11 0
1891 28167 8 1
1892 42251 6 0
1893 14085 0 0
1894 42251 13 0
1895 28173 4 0
1896 28167 8 0
1897 28168 6 0
1898 70419 50374 46394
1899 28167 27661 25122
1900 14083 17065 15359
1901 28170 33895 30454
1902 42253 39316 35620
1903 56337 53908 48994
1904 14085 16696 15076
1905 14083 15868 14395
1906 42253 33275 30305
1907 28168 22490 20512
1908 42252 39185 35632
1909 28168 26897 24432
1910 28167 27789 25151
1911 14084 14132 12792
1912 14084 16215 14637
1913 14084 14857 13392
1914 28128 26908 24341
1915 42252 39634 35997
1916 14084 15810 14268
1917 28167 29203 26425
1918 28168 27197 24726
1919 14085 13225 12068
1920 56336 62342 56290
1921 28168 29703 26874
1922 14084 14512 13108
1923 70422 70505 63827
1924 56333 64326 58134
1925 14085 15737 14207
1926 0 0 0
1927 14084 13630 12346
1928 56335 63855 57640
1929 28169 30395 27487
1930 14085 16242 14589
1931 56336 61181 55109
1932 0 0 0
1933 0 0 0
1934 42251 41363 37556
1935 0 0 0
1936 28169 28797 26089
1937 14085 13822 12557
1938 0 0 0
1939 0 0 0
1940 0 0 0
1941 14084 13729 12503
1942 28168 29638 26858
1943 0 0 0
1944 0 0 0
1945 28167 30269 27315
1946 84501 83117 75392
1947 28168 26989 24519
1948 28168 29509 26622
1949 70418 71586 64791
1950 28167 25904 23568
1951 14083 12981 11807
1952 70415 71171 64554
1953 56335 55490 50243
1954 14084 14692 13208
1955 14084 14582 13163
1956 14083 15802 14215
1957 56336 58982 53251
1958 28168 26373 23959
1959 14083 13212 12032
1960 0 0 0
1961 42253 41023 37268
1962 14084 12889 11670
1963 28168 26177 23779
1964 28167 28110 25472
1965 28168 26643 24189
1966 28168 28547 25789
1967 42258 41551 37650
1968 28167 29252 26520
1969 42252 41379 37519
1970 42251 26 5
1971 28168 10 1
1972 14084 3 1
1973 14085 5 0
1974 28169 10 0
1975 14083 5 0
1976 56333 18 0
1977 56335 11 1
1978 14084 4 0
1979 28167 6 0
1980 42250 9 2
1981 0 0 0
1982 56337 13 1
1983 28166 8 0
1984 42251 12 0
1985 42250 14 0
1986 70420 19 2
1987 14082 1 0
1988 56337 15 1
1989 70420 14 3
1990 0 0 0
1991 28167 5 1
1992 0 0 0
1993 28166 4 0
1994 14083 3 0
1995 14084 1 0
1996 28169 7 0
1997 14084 1 0
1998 42252 9 0
1999 42252 8 0
2000 42251 8 0
2001 98587 20 2
2002 28168 2 1
2003 42251 6 1
2004 28168 7 1
2005 0 0 0
2006 14084 17563 15772
2007 42251 67980 60467
2008 28168 41993 37314
2009 14084 16609 14870
2010 0 0 0
2011 0 0 0
2012 14084 18419 16468
2013 28168 28099 25282
2014 28169 28577 25927
2015 42253 49610 44595
2016 28169 32670 29409
2017 42251 44992 40637
2018 28168 28190 25544
2019 28168 34718 31116
2020 14082 16204 14649
2021 28167 28764 26077
2022 42249 41050 37147
2023 14084 16502 14898
2024 0 0 0
2025 14085 14488 13084
2026 28166 27524 24941
2027 14083 16278 14671
2028 28169 29779 26898
2029 42252 44556 40318
2030 56337 54820 49727
2031 28168 33657 30260
2032 14082 15286 13760
2033 14085 14504 13065
2034 14084 13501 12279
2035 28168 32015 28897
2036 14084 15085 13661
2037 0 0 0
2038 56335 60810 54786
2039 0 0 0
2040 28168 32196 28937
2041 70422 68587 62121
2042 14085 13201 11957
2043 28167 30171 27259
2044 42251 41722 37781
2045 14083 13131 11874
2046 0 0 0
2047 42253 43148 38941
2048 98592 94420 85623
2049 28165 29748 26911
2050 0 0 0
2051 0 0 0
2052 14084 14903 13449
2053 42252 42605 38602
2054 14084 13643 12334
2055 14085 15501 13983
2056 14085 14019 12657
2057 42253 41847 37906
2058 14084 13268 12045
2059 14084 14726 13302
2060 98590 95684 86773
2061 14084 15046 13622
2062 42251 43084 38923
2063 14084 16029 14461
2064 56338 59595 53771
2065 42251 42082 38121
2066 70420 66813 60592
2067 42250 45035 40613
2068 14085 14013 12615
2069 28168 27142 24608
2070 14084 12753 11598
2071 42249 43882 39666
2072 42251 41895 37907
2073 28168 29828 26946
2074 28169 28425 25702
2075 0 0 0
2076 0 0 0
2077 98588 61 5
2078 28168 16 1
2079 28168 10 3
2080 28169 9 0
2081 28166 9 0
2082 56333 16 2
2083 28168 1 0
2084 28170 13 0
2085 28167 13 1
2086 28168 22685 20778
2087 42252 41059 37292
2088 0 0 0
2089 42253 56213 50207
2090 56335 57916 52192
2091 56334 57673 52228
2092 14083 17947 16175
2093 28167 33607 30230
2094 56334 51334 46560
2095 14084 13283 11980
2096 42252 45171 40755
2097 42253 43360 39226
2098 56335 58377 52797
2099 84504 83777 75850
2100 28167 32481 29336
2101 28167 30404 27251
2102 56337 56917 51462
2103 14084 13460 12251
2104 14083 15792 14264
2105 56337 58255 52594
2106 0 0 0
2107 14084 13706 12419
2108 14084 15712 14174
2109 56335 58042 52625
2110 14084 13882 12543
2111 28170 26367 23941
2112 0 0 0
2113 14085 14041 12677
2114 14084 13696 12385
2115 42249 38846 35275
2116 42125 45410 41124
2117 28168 27934 25259
2118 0 0 0
2119 28168 29228 26412
2120 28164 33719 30269
2121 14084 15562 14032
2122 1 1 1
2123 0 0 0
2124 14084 14236 12948
2125 84501 80907 73362
2126 56337 51156 46509
2127 0 0 0
2128 28169 27833 25148
2129 0 0 0
2130 28168 28669 25928
2131 28168 27493 25033
2132 42249 46866 42302
2133 0 0 0
2134 56337 52403 47502
2135 70419 63205 57389
2136 42253 41496 37575
2137 28169 26604 24084
2138 0 0 0
2139 0 0 0
2140 56337 53545 48611
2141 70419 63698 57913
2142 0 0 0
2143 28169 25696 23297
2144 14083 14235 12839
2145 14085 13644 12366
2146 14084 13717 12405
2147 28167 25850 23518
2148 28166 29380 26628
2149 28166 27676 25020
2150 56333 54461 49363
2151 0 0 0
2152 42251 43096 38888
2153 14085 13194 11965
2154 84505 89434 80718
2155 14083 13869 12573
2156 42250 44597 40228
2157 14084 13059 11880
2158 14085 11 0
2159 14083 5 0
2160 14086 3 0
2161 42253 6 0
2162 28167 12 0
2163 70421 21 0
2164 14083 4 0
2165 14084 2 0
2166 28167 9 1
2167 42248 17 1
2168 28169 9 0
2169 28165 18 1
2170 14083 2 1
2171 0 0 0
2172 14084 5 0
2173 14083 1 0
2174 28168 2 0
2175 14082 5 0
2176 14083 4 0
2177 28167 4 0
2178 42251 12 0
2179 42252 14 0
2180 14084 3 0
2181 28167 5 0
2182 0 0 0
2183 42254 10 0
2184 0 0 0
2185 28169 7 0
2186 28168 3 1
2187 14083 3 0
2188 0 0 0
2189 14084 5 0
2190 28169 5 0
2191 0 0 0
2192 14084 3 0
2193 42254 49498 44930
2194 0 0 0
2195 42252 65874 58519
2196 70420 102826 91450
2197 14084 16276 14609
2198 0 0 0
2199 14085 18791 16776
2200 28166 36027 32214
2201 28167 27626 24932
2202 28168 28311 25624
2203 28168 32182 29056
2204 84506 94459 85168
2205 42251 44977 40636
2206 42250 43354 39107
2207 42253 50650 45519
2208 56336 61789 55641
2209 42252 43290 39086
2210 56335 54377 49287
2211 0 0 0
2212 42252 44682 40312
2213 42252 43130 39022
2214 0 0 0
2215 14084 15554 14055
2216 42252 43906 39673
2217 28172 29201 26425
2218 28168 27232 24673
2219 14084 15803 14241
2220 14084 14600 13188
2221 0 0 0
2222 28168 27215 24800
2223 14084 15452 13919
2224 42251 42455 38390
2225 28167 31946 28810
2226 56335 59189 53348
2227 42251 50899 45725
2228 42251 46771 42195
2229 56338 58979 53191
2230 42252 42741 38672
2231 14083 15724 14148
2232 28168 29178 26420
2233 28168 28555 25826
2234 42251 41890 37927
2235 42252 45778 41272
2236 42253 43380 39265
2237 14085 16073 14522
2238 14084 15541 14003
2239 42253 50710 45606
2240 56334 62728 56454
2241 42250 43298 39081
2242 14084 13712 12457
2243 28166 28880 26153
2244 14084 14048 12739
2245 0 0 0
2246 42253 39615 35983
2247 0 0 0
2248 28168 27389 24806
2249 14084 14490 13120
2250 28166 28705 25918
2251 42253 45695 41232
2252 1 0 0
2253 56335 56296 50875
2254 56334 53807 48799
2255 14084 14446 13081
2256 0 0 0
2257 14084 13955 12668
2258 28168 26663 24195
2259 42249 42967 38846
2260 55171 52582 47554
2261 14082 15234 13759
2262 14084 14378 13020
2263 56335 60494 54621
2264 56333 52045 47235
2265 14085 14 1
2266 14084 5 2
2267 28167 6 0
2268 28170 9 1
2269 0 0 0
2270 42252 11 0
2271 28167 8 1
2272 56336 19 1
2273 42251 9 0
2274 28168 22777 20896
2275 42254 43706 39598
2276 14084 18256 16397
2277 14084 18072 16174
2278 28168 29356 26512
2279 28167 28474 25780
2280 28168 35156 31534
2281 56336 69281 62145
2282 14112 12380 11150
2283 42253 39661 36034
2284 28169 29462 26689
2285 28167 29972 27045
2286 0 0 0
2287 0 0 0
2288 42254 49170 44132
2289 42253 45860 41286
2290 14084 14320 12902
2291 14083 13745 12480
2292 70420 77967 70385
2293 42253 44512 40198
2294 42252 43404 39281
2295 28167 27853 25231
2296 56336 63230 57040
2297 14084 15398 13876
2298 42254 43375 39182
2299 0 0 0
2300 28166 31938 28776
2301 14084 15162 13692
2302 28168 29113 26310
2303 28168 27540 24865
2304 0 0 0
2305 14084 15162 13695
2306 0 0 0
2307 56337 63680 57407
2308 0 0 0
2309 28170 32360 28993
2310 0 0 0
2311 14085 13585 12373
2312 0 0 0
2313 42251 44096 39861
2314 28169 27275 24681
2315 56334 53082 48146
2316 42250 42838 38763
2317 0 0 0
2318 28167 31574 28493
2319 28168 30017 27027
2320 42252 47630 42980
2321 14083 15013 13561
2322 28166 28298 25591
2323 70418 69020 62565
2324 28166 28898 26129
2325 56335 56515 51207
2326 42252 39894 36137
2327 70416 65182 59117
2328 28169 27775 25183
2329 14084 13556 12274
2330 70420 72643 65664
2331 28168 29375 26525
2332 14085 15177 13711
2333 14082 14943 13503
2334 14085 13355 12035
2335 56333 53836 48754
2336 42253 40600 36792
2337 14084 13659 12324
2338 84504 77424 70278
2339 28167 25744 23366
2340 28167 25910 23521
2341 14084 13214 12024
2342 28169 27981 25360
2343 14058 13612 12346
2344 28168 27804 25250
2345 42254 40484 36706
2346 28168 21 6
2347 42255 16 0
2348 42254 10 1
2349 14083 2 0
2350 14084 4 1
2351 56334 20 0
2352 14083 6 1
2353 28170 5 0
2354 42253 14 0
2355 56335 17 0
2356 28132 8 1
2357 28166 3 0
2358 14084 6 0
2359 0 0 0
2360 42252 13 1
2361 28166 10 1
2362 14084 5 0
2363 14084 3 0
2364 42251 8 0
2365 14082 2 1
2366 28168 4 0
2367 28169 6 0
2368 28166 4 0
2369 28169 7 0
2370 28170 4 0
2371 56338 8 0
2372 28169 13 1
2373 28168 7 0
2374 56335 13 0
2375 42252 15 1
2376 14084 4 0
2377 42252 12 0
2378 42252 11 0
2379 42253 8 0
2380 28168 12 1
2381 14084 5 0
2382 42252 12 1
2383 42252 11 0
2384 14083 6 0
2385 42251 5 0
2386 28169 6 0
2387 56336 12 0
2388 56335 6 1
2389 28168 5 0
2390 28169 6 1
2391 28166 3 0
2392 14085 5 0
2393 28169 5 0
2394 14085 2 0
2395 0 0 0
2396 56333 7 0
2397 42251 3 0
2398 28168 4 1
2399 28168 1 0
2400 42252 8 0
2401 14084 8 2
2402 14084 1 0
2403 14083 4 0
2404 14085 0 0
2405 1 0 0
2406 14084 4 0
2407 56335 7 0
2408 28167 8 0
2409 28168 1 0
2410 14084 2 0
2411 28170 4 0
2412 14084 2 0
2413 0 0 0
2414 56336 11 1
2415 14084 3 0
2416 56335 6 2
2417 28167 3 0
2418 28169 3 0
2419 42251 4 0
2420 14084 0 0
2421 0 0 0
2422 28168 2 0
2423 28166 2 1
2424 14082 2 0
2425 28168 2 0
2426 56334 6 0
2427 14094 3 0
2428 0 0 0
2429 28170 0 0
2430 70482 4 0
2431 0 0 0
2432 28169 2 0
2433 28167 4 0
2434 42252 3 1
2435 42252 3 0
2436 28168 2 0
2437 28169 2 0
2438 28169 2 0
2439 56337 5 0
2440 28168 2 0
2441 84502 13 2
2442 56336 2 0
2443 0 0 0
2444 42251 2 0
2445 14082 1 0
2446 14084 2 0
2447 28167 3 0
2448 56334 9 2
2449 42253 1 0
2450 42254 4 0
2451 28166 4 0
2452 42249 4 0
2453 84503 4 1
2454 28168 2 0
2455 14084 0 0
2456 14083 0 0
2457 28167 2 0
2458 14083 1 0
2459 14084 2 0
2460 14083 2 0
2461 14084 3 0
2462 28166 3 0
2463 42253 4 0
2464 0 0 0
2465 28168 2 0
2466 0 0 0
2467 14084 0 0
2468 28168 3 0
2469 42251 4 0
2470 56336 10 1
2471 14084 2 0
2472 28168 1 0
2473 28169 4 0
2474 14084 1 0
2475 56334 3 0
2476 14084 0 0
2477 14083 0 0
2478 14084 3 0
2479 56336 6 1
2480 14084 2 0
2481 28167 3 0
2482 42253 0 0
2483 42251 3 0
2484 28169 3 0
2485 42251 4 0
2486 14084 0 0
2487 28168 0 0
2488 42252 3 0
2489 28168 1 0
2490 0 0 0
2491 28167 1 0
2492 0 0 0
2493 28168 1 0
2494 28167 2 0
2495 0 0 0
2496 42250 3 0
2497 56335 2 0
2498 56340 2 0
2499 28168 3 0
2500 42250 4 0
2501 14084 1 0
2502 42253 2 0
2503 42254 2 0
2504 28169 4 0
2505 42251 2 0
2506 14084 1 0
2507 28168 1 0
2508 42252 2 0
2509 28168 1 1
2510 28168 1 0
2511 70420 4 0
2512 42198 0 0
2513 14085 0 0
2514 42251 0 0
2515 42251 3 0
2516 56335 1 0
2517 14084 0 0
2518 14084 1 0
2519 42251 2 0
2520 42248 0 0
2521 14083 0 0
2522 28166 3 0
2523 14084 2 0
2524 14083 1 0
2525 14084 0 0
2526 0 0 0
2527 28168 4 1
2528 28168 0 0
2529 42249 4 0
2530 28169 0 0
2531 28169 0 0
2532 14084 0 0
2533 56335 1 0
2534 14084 0 0
2535 28167 1 0
2536 42252 1 0
2537 70419 4 1
2538 14084 1 0
2539 0 0 0
2540 56332 1 0
2541 56337 3 0
2542 28168 0 0
2543 14084 0 0
2544 28169 1 0
2545 0 0 0
2546 0 0 0
2547 28167 0 0
2548 0 0 0
2549 28167 0 0
2550 14085 1 0
2551 0 0 0
2552 0 0 0
2553 0 0 0
2554 0 0 0
2555 28168 1 0
2556 0 0 0
2557 14083 0 0
2558 28168 1 0
2559 98588 1 0
2560 28167 1 0
2561 42250 0 0
2562 56335 0 0
2563 28168 1 0
2564 14084 0 0
2565 84503 4 0
2566 70420 1 0
2567 14085 0 0
2568 14084 0 0
2569 28168 2 0
2570 56335 1 0
2571 42251 0 0
2572 28116 1 0
2573 1 0 0
2574 42252 1 0
2575 14083 2 0
2576 14084 0 0
2577 28167 0 0
2578 28169 0 0
2579 28169 1 0
2580 56333 1 0
2581 14084 1 0
2582 28168 0 0
2583 42251 0 0
2584 28169 0 0
2585 14083 0 0
2586 14085 0 0
2587 28168 1 0
2588 28168 0 0
2589 56336 3 0
2590 70419 0 0
2591 14084 0 0
2592 28167 0 0
2593 28168 0 0
2594 0 0 0
2595 56337 1 0
2596 28168 1 0
2597 56336 1 0
2598 42252 0 0
2599 56335 3 0
2600 14084 0 0
2601 28169 0 0
2602 70422 2 1
2603 0 0 0
2604 28167 0 0
2605 0 0 0
2606 28168 1 0
2607 14084 1 0
2608 14083 0 0
2609 42250 1 0
2610 28167 0 0
2611 28168 0 0
2612 56337 0 0
2613 42251 1 0
2614 84504 2 0
2615 28169 0 0
2616 28167 1 0
2617 14084 1 0
2618 0 0 0
2619 0 0 0
2620 42253 0 0
2621 14084 0 0
2622 14084 0 0
2623 0 0 0
2624 14083 1 0
2625 42249 0 0
2626 28167 0 0
2627 42250 1 0
2628 42252 2 1
2629 28167 0 0
2630 42251 0 0
2631 28168 0 0
2632 14084 0 0
2633 14084 0 0
2634 42251 1 0
2635 42253 0 0
2636 14084 0 0
2637 0 0 0
2638 14085 0 0
2639 28168 1 0
2640 28167 1 0
2641 28168 0 0
2642 42252 0 0
2643 56337 1 0
2644 28169 1 0
2645 14083 0 0
2646 14084 0 0
2647 14083 0 0
2648 28169 1 0
2649 14084 0 0
2650 0 0 0
2651 56337 0 0
2652 0 0 0
2653 42248 0 0
2654 70421 1 0
2655 28167 0 0
2656 28169 1 0
2657 42253 1 0
2658 14084 0 0
2659 0 0 0
2660 70419 1 0
2661 84503 1 0
2662 56334 0 0
2663 0 0 0
2664 0 0 0
2665 14085 0 0
2666 42252 0 0
2667 28166 1 0
2668 14084 0 0
2669 14084 0 0
2670 42251 0 0
2671 28167 0 0
2672 0 0 0
2673 70418 0 0
2674 14084 0 0
2675 28169 0 0
2676 28167 0 0
2677 42253 0 0
2678 28167 0 0
2679 28168 0 0
2680 42253 0 0
2681 14084 0 0
2682 28178 0 0
2683 14084 0 0
2684 28168 1 0
2685 28168 0 0
2686 14084 0 0
2687 28168 0 0
2688 0 0 0
2689 8 0 0
2690 98591 0 0
2691 28168 0 0
2692 28168 0 0
2693 28168 0 0
2694 28168 0 0
2695 56333 0 0
2696 42251 0 0
2697 28168 0 0
2698 28168 0 0
2699 28168 0 0
2700 56334 0 0
2701 14071 0 0
2702 42252 0 0
2703 56334 0 0
2704 42251 0 0
2705 14085 0 0
2706 14104 0 0
2707 56335 0 0
2708 28166 0 0
2709 56334 0 0
2710 14084 0 0
2711 42253 50326 45686
2712 56336 66511 60049
2713 14085 21095 18880
2714 14084 19996 17887
2715 84501 93384 84097
2716 0 0 0
2717 14084 18925 16975
2718 42254 54535 48847
2719 0 0 0
2720 0 0 0
2721 0 0 0
2722 56335 62587 56514
2723 14084 15707 14162
2724 42251 42877 38868
2725 14083 17274 15479
2726 28167 33078 29699
2727 14084 15111 13660
2728 28168 27796 25236
2729 42249 50440 45353
2730 14083 16174 14535
2731 14083 15605 14093
2732 28167 28164 25413
2733 28167 33171 29881
2734 0 0 0
2735 28166 29558 26792
2736 0 0 0
2737 14084 16645 15058
2738 84505 91564 82794
2739 70419 72710 65874
2740 14082 13777 12496
2741 28168 31749 28733
2742 0 0 0
2743 28166 32849 29561
2744 14083 15156 13699
2745 42251 54472 48789
2746 0 0 0
2747 56337 56059 50683
2748 56334 52348 47501
2749 28169 30266 27336
2750 28167 28424 25772
2751 0 0 0
2752 0 0 0
2753 42253 44228 39953
2754 56337 57004 51509
2755 0 0 0
2756 14084 14893 13504
2757 28166 33070 29794
2758 14084 15701 14114
2759 14084 13943 12678
2760 28170 26358 23924
2761 28169 29751 26910
2762 42250 43058 38836
2763 56338 54142 49048
2764 0 0 0
2765 28168 29359 26636
2766 28168 27499 24888
2767 70418 74837 67690
2768 14085 14298 12933
2769 42252 48672 43924
2770 14083 14936 13516
2771 28165 28379 25694
2772 14084 13500 12256
2773 28167 30677 27807
2774 70417 72574 65749
2775 28168 27861 25265
2776 42252 39122 35493
2777 14084 14696 13216
2778 14084 13885 12501
2779 28168 31052 28094
2780 56334 58098 52484
2781 42251 47419 42740
2782 28166 27491 24925
2783 28166 10 1
2784 14083 3 0
2785 14084 5 1
2786 14085 4 0
2787 28168 8 0
2788 28167 4 0
2789 14084 0 0
2790 28169 6 0
2791 56336 11 1
2792 42250 34743 31863
2793 14084 14524 13182
2794 14084 18786 16740
2795 14083 18166 16232
2796 42253 45401 40900
2797 14083 14889 13398
2798 14084 17915 16113
2799 14083 17339 15569
2800 14085 12688 11530
2801 0 0 0
2802 14083 14986 13585
2803 28168 30218 27270
2804 0 0 0
2805 14083 14813 13405
2806 42252 49810 44653
2807 0 0 0
2808 28168 29690 26786
2809 42252 41122 37370
2810 14084 15781 14219
2811 0 0 0
2812 28166 29752 26960
2813 28169 28145 25587
2814 28167 32104 28864
2815 28167 30994 27933
2816 14083 15019 13543
2817 70442 72525 65615
2818 42251 48771 43953
2819 42253 47002 42348
2820 28168 29912 26964
2821 42250 42728 38690
2822 84500 98608 88670
2823 42251 46578 41973
2824 0 0 0
2825 42250 48781 43784
2826 42251 53510 48014
2827 0 0 0
2828 14083 14074 12754
2829 56333 56533 51137
2830 42251 45245 40846
2831 14083 14816 13415
2832 0 0 0
2833 14085 13855 12484
2834 1 2 2
2835 28167 27745 25110
2836 14083 15648 14129
2837 56332 59967 54178
2838 28168 32277 29058
2839 56335 60760 54722
2840 42251 43853 39551
2841 56336 56382 51062
2842 28169 30392 27431
2843 28168 29480 26710
2844 14084 14039 12648
2845 42250 41542 37626
2846 28167 29047 26240
2847 28168 28460 25818
2848 42252 45189 40850
2849 56335 58726 53339
2850 28166 31290 28225
2851 14083 15277 13790
2852 14085 13949 12633
2853 56334 55517 50281
2854 42252 43400 39316
2855 14084 14381 13023
2856 28169 26633 24163
2857 28167 26908 24388
2858 0 0 0
2859 56332 57157 51776
2860 0 0 0
2861 42251 42544 38501
2862 14082 14423 13055
2863 28168 28407 25705
2864 42254 27 4
2865 14083 5 0
2866 70419 10 0
2867 56337 18 3
2868 0 0 0
2869 0 0 0
2870 28165 12 0
2871 14084 2 0
2872 42258 17 0
2873 56335 13 0
2874 28167 8 0
2875 0 0 0
2876 28169 10 0
2877 42251 12 0
2878 42250 16 0
2879 14083 9 0
2880 28169 2 1
2881 28168 8 1
2882 28163 4 0
2883 28166 11 0
2884 42251 11 0
2885 56337 14 3
2886 28169 6 0
2887 28168 6 0
2888 56336 12 0
2889 14083 2 0
2890 28167 11 0
2891 14085 3 0
2892 28169 5 0
2893 14084 2 0
2894 14084 4 0
2895 28167 11 0
2896 28168 3 0
2897 14084 1 0
2898 28169 6 1
2899 14083 16899 15295
2900 0 0 0
2901 42252 65942 58633
2902 28169 40741 36168
2903 0 0 0
2904 14085 15339 13804
2905 56334 76710 68527
2906 56335 72008 64332
2907 42255 40613 36782
2908 14084 13784 12519
2909 56335 64406 57977
2910 14085 15802 14255
2911 42253 47228 42640
2912 0 0 0
2913 28168 35594 32024
2914 28168 32314 29102
2915 42250 45765 41337
2916 28166 28813 26023
2917 14083 16773 15066
2918 14083 15563 14029
2919 0 0 0
2920 56337 56250 50952
2921 0 0 0
2922 28169 30668 27641
2923 0 0 0
2924 28167 28621 25929
2925 0 0 0
2926 42253 44853 40525
2927 14084 14326 12996
2928 42252 41243 37383
2929 42251 48243 43387
2930 0 0 0
2931 28169 33326 29871
2932 28167 31301 28141
2933 28169 35379 31653
2934 14084 16111 14444
2935 28167 28253 25549
2936 70421 69587 62907
2937 14084 15898 14322
2938 70419 75340 67883
2939 42254 42985 38748
2940 70421 67313 61120
2941 70417 75200 67983
2942 14084 14072 12783
2943 98585 112878 101576
2944 14084 15155 13707
2945 14084 17040 15313
2946 14084 15094 13571
2947 28167 27865 25240
2948 56337 53789 48764
2949 42252 44300 40051
2950 14084 14041 12637
2951 56336 52811 47828
2952 42251 38552 35036
2953 28169 28150 25550
2954 0 0 0
2955 28168 29083 26289
2956 14083 13919 12606
2957 28168 30860 27734
2958 42251 43071 38914
2959 28169 26889 24357
2960 56336 54872 49698
2961 28168 29601 26773
2962 28166 27455 24798
2963 14084 12944 11727
2964 56339 52688 47863
2965 14085 13952 12612
2966 28169 27217 24628
2967 14084 13908 12606
2968 28167 27135 24642
2969 28167 28972 26127
2970 14083 12858 11661
2971 28166 13 3
2972 14084 3 0
2973 56333 18 0
2974 28168 6 1
2975 14084 8 1
2976 14084 6 0
2977 14084 0 0
2978 14084 2 0
2979 28167 7 0
2980 28168 23263 21371
2981 14083 13867 12493
2982 28167 36160 32435
2983 56334 74591 66660
2984 70420 73152 65934
2985 28168 28447 25777
2986 14084 17456 15703
2987 56333 68109 61184
2988 42250 37937 34434
2989 14084 13179 11987
2990 42252 45595 41122
2991 42252 44630 40326
2992 56334 59836 54104
2993 28168 29342 26512
2994 14083 16593 14944
2995 42250 46621 42073
2996 42252 42950 38745
2997 14084 13352 12104
2998 28169 31980 28850
2999 42250 45693 41175
3000 56335 55874 50541
3001 56336 56384 51042
3002 28168 31371 28274
3003 28169 29988 26967
3004 28167 30964 27986
3005 28168 28455 25828
3006 28173 33373 29833
3007 28167 30845 27691
3008 0 0 0
3009 56337 56012 50662
3010 42251 48616 43781
3011 28169 30557 27519
3012 28169 32885 29642
3013 70417 76881 69300
3014 14083 18052 16195
3015 28167 33004 29651
3016 28168 27906 25179
3017 14084 13838 12533
3018 14083 14510 13111
3019 14084 14313 12971
3020 56336 52380 47543
3021 28167 26038 23612
3022 14084 13664 12380
3023 0 0 0
3024 28168 29198 26468
3025 14084 14457 13075
3026 14083 15687 14151
3027 28169 29823 26994
3028 14084 14410 13029
3029 56337 55972 50572
3030 42251 45781 41235
3031 42251 43555 39222
3032 42254 39919 36143
3033 14084 13423 12172
3034 0 0 0
3035 56334 56742 51458
3036 28167 29694 26750
3037 14084 14828 13383
3038 28169 31447 28325
3039 56335 59286 53534
3040 28167 27797 25153
3041 14079 13546 12302
3042 28167 29218 26451
3043 84505 85371 77116
3044 0 0 0
3045 28167 26242 23753
3046 28169 28035 25383
3047 42253 41344 37475
3048 42251 43179 39156
3049 42251 41712 37818
3050 14085 14670 13269
3051 14085 13884 12544
3052 42251 17 1
3053 28169 3 0
3054 56337 22 1
3055 56337 18 1
3056 0 0 0
3057 42252 10 0
3058 28166 11 0
3059 14084 5 0
3060 14084 2 0
3061 70421 16 1
3062 14085 8 0
3063 28168 12 0
3064 28169 6 0
3065 28169 11 0
3066 84504 19 2
3067 14085 5 0
3068 14085 9 0
3069 28166 9 0
3070 28168 8 1
3071 14085 5 0
3072 14084 7 0
3073 28166 5 0
3074 14084 6 1
3075 28167 7 0
3076 42252 9 0
3077 14083 5 0
3078 28166 4 1
3079 14083 5 1
3080 14084 4 0
3081 28166 11 1
3082 28168 6 0
3083 42252 10 2
3084 14084 4 1
3085 42249 7 0
3086 42251 5 0
3087 14084 16446 14950
3088 42254 50718 45733
3089 28165 43855 38827
3090 14084 19926 17779
3091 0 0 0
3092 42252 46152 41603
3093 14083 19257 17206
3094 42249 53257 47625
3095 42252 40159 36363
3096 42250 41262 37412
3097 28168 31845 28695
3098 56335 62186 56124
3099 14083 15738 14193
3100 42250 44233 39934
3101 42252 53174 47675
3102 28167 32257 28974
3103 14082 15259 13748
3104 28169 27829 25249
3105 0 0 0
3106 28169 30853 27883
3107 28169 29845 26962
3108 14083 14202 12891
3109 28169 33938 30522
3110 56335 59818 53931
3111 56336 58331 52618
3112 42252 40447 36680
3113 42252 48278 43482
3114 0 0 0
3115 28168 27969 25350
3116 42253 38721 35156
3117 28169 31525 28450
3118 42253 42661 38700
3119 28167 31874 28793
3120 28168 29996 27082
3121 42253 51692 46511
3122 28166 30954 27967
3123 0 0 0
3124 56340 53988 48830
3125 28168 31564 28486
3126 28166 28936 26136
3127 42251 41964 38072
3128 56337 53459 48450
3129 56333 59216 53726
3130 14085 13588 12286
3131 14084 15977 14435
3132 42252 44109 39883
3133 42254 50422 45400
3134 14085 15006 13556
3135 14083 14677 13307
3136 14083 13320 12107
3137 14086 15894 14326
3138 14083 14183 12881
3139 0 0 0
3140 42251 39408 35764
3141 42253 44123 39912
3142 42256 40685 36802
3143 28167 29407 26548
3144 28168 28326 25719
3145 28167 31819 28735
3146 56337 59517 53714
3147 14083 14203 12842
3148 28167 27710 25038
3149 42251 46131 41641
3150 56335 57259 51767
3151 0 0 0
3152 14083 13543 12261
3153 70418 74722 67272
3154 56336 55775 50534
3155 28169 29676 26786
3156 28167 28625 25943
3157 28169 30865 27832
3158 0 0 0
3159 14083 10 0
3160 70418 29 1
3161 0 0 0
3162 28169 8 0
3163 14084 1 0
3164 0 0 0
3165 14082 5 1
3166 0 0 0
3167 14054 3 0
3168 28166 21962 20208
3169 14082 14083 12736
3170 14083 16976 15339
3171 14084 17080 15352
3172 112668 110008 99536
3173 28168 27398 24793
3174 28168 32959 29710
3175 56337 61243 55187
3176 42256 32288 29388
3177 14084 11418 10411
3178 70419 62225 56623
3179 56336 51724 47080
3180 14083 14562 13137
3181 14085 14444 13043
3182 28168 32389 29128
3183 42253 45579 41143
3184 28168 28837 26136
3185 28167 27384 24819
3186 28165 32178 29036
3187 28169 30054 27128
3188 14085 14785 13376
3189 28166 27953 25310
3190 28168 32325 29121
3191 42250 44776 40403
3192 42250 42446 38295
3193 56338 56209 50960
3194 14084 16107 14584
3195 28168 30149 27247
3196 42211 43512 39330
3197 14084 13886 12575
3198 14085 16040 14371
3199 28167 29540 26714
3200 28169 33408 29967
3201 42250 46313 41615
3202 42252 53030 47707
3203 70420 81487 73270
3204 0 0 0
3205 28169 28248 25461
3206 28167 30989 27907
3207 0 0 0
3208 56333 56798 51456
3209 42251 41440 37461
3210 42253 45570 41096
3211 56334 57168 51738
3212 42253 48472 43591
3213 14084 15699 14191
3214 42249 50888 45738
3215 70421 79411 71271
3216 0 0 0
3217 42250 41452 37429
3218 0 0 0
3219 28167 27090 24533
3220 14084 12956 11746
3221 14084 13096 11892
3222 42253 41654 37595
3223 14104 14110 12740
3224 14083 14538 13103
3225 56337 56173 50784
3226 42251 46779 42186
3227 70420 74992 67736
3228 28167 28820 26076
3229 28169 27673 24925
3230 14084 15010 13560
3231 0 0 0
3232 0 0 0
3233 42253 40860 36972
3234 14083 14129 12708
3235 0 0 0
3236 0 0 0
3237 14084 14225 12906
3238 42253 45264 40894
3239 28169 28726 25990
3240 42253 35 0
3241 42253 26 2
3242 28169 11 1
3243 42253 9 2
3244 28168 9 1
3245 14085 6 0
3246 42250 13 1
3247 28168 6 0
3248 56334 10 1
3249 28167 10 0
3250 0 0 0
3251 14084 5 0
3252 42250 12 0
3253 28168 9 1
3254 14084 8 0
3255 56333 15 1
3256 28168 6 0
3257 42251 17 0
3258 14084 4 0
3259 14084 4 0
3260 14085 3 0
3261 28167 10 0
3262 14082 4 0
3263 0 0 0
3264 42252 11 0
3265 14082 3 0
3266 56334 20 3
3267 28167 4 0
3268 28168 7 0
3269 28168 4 0
3270 42252 9 1
3271 14083 3 0
3272 14083 2 0
3273 70422 17 1
3274 84506 15 0
3275 70418 16 1
3276 0 0 0
3277 0 0 0
3278 28166 8 0
3279 42253 6 0
3280 42251 9 0
3281 14084 4 0
3282 14084 3 1
3283 42254 9 0
3284 14084 1 0
3285 0 0 0
3286 56337 11 0
3287 0 0 0
3288 14084 3 0
3289 14084 3 1
3290 42252 8 0
3291 42218 15 0
3292 14083 3 0
3293 28167 6 1
3294 14084 3 0
3295 56331 15 1
3296 0 0 0
3297 42251 3 0
3298 14084 4 0
3299 14084 3 0
3300 28168 5 0
3301 0 0 0
3302 28165 5 0
3303 98589 9 0
3304 14083 6 0
3305 56332 15 0
3306 28169 5 0
3307 14084 0 0
3308 56335 8 0
3309 42251 4 0
3310 14084 2 0
3311 42252 6 1
3312 28168 4 0
3313 56336 6 0
3314 14083 1 0
3315 28168 2 0
3316 70417 14 0
3317 28169 7 0
3318 14084 0 0
3319 42250 5 0
3320 56336 6 0
3321 28169 10 0
3322 56337 5 0
3323 14084 0 0
3324 28169 4 1
3325 70418 7 0
3326 14084 2 0
3327 14084 1 0
3328 84506 10 1
3329 14083 2 0
3330 14083 3 0
3331 42252 5 1
3332 0 0 0
3333 0 0 0
3334 0 0 0
3335 42252 5 1
3336 14083 0 0
3337 28168 5 1
3338 14084 0 0
3339 14084 2 0
3340 0 0 0
3341 42250 4 0
3342 42253 4 0
3343 14085 1 0
3344 14084 1 0
3345 28170 1 0
3346 28168 5 0
3347 14083 1 0
3348 42251 4 0
3349 14083 1 1
3350 14085 0 0
3351 70420 5 0
3352 42253 6 0
3353 14083 1 0
3354 28168 2 0
3355 0 0 0
3356 28170 4 0
3357 14085 0 0
3358 42253 2 0
3359 0 0 0
3360 56336 5 0
3361 42253 5 0
3362 28168 2 0
3363 56334 5 0
3364 0 0 0
3365 0 0 0
3366 42253 1 0
3367 42252 6 0
3368 0 0 0
3369 14084 1 0
3370 28167 3 0
3371 14084 0 0
3372 0 0 0
3373 28168 2 0
3374 28168 1 0
3375 42252 3 0
3376 56337 6 1
3377 14083 0 0
3378 28167 1 0
3379 28168 1 0
3380 84506 3 0
3381 14084 3 0
3382 28168 2 0
3383 14084 0 0
3384 28168 0 0
3385 14084 1 0
3386 28168 1 0
3387 42254 4 0
3388 28169 1 0
3389 14084 0 0
3390 14084 1 1
3391 14083 0 0
3392 28167 0 0
3393 56336 3 0
3394 28168 0 0
3395 42251 2 0
3396 28168 1 0
3397 14084 0 0
3398 0 0 0
3399 14084 3 0
3400 28167 1 0
3401 42251 2 0
3402 14084 0 0
3403 14085 0 0
3404 56336 1 0
3405 56333 4 0
3406 14085 1 0
3407 14084 0 0
3408 28167 1 0
3409 42252 1 0
3410 42248 0 0
3411 14084 0 0
3412 14085 0 0
3413 14084 0 0
3414 0 0 0
3415 14085 3 0
3416 28168 1 0
3417 0 0 0
3418 14085 0 0
3419 70418 4 0
3420 0 0 0
3421 42251 3 0
3422 42252 8 0
3423 14083 0 0
3424 0 0 0
3425 28167 2 0
3426 28169 1 0
3427 14084 1 0
3428 28169 1 0
3429 14085 0 0
3430 56335 1 0
3431 42250 0 0
3432 56335 2 0
3433 28168 1 0
3434 28169 0 0
3435 70419 5 0
3436 28169 2 0
3437 0 0 0
3438 42249 0 0
3439 42253 1 0
3440 1 0 0
3441 14084 0 0
3442 42250 1 0
3443 42252 0 0
3444 28168 0 0
3445 0 0 0
3446 28167 1 0
3447 14083 2 0
3448 56333 2 0
3449 14083 0 0
3450 70417 1 0
3451 14084 0 0
3452 42254 3 0
3453 28169 3 1
3454 56354 0 0
3455 28168 1 0
3456 14085 0 0
3457 28166 0 0
3458 28169 1 0
3459 42251 1 0
3460 42250 0 0
3461 42253 3 0
3462 28168 1 0
3463 28168 3 0
3464 14085 0 0
3465 28167 1 0
3466 42254 1 0
3467 42252 1 0
3468 14085 2 0
3469 28168 1 0
3470 28167 2 0
3471 0 0 0
3472 42252 2 0
3473 0 0 0
3474 42251 0 0
3475 14083 0 0
3476 28168 1 0
3477 42252 0 0
3478 14084 1 0
3479 84502 2 0
3480 42251 2 0
3481 14083 0 0
3482 14082 1 0
3483 42253 0 0
3484 28167 0 0
3485 56335 0 0
3486 56335 1 0
3487 28168 3 0
3488 0 0 0
3489 28167 0 0
3490 42252 0 0
3491 42251 0 0
3492 14084 0 0
3493 14085 2 0
3494 28169 1 0
3495 28167 0 0
3496 28170 0 0
3497 28168 1 0
3498 42252 1 0
3499 28168 0 0
3500 28165 0 0
3501 28168 0 0
3502 28168 0 0
3503 28167 1 0
3504 28166 0 0
3505 42253 0 0
3506 28168 1 0
3507 0 0 0
3508 14084 1 0
3509 14084 0 0
3510 14082 0 0
3511 28167 1 0
3512 14084 1 0
3513 0 0 0
3514 42251 1 0
3515 14084 0 0
3516 14083 0 0
3517 14084 0 0
3518 42252 1 0
3519 56336 1 0
3520 42252 1 0
3521 14084 0 0
3522 42253 1 0
3523 42251 1 0
3524 28168 0 0
3525 0 0 0
3526 28167 0 0
3527 28168 0 0
3528 56336 1 0
3529 28170 0 0
3530 28165 0 0
3531 28167 0 0
3532 0 0 0
3533 42252 0 0
3534 0 0 0
3535 28168 1 0
3536 0 0 0
3537 28168 0 0
3538 14083 0 0
3539 42251 1 0
3540 14084 0 0
3541 56336 0 0
3542 56335 0 0
3543 0 0 0
3544 42251 2 0
3545 14085 0 0
3546 42251 0 0
3547 14084 0 0
3548 14084 0 0
3549 28168 0 0
3550 28167 0 0
3551 70421 0 0
3552 42252 2 0
3553 84501 0 0
3554 70420 0 0
3555 0 0 0
3556 84505 2 0
3557 0 0 0
3558 14084 0 0
3559 14084 2 1
3560 28167 0 0
3561 56337 0 0
3562 70418 1 0
3563 0 0 0
