27
71168348 71197475 2016061 52561 51469
71261617 71290737 2014905 106 48
71300940 71330116 2019497 115 67
71341748 71370919 2019681 140 93
71381047 71410251 2021247 227 182
71421879 71450994 2016117 541 479
71462666 71490402 1919636 1311 1238
71502039 71531196 2018171 3464 3349
71542847 71570478 1912201 7346 7141
71582127 71609807 1916300 15065 14709
71621458 71650664 2022132 26828 26228
71660858 71689920 2012125 38946 38071
71701588 71729341 1921355 46055 45082
71741001 71770056 2011081 51792 50706
71780323 71809396 2012337 48554 47519
71821071 71848773 1916578 36625 35794
71861928 71889604 1916020 25066 24490
71901252 71928885 1912331 14540 14198
71940539 71969675 2017255 7624 7416
71979906 72009010 2014345 3254 3147
72020661 72049870 2021768 1317 1239
72059977 72089115 2016813 469 421
72100845 72128462 1911379 206 163
72140118 72167878 1921299 110 74
72180973 72208606 1913043 129 64
72220241 72247943 1917811 78 38
72313550 72342636 2012467 51855 50794
