32
12971056 13271056 706323 912279 818105
13271057 13571119 704884 907296 813671
13571120 13871195 705024 905361 811296
13871196 14171289 705024 902649 808640
14171290 14471384 705025 901527 806675
14471385 14771385 704838 898489 804400
14771386 15071471 693945 668186 608339
15071472 15371482 701441 755138 683542
15371483 15671499 704768 897690 804629
15671500 15971520 704768 896521 802794
15971521 16271550 704767 893478 800339
16271551 16571580 704768 891559 798965
16571581 16871617 704768 892726 799723
16871618 17171658 704768 892572 800406
17171659 17471707 704769 891056 798766
17471708 17771770 704767 891781 799679
17771771 18071832 704768 888324 796642
18071833 18371903 704769 890271 798469
18371904 18671982 704768 887578 795872
18671983 18972060 704767 887863 796119
18972061 19272140 704768 887439 795493
19272141 19572217 704768 885420 794125
19572218 19872317 704769 883264 792167
19872318 20172417 704768 883881 792109
20172418 20472418 704737 884560 793958
20472419 20772419 704509 883274 792535
20772420 21072420 704289 882359 791677
21072421 21372441 704512 881466 790860
21372442 21672467 704513 879451 789527
21672468 21972496 704512 879394 788924
21972497 22272523 704511 878571 787943
22272524 22536105 616705 767828 689123
