56
32814066 33114066 978019 173578 164621
33114067 33414067 978017 183326 173627
33414068 33714068 978050 215643 203788
33714069 34014069 978012 214482 202933
34014070 34314070 978018 214561 202909
34314071 34614071 978010 213805 202211
34614072 34914072 977954 212998 201409
34914073 35214073 978043 212945 201401
35214074 35514074 978019 212160 200613
35514075 35814075 978017 211939 200617
35814076 36114076 978044 209823 198553
36114077 36414077 978021 208576 197379
36414078 36714078 977959 209537 198403
36714079 37014079 978044 209854 198533
37014080 37314084 977998 210053 198823
37314085 37614085 978060 209850 198501
37614086 37914086 978006 210022 198890
37914087 38214087 978017 208013 196705
38214088 38514088 978049 208479 197353
38514089 38814089 978014 207986 196988
38814090 39114090 977982 207459 196444
39114091 39414091 978043 207281 196392
39414092 39714092 978015 207350 196331
39714093 40014093 978017 207153 196035
40014094 40314094 978049 206342 195429
40314095 40614095 978020 205644 194721
40614096 40914096 977986 205658 194748
40914097 41214097 978047 205177 194328
41214098 41514098 977984 204108 193264
41514099 41814099 978040 204072 193355
41814100 42114100 978014 203491 192781
42114101 42414101 978019 202787 192221
42414102 42714102 978044 203445 192806
42714103 43014103 978020 202653 191934
43014104 43314104 978022 202525 191928
43314105 43614105 978044 202279 191608
43614106 43914106 978019 201608 190996
43914107 44214107 978024 200588 190019
44214108 44514108 978048 200683 190123
44514109 44814109 978020 200799 190349
44814110 45114110 978015 199911 189389
45114111 45414111 977988 197892 187642
45414112 45714112 977988 198521 188115
45714113 46014113 978022 198607 188222
46014114 46314114 978017 198829 188394
46314115 46614115 977988 198636 188367
46614116 46914116 978047 197767 187516
46914117 47214117 978020 197569 187449
47214118 47514118 978020 197568 187485
47514119 47814119 978008 197335 187085
47814120 48114120 978023 197387 187165
48114121 48414121 978044 196877 186723
48414122 48714122 978018 191133 181098
48714123 49014123 978017 184440 174613
49014124 49314124 978050 184672 175035
49314125 49535175 720634 52674 49844
