255
80561455 80861455 977609 750131 697024
80861456 81161456 977663 788821 730836
81161457 81461457 977558 581160 542924
81461458 81761458 977536 689735 641628
81761459 82061459 977602 782174 725393
82061460 82361460 977717 777129 720621
82361461 82661461 977629 772695 716555
82661462 82961462 977657 769734 714213
82961463 83261463 977695 767926 712604
83261464 83561464 977583 765191 710564
83561465 83861465 977647 760348 705965
83861466 84161466 977583 757691 703624
84161467 84461467 977608 754466 701074
84461468 84761468 977689 753220 699506
84761469 85061469 977595 740598 688083
85061470 85361470 977585 751234 697816
85361471 85661471 977694 749895 696515
85661472 85961472 977659 746995 694118
85961473 86261473 977601 744267 691809
86261474 86561474 977716 742524 690287
86561475 86861475 977632 738669 686891
86861476 87161476 977653 735911 684400
87161477 87461477 977644 734714 683313
87461478 87761478 977625 730012 679312
87761479 88061479 977673 727580 677194
88061480 88361480 977645 725196 675216
88361481 88661481 977647 717673 667985
88661482 88961482 977608 716116 666522
88961483 89261483 977656 715417 666083
89261484 89561484 977576 712470 663225
89561485 89861485 977634 710939 662024
89861486 90161486 977627 707128 658768
90161487 90461487 977615 707153 658538
90461488 90761488 977637 705551 657890
90761489 91061489 977653 703342 655612
91061490 91361490 977691 699285 651893
91361491 91661491 977622 697187 650020
91661492 91961492 977631 692026 645707
91961493 92261493 977693 691683 645126
92261494 92561494 977640 686463 640594
92561495 92861495 977629 686929 640788
92861496 93161496 977612 684393 639080
93161497 93461497 977685 683762 638795
93461498 93761498 977611 680269 635286
93761499 94061499 977631 678575 633820
94061500 94361500 977581 677081 632806
94361501 94661501 977653 673038 628885
94661502 94961502 977609 669989 625698
94961503 95261503 977642 669418 625370
95261504 95561504 977611 664300 621178
95561505 95861505 977629 664457 621297
95861506 96161506 977658 661018 618128
96161507 96461507 977624 660107 616970
96461508 96761508 977571 652349 610143
96761509 97061509 977655 667506 623586
97061510 97361510 977643 669952 625882
97361511 97661511 977609 668287 624380
97661512 97961512 977595 665141 621390
97961513 98261513 977614 663908 620431
98261514 98561514 977590 661823 618302
98561515 98861515 977679 659357 616231
98861516 99161516 977586 657072 614309
99161517 99461517 977606 655829 613215
99461518 99761518 977679 653782 611580
99761519 100061519 977611 650282 608469
100061520 100361520 977562 649997 608466
100361521 100661521 977566 649066 607583
100661522 100961522 977550 645903 604538
100961523 101261523 977665 645876 604651
101261524 101561524 977537 642874 601527
101561525 101861525 977623 642942 601964
101861526 102161526 977637 639536 598620
102161527 102461527 977621 639095 597739
102461528 102761528 977581 637169 596142
102761529 103061529 977677 633679 593048
103061530 103361530 977539 632158 591692
103361531 103661531 977624 632885 592214
103661532 103961532 977673 630519 589957
103961533 104261533 977620 628398 588321
104261534 104561534 977665 625493 585792
104561535 104861535 977582 624300 584349
104861536 105161536 977595 622242 582877
105161537 105461537 977712 613784 575269
105461538 105761538 977576 475707 447675
105761539 106061539 977653 521118 489715
106061540 106361540 977620 617639 578592
106361541 106661541 977682 616606 577671
106661542 106961542 977643 612492 573714
106961543 107261543 977604 612128 573348
107261544 107561544 977612 610435 572180
107561545 107861545 977690 610191 572134
107861546 108161546 977658 604470 566850
108161547 108461547 977637 603080 566172
108461548 108761548 977674 601285 564124
108761549 109061549 977595 599731 562574
109061550 109361550 977492 594890 558191
109361551 109661551 977689 595548 558867
109661552 109961552 977672 594582 558243
109961553 110261553 977628 593261 556828
110261554 110561554 977632 590828 554340
110561555 110861555 977655 590881 555072
110861556 111161556 977761 587821 551916
111161557 111461557 977499 584018 548130
111461558 111761558 977701 586399 550531
111761559 112061559 977660 586429 550793
112061560 112361560 977731 583440 547837
112361561 112661561 977733 582507 547410
112661562 112961562 977633 581092 545697
112961563 113261563 977736 580532 545166
113261564 113561564 977702 578064 543182
113561565 113861565 977757 575486 540700
113861566 114161566 977760 575538 540922
114161567 114461567 977592 573411 538903
114461568 114761568 977669 571364 536887
114761569 115061569 977598 563862 530439
115061570 115361570 977720 570827 536426
115361571 115661571 977700 570392 535930
115661572 115961572 977529 568149 534062
115961573 116261573 977630 566566 532870
116261574 116561574 977598 565543 532175
116561575 116861575 977732 565072 531354
116861576 117161576 977721 562172 528612
117161577 117461577 977797 562746 529023
117461578 117761578 977732 559047 525950
117761579 118061579 805753 486271 458255
118061580 118361580 977909 598745 564465
118361581 118661581 977983 595838 562020
118661582 118961582 977984 595211 561442
118961583 119261583 977955 593181 559353
119261584 119561584 977945 591715 558402
119561585 119861585 977952 591038 557765
119861586 120161586 977989 591064 557336
120161587 120461587 977979 587252 553996
120461588 120761588 977934 585463 552187
120761589 121061589 976148 582016 549401
121061590 121361590 977984 583798 550818
121361591 121661591 977988 582301 549574
121661592 121961592 978021 579328 547051
121961593 122261593 978006 578715 546017
122261594 122561594 977954 577159 544910
122561595 122861595 978049 575249 543310
122861596 123161596 977954 574960 543208
123161597 123461597 977982 573297 541688
123461598 123761598 977980 571489 539706
123761599 124061599 977954 568687 537136
124061600 124361600 977987 566223 535032
124361601 124661601 978015 563998 532949
124661602 124961602 977953 562689 531925
124961603 125261603 977918 558175 527556
125261604 125561604 978009 563746 532438
125561605 125861605 977945 562776 531823
125861606 126161606 977975 561273 530325
126161607 126461607 977991 560271 529710
126461608 126761608 978025 559042 528561
126761609 127061609 978011 556489 525884
127061610 127361610 977985 555357 525221
127361611 127661611 977986 553106 522936
127661612 127961612 978013 551012 520890
127961613 128261613 977957 550328 520252
128261614 128561614 978020 549137 519348
128561615 128861615 977975 547350 517788
128861616 129161616 977919 546674 517394
129161617 129461617 977976 545116 515779
129461618 129761618 977988 542980 513489
129761619 130061619 978019 543056 514022
130061620 130361620 978016 541718 512719
130361621 130661621 978012 539090 510032
130661622 130961622 977987 537481 508928
130961623 131261623 978015 535581 506937
131261624 131561624 977953 534141 506109
131561625 131861625 978021 531587 503514
131861626 132161626 978050 530430 502339
132161627 132461627 978019 530225 502048
132461628 132761628 978046 529524 501503
132761629 133061629 977988 528945 500904
133061630 133361630 977988 526125 498199
133361631 133661631 977983 527495 499664
133661632 133961632 977915 523762 496067
133961633 134261633 978028 521948 494425
134261634 134561634 978049 521188 493861
134561635 134861635 978027 517173 490222
134861636 135161636 978024 517531 490405
135161637 135461637 978045 516510 489794
135461638 135761638 978026 515938 488923
135761639 136061639 978049 516860 490098
136061640 136361640 977992 514854 487996
136361641 136661641 978025 317040 302334
136661642 136961642 978054 494383 468969
136961643 137261643 978029 513937 487209
137261644 137561644 978024 512639 485922
137561645 137861645 978053 510259 483780
137861646 138161646 978024 510403 483862
138161647 138461647 978022 509724 483328
138461648 138761648 978055 508286 481967
138761649 139061649 978026 507565 480889
139061650 139361650 978049 506506 480521
139361651 139661651 978024 504607 478655
139661652 139961652 978025 501561 475720
139961653 140261653 978049 500735 474904
140261654 140561654 978020 499684 474253
140561655 140861655 976414 498041 472317
140861656 141161656 978052 498105 472446
141161657 141461657 978025 496216 470765
141461658 141761658 978025 496688 471513
141761659 142061659 978046 494352 469398
142061660 142361660 978024 493120 467869
142361661 142661661 978025 492085 466811
142661662 142961662 978046 490504 465698
142961663 143261663 978023 490518 465610
143261664 143561664 978047 487864 463050
143561665 143861665 978026 487738 463350
143861666 144161666 978026 486030 461331
144161667 144461667 978049 485500 461170
144461668 144761668 978026 484523 460294
144761669 145061669 978026 483644 459532
145061670 145361670 978052 482776 458649
145361671 145661671 978028 481323 457287
145661672 145961672 977989 480795 456888
145961673 146261673 978053 479122 455454
146261674 146561674 978028 478963 455086
146561675 146861675 978053 477016 453341
146861676 147161676 977990 475827 452330
147161677 147461677 978028 475212 451565
147461678 147761678 978045 472484 449189
147761679 148061679 978021 471572 448312
148061680 148361680 978023 471307 448213
148361681 148661681 978051 471409 448431
148661682 148961682 978021 468124 444943
148961683 149261683 977993 468009 444801
149261684 149561684 978048 466505 443650
149561685 149861685 978026 465675 442895
149861686 150161686 978052 465629 443000
150161687 150461687 978025 463369 440470
150461688 150761688 978024 463347 440925
150761689 151061689 978044 461931 439526
151061690 151361690 978030 459957 437265
151361691 151661691 978028 460432 438172
151661692 151961692 978053 458580 436321
151961693 152261693 978032 457957 436101
152261694 152561694 978030 455723 433693
152561695 152861695 978051 454808 432868
152861696 153161696 978025 453860 431851
153161697 153461697 978045 453647 431878
153461698 153761698 977982 452024 430302
153761699 154061699 978021 450627 429003
154061700 154361700 978053 444218 422591
154361701 154661701 978025 450230 428303
154661702 154961702 978027 447847 426160
154961703 155261703 978057 446247 424794
155261704 155561704 978014 444953 423586
155561705 155861705 978023 444573 423311
155861706 156161706 978051 443735 422320
156161707 156461707 978005 210493 200557
156461708 156761708 978054 0 0
156761709 156902521 459043 0 0
