72
85289768 85589768 592769 301077 271325
85589769 85889769 592791 301761 271654
85889770 86189771 592765 250517 226540
86189772 86489772 592798 217968 197444
86489773 86789773 592780 296986 267290
86789774 87089775 592773 296260 266777
87089776 87389776 592807 295123 266165
87389777 87689777 592772 294940 265722
87689778 87989778 592787 293669 264923
87989779 88289779 592764 292309 263592
88289780 88589780 592785 291476 262899
88589781 88889781 592769 291576 263411
88889782 89189782 592768 290954 262491
89189783 89489783 592740 290271 262341
89489784 89789784 592784 288739 260539
89789785 90089785 592776 288025 259937
90089786 90389786 592752 286365 258535
90389787 90689787 592797 286180 258425
90689788 90989788 592766 284619 257250
90989789 91289789 592787 285543 258051
91289790 91589791 592738 285312 257526
91589792 91889793 592790 283760 256345
91889794 92189794 592751 281703 254518
92189795 92489795 592752 280806 254295
92489796 92789796 592796 280020 253019
92789797 93089797 592773 279171 252560
93089798 93389798 592799 280186 253476
93389799 93689799 592727 279368 252680
93689800 93989800 592764 278570 252072
93989801 94289801 592768 277728 251089
94289802 94589802 592790 276756 250288
94589803 94889804 592778 276101 249655
94889805 95189805 592760 276223 249816
95189806 95489806 592789 275357 249036
95489807 95789807 592771 274933 248402
95789808 96089808 592804 273719 247814
96089809 96389809 592759 274672 248881
96389810 96689811 592797 273772 248034
96689812 96989812 592755 272681 246766
96989813 97289813 592802 271872 246206
97289814 97589815 592778 270417 245073
97589816 97889816 592791 270531 245135
97889817 98189817 592792 269958 244479
98189818 98489818 592761 269578 244097
98489819 98789819 592778 268699 243268
98789820 99089820 592756 268145 242998
99089821 99389821 592796 268055 243040
99389822 99689822 592757 267631 242688
99689823 99989824 592805 265436 240523
99989825 100289825 592767 266156 241274
100289826 100589826 592800 264673 239961
100589827 100889827 592791 261874 237519
100889828 101189828 592763 262446 238032
101189829 101489829 592806 262116 237990
101489830 101789830 592733 261478 237067
101789831 102089831 592760 261648 237180
102089832 102389832 592725 259764 235544
102389833 102689834 592788 259578 235441
102689835 102989835 592782 258778 234737
102989836 103289836 592796 255405 231981
103289837 103589839 592751 258683 234703
103589840 103889840 592774 258565 234791
103889841 104189845 592771 258082 234330
104189846 104489846 592776 257748 233910
104489847 104789847 592760 256778 233277
104789848 105089848 592754 256526 232863
105089849 105389849 592794 255690 232104
105389850 105689850 592783 255681 232092
105689851 105989852 592791 255239 231758
105989853 106289853 592787 210507 191170
106289854 106589854 592767 0 0
106589855 106637328 93797 0 0
