27
5118708 5147889 61440 67795 64471
5216382 5243997 660 943 319
5255716 5284825 672 951 360
5296443 5325634 825 1199 431
5337275 5366396 1051 1380 724
5378073 5405718 2004 2358 1678
5418834 5446487 4980 5697 4850
5458153 5487360 12950 14268 12990
5498937 5528172 26301 28641 26818
5539747 5568894 41378 45059 42560
5580554 5608263 49358 53778 51080
5621390 5649060 55040 60278 57300
5660681 5689805 60672 66749 63435
5701539 5730676 61314 67643 64401
5742340 5771409 60160 66118 62847
5783094 5812270 57856 63403 60255
5823858 5852986 51712 56307 53486
5864697 5893854 40960 44587 42250
5905451 5933152 24943 27186 25442
5946223 5973918 12209 13434 12272
5985576 6014768 5083 5668 4859
6026388 6055526 2123 2591 1803
6067176 6096350 1118 1496 758
6107973 6135627 754 1083 462
6148777 6176455 667 930 340
6189521 6217284 637 921 311
6285762 6314892 61440 67667 64330
