28
31283829 31583829 597063 454179 410494
31583830 31883830 597044 445526 402783
31883831 32183831 597023 443020 400971
32183832 32483832 597045 438999 397426
32483833 32783833 597082 434570 393389
32783834 33083834 597013 430296 389503
33083835 33383835 596942 425429 385292
33383836 33683836 597143 310947 283418
33683837 33983837 597016 380892 345417
33983838 34283838 596994 472949 426439
34283839 34583839 596996 471252 424862
34583840 34883841 597062 470183 424187
34883842 35183842 597075 468456 422358
35183843 35483843 597053 467850 421564
35483844 35783844 597012 466694 420885
35783845 36083845 597100 466233 420425
36083846 36383847 597010 466131 420302
36383848 36683848 597112 464666 419203
36683849 36983849 597080 463047 418065
36983850 37283850 597022 461106 416199
37283851 37583852 597016 462041 416859
37583853 37883853 597068 459917 414987
37883854 38183854 597142 460197 415043
38183855 38483855 597065 458050 413239
38483856 38783856 597042 458017 413542
38783857 39083858 597064 457496 413222
39083859 39383859 597029 195826 177038
39383860 39474044 179494 0 0
