27
2474386 2519562 94976 104629 99425
2585080 2612759 688 1008 346
2625883 2653568 729 1052 460
2666720 2694393 1045 1401 712
2707450 2735127 1804 2164 1545
2748251 2776017 4036 4605 3791
2787595 2816776 9578 10594 9531
2828374 2857542 19887 21703 20203
2869207 2898348 33463 36334 34346
2910034 2937642 43260 47006 44642
2950773 2978518 51456 56091 53343
2990130 3019303 58624 64326 61190
3032417 3060047 57600 63276 60164
3071719 3100821 61184 67506 64348
3113957 3141630 57424 63261 60124
3153285 3182466 58112 63710 60622
3194102 3223262 52996 57649 54711
3234910 3263996 43618 47425 45024
3275725 3304847 31488 34335 32405
3317928 3345580 17482 19083 17722
3357325 3386439 8821 9829 8762
3398109 3427221 3857 4445 3638
3438861 3468032 1811 2261 1497
3479716 3507325 1007 1334 636
3520463 3548190 698 977 397
3559835 3588930 734 1012 372
3654544 3682205 58181 64085 60866
