60
40633372 40933372 978006 174637 163876
40933373 41233373 978020 140186 131753
41233374 41533374 978045 193755 181016
41533375 41833375 978021 193390 180947
41833376 42133376 977963 193062 180747
42133377 42433377 978045 191618 179416
42433378 42733378 978019 191146 179004
42733379 43033379 977985 190764 178635
43033380 43333380 978050 189922 177874
43333381 43633381 978024 188275 176324
43633382 43933382 978016 187790 175997
43933383 44233383 978043 187565 175648
44233384 44533384 978020 186929 175104
44533385 44833385 978049 187236 175375
44833386 45133386 978020 185457 173868
45133387 45433387 978020 187876 176064
45433388 45733388 978037 187216 175312
45733389 46033389 978022 185866 174208
46033390 46333390 978023 186050 174185
46333391 46633391 978045 185552 173845
46633392 46933392 978021 185234 173677
46933393 47233393 978021 184828 173187
47233394 47533394 978047 183722 172113
47533395 47833395 978022 184182 172741
47833396 48133396 978047 182396 171089
48133397 48433397 977982 182579 171092
48433398 48733398 978020 181387 170029
48733399 49033399 978049 181688 170347
49033400 49333400 978021 179114 168099
49333401 49633401 978017 180098 169003
49633402 49933402 978044 179009 167928
49933403 50233403 978019 178870 167862
50233404 50533404 978018 178920 167918
50533405 50833405 978050 176709 165810
50833406 51133406 977983 177526 166885
51133407 51433407 978049 176472 165827
51433408 51733408 978020 175876 165226
51733409 52033409 978021 176657 165971
52033410 52333410 978048 175362 164752
52333411 52633411 978022 174865 164290
52633412 52933412 978021 173852 163434
52933413 53233413 978051 173276 162727
53233414 53533414 978021 172506 162393
53533415 53833415 978024 171299 161020
53833416 54133416 978013 172483 162190
54133417 54433417 978020 172707 162367
54433418 54733418 978048 171722 161417
54733419 55033419 978014 171163 161160
55033420 55333420 977986 170195 160006
55333421 55633421 978047 169744 159699
55633422 55933422 978022 168856 158881
55933423 56233423 978016 166864 157142
56233424 56533424 978049 170995 160692
56533425 56833425 978017 170975 160945
56833426 57133426 977990 171153 160934
57133427 57433427 978035 122364 115726
57433428 57733428 978020 151666 142845
57733429 58033429 978019 170160 160216
58033430 58333430 978047 169834 159710
58333431 58453033 389929 2249 2110
