89 301
46479417 46779417 977875 138406 121232 206 195548.965920
46779418 47079418 977969 138480 121271 205 193389.258280
47079419 47379419 977977 137195 120258 206 193699.975430
47979422 48279422 977749 136444 119607 206 192021.124420
48279423 48579423 978015 135560 118979 206 191489.158190
48579424 48879424 977936 135430 118898 205 189975.060670
48879425 49179425 978000 134975 118358 206 190261.876910
49179426 49479426 977939 134884 118342 206 189709.741330
49479427 49779427 977967 134144 117840 206 189086.528600
49779428 50079428 977876 133422 117010 206 188757.152460
50079429 50379429 978036 134024 117883 206 188268.195130
50379430 50679430 977873 133102 116871 206 187764.593640
50679431 50979431 977936 133254 116953 206 187313.352940
50979432 51279432 977999 132283 116375 206 186825.015980
51279433 51579433 977834 132004 116089 206 186382.708810
51579434 51879434 977933 130694 115093 206 184015.928680
51879435 52179435 977997 131359 115317 205 184633.592970
52179436 52479436 977903 131337 115471 206 185088.740720
52479437 52779437 977904 130724 114879 206 184619.791150
52779438 53079438 977832 131576 115733 206 184185.129190
53079439 53379439 977899 129696 114234 206 183707.900830
53379440 53679440 977866 129808 114328 206 183255.017360
53679441 53979441 977941 129637 114181 206 182778.954890
53979442 54279442 977806 129047 114003 206 182475.099700
54279443 54579443 977897 129274 113857 206 181970.681490
54579444 54879444 977929 129214 113911 206 181585.464320
54879445 55179445 977939 128210 113289 206 181053.654700
55179446 55479446 977964 128544 113793 205 179698.253130
55479447 55779447 977937 127287 112738 206 180112.805280
55779448 56079448 977867 127111 112492 206 179763.025840
56079449 56379449 977835 126874 112430 206 179267.633670
56379450 56679450 977934 127076 112598 206 178917.770440
56679451 56979451 977969 125763 111432 206 178392.812090
56979452 57279452 977907 126333 111991 206 178117.948700
57279453 57579453 977974 126358 111906 206 177826.818690
57579454 57879454 977954 125688 111215 206 177212.554920
57879455 58179455 977901 125028 110927 205 175582.962540
58179456 58479456 977972 125029 110780 206 176034.441480
58479457 58779457 977934 124485 110228 206 175784.573810
58779458 59079458 977936 124253 109845 205 174398.401170
59079459 59379459 977971 123262 109489 206 175017.948530
59379460 59679460 978037 123405 109354 206 174093.351280
59679461 59979461 977939 123063 109267 206 173798.779980
59979462 60279462 977972 123119 109368 206 173331.694350
60279463 60579463 978000 122880 109044 205 172399.003340
60579464 60879464 977944 122672 108768 206 173032.305770
60879465 61179465 978003 121925 108101 206 172570.913500
61179466 61479466 977979 121636 107979 206 172166.545470
61479467 61779467 977845 121438 108012 206 171707.347250
61779468 62079468 977809 121494 108030 206 170974.908850
62079469 62379469 977942 121135 107725 206 170643.076400
62379470 62679470 977921 120443 107073 206 170302.471320
62679471 62979471 978040 120720 107234 206 170038.691780
62979472 63279472 977813 120367 107100 206 169598.516970
63279473 63579473 978004 120054 106793 206 168904.357360
63579474 63879474 977850 119308 106213 206 168612.070440
63879475 64179475 978013 119454 106140 205 167277.030500
64179476 64479476 977944 118873 105588 206 168065.174060
64479477 64779477 977951 118679 105521 206 167479.668120
64779478 65079478 977910 119004 105926 206 167352.370780
65079479 65379479 977977 117847 105023 206 166712.259760
65379480 65679480 977915 118025 105139 206 166777.492490
65679481 65979481 977942 117788 104790 206 166719.981150
65979482 66279482 977843 117802 104863 206 166380.876230
66279483 66579483 977674 117699 104836 206 165666.192870
66579484 66879484 978006 119701 106667 206 168319.692030
66879485 67179485 977778 119403 106346 206 168046.440470
67179486 67479486 978012 119314 106284 205 166936.444780
67479487 67779487 978006 119279 106256 206 167379.398690
67779488 68079488 977945 118361 105370 206 167045.420230
68079489 68379489 977940 118834 105886 206 166734.007950
68379490 68679490 977973 117857 104958 206 166371.629110
68679491 68979491 977777 117411 104505 206 166047.919570
68979492 69279492 977909 117726 104727 206 165756.064220
69279493 69579493 978008 117588 104659 206 165379.415180
69579494 69879494 977915 117515 104682 206 165027.574230
69879495 70179495 977934 116591 103898 206 164644.219310
70179496 70479496 977874 116016 103400 206 164227.704380
70479497 70779497 977804 116080 103317 205 163129.515750
70779498 71079498 977939 115807 103308 206 163592.652930
71079499 71379499 977914 116079 103591 206 163293.379080
71379500 71679500 977777 115639 102985 206 162986.493650
71679501 71979501 977941 114649 102214 206 162664.057260
71979502 72279502 977976 115072 102432 206 162364.570980
72279503 72579503 977912 115096 102491 206 162028.302310
72579504 72879504 977868 113913 101503 206 161666.048660
73479507 73779507 978007 114026 101713 206 160663.708730
73779508 74079508 977978 113492 101199 205 159479.027800
74079509 74239102 520232 17757 15849 33 25643.165380
