53 1453
86700001 87000001 592788 296423 265262 206 614798.048800
87000002 87300003 592769 295752 265225 206 612363.238200
87300004 87600004 592793 294331 263531 206 610546.410900
87600005 87900006 592782 293640 263381 205 606114.848300
87900007 88200007 592784 293208 263009 206 607067.547500
88200008 88500008 592759 291604 261420 206 605099.540700
88500009 88800009 592790 291764 261992 206 603580.624000
88800010 89100010 592733 290869 260970 206 603586.976000
89100011 89400011 592781 290602 261300 206 602389.973800
89400012 89700012 592786 289089 259347 206 600580.894000
89700013 90000013 592729 288389 258735 206 598115.053700
90000014 90300014 592799 286495 257254 206 595978.477100
90300015 90600015 592777 286699 257366 206 594424.256100
90600016 90900016 592778 284743 255843 206 593210.857800
90900017 91200017 592763 285245 256237 205 590052.749700
91200018 91500018 592761 285815 256529 206 591811.331100
91500019 91800019 592765 283993 255127 206 589930.531300
91800020 92100020 592779 282298 253742 206 587236.069600
92100021 92400021 592734 281238 252973 206 585682.583400
92400022 92700022 592783 280116 252089 206 584033.190500
92700023 93000023 592803 279504 251145 205 579725.258400
93000024 93300024 592762 280160 252068 206 581121.865600
93300025 93600025 592772 279326 251245 206 580094.009000
93600026 93900026 592761 278823 250983 206 578746.450700
93900027 94200027 592759 277992 250095 206 577538.699800
94200028 94500028 592766 277157 249133 206 576184.205100
94500029 94800029 592791 275758 248019 206 575217.171000
94800030 95100030 592779 276380 248508 206 575522.598000
95100031 95400031 592749 275986 248139 206 574435.910500
95400032 95700032 592805 274963 247085 206 572337.866100
95700033 96000033 592768 274327 246988 206 570538.295000
96000034 96300034 592803 274049 246793 205 567208.795300
96300035 96600035 592758 273660 246747 206 569645.142700
96600036 96900036 592792 273047 245735 206 568260.921700
96900037 97200037 592770 271980 245086 206 566740.086200
97200038 97500038 592785 271430 244307 206 565065.767300
97500039 97800039 592780 270539 243836 206 564712.054400
97800040 98100040 592793 270544 243838 206 564056.838800
98100041 98400042 592795 268915 242190 206 562463.177800
98400043 98700043 592735 268981 242260 206 561665.353500
98700044 99000044 592799 268344 241740 206 560626.215200
99000045 99300045 592761 267794 241510 206 559141.835900
99300046 99600046 592793 268073 241628 205 554847.300000
99600047 99900047 592758 266523 240308 206 555830.443900
99900048 100200048 592800 266035 239787 206 554359.763800
100200049 100500049 592778 264704 238690 206 553570.339900
100500050 100800050 592792 262670 236997 206 551833.589500
100800051 101100051 592792 262283 236593 206 550096.613400
101100052 101400052 592757 261716 236111 206 548634.854300
101400053 101700054 592812 262448 236867 206 547650.149500
101700055 102000055 592700 261594 235923 206 546418.135600
102000056 102300056 592788 259791 234052 206 545013.770100
102300057 102600057 592727 259867 234442 206 543919.138200
