12 49
73671604 73971604 22752597 45890191 40771130 206 36623.138028
74271606 74571606 22227423 45728977 40552330 206 37656.464660
74571607 74871607 22278759 45715081 40549398 206 37514.165510
74871608 75171608 22562265 46182494 40974306 206 37371.476340
75171609 75471609 22208146 45339444 40235512 205 37037.732040
75471610 75771610 22413780 45660099 40533056 206 37080.944000
75771611 76071611 22872502 46473460 41262019 206 36924.436940
76071612 76371612 22221319 45024265 39986737 205 36590.690020
76371613 76671613 22606231 45689399 40588345 206 36619.441960
76671614 76971614 22301326 44981692 39971397 206 36492.153390
76971615 77271615 22852811 45923300 40822770 206 36260.781430
77271616 77446600 13015772 26102446 23210333 120 21050.503260
