126 877
71954031 72254123 977954 219662 207790 206 424139.345610
72254124 72554124 978367 165244 157002 200 304492.925700
72554125 72854125 978052 234427 221354 200 437850.553600
72854126 73154126 978025 233417 220670 203 441801.468900
73154127 73454127 978023 232136 219574 203 439605.820900
73454128 73754128 978051 231181 218741 206 443419.698500
73754129 74054129 978021 226907 214713 205 435217.006300
74054130 74354130 978023 229301 217155 206 441783.359800
74354131 74654131 978051 228020 215770 206 439630.942700
74654132 74954132 978021 227167 214973 206 437552.455400
74954133 75254133 978021 226565 214405 206 435926.562900
75254134 75554134 978050 226319 214329 206 434722.813200
75554135 75854135 978027 225390 213419 205 431296.366600
75854136 76154136 978053 224939 212798 206 432212.420900
76154137 76454137 977990 224095 211929 206 431206.960200
76454138 76754138 978021 224082 212118 203 424236.052400
76754139 77054139 978050 223721 211878 205 427022.373900
77054140 77354140 978022 221158 209375 206 426554.819400
77354141 77654141 978027 218875 207476 206 421572.152300
77654142 77954142 978052 221164 209336 204 421099.585900
77954143 78254143 978020 220615 208935 187 385206.529000
78254144 78554144 978025 220043 208400 203 417483.921000
78554145 78854145 978052 220084 208482 206 422960.640900
78854146 79154146 977984 218576 206994 206 422191.185600
79154147 79454147 978047 219674 208042 204 417305.941700
79454148 79754148 978023 218404 206730 206 420788.781100
79754149 80054149 978024 217578 206022 206 419863.345400
80054150 80354150 978048 217440 206047 201 408641.593800
80354151 80654151 977990 216527 205159 206 418065.446400
80654152 80954152 977988 216876 205446 206 417260.931900
80954153 81254153 978047 216680 205178 206 416393.754100
81254154 81554154 977984 215045 203608 206 415635.706100
81554155 81854155 978016 213385 202289 201 402089.532900
81854156 82154156 978050 215147 203981 206 413672.704200
82154157 82454157 978021 214020 203027 206 413366.337400
82454158 82754158 978044 214367 203108 205 410629.840600
82754159 83054159 977989 213155 202029 206 412016.204900
83054160 83354160 977989 214418 203274 206 411273.911000
83354161 83654161 978048 213499 202366 199 396583.683800
83654162 83954162 977959 212634 201650 205 407761.969200
83954163 84254163 978020 212441 201286 206 408992.440300
84254164 84554164 978051 211912 200883 203 402465.539400
84554165 84854165 978023 212240 201397 203 401782.188200
84854166 85154166 978021 211237 200100 201 397224.479900
85154167 85454167 978043 210622 199827 206 406506.591200
85454168 85754168 978025 211292 200213 206 405908.465400
85754169 86054169 978046 210721 199727 203 399392.118300
86054170 86354170 978023 209999 199141 204 400847.909100
86354171 86654171 978020 209756 198990 204 400213.191100
86654172 86954172 978055 209946 199157 203 397573.559100
86954173 87254173 978023 206900 196448 206 399015.435500
87254174 87554174 978024 208496 197742 206 402139.710200
87554175 87854175 978046 208256 197599 204 397768.480000
87854176 88154176 978022 209028 198523 206 401002.745300
88154177 88454177 978021 207302 196717 204 396449.200100
88454178 88754178 978047 207181 196411 205 397745.404000
88754179 89054179 978023 207463 197081 193 373930.511500
89054180 89354180 978045 206371 195738 206 398525.727100
89354181 89654181 977989 206125 195533 203 392191.629800
89654182 89954182 977987 206785 196092 206 397265.550400
89954183 90254183 978040 206266 195738 206 396595.139600
90254184 90554184 978022 205197 194762 206 395874.855500
90554185 90854185 978025 205284 194868 206 395292.532000
90854186 91154186 978044 205433 195023 206 394728.188800
91154187 91454187 977985 203801 193631 206 394102.965700
91454188 91754188 978025 203904 193528 206 393308.444400
91754189 92054189 978051 203723 193402 206 392696.544300
92054190 92354190 977960 201662 191587 206 388432.565800
92354191 92654191 978049 202983 192808 206 391349.838800
92654192 92954192 977959 202556 192265 205 388861.815100
92954193 93254193 977991 203401 193316 206 390136.420700
93254194 93554194 978050 201542 191474 206 389656.925000
93554195 93854195 978026 201715 191727 206 388990.790100
93854196 94154196 978026 201179 191136 206 388384.449500
94154197 94454197 978047 201348 191013 206 387733.155900
94454198 94754198 978023 200577 190412 206 387059.622500
94754199 95054199 978020 201750 191658 206 386509.857400
95054200 95354200 978048 200539 190506 206 385930.610800
95354201 95654201 977985 199329 189309 205 383410.255900
95654202 95954202 978023 199023 189117 206 384555.512900
95954203 96254203 978052 199547 189630 205 382069.585700
96254204 96554204 978024 198829 188992 206 383362.627700
96554205 96854205 978054 197669 187965 205 380913.857900
96854206 97154206 978022 197965 188114 206 382091.395600
97154207 97454207 978022 198615 188926 202 374133.533500
97454208 97754208 978051 196484 186699 206 380897.988300
97754209 98054209 978026 196755 186924 206 380121.632100
98054210 98354210 978024 197188 187530 206 379380.123400
98354211 98654211 978047 196429 186867 204 374703.806100
98654212 98954212 978020 194701 185038 206 374141.364200
98954213 99254213 978027 196791 187096 206 377919.298800
99254214 99554214 978049 195250 185634 205 375425.356500
99554215 99854215 978022 195242 185729 206 376731.564000
99854216 100154216 978036 194219 184662 193 352467.973200
100154217 100454217 978018 194664 185141 206 375613.539000
100454218 100754218 978023 194124 184495 206 374923.158900
100754219 101054219 978046 194128 184833 206 374301.827400
101054220 101354220 978021 194038 184633 206 373735.449800
101354221 101654221 978025 192714 183417 206 372971.339600
101654222 101954222 978046 192615 183230 206 372155.994700
101954223 102254223 978024 192952 183587 206 371482.445300
102254224 102554224 977953 192566 183123 206 370933.813500
102554225 102854225 978049 192127 182732 205 368346.805800
102854226 103154226 978028 191408 182250 206 369098.227500
103154227 103454227 978046 191055 181787 206 368488.813000
103454228 103754228 978027 190997 181885 206 367789.321900
103754229 104054229 978028 190745 181397 206 367228.754300
104054230 104354230 978053 190578 181269 206 366704.504800
104354231 104654231 978026 189221 180094 206 365914.193900
104654232 104954232 978020 188956 179892 206 365217.567500
104954233 105254233 978051 189526 180438 206 364712.517400
105254234 105554234 978027 188932 179959 203 358842.728700
105554235 105854235 978021 189056 180005 206 363870.534200
105854236 106154236 978051 188006 178950 206 363327.803300
106154237 106454237 978023 188838 179870 202 355500.385400
106454238 106754238 978053 186836 178002 206 360916.481300
106754239 107054239 977986 187191 178170 206 359924.776800
107054240 107354240 978022 185517 176701 206 358674.308400
107354241 107654241 978056 185709 176949 206 357949.173300
107654242 107954242 978025 185027 176256 206 357417.654500
107954243 108254243 978025 185157 176245 206 356828.692900
108254244 108554244 978053 184354 175566 206 356433.886700
108554245 108854245 978029 130566 124850 206 252496.403210
108854246 109154246 978022 166352 158535 206 320621.944060
109154247 109454247 978016 183475 174784 206 354512.213700
109454248 109754248 978026 183255 174685 205 352355.705100

