27 30
6425605 6453266 58112 64135 61028 19 52.730142
6518799 6547931 740 1051 400 20 0.108938
6559596 6587280 804 1108 449 19 0.111258
6600468 6628118 1064 1378 745 19 0.141266
6639758 6668863 2097 2525 1788 20 0.273878
6680592 6709704 4701 5382 4507 20 0.632352
6721306 6750527 10248 11285 10203 20 1.478418
6762183 6789842 19435 21145 19708 19 3.401526
6802979 6830663 32365 35146 33226 19 7.645052
6842316 6871436 46199 50086 47529 20 16.347248
6883100 6912164 54272 59162 56320 20 28.599477
6923862 6952980 58756 64440 61273 20 42.070163
6964659 6993837 60929 67080 63757 20 52.552735
7006892 7034618 58624 64544 61402 19 52.906942
7046242 7075362 60537 66716 63490 20 50.332133
7087012 7116172 58075 63629 60484 20 38.875491
7127826 7157027 52992 57817 54889 20 25.420728
7168680 7196296 41653 45259 42895 19 13.553438
7209453 7237163 29567 32193 30265 19 6.473650
7248794 7277937 18001 19614 18224 20 2.988530
7291039 7318710 8252 9158 8217 19 1.175744
7330350 7359452 3863 4406 3619 20 0.515286
7371135 7400260 1766 2167 1469 20 0.232969
7411895 7439590 984 1349 701 19 0.135646
7452772 7480408 722 1016 394 19 0.100881
7493567 7522710 702 1006 335 20 0.098959
7586738 7615901 61440 67675 64436 20 55.665186
