145
72197683 72497683 978043 299614 279938 205 570728.513200
72497684 72797684 978022 299469 279615 206 572266.823900
72797685 73097685 978014 294503 275121 206 564971.668000
73097686 73397686 978049 298156 278479 206 570024.203900
73397687 73697687 978018 297394 277885 206 568295.157300
73697688 73997688 977983 296295 276923 206 566582.291500
73997689 74297689 978116 294774 275054 192 526558.770300
74297690 74597690 977832 329146 292159 118 322603.101800
74597691 74897691 977575 293047 273760 177 482529.085200
74897692 75197692 977512 292080 273019 181 492223.225000
75197693 75497693 977101 291256 272123 173 469112.588000
75497694 75497693 0 0.000000
75497694 75497693 0 0.000000
75497694 75497693 0 0.000000
75497694 75497693 0 0.000000
75497694 75497693 0 0.000000
75497694 75497693 0 0.000000
75497694 75497693 0 0.000000
75497694 75497693 0 0.000000
75497694 75497693 0 0.000000
75497694 75497693 0 0.000000
75497694 75497693 0 0.000000
75497694 75497693 0 0.000000
75497694 75497693 0 0.000000
75497694 75497693 0 0.000000
75497694 75497693 0 0.000000
75497694 75497693 0 0.000000
75497694 75497693 0 0.000000
75497694 75497693 0 0.000000
75497694 75497693 0 0.000000
75497694 75497693 0 0.000000
75497694 75497693 0 0.000000
75497694 75497693 0 0.000000
75497694 75497693 0 0.000000
75497694 75497693 0 0.000000
75497694 75497693 0 0.000000
75497694 75497693 0 0.000000
75497694 75497693 0 0.000000
75497694 75497693 0 0.000000
75497694 75497693 0 0.000000
75497694 75497693 0 0.000000
75497694 75497693 0 0.000000
75497694 75497693 0 0.000000
75497694 75497693 0 0.000000
75497694 75497693 0 0.000000
75497694 75497693 0 0.000000
75497694 75497693 0 0.000000
75497694 75497693 0 0.000000
75497694 75497693 0 0.000000
75497694 75497693 0 0.000000
75497694 75497693 0 0.000000
75497694 75497693 0 0.000000
75497694 75497693 0 0.000000
75497694 75497693 0 0.000000
75497694 75497693 0 0.000000
75497694 75497693 0 0.000000
75497694 75497693 0 0.000000
75497694 75497693 0 0.000000
75497694 75497693 0 0.000000
75497694 75497693 0 0.000000
75497694 75497693 0 0.000000
75497694 75497693 0 0.000000
75497694 75497693 0 0.000000
75497694 75497693 0 0.000000
75497694 75497693 0 0.000000
75497694 75497693 0 0.000000
75497694 75497693 0 0.000000
75497694 75497693 0 0.000000
75497694 75497693 0 0.000000
75497694 75497693 0 0.000000
75497694 75497693 0 0.000000
75497694 75497693 0 0.000000
75497694 75497693 0 0.000000
75497694 75497693 0 0.000000
75497694 75497693 0 0.000000
75497694 75497693 0 0.000000
75497694 75497693 0 0.000000
75497694 75497693 0 0.000000
75497694 75497693 0 0.000000
75497694 75497693 0 0.000000
75497694 75497693 0 0.000000
75497694 75497693 0 0.000000
75497694 75497693 0 0.000000
75497694 75497693 0 0.000000
75497694 75497693 0 0.000000
75497694 75497693 0 0.000000
75497694 75497693 0 0.000000
75497694 75497693 0 0.000000
75497694 75497693 0 0.000000
75497694 75497693 0 0.000000
75497694 75497693 0 0.000000
75497694 75497693 0 0.000000
75497694 75497693 0 0.000000
75497694 75497693 0 0.000000
75497694 75497693 0 0.000000
75497694 75497693 0 0.000000
75497694 75497693 0 0.000000
75497694 75497693 0 0.000000
75497694 75497693 0 0.000000
75497694 75497693 0 0.000000
75497694 75497693 0 0.000000
75497694 75497693 0 0.000000
75497694 75497693 0 0.000000
75497694 75497693 0 0.000000
75497694 75497693 0 0.000000
75497694 75497693 0 0.000000
75497694 75497693 0 0.000000
75497694 75497693 0 0.000000
75497694 75497693 0 0.000000
75497694 75497693 0 0.000000
75497694 75497693 0 0.000000
75497694 75497693 0 0.000000
75497694 75497693 0 0.000000
75497694 75497693 0 0.000000
75497694 75497693 0 0.000000
75497694 75497693 0 0.000000
75497694 75497693 0 0.000000
75497694 75497693 0 0.000000
75497694 75497693 0 0.000000
75497694 75497693 0 0.000000
75497694 75497693 0 0.000000
75497694 75497693 0 0.000000
75497694 75497693 0 0.000000
75497694 75497693 0 0.000000
75497694 75497693 0 0.000000
75497694 75497693 0 0.000000
75497694 75497693 0 0.000000
75497694 75497693 0 0.000000
75497694 75497693 0 0.000000
75497694 75497693 0 0.000000
75497694 75497693 0 0.000000
75497694 75497693 0 0.000000
75497694 75497693 0 0.000000
75497694 75497693 0 0.000000
75497694 75497693 0 0.000000
75497694 75497693 0 0.000000
75497694 75497693 0 0.000000
75497694 75497693 0 0.000000
75497694 75497693 0 0.000000
75497694 75497693 0 0.000000
75497694 75497693 0 0.000000
75497694 75497693 0 0.000000
75497694 75497693 0 0.000000
75497694 75497693 0 0.000000
75497694 75497693 0 0.000000
