56 877
32814066 33114066 978019 173578 164621 206 334585.852620
33114067 33414067 978017 183326 173627 206 353659.792710
33414068 33714068 978050 215643 203788 206 414796.390600
33714069 34014069 978012 214482 202933 206 413149.885500
34014070 34314070 978018 214561 202909 206 411945.398800
34314071 34614071 978010 213805 202211 206 410942.178500
34614072 34914072 977954 212998 201409 205 408106.172500
34914073 35214073 978043 212945 201401 206 409109.250800
35214074 35514074 978019 212160 200613 206 408061.390800
35514075 35814075 978017 211939 200617 206 406991.653700
35814076 36114076 978044 209823 198553 206 406079.656000
36114077 36414077 978021 208576 197379 206 403717.340800
36414078 36714078 977959 209537 198403 206 403670.681600
36714079 37014079 978044 209854 198533 206 405314.592100
37014080 37314084 977998 210053 198823 204 400575.228000
37314085 37614085 978060 209850 198501 206 403717.254300
37614086 37914086 978006 210022 198890 206 403039.675800
37914087 38214087 978017 208013 196705 206 402239.338100
38214088 38514088 978049 208479 197353 205 399285.358800
38514089 38814089 978014 207986 196988 206 400447.462100
38814090 39114090 977982 207459 196444 206 399752.149600
39114091 39414091 978043 207281 196392 203 393353.464700
39414092 39714092 978015 207350 196331 206 398543.237500
39714093 40014093 978017 207153 196035 206 397749.305000
40014094 40314094 978049 206342 195429 206 397024.346900
40314095 40614095 978020 205644 194721 206 396259.112300
40614096 40914096 977986 205658 194748 203 389860.280800
40914097 41214097 978047 205177 194328 206 394816.991100
41214098 41514098 977984 204108 193264 206 394054.251600
41514099 41814099 978040 204072 193355 206 393840.480400
41814100 42114100 978014 203491 192781 201 383653.202500
42114101 42414101 978019 202787 192221 205 390582.218000
42414102 42714102 978044 203445 192806 206 391840.275900
42714103 43014103 978020 202653 191934 206 390650.651700
43014104 43314104 978022 202525 191928 206 389652.423600
43314105 43614105 978044 202279 191608 203 383063.553700
43614106 43914106 978019 201608 190996 206 387955.545700
43914107 44214107 978024 200588 190019 205 385133.169500
44214108 44514108 978048 200683 190123 204 382433.958100
44514109 44814109 978020 200799 190349 204 381870.142000
44814110 45114110 978015 199911 189389 206 384883.758100
45114111 45414111 977988 197892 187642 206 380544.311500
45414112 45714112 977988 198521 188115 206 384191.560000
45714113 46014113 978022 198607 188222 206 383754.020000
46014114 46314114 978017 198829 188394 206 382949.293600
46314115 46614115 977988 198636 188367 205 380328.589600
46614116 46914116 978047 197767 187516 203 376195.868700
46914117 47214117 978020 197569 187449 206 381200.646000
47214118 47514118 978020 197568 187485 204 376977.972000
47514119 47814119 978008 197335 187085 206 380046.911100
47814120 48114120 978023 197387 187165 204 375710.246200
48114121 48414121 978044 196877 186723 204 375113.656600
48414122 48714122 978018 191133 181098 204 366849.347600
48714123 49014123 978017 184440 174613 206 363446.770600
49014124 49314124 978050 184672 175035 206 363412.186600
49314125 49535175 720634 52674 49844 57 101867.877600
