43 1165
19800940 20100940 977866 345407 325086 206 662812.538500
20100941 20400941 977967 343509 323373 206 659999.946800
20400942 20700942 977941 342040 322081 206 658108.763200
20700943 21000943 977966 341100 321554 205 652683.459800
21000944 21300944 977936 340014 320355 206 653821.558200
21300945 21600945 977899 339092 319603 206 651358.189000
21600946 21900946 977804 337838 318378 206 649591.911800
21900947 22200947 977867 338116 318600 206 648063.931400
22200948 22500948 977906 335855 316691 206 645503.758500
22500949 22800949 977969 335443 316018 206 643364.049800
22800950 23100950 978005 333784 314736 206 641577.714400
23100951 23400951 977869 332469 313621 206 639887.911200
23400952 23700952 977936 333258 314155 206 639170.635900
23700953 24000953 977910 331667 312824 206 637182.959100
24000954 24300954 977930 329756 310966 205 632024.508900
24300955 24600955 977940 328606 310156 206 632560.456200
24600956 24900956 977795 327657 309232 206 630430.568000
24900957 25200957 977936 326268 308241 206 628254.528600
25200958 25500958 977872 326522 308243 206 626635.047600
25500959 25800959 977925 323537 305510 206 624409.617100
25800960 26100960 977897 324887 306849 206 621817.217900
26100961 26400961 977873 318042 300589 206 613016.355900
26400962 26700962 977861 327386 308892 206 628901.837400
26700963 27000963 977873 325594 307313 206 627401.005000
27000964 27300964 977974 325904 307495 206 625818.741700
27300965 27600965 977934 325774 307336 205 621359.005000
27600966 27900966 977760 323079 304915 206 622729.396500
27900967 28200967 977995 322725 304774 206 620596.975100
28200968 28500968 977890 322043 304235 206 618498.151900
28500969 28800969 977922 321011 303189 206 616291.798200
28800970 29100970 977975 318398 300679 206 612260.495700
29100971 29400971 977947 317432 299851 206 609591.809800
29400972 29700972 977924 315841 298560 206 607907.516200
29700973 30000973 977875 315679 298293 206 605452.370700
30000974 30300974 977881 313585 296173 206 603778.662800
30300975 30600975 977921 312942 295750 205 599260.024500
30600976 30900976 978043 312727 295431 206 600706.005100
30900977 31200977 977854 310834 293966 206 599367.500000
31200978 31500978 977879 310857 293709 206 597883.965600
31500979 31800979 977914 310009 293224 206 596462.678600
31800980 32100980 977812 310428 293612 206 595646.048700
32100981 32400981 977976 308758 291968 206 593947.048000
32400982 32700982 977815 308603 291838 206 592824.590600
