54 1453
86489773 86789773 592780 296986 267290 206 616526.429100
86789774 87089775 592773 296260 266777 206 614187.783800
87089776 87389776 592807 295123 266165 206 611698.402000
87389777 87689777 592772 294940 265722 206 610166.480300
87689778 87989778 592787 293669 264923 206 608526.034600
87989779 88289779 592764 292309 263592 205 603505.318500
88289780 88589780 592785 291476 262899 206 604378.916400
88589781 88889781 592769 291576 263411 206 603607.324300
88889782 89189782 592768 290954 262491 206 603230.972900
89189783 89489783 592740 290271 262341 206 602085.291600
89489784 89789784 592784 288739 260539 206 599736.126300
89789785 90089785 592776 288025 259937 206 597443.503700
90089786 90389786 592752 286365 258535 206 595601.267100
90389787 90689787 592797 286180 258425 206 594051.390600
90689788 90989788 592766 284619 257250 206 592944.349500
90989789 91289789 592787 285543 258051 206 592832.562500
91289790 91589791 592738 285312 257526 205 588366.754500
91589792 91889793 592790 283760 256345 206 589171.372500
91889794 92189794 592751 281703 254518 206 586701.849100
92189795 92489795 592752 280806 254295 206 585274.189400
92489796 92789796 592796 280020 253019 206 583533.757300
92789797 93089797 592773 279171 252560 206 582031.253500
93089798 93389798 592799 280186 253476 205 577908.378100
93389799 93689799 592727 279368 252680 206 579798.341000
93689800 93989800 592764 278570 252072 206 578348.501900
93989801 94289801 592768 277728 251089 206 577220.116600
94289802 94589802 592790 276756 250288 206 575839.350800
94589803 94889804 592778 276101 249655 206 575276.571700
94889805 95189805 592760 276223 249816 206 575412.482200
95189806 95489806 592789 275357 249036 206 573735.218000
95489807 95789807 592771 274933 248402 206 571657.908400
95789808 96089808 592804 273719 247814 206 570412.074400
96089809 96389809 592759 274672 248881 206 569862.892400
96389810 96689811 592797 273772 248034 205 566494.604000
96689812 96989812 592755 272681 246766 206 567789.781800
96989813 97289813 592802 271872 246206 206 566178.453100
97289814 97589815 592778 270417 245073 206 564801.917000
97589816 97889816 592791 270531 245135 206 564842.723400
97889817 98189817 592792 269958 244479 206 563556.534900
98189818 98489818 592761 269578 244097 206 562187.849400
98489819 98789819 592778 268699 243268 206 561415.522400
98789820 99089820 592756 268145 242998 206 560202.382400
99089821 99389821 592796 268055 243040 206 558683.260900
99389822 99689822 592757 267631 242688 206 556988.768300
99689823 99989824 592805 265436 240523 205 552679.113400
99989825 100289825 592767 266156 241274 206 554088.853300
100289826 100589826 592800 264673 239961 206 553233.968500
100589827 100889827 592791 261874 237519 206 551181.729000
100889828 101189828 592763 262446 238032 206 549456.412600
101189829 101489829 592806 262116 237990 206 548494.850100
101489830 101789830 592733 261478 237067 206 547318.596700
101789831 102089831 592760 261648 237180 206 545966.986800
102089832 102389832 592725 259764 235544 206 544745.929800
102389833 102689834 592788 259578 235441 206 543694.526000
