29 26
12971056 13271056 706323 912279 818105 206 11301.549785
13271057 13571119 704884 907296 813671 206 11292.318031
13571120 13871195 705024 905361 811296 206 11211.016244
13871196 14171289 705024 902649 808640 206 11174.386020
14171290 14471384 705025 901527 806675 206 11144.904024
14471385 14771385 704838 898489 804400 206 11098.039657
15371483 15671499 704768 897690 804629 205 10997.852114
15671500 15971520 704768 896521 802794 206 11033.998686
15971521 16271550 704767 893478 800339 206 11011.197909
16271551 16571580 704768 891559 798965 206 10979.942544
16571581 16871617 704768 892726 799723 206 10971.903373
16871618 17171658 704768 892572 800406 206 10963.266793
17171659 17471707 704769 891056 798766 206 10946.478586
17471708 17771770 704767 891781 799679 205 10879.224827
17771771 18071832 704768 888324 796642 206 10905.519028
18071833 18371903 704769 890271 798469 206 10885.821998
18371904 18671982 704768 887578 795872 206 10868.750244
18671983 18972060 704767 887863 796119 206 10848.337372
18972061 19272140 704768 887439 795493 206 10839.855988
19272141 19572217 704768 885420 794125 206 10830.647310
19572218 19872317 704769 883264 792167 206 10813.838070
19872318 20172417 704768 883881 792109 206 10804.380910
20172418 20472418 704737 884560 793958 206 10794.809015
20472419 20772419 704509 883274 792535 206 10783.335743
20772420 21072420 704289 882359 791677 206 10764.258574
21072421 21372441 704512 881466 790860 205 10682.429240
21372442 21672467 704513 879451 789527 206 10692.927883
21672468 21972496 704512 879394 788924 206 10700.043472
21972497 22272523 704511 878571 787943 206 10679.457935
