268 1596
67741550 68041550 605584 337821 299326 205 706093.283500
68041551 68341551 605536 336130 297726 206 709850.810500
68341552 68641552 605600 335924 297521 206 707120.957900
68641553 68941553 605623 334231 296164 206 704456.054900
68941554 69241554 605601 333144 295036 206 701927.365200
69241555 69541555 605498 332256 294358 206 699071.840500
69541556 69841556 605488 331718 293911 206 698381.774700
69841557 70141557 605595 329919 292550 206 695922.415800
70141558 70441558 605588 329405 292035 206 694012.911800
70441559 70741559 605538 328661 291314 206 693616.135700
70741560 71041560 605528 327867 290686 206 690928.170500
71041561 71341561 605475 325664 288381 205 685780.259600
71341562 71641562 605597 326031 289246 206 688540.861900
71641563 71941563 605561 324646 288225 206 686023.538000
71941564 72241564 605551 324659 288135 206 682972.323100
72241565 72541565 605510 322069 285893 206 680762.739300
72541566 72841566 605609 321332 285076 205 675839.594400
72841567 73141567 605537 318224 282933 206 672345.561800
73141568 73441568 605545 322624 286443 206 679529.255800
73441569 73741569 605631 319961 284012 206 678148.764200
73741570 74041570 605565 321344 285098 206 676898.713800
74041571 74341571 605594 320177 284527 206 675265.584200
74341572 74641572 605541 319395 283981 206 673655.337600
74641573 74941574 605546 317873 282184 206 672017.873600
74941575 75241575 605633 317481 282039 206 670505.945500
75241576 75541576 605490 317234 281861 205 665607.381100
75541577 75841577 605540 313557 278613 206 667509.940500
75841578 76141578 605590 313961 279264 206 666080.776800
76141579 76441579 605585 313586 278957 206 664768.403500
76441580 76741580 605600 312935 278016 206 663417.353100
76741581 77041581 605619 313073 278121 206 662089.945300
77041582 77341582 605601 311804 277497 206 661197.225900
77341583 77641583 605589 311964 277452 206 659653.927300
77641584 77941584 605533 310202 276135 205 654450.182500
77941585 78241585 605590 306762 273127 206 651156.171000
78241586 78541586 605549 308635 274641 206 654735.478200
78541587 78841587 605352 306690 272993 206 653664.267400
78841588 79141588 605616 307685 273564 206 652519.342100
79141589 79441589 605511 306492 272992 206 650907.055100
79441590 79741590 605521 303599 270262 206 644363.097700
79741591 80041591 605600 304799 271552 206 648371.473300
80041592 80341592 605573 305492 271772 206 646991.322200
80341593 80641593 605597 303402 270391 206 645417.411200
80641594 80941594 605577 302835 269629 206 644126.876000
80941595 81241595 605574 302103 269361 206 642902.060300
81241596 81541597 605612 301915 269203 205 638664.029100
81541598 81841598 605519 300299 267491 206 640114.504700
81841599 82141601 605579 299865 267233 206 638517.326300
82141602 82441602 605590 298775 266367 206 637198.218200
82441603 82741603 605505 298915 266747 206 635866.486000
82741604 83041604 605612 298385 265912 206 634637.824800
83041605 83341605 605557 298183 265898 205 630192.823300
83341606 83641606 605478 297179 265263 206 632094.420400
83641607 83941607 605513 295913 263995 206 631229.394100
83941608 84241608 605505 296446 264285 206 629938.877300
84241609 84541609 605632 295426 263623 206 628603.295900
84541610 84841610 605570 294544 262890 205 624148.769800
84841611 85141611 605555 293386 261882 206 625807.309300
85141612 85441612 605572 292486 261110 206 624751.836100
85441613 85741613 605632 292960 261613 206 623812.463200
85741614 86041614 605576 290113 259204 206 622649.006700
86041615 86341615 605565 290658 259513 206 621263.354300
86341616 86641616 605583 291398 260123 206 619894.330700
86641617 86941617 605384 290874 259421 206 618594.133200
86941618 87241618 605521 288383 257883 206 617064.943900
87241619 87541619 605529 288815 258199 206 616163.385600
87541620 87841620 605624 287692 257262 206 615197.967700
87841621 88141621 605483 288295 257713 205 610838.437400
88141622 88441622 605579 286190 256046 206 612543.862600
88441623 88741623 605484 285782 255560 206 611172.221600
88741624 89041624 605451 284992 255009 206 609896.694300
89041625 89341625 605466 285609 255336 206 609008.969000
89341626 89641627 605518 284357 254502 206 608092.418800
89641628 89941628 605439 281553 251713 206 602085.091600
89941629 90241629 605577 282714 252864 206 605958.821200
90241630 90541630 605528 282917 253076 206 604853.789500
90541631 90841632 605551 281670 252178 206 603776.309100
90841633 91141635 605553 281618 252095 206 602477.489000
91141636 91441636 605596 280248 250957 205 598087.205900
91441637 91741637 605551 279342 250116 206 597933.684500
91741638 92041639 605491 279592 250427 206 596831.454600
92041640 92341640 605588 278760 249610 206 595163.700400
92341641 92641641 605545 277721 248607 206 594638.847700
92641642 92941643 605464 277591 248540 206 593172.060100
92941644 93241644 605551 277520 248518 206 592290.416700
93241645 93541645 605564 276669 247848 206 591006.294000
93541646 93841646 605621 277110 248158 206 589918.719800
93841647 94141647 605571 276013 247072 206 588772.734800
94141648 94441649 605611 275644 247092 206 586977.507600
94441650 94741650 605559 275288 246804 206 586067.173400
94741651 95041651 605530 275065 246405 205 582643.592200
95041652 95341652 605558 273483 245082 206 584779.909300
95341653 95641653 605590 272261 244080 206 583758.024700
95641654 95941654 605645 273025 244957 206 581954.292500
95941655 96241655 605604 270675 242924 206 580139.543800
96241656 96541656 605591 269946 241951 206 579578.442700
96541657 96841657 605491 269878 241927 206 577361.089600
96841658 97141658 605567 270347 242316 206 576593.883100
97141659 97441659 605623 269665 241608 206 576724.304600
97441660 97741661 605563 268354 240669 206 575106.361200
97741662 98041662 605564 267975 240809 206 574290.985000
98041663 98341663 605581 266744 239597 205 569605.051000
98341664 98641664 605535 268065 240626 206 572061.740200
98641665 98941665 605502 267312 240080 206 571913.300800
98941666 99241666 605601 266206 238971 206 571067.564700
99241667 99541667 605500 265728 238328 206 570000.954700
99541668 99841668 605616 265726 238975 206 568952.215400
99841669 100141669 605613 265068 238028 206 566565.203400
100141670 100441670 605540 264689 237905 206 565961.992800
100441671 100741671 605599 264002 237197 206 565399.540900
100741672 101041672 605524 262861 235849 206 564724.038000
101041673 101341673 605528 263306 236263 206 563475.264100
101341674 101641674 605563 262037 235610 205 558370.781300
101641675 101941675 605599 260539 234296 206 559121.477200
101941676 102241676 605499 261265 234921 206 559317.831700
102241677 102541677 605579 261074 234472 206 558993.341700
102541678 102841678 605516 259616 233271 206 557452.245300
102841679 103141679 605536 259796 233484 206 556643.508700
103141680 103441681 605528 259154 232889 206 556742.031900
103441682 103741682 605558 259579 233294 206 556023.870300
103741683 104041683 605586 258823 232818 206 554813.136400
104041684 104341684 605529 258444 232329 206 554107.631800
104341685 104641685 605516 257892 231860 206 552429.105500
104641686 104941686 605582 256455 230849 206 551593.292300
104941687 105241688 605615 255510 229721 205 548129.475300
105241689 105541689 605502 254708 229206 206 547224.837000
106141692 106441693 605576 254701 229307 206 546283.631400
106441694 106741694 605572 255070 229568 206 545411.732800
106741695 107041696 605402 254490 228955 206 544556.979500
107041697 107341697 605619 253317 227950 206 543641.613900
107341698 107641698 605541 252554 227462 206 543191.327300
107641699 107941699 605490 251849 226612 206 542406.383600
107941700 108241700 605582 252208 227069 206 541467.566500
108241701 108541702 605542 250397 225884 205 538035.541800
108541703 108841703 605542 250187 225258 206 539787.481500
108841704 109141705 605565 250181 225451 206 538656.897500
109141706 109441706 605530 249686 225229 206 537723.008200
109441707 109741707 605571 250022 225618 206 536802.514300
109741708 110041708 605528 248609 224153 206 535789.253800
110041709 110341709 605612 248606 224164 206 534969.766800
110341710 110641710 605627 247120 222711 206 533133.886100
110641711 110941711 605575 247200 222745 206 532313.187400
110941712 111241712 605466 245739 221475 206 531930.059200
111241713 111541713 605588 246662 222644 206 531204.817600
111541714 111841714 605509 246812 222597 205 526851.034100
111841715 112141715 605509 244990 220928 205 525655.255500
112141716 112441716 605513 244626 220636 206 527637.937400
112441717 112741717 605454 244447 220578 206 527243.534400
112741718 113041718 605606 244554 220663 206 526412.235000
113041719 113341719 605623 243304 219404 206 525823.522300
113341720 113641720 605595 242610 218781 206 524852.598000
113641721 113941721 605590 242266 218547 206 522298.141100
113941722 114241722 605561 240894 217580 206 521420.917400
114241723 114541725 605559 241302 218059 206 521518.404800
114541726 114841726 605565 241356 217692 206 521326.823500
114841727 115141727 605561 241443 217804 205 518063.911500
115141728 115441728 605463 240586 217117 206 519758.677700
115441729 115741729 605426 239879 216667 206 518868.023200
115741730 116041730 605606 238924 215476 206 517225.190000
116041731 116341731 605553 238320 215174 206 515171.143000
116341732 116641732 605519 238799 215862 206 514977.908100
116641733 116941733 605558 237928 214749 206 515036.208600
116941734 117241734 605529 237779 214826 206 514419.185000
117241735 117541735 605591 237971 214793 206 513520.692000
117541736 117841736 605501 237110 214235 206 512670.421000
117841737 118141738 605571 237452 214099 206 511468.880500
118141739 118441739 605579 235547 212577 206 510265.249100
118441740 118741740 605585 234679 211767 205 505692.000300
118741741 119041741 605567 233915 211158 206 507598.906200
119041742 119341742 605497 234828 211993 206 507335.916400
119341743 119641743 605522 234193 211627 206 507054.871800
119641744 119941744 605564 234625 212276 206 506471.533200
119941745 120241747 605513 232924 210434 205 503222.963500
120241748 120541748 605600 232317 210130 206 503715.324600
120541749 120841749 605514 232722 210154 206 503086.940300
120841750 121141750 605529 232859 210743 206 502789.984400
121141751 121441751 605586 230757 208673 206 500675.574200
121441752 121741752 605524 231014 208975 206 498980.401700
121741753 122041753 605588 230859 208910 206 499115.332300
122041754 122341754 605517 230718 208775 206 499139.915000
122341755 122641755 605443 229535 207706 206 498497.007300
122641756 122941756 605431 229315 207403 206 497637.749700
122941757 123241757 605519 229333 207338 206 495854.788700
123241758 123541759 605576 226073 204392 206 491163.530600
123541760 123841760 605524 228928 206943 205 493343.275900
123841761 124141761 605547 228128 206319 206 494807.380200
124141762 124441762 605544 227484 205818 206 494060.963800
124441763 124741763 605560 227414 205696 206 493296.306800
124741764 125041765 605560 228399 206817 206 492573.402800
125041766 125341766 605546 226977 205552 206 491628.798100
125341767 125641767 605518 226049 204596 206 490809.798700
125641768 125941768 605514 225694 204099 206 489869.524800
125941769 126241769 605579 225346 203977 206 489011.675500
126241770 126541770 605514 225131 203863 206 488380.858600
126541771 126841771 605520 225014 203685 206 487490.768900
126841772 127141772 605490 225289 203938 205 484253.116800
127141773 127441773 605563 223686 202619 206 485440.770900
127441774 127741774 605563 222297 201227 206 484192.180700
127741775 128041775 605584 222758 201720 206 482854.408500
128041776 128341776 605539 222382 201153 206 482459.243000
128341777 128641777 605554 221654 201060 206 481717.836300
128641778 128941779 605590 221042 200313 206 480757.099400
128941780 129241780 605579 220490 199792 205 477581.920300
129241781 129541781 605606 220617 199745 206 478896.542000
129541782 129841782 605551 218463 197915 206 477067.340300
129841783 130141783 605550 218386 197921 206 475967.610000
130141784 130441784 605577 219030 198563 206 475806.237800
130441785 130741785 605588 218734 198224 206 475469.068800
130741786 131041787 605609 218878 198199 206 474681.965500
131041788 131341788 605461 216938 196683 206 472743.803200
131341789 131641789 605528 216859 196639 206 472435.983900
131641790 131941790 605553 217577 197292 206 472314.992500
131941791 132241793 605541 217215 196728 205 469599.871400
132241794 132541795 605557 216434 196570 206 471362.294300
132541796 132841796 605519 217052 196777 206 470936.917900
132841797 133141797 605512 216259 196169 206 470122.958200
133141798 133441798 605460 215549 195387 206 469256.400900
133441799 133741799 605590 214942 195033 206 468443.082300
133741800 134041800 605511 215025 195126 206 467605.361200
134041801 134341801 605549 213880 194118 206 466045.396900
134941805 135241805 605514 212333 192629 206 463804.176400
135241806 135541806 605600 213069 193441 206 463006.680200
135541807 135841807 605541 212446 192648 206 461862.357300
135841808 136141808 605503 209639 190289 206 457047.658700
136141809 136441809 605582 212294 192684 206 461498.645400
136441810 136741810 605540 210947 191480 206 460599.626400
136741811 137041811 605564 211044 191627 206 459828.547200
137041812 137341812 605550 209584 190216 206 459017.225300
137341813 137641813 605461 210792 191435 206 458386.192500
137641814 137941815 605569 210834 191383 206 457628.708600
137941816 138241816 605561 209382 190095 205 454625.112800
138241817 138541817 605575 209278 190183 206 455796.045500
138541818 138841818 605558 208827 189764 206 455255.103900
138841819 139141820 605529 209524 190384 206 454559.198700
139141821 139441821 605432 208945 189632 206 453548.256100
139441822 139741822 605550 208387 189375 206 452839.687200
139741823 140041823 605439 207447 188397 206 452041.285800
140041824 140341824 605626 206754 187892 206 451538.338700
140341825 140641825 605518 206954 188201 206 450963.830300
140641826 140941826 605475 206560 187982 206 450061.929900
140941827 141241827 605591 206134 187252 206 449357.763800
141241828 141541828 605563 206144 187390 205 446420.798400
141541829 141841829 605529 205469 186533 206 447595.115400
141841830 142141830 605582 204690 185810 206 446894.497500
142141831 142441831 605563 204558 186143 206 446352.437400
142441832 142741832 605613 203877 185435 206 445814.865800
142741833 143041834 605552 203834 185092 206 445028.744500
143041835 143341835 605572 203635 185062 206 444116.339400
143341836 143641836 605525 203353 184732 206 443413.609300
143641837 143941839 605532 202792 184471 206 442487.211200
143941840 144241840 605557 202077 183714 206 441893.859400
144241841 144541843 605537 201521 183287 206 441062.210500
144541844 144841845 605602 201774 183383 205 438117.395900
144841846 145141846 605522 201382 183297 206 439596.885100
145141847 145441847 605532 201457 183092 206 438712.227700
145441848 145741848 605571 200513 182295 206 438087.395700
145741849 146041849 605508 200329 182188 206 437247.594400
146041850 146341852 605628 199960 182088 206 436679.837500
146341853 146641854 605573 198919 181092 206 436059.722000
146641855 146941855 605544 198904 181048 206 435261.824700
146941856 147241856 605577 198353 180653 206 434555.189600
147241857 147541857 605545 198289 180378 206 433781.352800
147541858 147841858 605528 198509 180562 206 433172.592000
147841859 148141860 605600 197536 179489 205 430038.289200
148141861 148441861 605604 197156 179563 206 431258.503400
148441862 148741862 605543 197730 179949 206 430720.788100
148741863 149041863 605625 196992 179377 206 430246.170300
149641867 149941867 605486 189149 172187 201 417443.873000

