137 2232
68719483 69019483 593995 497011 447436 205 1165474.132500
69019484 69319484 594159 493551 444316 206 1163678.961300
69319485 69619485 594195 329826 300035 206 781261.647650
69619486 69919486 594176 447797 403937 206 1047417.601290
69919487 70219487 594182 487150 438871 206 1149099.425100
70219488 70519488 594181 487560 439172 206 1148054.296300
70519489 70819489 594160 487207 438688 206 1146659.035700
70819490 71119490 594180 487145 439393 206 1147003.907900
71119491 71419491 594160 485797 437870 206 1143619.190700
71419492 71719492 594184 485050 437260 206 1140336.733300
71719493 72019493 594162 482884 435053 206 1136290.227200
72019494 72319494 594164 481189 434164 206 1131514.578600
72319495 72619495 594170 480497 432837 205 1123191.723400
72619496 72919496 594178 480194 432959 206 1127102.679900
72919497 73219497 594167 480460 433378 206 1125900.508600
73219498 73519499 594174 478943 431446 206 1125892.228500
73519500 73819500 594182 478284 431065 206 1124356.320400
73819501 74119501 594159 477475 430383 206 1122835.763800
74119502 74419502 594160 477932 430869 206 1121414.755600
74419503 74719503 594147 477500 430980 206 1120381.167200
74719504 75019504 594189 476816 430348 206 1119470.992400
75019505 75319505 594192 476649 429811 206 1117444.627100
75319506 75619506 594165 474600 428127 206 1114574.821100
75619507 75919507 594194 473112 426712 205 1106862.746100
75919508 76219508 594169 471568 424988 206 1111822.830600
76219509 76519509 594167 473811 427835 206 1110148.879800
76519510 76819510 594174 471335 425206 206 1108398.005200
76819511 77119512 594189 470141 424289 206 1105673.160000
77119513 77419513 594139 470008 424175 206 1102924.575500
77419514 77719514 594189 468191 422008 206 1100248.987300
77719515 78019515 594141 466957 421270 206 1097463.809900
78019516 78319516 594185 467828 422453 206 1095355.016600
78319517 78619517 594159 467151 421712 206 1094339.857000
78619518 78919518 594137 465450 420328 206 1092461.912200
78919519 79219519 594155 463899 418841 205 1085534.841200
79219520 79519520 594176 464772 419791 206 1089426.209400
79519521 79819522 594168 462460 417903 206 1087093.184800
79819523 80119523 594169 461676 417303 206 1084460.985100
80119524 80419524 594189 461128 416514 206 1080955.164100
80419525 80719525 594120 459592 415318 206 1077497.387800
80719526 81019526 594163 458303 413940 206 1074028.425200
81019527 81319527 594175 457388 413655 206 1071709.294200
81319528 81619528 594171 456216 412423 206 1069607.140800
81619529 81919529 594175 455256 411423 206 1067629.424300
81919530 82219530 594146 453216 409515 206 1064063.429300
82219531 82519531 594174 454386 410757 206 1063206.959000
82519532 82819532 594161 452300 408982 205 1057232.434200
82819533 83119533 594184 453779 410052 206 1061133.512000
83119534 83419534 594153 452234 409125 206 1059687.029400
83419535 83719536 594146 449489 406272 206 1053428.737400
83719537 84019537 594168 449252 406153 206 1053065.282800
84019538 84319538 594175 451341 408361 206 1056189.585900
84319539 84619539 594165 449338 406352 206 1053112.084400
84619540 84919541 594171 446744 404199 206 1051812.103200
84919542 85219542 594176 447841 405001 206 1049397.974000
85219543 85519543 594154 447478 404860 206 1046798.013400
85519544 85819545 594154 446151 403896 206 1044383.594100
85819546 86119546 594158 445394 403069 205 1037311.537800
86119547 86419547 594155 444058 401620 206 1040110.440500
86419548 86719548 594199 442818 400804 206 1037255.789800
86719549 87019549 594130 441376 399583 206 1034499.211800
87019550 87319550 594181 439343 397957 206 1031381.812300
87319551 87619553 594144 439539 398144 206 1028371.467200
87619554 87919554 594170 439367 397675 206 1026786.579800
87919555 88219555 594123 439489 397620 206 1026181.227300
88219556 88519556 594194 436645 395793 206 1023831.653200
88519557 88819557 594141 436459 395579 206 1020855.349200
88819558 89119558 594196 434201 393301 206 1017729.197500
89119559 89419561 594198 434717 393413 205 1011562.854900
89419562 89719563 594169 433432 392831 206 1015052.689800
89719564 90019564 594176 432123 391572 206 1013347.983200
90019565 90319565 594161 431134 390379 206 1011137.672600
90319566 90619566 594174 431372 390789 206 1008850.648100
90619567 90919567 594165 429788 389567 206 1006813.818500
90919568 91219568 594184 428960 389087 206 1004464.918600
91219569 91519569 594156 428408 388351 206 1002073.420200
91519570 91819570 594177 426293 386614 206 999482.027900
91819571 92119571 594178 426619 386901 206 996896.184400
92119572 92419573 594175 419852 380757 206 984221.679400
92419574 92719575 594182 424739 385283 205 989255.344600
92719576 93019576 594158 424238 385070 206 991851.634800
93019577 93319577 594179 421761 382492 206 990032.226200
93319578 93619578 594161 423126 383906 206 988368.052500
93619579 93919579 594192 421826 382689 206 986827.109400
93919580 94219580 594132 420903 382104 206 985126.646000
94219581 94519581 594179 420467 381523 206 983082.001900
94519582 94819582 594197 418530 379776 206 980144.980000
94819583 95119583 594182 418572 379893 206 978356.497300
95119584 95419584 594169 416823 378108 206 977264.465400
95419585 95719585 594171 416613 377903 206 975546.589000
95719586 96019586 594153 414501 376200 206 973273.558700
96019587 96319587 594135 412941 374485 205 965784.409500
96319588 96619588 594194 414595 376343 206 968599.994100
96619589 96919589 594142 414136 375988 206 966882.255600
96919590 97219590 594191 412490 374710 206 964019.781300
97219591 97519591 594169 412586 374736 206 962540.779500
97519592 97819592 594164 412680 374467 206 961129.350600
97819593 98119593 594187 410280 372671 206 959384.129100
98119594 98419594 594166 409584 372050 206 957108.702800
98419595 98719595 594148 408851 371280 206 954712.420000
98719596 99019596 594172 407487 370102 206 953211.563000
99019597 99319597 594186 406893 369568 206 951673.860300
99319598 99619598 594150 402806 366274 205 937162.621900
99619599 99919599 594193 405870 369085 206 948316.569800
99919600 100219600 594143 404828 367718 206 946116.919400
100219601 100519601 594185 400425 364056 206 936010.845700
100519602 100819604 594192 403634 367311 206 942683.108800
100819605 101119605 594166 401148 364847 206 940812.568100
101119606 101419606 594135 400461 364173 206 939055.428700
101419607 101719607 594179 401526 364982 206 937305.741600
101719608 102019608 594167 400442 364072 206 935788.359300
102019609 102319609 594109 399318 363171 206 933998.715000
102319610 102619610 594191 398415 362525 206 930332.638900
102619611 102919611 594174 397601 361590 205 924210.789600
102919612 103219612 594162 396506 360989 206 928232.923000
103219613 103519613 594171 396170 360328 206 924303.085300
103519614 103819614 594177 394458 358848 206 921531.879600
103819615 104119615 594177 394633 358796 206 921146.683400
104119616 104419618 594135 393979 358620 206 920158.237700
104419619 104719619 594181 394218 358962 206 918924.877700
104719620 105019620 594170 392059 356550 206 916848.713700
105019621 105319622 594182 392564 357288 206 915550.176800
105319623 105619624 594178 390237 354921 206 913973.376400
105619625 105919625 594158 391002 356219 206 911927.125700
105919626 106219626 594194 376551 342730 205 905648.349900
106219627 106519627 594178 355508 323143 206 908227.853500
106519628 106819628 594171 353007 321427 206 905886.905300
106819629 107119629 594170 352622 321027 206 901372.350200
107119630 107419630 594185 316039 288075 206 810497.595550
107419631 107719631 594126 236170 216435 206 599859.680290
107719632 108019632 594192 347515 316420 206 889710.333300
108019633 108319633 594182 350443 318841 206 896559.278000
108319634 108619634 594156 349989 318878 206 894784.046100
108619635 108919635 594196 348582 317437 206 892947.277600
108919636 109219636 594167 349493 317966 206 891040.572700
109219637 109519637 594182 348210 317223 206 889333.897600
109519638 109619108 197009 28525 26002 19 81925.568700
