169 2028
68971309 69271309 977873 783343 728507 103 765936.293100
69271310 69571310 977914 720003 671186 103 706509.107900
69571311 69871311 977830 560350 525581 103 546996.390760
69871312 70171312 977827 771937 718410 103 755933.205000
70171313 70471313 977925 736050 686385 103 719086.936100
70471314 70771314 977874 765179 712407 103 746341.065600
70771315 71071315 977873 733614 679347 103 753457.252000
71071316 71371316 977848 721577 667413 103 751080.331500
71371317 71671317 977856 721185 667339 103 748932.528500
71671318 71971318 977857 719802 666243 103 746436.595000
71971319 72271319 977834 717007 663883 103 744709.410300
72271320 72571320 977796 713807 660847 103 742410.206200
72571321 72871321 977842 711431 658813 103 740147.079100
72871322 73171322 977865 708985 656688 103 737745.284200
73171323 73471323 977879 707227 655236 102 728711.067200
73471324 73771324 977837 706610 654585 103 733784.962500
73771325 74071325 977811 703668 651675 103 731753.818400
74071326 74371326 977799 701529 650081 103 729931.007800
74371327 74671327 977774 701630 650487 103 728139.918000
74671328 74971328 977786 697676 646890 103 726259.764200
74971329 75271329 977795 696832 645905 103 724460.882300
75271330 75571330 977876 694298 643644 103 722412.744200
75571331 75871331 977860 693140 642816 103 720619.736200
75871332 76171332 977879 692102 641560 103 718744.968500
76171333 76471333 977832 690179 640353 103 716726.985600
76471334 76771334 977898 685531 636110 103 714432.580700
76771335 77071335 977851 685692 636088 103 712384.956900
77071336 77371336 977847 683043 634188 103 710532.749200
77371337 77671337 977830 681266 632156 103 709032.039300
77671338 77971338 977915 681359 632530 103 707402.161600
77971339 78271339 977929 678950 630374 103 705784.756500
78271340 78571340 977883 677524 629083 103 704036.345800
78571341 78871341 977823 675698 627285 103 701930.592900
78871342 79171342 977785 671981 624322 102 693014.675400
79171343 79471343 977850 670814 623525 103 698137.401200
79471344 79771344 978016 668824 621392 103 696377.648200
79771345 80071345 977883 662771 616155 103 689396.573000
80071346 80371346 977943 666984 619606 103 694911.462500
80371347 80671347 977920 665776 618107 103 693198.200700
80671348 80971348 977802 665302 618327 103 691713.100800
80971349 81271349 977913 661590 614861 103 690044.789800
81271350 81571350 977915 662694 616228 103 688260.091900
81571351 81871351 977949 659969 613617 103 686469.774600
81871352 82171352 977716 656705 610942 103 684517.205700
82171353 82471353 977789 655682 609693 102 676280.326000
82471354 82771354 977973 654316 608824 103 681443.786100
82771355 83071355 977887 653130 607847 103 679803.514200
83071356 83371356 977920 650640 605429 103 678170.317400
83371357 83671357 977913 649877 604575 103 676339.643800
83671358 83971358 977979 648431 603264 103 674896.552500
83971359 84271359 977883 646738 601636 103 673009.620300
84271360 84571360 977908 644435 599922 103 670394.644400
84571361 84871361 977816 641350 597433 103 667942.525600
84871362 85171362 977880 640469 596783 103 666532.965200
85171363 85471363 977815 639514 595185 103 664975.750600
85471364 85771364 977878 637917 593938 103 663335.859600
85771365 86071365 977812 634429 591001 103 661721.638700
86071366 86371366 977949 634788 591164 103 660176.564200
86371367 86671367 977908 632401 589012 102 652148.390900
86671368 86971368 977841 630522 587418 103 656997.158700
86971369 87271369 977851 629023 586460 103 655628.264100
87271370 87571370 977888 627542 584992 103 653883.600000
87571371 87871371 977906 626804 584175 103 652074.897900
87871372 88171372 977919 623976 581553 103 650600.681300
88171373 88471373 977980 618231 576772 103 643166.753200
88471374 88771374 977852 623774 582146 103 649836.531500
88771375 89071375 977858 622418 580293 103 648388.887500
89071376 89371376 977843 622622 580834 103 646834.152000
89371377 89671377 977917 620061 578383 103 645428.105000
89671378 89971378 977918 615726 574576 103 643202.931300
89971379 90271379 977978 617155 575738 103 641576.397200
90271380 90571380 977917 614283 572799 103 640186.088900
90571381 90871381 977855 613447 572420 102 632668.435300
90871382 91171382 977779 611516 570204 103 637531.223800
91171383 91471383 977885 609561 568707 103 636060.278800
91471384 91771384 977911 607981 567574 103 634617.994000
91771385 92071385 977948 606528 565798 103 633017.528600
92071386 92371386 977983 607071 566538 103 631433.421500
92371387 92671387 977910 604837 564413 103 630126.328200
92671388 92971388 977817 603605 563702 103 628489.016700
92971389 93271389 977912 602231 562662 103 627398.647500
93271390 93571390 977914 599282 559625 103 625896.723400
93571391 93871391 977884 598391 558536 103 624225.057700
93871392 94171392 977882 596347 556995 103 622835.847300
94171393 94471393 977872 595925 556845 103 621430.596600
94471394 94771394 977849 596539 557299 103 620228.615000
94771395 95071395 977905 592533 553650 103 618562.817600
95071396 95371396 977848 591528 553196 103 616749.209700
95371397 95671397 977692 588313 549837 103 615377.827000
95671398 95971398 977911 588819 550340 103 614136.301600
95971399 96271399 977855 587037 548807 102 606974.894400
96271400 96571400 977759 585877 547616 103 611625.897300
96571401 96871401 978007 584531 546584 103 610199.846600
96871402 97171402 977854 583687 545296 103 608647.016000
97171403 97471403 977920 576401 539382 103 601817.629700
97471404 97771404 977808 580446 542654 103 606549.062700
97771405 98071405 977854 578997 541392 103 604933.573000
98071406 98371406 977913 577959 540355 103 603613.715700
98371407 98671407 977808 577708 540604 103 602280.646000
98671408 98971408 977983 575959 539126 103 600678.615800
98971409 99271409 977801 573753 536637 103 599376.267700
99571411 99871411 977852 571788 534798 103 596732.719200
99871412 100171412 977748 571217 534864 103 595329.944000
100171413 100471413 977888 569451 532727 103 593987.470500
100471414 100771414 977693 567177 530905 103 592735.725300
100771415 101071415 977845 565560 529575 103 591334.302500
101071416 101371416 977882 565720 529754 103 590045.704200
101371417 101671417 977916 564852 528853 103 588427.824300
101671418 101971418 977877 561608 526039 103 586832.537200
101971419 102271419 977851 561527 526109 103 584957.745000
102271420 102571420 977909 559501 523904 103 583533.656900
102571421 102871421 977885 559369 523803 102 576678.381400
102871422 103171422 977916 556972 521931 103 581130.134800
103171423 103471423 977975 555543 520418 103 579860.274000
103471424 103771424 978015 553842 518971 103 578521.976200
103771425 104071425 977783 553418 518669 100 560395.039800
104071426 104371426 977970 552373 517927 102 570343.778000
104371427 104671427 977884 552017 517463 103 574748.390900
104671428 104971428 977886 550353 516174 101 562564.713900
104971429 105271429 978009 547985 513675 103 572329.560000
105271430 105571430 977887 547280 512920 103 570855.637500
105571431 105871431 977969 546126 512568 103 568418.436400
105871432 106171432 977979 541602 508362 103 564188.028700
106771435 107071435 977918 541868 508091 103 565738.513500
107071436 107371436 977850 540678 507280 103 564500.230500
107371437 107671437 977913 539159 506019 103 563241.100600
107671438 107971438 977816 538480 505349 103 562322.218000
107971439 108271439 977880 538311 505360 103 561083.637600
108271440 108571440 977913 535948 503120 103 559771.782400
108571441 108871441 977917 535847 502973 101 547828.553300
108871442 109171442 977939 532581 499950 103 557329.516200
109171443 109471443 977844 531874 499264 103 556026.681700
109471444 109771444 977847 529837 497736 102 549320.892800
109771445 110071445 977935 529830 497715 103 553329.599400
110071446 110371446 977916 528881 497015 103 552220.530400
110371447 110671447 978013 526553 494574 103 551100.508200
110671448 110971448 977903 527876 496175 103 549920.720000
110971449 111271449 977913 526134 494681 102 543007.235300
111271450 111571450 977880 524343 492747 101 536412.013300
111571451 111871451 977878 522228 490560 102 540645.320800
111871452 112171452 977915 522131 491078 103 545130.391300
112171453 112471453 977904 520714 489389 103 543746.965000
112471454 112771454 977911 519989 488665 103 542724.748600
112771455 113071455 977883 519581 488740 103 541579.218300
113071456 113371456 977878 515699 485083 103 540319.245700
113371457 113671457 977942 517591 486767 103 539225.752700
113671458 113971458 977953 514969 484329 103 538054.104000
113971459 114271459 978042 514222 483959 103 536939.146500
114271460 114571460 977983 513203 482717 103 535576.882300
114571461 114871461 977852 511850 481896 103 534276.655000
114871462 115171462 977877 510925 480462 103 533241.764500
115171463 115471463 977851 509287 479017 103 532012.699500
115471464 115771464 977944 507895 477955 103 531012.681900
115771465 116071465 977947 494455 465561 103 529830.392500
116071466 116371466 977845 463589 437100 103 528415.566500
116371467 116671467 977977 463451 436798 102 522167.887700
116671468 116971468 977918 460354 434058 103 526178.736900
116971469 117271469 977883 460041 433896 103 525023.643600
117271470 117571470 977977 460773 434594 103 524024.557100
117571471 117871471 977884 459948 433957 103 523215.508700
117871472 118171472 977939 457716 432099 103 522075.662400
118171473 118471473 977782 456811 430743 103 521097.418700
118471474 118771474 977919 456214 430538 103 520037.228100
118771475 119071475 977881 454380 428859 103 518963.768600
119071476 119371476 977948 452823 427104 103 517888.285100
119371477 119671477 977689 448706 423426 103 511729.300700
119671478 119971478 977868 452945 427534 103 516181.903900
