265 1453
86700001 86760001 118542 59086 52857 41 122544.446400
86760002 86820002 118584 59117 52983 41 122381.656400
86820003 86880003 118544 59626 53294 41 122274.938600
86880004 86940004 118555 59114 52950 42 125295.985400
86940005 87000005 118568 59483 53180 41 122301.022000
87000006 87060006 118546 58956 52834 41 122142.614600
87060007 87120007 118557 58978 52850 41 121940.810400
87120008 87180008 118561 59476 53246 41 121800.251800
87180009 87240009 118571 59647 53522 41 121768.350000
87240010 87300010 118542 58698 52777 42 124711.211400
87300011 87360011 118553 58585 52399 41 121671.593900
87360012 87420013 118585 58986 52937 41 121555.122300
87420014 87480014 118538 59104 52845 41 121471.617600
87480015 87540015 118555 58770 52584 41 121447.606300
87540016 87600016 118575 58891 52767 42 124400.470800
87600017 87660017 118557 59158 53107 41 121398.765600
87660018 87720018 118541 58402 52324 41 121332.304600
87720019 87780019 118584 59034 52881 41 121193.242600
87780020 87840020 118541 58704 52679 41 121101.863200
87840021 87900022 118552 58344 52396 41 121088.672300
87900023 87960023 118566 59207 53151 42 124009.829800
87960024 88020024 118558 58600 52492 41 120951.616100
88020025 88080025 118549 58468 52414 41 120796.731200
88080026 88140026 118559 58596 52576 41 120664.509200
88140027 88200027 118569 58338 52377 41 120644.861200
88200028 88260028 118546 58316 52278 42 123551.798800
88260029 88320029 118556 58459 52483 41 120613.389000
88320030 88380032 118577 58373 52229 41 120441.388000
88380033 88440033 118543 58417 52364 41 120286.074900
88440034 88500034 118546 58044 52068 41 120206.890000
88500035 88560035 118596 58426 52411 41 120144.394100
88560036 88620036 118543 58147 52236 42 123059.112100
88620037 88680038 118543 58050 52155 41 120150.497300
88680039 88740039 118579 58883 52921 41 120103.992600
88740040 88800040 118550 58267 52281 41 120122.627900
88800041 88860042 118550 58156 52182 41 120145.714000
88860043 88920043 118543 58263 52366 42 123125.216200
88920044 88980044 118550 58161 52140 41 120207.798400
88980045 89040045 118553 58231 52160 41 120097.366100
89040046 89100046 118557 58072 52130 41 120010.881300
89100047 89160047 118575 58088 52166 41 119905.010100
89160048 89220048 118539 58319 52461 41 119921.560400
89220049 89280050 118555 58021 52175 42 122876.304300
89280051 89340051 118581 58415 52537 41 119868.630400
89340052 89400052 118509 57749 51953 41 119818.468600
89400053 89460053 118558 58114 52058 41 119731.116600
89460054 89520054 118583 57967 52078 41 119646.913700
89520055 89580055 118551 57661 51833 42 122472.806900
89580056 89640056 118541 57554 51683 41 119414.467600
89640057 89700057 118582 57805 51706 41 119315.589200
89700058 89760058 118541 57812 51847 41 119168.702800
89760059 89820059 118558 57823 51934 41 119074.752500
89820060 89880060 118568 57719 51783 41 119067.522300
89880061 89940062 118551 57657 51741 42 121904.169700
89940063 90000063 118523 57369 51421 41 118899.906400
90000064 90060064 118559 57677 51765 41 118738.070500
90060065 90120065 118568 57285 51428 41 118580.475200
90120066 90180066 118545 57301 51376 41 118585.292800
90180067 90240067 118549 57393 51635 42 121501.413400
90240068 90300068 118577 56857 51067 41 118573.225200
90300069 90360072 118542 57253 51429 41 118477.010800
90360073 90420073 118557 57626 51621 41 118335.247900
90420074 90480074 118576 57381 51550 41 118272.845300
90480075 90540075 118557 57218 51381 41 118227.304300
90540076 90600077 118539 57209 51376 42 121111.847800
90600078 90660078 118587 57232 51331 41 118202.484400
90660079 90720079 118547 56878 51123 41 118147.204300
90720080 90780080 118544 57207 51449 41 118072.951200
90780081 90840081 118572 56654 50930 41 117941.157100
90840082 90900082 118554 56789 51026 42 120847.060800
90900083 90960083 118559 57056 51216 41 117997.878500
90960084 91020084 118549 56946 51162 41 117979.394200
91020085 91080085 118571 57075 51387 41 118018.172800
91080086 91140086 118544 57066 51239 41 118037.173900
91140087 91200087 118556 57097 51224 41 118020.130300
91200088 91260090 118577 57427 51595 42 120860.246500
91260091 91320091 118544 56855 51072 41 117835.981700
91320092 91380092 118518 57212 51267 41 117771.875000
91380093 91440093 118596 57153 51290 41 117713.415200
91440094 91500094 118542 57188 51319 41 117629.812700
91500095 91560095 118542 56924 51157 41 117588.603800
91560096 91620096 118579 56942 51211 41 117488.217800
91620097 91680097 118547 56778 50860 41 117430.446300
91680098 91740098 118555 56536 50793 42 120219.329700
91740099 91800099 118567 56835 51132 41 117203.933700
91800100 91860100 118549 56660 50948 41 117077.396600
91860101 91920101 118552 56736 51045 41 116952.521500
91920102 91980102 118539 56485 50815 41 116879.394300
91980103 92040103 118568 56657 50855 42 119604.769900
92040104 92100104 118541 55736 50054 41 116721.987300
92100105 92160105 118552 56393 50661 41 116703.344000
92160106 92220108 118563 56211 50585 41 116648.733600
92220109 92280109 118528 56612 50964 41 116575.011800
92280110 92340110 118558 55865 50163 41 116495.927300
92340111 92400111 118582 56160 50608 42 119259.566700
92400112 92460112 118548 56132 50625 41 116423.531200
92460113 92520113 118543 55881 50351 41 116376.527500
92520114 92580114 118583 55622 49985 41 116245.349600
92580115 92640116 118544 56489 50751 41 116114.419700
92640117 92700117 118556 56009 50393 42 118873.362500
92700118 92760118 118574 55873 50193 41 116081.190400
92760119 92820120 118546 56072 50276 41 116071.095700
92820121 92880121 118569 55898 50183 41 115989.989000
92880122 92940122 118540 55761 50254 41 115869.467400
92940123 93000123 118573 55902 50240 41 115713.515900
93000124 93060124 118545 55735 50266 42 118544.013600
93060125 93120125 118561 55918 50298 41 115734.961800
93120126 93180126 118573 56048 50339 41 115703.787200
93180127 93240128 118539 56304 50633 41 115639.384600
93240129 93300129 118552 56187 50564 41 115499.718400
93300130 93360130 118592 55657 50134 42 118271.414300
93360131 93420131 118544 55880 50144 41 115511.463500
93420132 93480132 118540 56077 50421 41 115495.558500
93480133 93540133 118586 55911 50242 41 115458.397200
93540134 93600134 118513 55779 50281 41 115357.175500
93600135 93660135 118548 55722 50201 41 115283.919200
93660136 93720138 118574 55909 50321 42 118042.163600
93720139 93780139 118554 55990 50379 41 115182.335900
93780140 93840140 118558 55774 50123 41 115173.139600
93840141 93900141 118564 55443 49968 41 115064.892400
93900142 93960142 118528 55798 50242 41 115009.873600
93960143 94020143 118549 55169 49640 42 117775.865600
94020144 94080144 118548 55694 50110 41 114917.266400
94080145 94140145 118585 55573 49926 41 114939.026200
94140146 94200146 118535 55731 50154 41 114896.668000
94200147 94260147 118557 55019 49492 41 114815.218700
94260148 94320148 118584 55678 49981 41 114720.519900
94320149 94380149 118547 55659 50006 42 117425.815500
94380150 94440150 118538 55265 49691 41 114600.755000
94440151 94500151 118583 55572 50003 41 114621.896000
94500152 94560152 118543 55071 49601 41 114571.636600
94560153 94620153 118558 55159 49565 41 114507.453800
94620154 94680154 118566 55406 49868 42 117174.564500
94680155 94740155 118548 55271 49668 41 114420.216300
94740156 94800156 118554 54829 49292 41 114543.299800
94800157 94860157 118562 55410 49820 41 114599.991600
94860158 94920158 118571 55162 49567 41 114599.567000
94920159 94980159 118544 55163 49629 41 114508.801900
94980160 95040160 118562 55202 49588 42 117293.036900
95040161 95100161 118573 55458 49918 41 114521.200600
95100162 95160162 118508 55255 49720 41 114545.817900
95160163 95220163 118553 55258 49686 41 114431.720300
95220164 95280165 118589 54968 49298 41 114291.603100
95280166 95340166 118544 55340 49709 42 117008.751700
95340167 95400167 118538 55156 49721 41 114158.017500
95400168 95460168 118588 54646 49119 41 114065.171500
95460169 95520169 118546 55109 49629 41 113994.241600
95520170 95580171 118550 55021 49449 41 113899.282200
95580172 95640172 118574 54905 49231 41 113832.288500
95640173 95700173 118553 55295 49667 42 116546.882300
95700174 95760174 118559 54804 49364 41 113623.412900
95760175 95820175 118546 54763 49227 41 113550.149500
95820176 95880176 118574 54860 49345 41 113580.903100
95880177 95940177 118544 54957 49568 41 113466.438700
95940178 96000179 118559 54925 49473 42 116317.390800
96000180 96060180 118577 54713 49294 41 113532.047100
96060181 96120181 118544 54320 48834 41 113482.612700
96120182 96180183 118558 55384 49940 41 113438.532700
96180184 96240184 118586 54982 49457 41 113366.878400
96240185 96300186 118548 54681 49284 41 113388.724400
96300187 96360188 118537 54713 49348 42 116187.348500
96360189 96420189 118582 55073 49644 41 113471.667500
96420190 96480190 118549 54635 49215 41 113478.961400
96480191 96540191 118555 54585 49307 41 113292.813000
96540192 96600192 118566 54688 49270 41 113214.352300
96600193 96660194 118548 54675 49273 42 115939.069900
96660195 96720195 118561 54842 49339 41 113166.191500
96720196 96780196 118563 54788 49261 41 113167.281900
96780197 96840197 118562 54464 48965 41 113052.196800
96840198 96900198 118545 54236 48851 41 112936.181600
96900199 96960199 118552 54875 49449 41 112868.535100
96960200 97020200 118582 54397 48925 42 115595.803900
97020201 97080201 118537 54327 49042 41 112888.826800
97080202 97140202 118556 54337 48945 41 112763.381700
97140203 97200203 118581 54065 48751 41 112623.538700
97200204 97260204 118551 54706 49179 41 112507.141100
97260205 97320205 118541 54394 48854 42 115180.746700
97320206 97380206 118582 53980 48668 41 112472.995100
97380207 97440207 118549 53913 48599 41 112492.868000
97440208 97500208 118549 54448 49014 41 112412.016400
97500209 97560209 118576 53825 48640 41 112328.738900
97560210 97620210 118541 54036 48620 41 112271.265200
97620211 97680212 118573 54182 48831 42 115113.633600
97680213 97740213 118544 54197 48948 41 112483.636200
97740214 97800214 118569 54291 48796 41 112514.780500
97800215 97860215 118545 54018 48769 41 112423.163400
97860216 97920216 118561 53902 48596 41 112299.050700
97920217 97980217 118574 54083 48766 42 114968.817000
97980218 98040218 118539 54206 48764 41 112212.319200
98040219 98100219 118554 54303 48913 41 112153.488500
98100220 98160220 118590 53472 48103 41 112088.550200
98160221 98220221 118542 53609 48340 41 111957.166100
98220222 98280222 118542 53839 48446 41 111887.207700
98280223 98340223 118582 54095 48641 42 114644.455200
98340224 98400224 118547 53907 48661 41 111885.798600
98400225 98460225 118556 53940 48547 41 111888.346500
98460226 98520227 118565 53911 48538 41 111816.183500
98520228 98580228 118557 53800 48411 41 111759.069000
98580229 98640229 118555 53379 48072 42 114446.922300
98640230 98700230 118533 53978 48718 41 111754.832200
98700231 98760231 118559 53705 48349 41 111718.218400
98760232 98820232 118549 53709 48441 41 111656.553600
98820233 98880233 118548 53899 48473 41 111545.630600
98880234 98940234 118584 53842 48532 41 111514.128100
98940235 99000235 118535 53191 47952 42 114191.684500
99000236 99060237 118558 53757 48433 41 111441.174600
99060238 99120238 118585 53442 48223 41 111366.297300
99120239 99180239 118547 53154 47846 41 111267.031700
99180240 99240240 118541 53840 48527 41 111170.350700
99240241 99300243 118582 53633 48508 42 113896.981600
99300244 99360244 118547 53864 48542 41 111141.610700
99360245 99420245 118555 53584 48262 41 111024.260900
99420246 99480246 118581 53412 48212 41 110971.709700
99480247 99540247 118537 53851 48615 41 110892.822500
99540248 99600248 118567 53363 47995 41 110816.896200
99600249 99660249 118551 53491 48296 42 113441.280100
99660250 99720250 118564 53152 47867 41 110719.283600
99720251 99780251 118546 53156 47899 41 110620.282100
99780252 99840252 118565 53261 48057 41 110539.119700
99840253 99900253 118570 53476 48201 41 110510.478400
99900254 99960254 118541 52660 47437 42 113148.214700
99960255 100020255 118550 53099 47800 41 110375.981800
100020256 100080256 118587 53278 48022 41 110299.156800
100080257 100140257 118545 53361 48166 41 110251.722100
100140258 100200258 118540 53609 48344 41 110284.688400
100200259 100260259 118585 52923 47829 41 110267.185500
100260260 100320260 118549 52799 47535 42 112907.012300
100320261 100380261 118544 52973 47882 41 110193.895300
100380262 100440262 118576 53101 47761 41 110109.176800
100440263 100500263 118550 52899 47665 41 110093.070000
100500264 100560264 118564 52976 47773 41 110043.525400
100560265 100620265 118557 52614 47503 42 112610.802200
100620266 100680266 118561 52267 47139 41 109788.888800
100680267 100740267 118553 52413 47293 41 109723.042000
100740268 100800268 118549 52423 47314 41 109667.331100
100800269 100860269 118581 52404 47281 41 109594.606800
100860270 100920270 118535 52489 47311 42 112234.613700
100920271 100980272 118558 52656 47440 41 109538.019700
100980273 101040273 118586 52326 47191 41 109415.163200
101040274 101100275 118549 52415 47371 41 109314.210000
101100276 101160277 118539 52397 47229 41 109146.990200
101160278 101220278 118582 52220 47108 41 109191.936800
101220279 101280279 118548 52398 47233 42 111894.033100
101280280 101340280 118555 52475 47334 41 109224.376800
101340281 101400281 118565 52250 47243 41 109177.517400
101400282 101460282 118549 52704 47591 41 109075.073100
101460283 101520283 118554 52604 47418 41 109042.653600
101520284 101580285 118570 52222 47193 42 111658.970100
101580286 101640286 118562 52462 47319 41 108943.460200
101640287 101700287 118547 52415 47302 41 108929.992500
101700288 101760288 118535 51942 46799 41 108850.777000
101760289 101820289 118547 52455 47342 41 108815.223100
101820290 101880290 118533 52155 47094 41 108772.019300
101880291 101940292 118550 52700 47469 42 111335.237700
101940293 102000293 118587 52395 47257 41 108644.878500
102000294 102060295 118547 52153 46891 41 108554.495700
102060296 102120296 118541 52204 47032 41 108500.591600
102120297 102180297 118581 51912 46866 41 108470.251800
102180298 102240298 118551 51612 46571 42 111088.577900
102240299 102300299 118548 51872 46663 41 108399.853100
102300300 102360300 118543 52320 47119 41 108365.004200
102360301 102420301 118541 51873 46818 41 108330.127800
102420302 102480303 118573 51948 46928 41 108221.703400
102480304 102540304 118543 51983 46973 41 108150.283900
102540305 102600305 118570 51765 46626 42 110852.018900
