15 881
70105392 70168404 123374 2092 1973 43 4229.965324
70172047 70234695 122689 3541 3333 43 7835.280080
70238702 70300986 121965 6380 5978 43 14178.979390
70305357 70368369 123381 11630 10869 44 25123.170210
70372376 70434660 121982 18570 17161 43 39710.062680
70439395 70500950 120526 27284 24972 42 56614.930000
70505321 70567969 122662 35865 32413 42 71687.660800
70571612 70635717 125529 40762 36623 44 82672.677200
70638995 70700915 121247 37131 33451 43 76989.416300
70706014 70767206 119830 29610 26887 42 62006.544600
70771941 70833861 121246 21011 19348 43 45529.892100
70838596 70900516 121243 13301 12377 43 29252.317450
70905251 70966806 120534 7523 7069 42 16678.118850
70971905 71033461 120540 4090 3865 42 9184.970150
71038560 71099752 119820 2180 2051 41 4703.151599

