30 881
70105392 70168404 123374 2092 1973 43 4229.965324
70172047 70234695 122689 3541 3333 43 7835.280080
70238702 70300986 121965 6380 5978 43 14178.979390
70305357 70368369 123381 11630 10869 44 25123.170210
70372376 70434660 121982 18570 17161 43 39710.062680
70439395 70500950 120526 27284 24972 42 56614.930000
70505321 70567969 122662 35865 32413 42 71687.660800
70571612 70635717 125529 40762 36623 44 82672.677200
70638995 70700915 121247 37131 33451 43 76989.416300
70706014 70767206 119830 29610 26887 42 62006.544600
70771941 70833861 121246 21011 19348 43 45529.892100
70838596 70900516 121243 13301 12377 43 29252.317450
70905251 70966806 120534 7523 7069 42 16678.118850
70971905 71033461 120540 4090 3865 42 9184.970150
71038560 71099752 119820 2180 2051 41 4703.151599
77008727 77070647 121247 1806 1712 42 3937.733262
77075018 77137666 122675 3583 3380 42 7490.121280
77142401 77203593 119828 6333 5974 42 13717.034310
77208692 77270612 121247 11383 10577 43 24351.887700
77275347 77336538 119801 18118 16778 42 38375.868290
77341273 77403558 121967 27369 24952 43 56698.124500
77407928 77469848 121247 34102 30795 42 69473.978500
77474219 77537596 124093 38750 34842 43 77552.282700
77541238 77603158 121248 35158 31787 42 71560.225600
77607893 77667628 116959 27375 24929 41 57128.140200
77673820 77735739 121245 19574 18032 43 42517.704530
77740839 77801666 119120 12151 11351 42 26095.312360
77807129 77869049 121248 6808 6395 43 15428.059290
77873784 77935340 120513 3732 3533 42 8366.284820
77940075 78000538 118376 2018 1916 41 4250.730852
