33 32
69900796 69928515 1918987 49641 48505 19 47.160199
70308791 70337881 2013530 17273 16860 20 16.581053
70349525 70377237 1918509 26725 26152 19 25.444609
70388865 70418039 2019904 39609 38858 20 37.667536
70428259 70457379 2015455 48111 47097 20 46.073370
70467608 70496732 2016421 51722 50646 20 49.634008
70508408 70536033 1912212 46906 45933 19 44.598687
70547702 70576883 2019829 41279 40427 20 39.300628
70587067 70616149 2012966 29721 29109 20 28.542851
70626379 70655472 2013717 18692 18292 20 17.933657
71035809 71063438 1912741 48863 47827 19 47.078390
71168348 71197475 2016061 52561 51469 20 49.747881
71582127 71609807 1916300 15065 14709 19 14.350273
71621458 71650664 2022132 26828 26228 20 25.634853
71660858 71689920 2012125 38946 38071 20 37.201904
71701588 71729341 1921355 46055 45082 19 44.022822
71741001 71770056 2011081 51792 50706 20 49.747527
71780323 71809396 2012337 48554 47519 20 46.454009
71821071 71848773 1916578 36625 35794 19 35.111829
71861928 71889604 1916020 25066 24490 19 24.068196
71901252 71928885 1912331 14540 14198 19 13.944515
72313550 72342636 2012467 51855 50794 20 49.667951
72379071 72408217 2017411 52209 51165 20 49.810564
72787062 72816173 2014966 17134 16762 20 16.409857
72827859 72855531 1915727 26747 26146 19 25.485440
72867210 72894891 1916356 38011 37192 19 36.065002
72906538 72935607 2012616 48307 47311 20 46.288123
72945847 72975008 2018285 52397 51314 20 49.897121
72986664 73014349 1915941 46763 45789 19 44.881006
73025928 73053636 1916831 39073 38222 19 37.301162
73065279 73094450 2018431 29298 28661 20 28.081170
73104686 73133832 2017408 18624 18216 20 17.956850
73514047 73543175 2016694 52700 51586 20 50.091536
