252 2028
80561455 80861455 977609 750131 697024 205 1557691.995200
80861456 81161456 977663 788821 730836 206 1645866.298200
81161457 81461457 977558 581160 542924 206 1216236.620030
81461458 81761458 977536 689735 641628 206 1436345.598100
81761459 82061459 977602 782174 725393 206 1631371.939400
82061460 82361460 977717 777129 720621 205 1616251.585200
82361461 82661461 977629 772695 716555 206 1617744.961000
82661462 82961462 977657 769734 714213 206 1610810.211300
82961463 83261463 977695 767926 712604 206 1603916.677800
83261464 83561464 977583 765191 710564 206 1597061.358200
83561465 83861465 977647 760348 705965 206 1590349.671100
83861466 84161466 977583 757691 703624 205 1576315.781500
84161467 84461467 977608 754466 701074 206 1577769.262200
84461468 84761468 977689 753220 699506 206 1570160.098900
84761469 85061469 977595 740598 688083 206 1549638.905400
85061470 85361470 977585 751234 697816 206 1571986.333100
85361471 85661471 977694 749895 696515 206 1567526.983600
85661472 85961472 977659 746995 694118 206 1562050.050300
85961473 86261473 977601 744267 691809 206 1557089.110200
86261474 86561474 977716 742524 690287 206 1551300.718000
86561475 86861475 977632 738669 686891 206 1545603.129200
86861476 87161476 977653 735911 684400 206 1538755.161500
87161477 87461477 977644 734714 683313 205 1525716.630900
87461478 87761478 977625 730012 679312 206 1527569.036900
87761479 88061479 977673 727580 677194 206 1522404.738600
88061480 88361480 977645 725196 675216 206 1515397.739300
88361481 88661481 977647 717673 667985 206 1507435.921200
88661482 88961482 977608 716116 666522 206 1500482.423400
88961483 89261483 977656 715417 666083 206 1494992.609000
89261484 89561484 977576 712470 663225 206 1490017.671200
89561485 89861485 977634 710939 662024 206 1484005.057500
89861486 90161486 977627 707128 658768 206 1480681.535600
90161487 90461487 977615 707153 658538 205 1473756.259400
90461488 90761488 977637 705551 657890 206 1477414.136400
90761489 91061489 977653 703342 655612 206 1471830.846800
91061490 91361490 977691 699285 651893 206 1463966.445700
91361491 91661491 977622 697187 650020 206 1456584.895000
91661492 91961492 977631 692026 645707 206 1451169.421100
91961493 92261493 977693 691683 645126 206 1445981.543500
92261494 92561494 977640 686463 640594 206 1436302.710400
92561495 92861495 977629 686929 640788 206 1434841.750500
92861496 93161496 977612 684393 639080 206 1433158.145100
93161497 93461497 977685 683762 638795 206 1430996.411900
93461498 93761498 977611 680269 635286 206 1425196.635900
93761499 94061499 977631 678575 633820 205 1412722.508600
94061500 94361500 977581 677081 632806 206 1414417.727700
94361501 94661501 977653 673038 628885 206 1408707.130800
94661502 94961502 977609 669989 625698 206 1404167.892100
94961503 95261503 977642 669418 625370 206 1398318.918800
95261504 95561504 977611 664300 621178 206 1391172.924600
95561505 95861505 977629 664457 621297 206 1388141.481800
95861506 96161506 977658 661018 618128 206 1383384.876800
96161507 96461507 977624 660107 616970 206 1379488.681400
96461508 96761508 977571 652349 610143 206 1364328.016700
96761509 97061509 977655 667506 623586 206 1394684.857600
97061510 97361510 977643 669952 625882 205 1395405.480200
97361511 97661511 977609 668287 624380 206 1398423.813200
97661512 97961512 977595 665141 621390 206 1394532.700200
97961513 98261513 977614 663908 620431 206 1390332.623400
98261514 98561514 977590 661823 618302 206 1385780.631800
98561515 98861515 977679 659357 616231 206 1381492.536000
98861516 99161516 977586 657072 614309 206 1378233.764400
99161517 99461517 977606 655829 613215 206 1374250.758100
99461518 99761518 977679 653782 611580 206 1370266.915700
99761519 100061519 977611 650282 608469 206 1366409.288700
100061520 100361520 977562 649997 608466 206 1362566.540500
100361521 100661521 977566 649066 607583 206 1358584.064400
100661522 100961522 977550 645903 604538 205 1348917.711700
100961523 101261523 977665 645876 604651 206 1352807.286800
101261524 101561524 977537 642874 601527 206 1348606.237000
101561525 101861525 977623 642942 601964 206 1344527.690100
101861526 102161526 977637 639536 598620 206 1340750.499400
102161527 102461527 977621 639095 597739 206 1338266.820600
102461528 102761528 977581 637169 596142 206 1333981.213700
102761529 103061529 977677 633679 593048 206 1328837.248700
103061530 103361530 977539 632158 591692 206 1326161.573500
103361531 103661531 977624 632885 592214 206 1323481.121800
103661532 103961532 977673 630519 589957 206 1320030.586400
103961533 104261533 977620 628398 588321 205 1310194.069500
104261534 104561534 977665 625493 585792 206 1312456.695700
104561535 104861535 977582 624300 584349 206 1308442.723700
104861536 105161536 977595 622242 582877 206 1304214.992900
105161537 105461537 977712 613784 575269 206 1287980.928200
105461538 105761538 977576 475707 447675 206 1006274.023570
105761539 106061539 977653 521118 489715 206 1085743.118530
106061540 106361540 977620 617639 578592 206 1293069.219500
106361541 106661541 977682 616606 577671 206 1289736.521100
106661542 106961542 977643 612492 573714 206 1286315.333300
106961543 107261543 977604 612128 573348 206 1283171.196000
107261544 107561544 977612 610435 572180 206 1280167.843000
107561545 107861545 977690 610191 572134 205 1270471.929000
107861546 108161546 977658 604470 566850 206 1269895.835800
108161547 108461547 977637 603080 566172 206 1264470.678300
108461548 108761548 977674 601285 564124 206 1259802.959000
108761549 109061549 977595 599731 562574 206 1256439.047200
109061550 109361550 977492 594890 558191 206 1248826.677000
109361551 109661551 977689 595548 558867 206 1247912.653100
109661552 109961552 977672 594582 558243 206 1247441.943200
109961553 110261553 977628 593261 556828 206 1244849.858400
110261554 110561554 977632 590828 554340 205 1235236.763600
110561555 110861555 977655 590881 555072 206 1238264.968900
110861556 111161556 977761 587821 551916 206 1233070.263800
111161557 111461557 977499 584018 548130 206 1228520.786100
111461558 111761558 977701 586399 550531 206 1228906.661500
111761559 112061559 977660 586429 550793 206 1227415.359700
112061560 112361560 977731 583440 547837 206 1224297.179300
112361561 112661561 977733 582507 547410 205 1214984.801100
112661562 112961562 977633 581092 545697 206 1217786.919600
112961563 113261563 977736 580532 545166 206 1214966.240000
113261564 113561564 977702 578064 543182 206 1211968.721800
113561565 113861565 977757 575486 540700 206 1209154.672200
113861566 114161566 977760 575538 540922 206 1205957.341500
114161567 114461567 977592 573411 538903 206 1202514.153300
114461568 114761568 977669 571364 536887 206 1199042.321400
114761569 115061569 977598 563862 530439 206 1185569.792600
115061570 115361570 977720 570827 536426 206 1198001.472600
115361571 115661571 977700 570392 535930 206 1195058.358900
115661572 115961572 977529 568149 534062 205 1186267.174900
115961573 116261573 977630 566566 532870 206 1189093.486300
116261574 116561574 977598 565543 532175 206 1186234.090600
116561575 116861575 977732 565072 531354 206 1183246.216500
116861576 117161576 977721 562172 528612 206 1180539.058000
117161577 117461577 977797 562746 529023 206 1177430.005500
117461578 117761578 977732 559047 525950 206 1171056.268500
117761579 118061579 805753 486271 458255 151 853833.731200
118061580 118361580 977909 598745 564465 206 1171964.237900
118361581 118661581 977983 595838 562020 206 1168481.075700
118661582 118961582 977984 595211 561442 205 1159506.383000
118961583 119261583 977955 593181 559353 206 1162059.600200
119261584 119561584 977945 591715 558402 206 1158930.783600
119561585 119861585 977952 591038 557765 206 1156292.197000
119861586 120161586 977989 591064 557336 206 1153371.083000
120161587 120461587 977979 587252 553996 206 1150231.311200
120461588 120761588 977934 585463 552187 206 1147493.941700
120761589 121061589 976148 582016 549401 206 1144754.578500
121061590 121361590 977984 583798 550818 206 1142491.778700
121361591 121661591 977988 582301 549574 206 1139624.569100
121661592 121961592 978021 579328 547051 206 1136772.845200
121961593 122261593 978006 578715 546017 206 1134291.033500
122261594 122561594 977954 577159 544910 205 1126268.154100
122561595 122861595 978049 575249 543310 206 1129383.094200
122861596 123161596 977954 574960 543208 206 1126605.697600
123161597 123461597 977982 573297 541688 206 1123742.071800
123461598 123761598 977980 571489 539706 206 1120020.585400
123761599 124061599 977954 568687 537136 206 1113826.014800
124061600 124361600 977987 566223 535032 206 1110338.128000
124361601 124661601 978015 563998 532949 206 1104946.399600
124661602 124961602 977953 562689 531925 206 1104575.053400
124961603 125261603 977918 558175 527556 206 1092952.236600
125261604 125561604 978009 563746 532438 206 1105372.819700
125561605 125861605 977945 562776 531823 205 1097251.454800
125861606 126161606 977975 561273 530325 206 1099310.809500
126161607 126461607 977991 560271 529710 206 1095987.682200
126461608 126761608 978025 559042 528561 206 1093310.295500
126761609 127061609 978011 556489 525884 206 1090521.119100
127061610 127361610 977985 555357 525221 206 1087778.324300
127361611 127661611 977986 553106 522936 206 1084856.802700
127661612 127961612 978013 551012 520890 206 1082062.614600
127961613 128261613 977957 550328 520252 206 1079081.031400
128261614 128561614 978020 549137 519348 206 1076542.499800
128561615 128861615 977975 547350 517788 206 1073978.659500
128861616 129161616 977919 546674 517394 206 1071306.269200
129161617 129461617 977976 545116 515779 205 1063733.778200
129461618 129761618 977988 542980 513489 206 1067027.369300
129761619 130061619 978019 543056 514022 206 1064422.440400
130061620 130361620 978016 541718 512719 206 1060428.712700
130361621 130661621 978012 539090 510032 206 1057375.355100
130661622 130961622 977987 537481 508928 206 1053342.156800
130961623 131261623 978015 535581 506937 206 1050858.469700
131261624 131561624 977953 534141 506109 206 1047838.364900
131561625 131861625 978021 531587 503514 206 1044715.171200
131861626 132161626 978050 530430 502339 206 1042440.000600
132161627 132461627 978019 530225 502048 206 1038895.353100
132461628 132761628 978046 529524 501503 206 1037416.237800
132761629 133061629 977988 528945 500904 205 1029974.285900
133061630 133361630 977988 526125 498199 206 1032691.322900
133361631 133661631 977983 527495 499664 206 1029827.580200
133661632 133961632 977915 523762 496067 206 1026517.977600
133961633 134261633 978028 521948 494425 206 1024443.559500
134261634 134561634 978049 521188 493861 206 1022894.761600
134561635 134861635 978027 517173 490222 206 1016510.561000
134861636 135161636 978024 517531 490405 206 1013712.304700
135161637 135461637 978045 516510 489794 205 1008965.327900
135461638 135761638 978026 515938 488923 206 1014132.769800
135761639 136061639 978049 516860 490098 206 1013407.783800
136061640 136361640 977992 514854 487996 206 1011138.134000
136361641 136661641 978025 317040 302334 206 630051.527220
136661642 136961642 978054 494383 468969 206 966573.246410
136961643 137261643 978029 513937 487209 206 1007966.701100
137261644 137561644 978024 512639 485922 206 1005442.971700
137561645 137861645 978053 510259 483780 205 998255.475800
137861646 138161646 978024 510403 483862 206 1000910.963100
138161647 138461647 978022 509724 483328 206 998487.861400
138461648 138761648 978055 508286 481967 206 995900.228600
138761649 139061649 978026 507565 480889 206 993368.012400
139061650 139361650 978049 506506 480521 206 991327.456300
139361651 139661651 978024 504607 478655 206 988587.332300
139661652 139961652 978025 501561 475720 206 985211.121900
139961653 140261653 978049 500735 474904 206 983111.664800
140261654 140561654 978020 499684 474253 203 967572.402900
140561655 140861655 976414 498041 472317 206 979530.915100
140861656 141161656 978052 498105 472446 205 972660.509800
141161657 141461657 978025 496216 470765 206 975454.378900
141461658 141761658 978025 496688 471513 206 973470.120900
141761659 142061659 978046 494352 469398 206 971175.927800
142061660 142361660 978024 493120 467869 206 968778.143400
142361661 142661661 978025 492085 466811 206 966420.159900
142661662 142961662 978046 490504 465698 202 945348.573800
142961663 143261663 978023 490518 465610 206 961853.612600
143261664 143561664 978047 487864 463050 206 959968.690100
143561665 143861665 978026 487738 463350 206 957525.211200
143861666 144161666 978026 486030 461331 206 954684.147900
144161667 144461667 978049 485500 461170 205 946992.840000
144461668 144761668 978026 484523 460294 206 950000.097200
144761669 145061669 978026 483644 459532 206 948669.676900
145061670 145361670 978052 482776 458649 206 946704.971500
145361671 145661671 978028 481323 457287 206 944438.519700
145661672 145961672 977989 480795 456888 206 942536.046500
145961673 146261673 978053 479122 455454 206 940370.112600
146261674 146561674 978028 478963 455086 206 938157.905000
146561675 146861675 978053 477016 453341 206 936194.663400
146861676 147161676 977990 475827 452330 206 934293.480800
147161677 147461677 978028 475212 451565 204 922958.780800
147461678 147761678 978045 472484 449189 205 925200.065800
147761679 148061679 978021 471572 448312 206 927564.072400
148061680 148361680 978023 471307 448213 206 925481.754100
148361681 148661681 978051 471409 448431 206 923581.618500
148661682 148961682 978021 468124 444943 206 920998.554000
148961683 149261683 977993 468009 444801 206 918489.998100
149261684 149561684 978048 466505 443650 206 916057.474600
149561685 149861685 978026 465675 442895 206 914119.844000
149861686 150161686 978052 465629 443000 206 912586.270100
150161687 150461687 978025 463369 440470 206 910495.066700
150461688 150761688 978024 463347 440925 206 907834.233700
150761689 151061689 978044 461931 439526 206 905163.824800
151061690 151361690 978030 459957 437265 204 894769.202800
151361691 151661691 978028 460432 438172 206 902476.875600
151661692 151961692 978053 458580 436321 206 899611.266600
151961693 152261693 978032 457957 436101 204 889071.669400
152261694 152561694 978030 455723 433693 206 895263.297700
152561695 152861695 978051 454808 432868 206 892344.925200
152861696 153161696 978025 453860 431851 206 890270.630100
153161697 153461697 978045 453647 431878 206 888720.302100
153461698 153761698 977982 452024 430302 206 887354.946200
153761699 154061699 978021 450627 429003 206 885511.429100
154061700 154361700 978053 444218 422591 206 873087.915200
154361701 154661701 978025 450230 428303 205 877113.164800
154661702 154961702 978027 447847 426160 205 874976.252900
154961703 155261703 978057 446247 424794 206 877040.035000
155261704 155561704 978014 444953 423586 206 874749.642100
155561705 155861705 978023 444573 423311 206 872541.117100
155861706 156161706 978051 443735 422320 206 870177.469800
