55 589
41233374 41533374 978045 193755 181016 206 370965.720700
41533375 41833375 978021 193390 180947 206 369504.572300
41833376 42133376 977963 193062 180747 206 367993.835700
42133377 42433377 978045 191618 179416 206 366557.233500
42433378 42733378 978019 191146 179004 206 365172.937700
42733379 43033379 977985 190764 178635 206 363724.716300
43033380 43333380 978050 189922 177874 206 362051.528800
43333381 43633381 978024 188275 176324 206 360218.895700
43633382 43933382 978016 187790 175997 205 356868.566000
43933383 44233383 978043 187565 175648 206 358927.817000
44233384 44533384 978020 186929 175104 206 358140.768000
44533385 44833385 978049 187236 175375 206 357039.615300
44833386 45133386 978020 185457 173868 206 352971.084900
45133387 45433387 978020 187876 176064 206 358577.514200
45433388 45733388 978037 187216 175312 206 357651.634300
45733389 46033389 978022 185866 174208 206 356785.184300
46033390 46333390 978023 186050 174185 206 355856.652100
46333391 46633391 978045 185552 173845 206 354991.271300
46633392 46933392 978021 185234 173677 206 353974.762100
46933393 47233393 978021 184828 173187 205 351271.537000
47233394 47533394 978047 183722 172113 206 351909.568300
47533395 47833395 978022 184182 172741 206 350799.387700
47833396 48133396 978047 182396 171089 206 349621.491500
48133397 48433397 977982 182579 171092 206 348395.193700
48433398 48733398 978020 181387 170029 206 347270.889800
48733399 49033399 978049 181688 170347 206 346163.682200
49033400 49333400 978021 179114 168099 206 341864.716200
49333401 49633401 978017 180098 169003 206 344186.426300
49633402 49933402 978044 179009 167928 206 342986.405600
49933403 50233403 978019 178870 167862 206 341649.242500
50233404 50533404 978018 178920 167918 205 338564.207000
50533405 50833405 978050 176709 165810 206 339448.756700
50833406 51133406 977983 177526 166885 206 338322.879500
51133407 51433407 978049 176472 165827 206 337125.890000
51433408 51733408 978020 175876 165226 206 336199.564300
51733409 52033409 978021 176657 165971 206 336306.434000
52033410 52333410 978048 175362 164752 206 335278.731100
52333411 52633411 978022 174865 164290 206 333980.232700
52633412 52933412 978021 173852 163434 206 332700.764000
52933413 53233413 978051 173276 162727 206 331508.441600
53233414 53533414 978021 172506 162393 206 330295.717100
53533415 53833415 978024 171299 161020 206 329313.597100
53833416 54133416 978013 172483 162190 205 328226.459500
54133417 54433417 978020 172707 162367 206 329041.075500
54433418 54733418 978048 171722 161417 206 327863.076100
54733419 55033419 978014 171163 161160 206 326991.270800
55033420 55333420 977986 170195 160006 206 326117.013100
55333421 55633421 978047 169744 159699 206 324875.470600
55633422 55933422 978022 168856 158881 206 323304.177800
55933423 56233423 978016 166864 157142 206 320128.488800
56233424 56533424 978049 170995 160692 206 326954.355800
56533425 56833425 978017 170975 160945 206 328066.771000
56833426 57133426 977990 171153 160934 206 327357.702700
57733429 58033429 978019 170160 160216 206 325267.203300
58033430 58333430 978047 169834 159710 206 324540.523200
