30 2232
11102888 11402888 609254 418389 397605 206 868017.368500
11402889 11702889 609203 430639 409066 206 888591.954800
11702890 12002890 609237 439693 417338 206 907882.672000
12002891 12302891 609209 438195 416008 206 905196.537000
12302892 12602892 609234 434638 412637 206 902240.817100
12602893 12902893 609221 434714 413028 205 895388.512600
12902894 13202894 609235 434455 412344 206 897768.313200
13202895 13502895 609213 433169 411227 206 895611.537100
13502896 13802896 609234 432489 410705 206 893547.059800
14402899 14702899 609226 429595 408056 205 882984.720900
14702900 15002900 609179 428859 407077 206 884843.591000
15002901 15302901 609237 426390 404981 206 882469.755800
15302902 15602902 609224 425658 404035 206 880099.857700
15602903 15902903 609194 423937 402519 206 877224.901600
15902904 16202904 609223 423393 402278 206 874856.555300
16202905 16502906 609256 421368 400257 206 872940.397600
16502907 16802907 609192 421601 400555 205 866955.574400
16802908 17102908 609226 421337 400350 206 869905.937600
17102909 17402909 609207 419604 398722 206 867848.385000
17402910 17702911 609234 418522 397907 206 866220.546700
17702912 18002912 609220 419054 398178 206 864604.731300
18002913 18302913 609203 418075 397345 206 863235.370100
18302914 18602914 609241 415752 394943 206 860913.245500
18602915 18902915 609216 416218 395395 205 856217.122800
18902916 19202916 609201 415320 394778 206 859546.015600
19202917 19502917 609221 415872 395116 206 858157.669600
19502918 19802918 609223 413074 392389 206 856002.704300
19802919 20102919 609195 413369 392868 206 854186.014400
20102920 20402920 609205 411832 391318 206 852595.890900
20402921 20702921 609202 411677 391219 206 850543.170700
