81 32
69900796 69928515 1918987 49641 48505 19 47.160199
69991118 70018853 1920099 102 63 19 0.257413
70030449 70059602 2018441 101 70 20 0.266956
70071247 70100463 2022266 165 115 20 0.316504
70110608 70139793 2019398 311 267 20 0.464513
70151437 70179130 1916636 742 687 19 0.848034
70190781 70218390 1910057 1820 1736 19 1.868374
70230040 70259209 2019052 4505 4375 20 4.438527
70269425 70298560 2016657 9279 9055 20 9.070337
70308791 70337881 2013530 17273 16860 20 16.581053
70349525 70377237 1918509 26725 26152 19 25.444609
70388865 70418039 2019904 39609 38858 20 37.667536
70428259 70457379 2015455 48111 47097 20 46.073370
70467608 70496732 2016421 51722 50646 20 49.634008
70508408 70536033 1912212 46906 45933 19 44.598687
70547702 70576883 2019829 41279 40427 20 39.300628
70587067 70616149 2012966 29721 29109 20 28.542851
70626379 70655472 2013717 18692 18292 20 17.933657
70667219 70694876 1914156 9558 9329 19 9.401294
70706468 70735664 2020876 4931 4791 20 4.848885
70745821 70774996 2019408 2189 2106 20 2.190598
70786675 70814312 1913318 768 718 19 0.891548
70825941 70853682 1920533 292 254 19 0.466419
70865317 70894442 2015816 189 133 20 0.333179
70904652 70933792 2017546 144 83 20 0.280931
70945462 70973122 1914212 104 57 19 0.251551
71035809 71063438 1912741 48863 47827 19 47.078390
71168348 71197475 2016061 52561 51469 20 49.747881
71261617 71290737 2014905 106 48 20 0.261927
71300940 71330116 2019497 115 67 20 0.268544
71341748 71370919 2019681 140 93 20 0.287601
71381047 71410251 2021247 227 182 20 0.386062
71421879 71450994 2016117 541 479 20 0.667945
71462666 71490402 1919636 1311 1238 19 1.377659
71502039 71531196 2018171 3464 3349 20 3.425170
71542847 71570478 1912201 7346 7141 19 7.302164
71582127 71609807 1916300 15065 14709 19 14.350273
71621458 71650664 2022132 26828 26228 20 25.634853
71660858 71689920 2012125 38946 38071 20 37.201904
71701588 71729341 1921355 46055 45082 19 44.022822
71741001 71770056 2011081 51792 50706 20 49.747527
71780323 71809396 2012337 48554 47519 20 46.454009
71821071 71848773 1916578 36625 35794 19 35.111829
71861928 71889604 1916020 25066 24490 19 24.068196
71901252 71928885 1912331 14540 14198 19 13.944515
71940539 71969675 2017255 7624 7416 20 7.404431
71979906 72009010 2014345 3254 3147 20 3.304158
72020661 72049870 2021768 1317 1239 20 1.389887
72059977 72089115 2016813 469 421 20 0.644283
72100845 72128462 1911379 206 163 19 0.352553
72140118 72167878 1921299 110 74 19 0.275214
72180973 72208606 1913043 129 64 19 0.250586
72220241 72247943 1917811 78 38 19 0.231476
72313550 72342636 2012467 51855 50794 20 49.667951
72379071 72408217 2017411 52209 51165 20 49.810564
72469403 72498558 2018592 105 63 20 0.249328
72508791 72537900 2015338 127 74 20 0.278178
72549543 72577262 1919001 163 109 19 0.296176
72588941 72618059 2014755 284 236 20 0.434816
72628261 72657394 2016511 768 712 20 0.867408
72667529 72696667 2016856 1851 1758 20 1.889020
72708315 72736068 1920796 4294 4184 19 4.149018
72747760 72776846 2013217 9355 9147 20 8.975056
72787062 72816173 2014966 17134 16762 20 16.409857
72827859 72855531 1915727 26747 26146 19 25.485440
72867210 72894891 1916356 38011 37192 19 36.065002
72906538 72935607 2012616 48307 47311 20 46.288123
72945847 72975008 2018285 52397 51314 20 49.897121
72986664 73014349 1915941 46763 45789 19 44.881006
73025928 73053636 1916831 39073 38222 19 37.301162
73065279 73094450 2018431 29298 28661 20 28.081170
73104686 73133832 2017408 18624 18216 20 17.956850
73145468 73173161 1916621 9469 9230 19 9.283939
73184744 73212490 1919633 4817 4682 19 4.672764
73224155 73253266 2014956 2046 1941 20 2.167889
73263485 73292566 2012903 809 751 20 0.919180
73302784 73331905 2014979 340 293 20 0.485475
73343557 73371301 1920727 177 130 19 0.308087
73382889 73412033 2017134 139 80 20 0.279859
73422288 73451354 2012407 103 50 20 0.270397
73514047 73543175 2016694 52700 51586 20 50.091536
