48 303
19373231 19673281 717817 1124221 936276 206 148525.367230
19673282 19973283 716544 1121725 934303 206 148117.820510
19973284 20273285 716544 1118287 931774 206 147699.139100
20273286 20573288 716545 1114924 929699 206 147385.204230
20573289 20873291 716544 1109894 925703 206 146653.431070
21773385 22073388 716544 1106497 923472 206 145621.538660
22073389 22373390 716544 1100477 917676 206 145370.574680
22373391 22673394 716545 1099870 918328 206 144927.170360
22673395 22973398 716544 1096679 915901 206 144507.681950
22973399 23273401 716543 1095378 915385 206 144201.970950
23273402 23573405 716543 1091827 911503 206 143806.307660
23573406 23873408 716544 1090374 911166 206 143623.474110
23873409 24173411 716545 1088282 909396 206 143437.731570
24173412 24473415 716543 1087079 908379 206 143043.654530
24473416 24773418 716546 1084593 906003 206 142589.005110
24773419 25073421 716542 1081833 904836 205 141512.201920
25073422 25373426 716545 1078842 903055 206 141998.162100
25373427 25673430 716543 1078647 901663 206 141686.450690
25673431 25973433 716545 1075985 900133 206 141404.332010
25973434 26273438 716544 1072293 898019 206 140899.007430
26273439 26573442 716544 1069395 895312 206 140514.081510
26573443 26873447 716544 1066275 892347 206 140321.228180
26873448 27173451 716543 1067937 894325 206 140095.663990
27173452 27473455 716546 1064945 891897 206 139840.967440
27473456 27773460 716543 1060215 887945 206 139568.910200
27773461 28073465 716545 1061925 889431 206 139248.234680
28073466 28373470 716543 1059277 887337 206 138947.784630
28373471 28673475 716543 1060575 888329 205 138181.450710
28673476 28973479 716544 1057670 886070 206 138581.669090
28973480 29273484 716544 1054411 883731 206 138359.809610
29273485 29573489 716546 1052644 881910 206 138091.227640
29573490 29873494 716543 1050182 880297 206 137859.655450
29873495 30173499 716543 1049704 880297 206 137608.552820
30173500 30473504 716546 1046900 877727 206 137308.279340
31373613 31673617 716544 1041036 873708 206 136041.024850
31673618 31973622 716543 1034904 867882 205 134943.303240
31973623 32273628 716545 1033990 868889 206 135319.878880
32273629 32573633 716543 1031147 865509 206 135021.265790
32573634 32873638 716544 1029261 864620 206 134776.081380
32873639 33173643 716545 1028106 863567 206 134557.828920
33173644 33473649 716544 1027541 863085 206 134319.187890
33473650 33773654 716545 1024515 861095 206 134005.166660
33773655 34073660 716543 1023482 860854 206 133863.080560
34073661 34373666 716545 1022357 860026 206 133614.294010
34373667 34673671 716544 1020591 858307 206 133377.363210
34673672 34973677 716542 1015820 854448 206 132925.603810
34973678 35273683 716544 1015654 854201 205 132049.109420
35273684 35573690 716544 1014280 852833 206 132509.670290
