27 30
2474386 2519562 94976 104629 99425 31 85.605247
2585080 2612759 688 1008 346 19 0.096557
2625883 2653568 729 1052 460 19 0.106088
2666720 2694393 1045 1401 712 19 0.141960
2707450 2735127 1804 2164 1545 19 0.233662
2748251 2776017 4036 4605 3791 19 0.529039
2787595 2816776 9578 10594 9531 20 1.390006
2828374 2857542 19887 21703 20203 20 3.389369
2869207 2898348 33463 36334 34346 20 7.800121
2910034 2937642 43260 47006 44642 19 15.047350
2950773 2978518 51456 56091 53343 19 26.431947
2990130 3019303 58624 64326 61190 20 41.095310
3032417 3060047 57600 63276 60164 19 49.314629
3071719 3100821 61184 67506 64348 20 55.220992
3113957 3141630 57424 63261 60124 19 47.802305
3153285 3182466 58112 63710 60622 20 39.078126
3194102 3223262 52996 57649 54711 20 25.696114
3234910 3263996 43618 47425 45024 20 14.123225
3275725 3304847 31488 34335 32405 20 7.047227
3317928 3345580 17482 19083 17722 19 2.935724
3357325 3386439 8821 9829 8762 20 1.272473
3398109 3427221 3857 4445 3638 20 0.516442
3438861 3468032 1811 2261 1497 20 0.239440
3479716 3507325 1007 1334 636 19 0.136045
3520463 3548190 698 977 397 19 0.102146
3559835 3588930 734 1012 372 20 0.105106
3654544 3682205 58181 64085 60866 19 52.483311
