15 881
77008727 77070647 121247 1806 1712 42 3937.733262
77075018 77137666 122675 3583 3380 42 7490.121280
77142401 77203593 119828 6333 5974 42 13717.034310
77208692 77270612 121247 11383 10577 43 24351.887700
77275347 77336538 119801 18118 16778 42 38375.868290
77341273 77403558 121967 27369 24952 43 56698.124500
77407928 77469848 121247 34102 30795 42 69473.978500
77474219 77537596 124093 38750 34842 43 77552.282700
77541238 77603158 121248 35158 31787 42 71560.225600
77607893 77667628 116959 27375 24929 41 57128.140200
77673820 77735739 121245 19574 18032 43 42517.704530
77740839 77801666 119120 12151 11351 42 26095.312360
77807129 77869049 121248 6808 6395 43 15428.059290
77873784 77935340 120513 3732 3533 42 8366.284820
77940075 78000538 118376 2018 1916 41 4250.730852
