18 590
39954362 40073813 389368 19965 19301 82 39655.522410
40079695 40199101 389252 30206 29146 82 59682.042450
40206416 40324409 384637 42946 41052 81 84819.539300
40330275 40449770 389466 58891 55937 82 115967.154300
40455554 40575069 389474 75045 70571 82 146279.455600
40580883 40700372 389488 86162 80553 82 169201.508700
40706151 40825595 389381 91118 85005 82 178711.308400
40831464 40949444 384560 86709 81109 81 169918.114800
40956754 41076228 389408 75174 70625 82 150994.092700
41082101 41200103 384546 57106 54123 81 120383.319500
41207319 41326847 389596 43577 41596 82 90923.683900
41332606 41450642 384659 30001 28866 81 62861.084340
41457919 41577399 389373 20088 19473 82 42322.828810
41583268 41701283 384488 12798 12438 81 26694.215690
41708582 41826549 384431 7666 7440 81 16348.964250
41832324 41951806 389413 4711 4594 82 9879.509257
41957687 42077168 389378 2501 2435 82 5429.971795
42088837 42208284 389294 84719 78891 82 177830.187000
