25 733
79028478 79328478 595886 147119 138810 206 310590.312300
79328479 79628479 595895 146620 138214 197 296440.715000
79628480 79928480 595888 146116 137787 206 309322.116600
79928481 80228481 595898 145176 136879 206 308280.228900
80228482 80528482 595891 145053 136857 206 307203.904500
80528483 80828483 595906 144419 136110 206 306071.244400
80828484 81128484 595902 144299 136117 206 304924.243400
81128485 81428485 595901 143377 135315 206 304266.778300
81428486 81728488 595903 143345 135158 206 303732.830800
81728489 82028489 595907 142434 134443 206 301408.471300
82028490 82328490 595891 119233 112639 206 253445.521760
82328491 82628492 595880 106094 100366 205 226875.438213
82628493 82928493 595905 98718 93423 206 208585.794986
82928494 83228494 595890 137671 129953 206 292387.234800
83228495 83528495 595912 137328 129737 205 290833.762000
83528496 83828496 595910 137185 129547 206 291515.422800
83828497 84128497 595896 136529 128866 206 290498.932800
84128498 84428498 595906 136221 128685 206 289451.196500
84428499 84728500 595885 136554 128955 206 289156.934600
84728501 85028501 595887 135655 128102 205 286914.976400
85028502 85328502 595891 136291 128750 206 287300.743800
85328503 85628503 595908 135170 127663 206 286656.465100
85628504 85928504 595887 135139 127797 206 285713.022700
85928505 86228505 595919 134718 127494 206 284838.090100
86228506 86517452 573927 97902 92532 152 209373.818200
