21 881
69906156 69968076 121245 203 188 42 433.033417
69971718 70034730 123399 483 456 43 1006.792603
70038737 70101749 123375 1045 986 43 2132.236917
70105392 70168404 123374 2092 1973 43 4229.965324
70172047 70234695 122689 3541 3333 43 7835.280080
70238702 70300986 121965 6380 5978 43 14178.979390
70305357 70368369 123381 11630 10869 44 25123.170210
70372376 70434660 121982 18570 17161 43 39710.062680
70439395 70500950 120526 27284 24972 42 56614.930000
70505321 70567969 122662 35865 32413 42 71687.660800
70571612 70635717 125529 40762 36623 44 82672.677200
70638995 70700915 121247 37131 33451 43 76989.416300
70706014 70767206 119830 29610 26887 42 62006.544600
70771941 70833861 121246 21011 19348 43 45529.892100
70838596 70900516 121243 13301 12377 43 29252.317450
70905251 70966806 120534 7523 7069 42 16678.118850
70971905 71033461 120540 4090 3865 42 9184.970150
71038560 71099752 119820 2180 2051 41 4703.151599
71104851 71166407 120507 1127 1057 42 2429.335379
71171506 71233426 121248 514 487 42 1164.582874
71238525 71299352 119101 253 237 42 518.938654
