124 254
75613035 75913035 717895 1518540 1278053 206 188310.087930
75913036 76213098 716686 1500343 1262716 206 186776.388970
76213099 76513165 716800 1488926 1254717 206 185510.436170
76513166 76813231 716801 1479045 1247553 206 184234.747540
76813232 77113299 716799 1463908 1234662 205 181845.937870
77113300 77413367 716799 1457174 1229025 206 181125.573920
77413368 77713435 716800 1441855 1216814 206 179846.445760
77713436 78013504 716800 1431453 1209343 206 178837.120150
78013505 78313573 716802 1430140 1207479 206 178272.634260
78313574 78613643 716799 1418487 1199458 206 176988.982510
78613644 78913713 716800 1412286 1194762 206 176119.962060
78913714 79213784 716800 1407512 1191133 206 175513.826600
79213785 79513855 716801 1399293 1183944 206 174537.705120
79513856 79813926 716798 1385458 1172578 206 173183.691100
79813927 80113997 716801 1375741 1164088 206 172033.588340
80113998 80414069 716799 1369677 1159542 206 171168.026860
80414070 80714142 716800 1360690 1152939 206 170014.741610
80714143 81014215 716802 1352272 1145816 206 169129.745610
81014216 81314288 716798 1349482 1143726 206 168640.161340
81314289 81614362 716802 1342783 1138644 206 167793.100120
81614363 81914436 716799 1333767 1131733 206 166462.470360
81914437 82214510 716799 1324389 1124210 206 165363.970760
82214511 82514585 716802 1319323 1119872 206 164777.626090
82514586 82814659 716798 1319646 1120510 205 164035.898490
82814660 83114734 716801 1314206 1115405 206 163905.271270
83114735 83414809 716800 1305178 1109354 206 162878.063310
83414810 83714884 716801 1298934 1104112 206 162010.020000
83714885 84014961 716800 1290699 1098525 206 161194.993680
84014962 84315037 716799 1291391 1098183 207 161719.936920
84315038 84615113 716799 1288521 1095859 206 160787.466130
84615114 84915190 716801 1282446 1091553 206 160010.222290
84915191 85215266 716799 1279263 1088726 205 158490.946390
85215267 85515344 716801 1272804 1083409 206 158631.073640
85515345 85815422 716800 1268889 1080619 206 158055.480500
85815423 86115499 716800 1265752 1077839 206 157506.111660
86115500 86415577 716801 1260395 1073695 206 156809.172510
86415578 86715655 716799 1252646 1067912 206 156034.754180
86715656 87015733 716801 1248945 1064445 206 155412.395930
87015734 87315812 716801 1248022 1063918 206 155116.105000
87315813 87615891 716797 1242338 1059374 206 154641.546350
87615892 87915970 716801 1238055 1055328 206 153775.206600
87915971 88216050 716799 1221344 1042782 206 151562.260240
88216051 88516130 716800 1230041 1049735 206 152613.842430
88516131 88816211 716801 1223733 1044944 206 151937.434090
88816212 89116290 716799 1222044 1043392 206 151352.612510
89116291 89416370 716801 1216595 1039083 206 150690.954140
89416371 89716451 716799 1210782 1034591 206 149960.746660
89716452 90016532 716800 1205059 1030030 206 149347.531340
90016533 90316614 716801 1198930 1025117 206 148442.497960
90316615 90616695 716800 1192338 1020078 206 147358.643170
90616696 90916777 716799 1187515 1016144 205 146170.172320
90916778 91216860 716800 1183766 1013076 206 146474.004520
91216861 91516942 716800 1180040 1009684 206 145966.137410
91516943 91817026 716801 1167829 999997 207 144699.930830
91817027 92117109 716800 1160912 994790 206 143185.231280
92117110 92417192 716800 1173545 1005285 206 144992.066490
92417193 92717275 716800 1165547 997930 206 143960.149080
92717276 93017295 716543 872095 759792 205 95981.140627
93017296 93317363 716033 804752 703790 206 83880.640646
93317364 93617447 716800 1155428 990432 206 142406.456440
93617448 93917531 716799 1149736 985628 206 141830.494650
93917532 94217615 716801 1148006 984094 206 141517.864620
94217616 94517700 716800 1144848 981706 206 140981.550600
94517701 94817785 716800 1142238 979244 206 140459.591020
94817786 95117870 716801 1138745 977669 206 139926.528450
95117871 95417955 716800 1135353 974362 206 139412.689900
95417956 95718040 716798 1127541 968028 206 138839.329480
95718041 96018126 716801 1125350 966791 206 138361.204210
96018127 96318212 716800 1124026 965408 206 137766.438800
96318213 96618298 716799 1119165 961131 206 137297.780550
96618299 96918384 716800 1117498 960396 206 136934.244490
96918385 97218470 716801 1113467 956952 206 136508.014550
97218471 97518556 716799 1111514 955172 206 136132.377400
97518557 97818643 716802 1106774 951828 206 135449.339760
97818644 98118729 716799 1104176 949468 206 135031.310130
98118730 98418817 716800 1099350 945283 206 134578.624090
98418818 98718904 716801 1096729 943603 205 133503.893250
98718905 99018992 716798 1095436 942341 206 133692.181000
99018993 99319079 716800 1091176 939003 207 133899.648100
99319080 99619167 716800 1087403 936579 206 132851.245930
99619168 99919255 716801 1082845 932154 206 132077.826920
99919256 100219344 716799 1077601 928003 206 131514.046440
100219345 100519432 716800 1078379 929352 206 131139.772680
100519433 100819520 716801 1074580 925887 206 130907.756390
100819521 101119608 716801 1072688 923930 205 129907.195920
101119609 101419697 716798 1069887 922313 206 130035.140510
101419698 101719786 716801 1066009 918909 206 129431.716220
101719787 102019875 716802 1062422 915802 206 128884.968060
102019876 102319964 716798 1058512 912416 206 128265.042010
102319965 102620053 716799 1052933 909172 207 128379.506200
102620054 102920143 716800 1048551 904948 206 127276.619060
102920144 103220233 716803 1048554 905484 206 126814.471960
103220234 103520323 716799 1046302 902773 205 125416.090690
103520324 103820414 716798 1043577 901519 206 125406.334080
103820415 104120504 716800 1039507 898376 206 125084.602810
104120505 104420596 716801 1032829 892687 206 124129.189830
104420597 104720688 716800 1031289 890544 206 123629.791360
104720689 105020779 716799 1027764 887230 206 123359.889570
105020780 105320870 716801 1026291 886205 206 123130.728040
105320871 105620961 716799 1023445 884454 206 122716.706000
105620962 105921053 716802 1019974 881513 206 122261.156240
105921054 106221145 716800 1019373 880804 206 121805.230200
106221146 106521238 716798 1019651 882485 206 122086.882150
106521239 106821329 716800 1019832 882495 206 122435.361070
106821330 107121421 716800 1018840 882237 206 122035.126660
107121422 107421513 716800 1014082 877967 206 121544.860380
107421514 107721606 716801 1010400 874731 206 121092.595740
107721607 108021698 716800 1006634 872259 206 120638.788140
108021699 108321791 716799 1002392 867570 206 119985.050790
108321792 108621884 716800 1000009 865738 206 119651.740180
108621885 108921977 716802 998555 864814 206 119257.634480
108921978 109222070 716798 997436 864080 206 119086.371100
109222071 109522164 716801 996244 863413 206 118999.816960
109522165 109822257 716799 995667 863141 206 118890.112120
109822258 110122351 716802 992685 861106 206 118354.475160
110122352 110422352 716542 940627 818010 206 109992.901286
110422353 110722371 716544 813392 713813 206 87715.061957
110722372 111022376 715522 710591 628602 206 70476.321110
111022377 111322470 716801 979841 850802 206 115629.710143
111322471 111622565 716798 979764 850980 205 115838.184660
111622566 111922659 716801 975923 847011 206 115912.987870
111922660 112222754 716798 974855 846071 206 115555.267390
112222755 112522849 716801 971891 844698 206 115324.332870
112522850 112822944 716800 970678 843387 206 114997.299930
