130 1021
6296895 6596895 598107 195599 175277 205 416295.944500
6596896 6896896 598136 196051 176113 205 417541.013100
6896897 7196898 598115 197415 177488 206 418662.697400
7196899 7496899 598151 195903 176172 206 417959.555400
7496900 7796901 598118 196113 176480 206 417147.619900
7796902 8096902 598145 194621 174961 206 415637.039700
8096903 8396903 598113 194888 175093 206 415319.966300
8396904 8696904 598141 194927 175256 206 413824.860200
8696905 8996905 598112 193429 174038 206 412874.818500
8996906 9296906 598127 192841 173666 205 409924.119800
9296907 9596907 598131 192071 172543 206 409664.649000
9596908 9896908 598120 190972 171619 206 408494.891900
9896909 10196910 598130 190697 171610 206 407623.540300
10196911 10496911 598109 191444 172447 206 407824.480700
10496912 10796912 598155 190444 171415 206 407066.839800
10796913 11096913 598132 189630 170732 206 406270.584300
11096914 11396914 598143 189376 170662 206 405232.756700
11396915 11696915 598118 189687 170640 206 403797.929600
11696916 11996916 598134 188684 170190 206 403009.637100
11996917 12296917 598132 186550 168186 206 398831.730400
12296918 12596919 598111 188740 170002 206 402049.188800
12596920 12896920 598128 187196 168855 206 401248.501200
12896921 13196922 598119 187669 168964 206 400459.985600
13196923 13496923 598146 187055 168349 205 397259.394700
13496924 13796924 598098 185767 167434 206 397891.028200
13796925 14096925 598148 185356 166925 206 396705.949500
14096926 14396926 598122 183908 165550 206 395069.069100
14396927 14696927 598117 184533 166179 206 395399.189200
14696928 14996928 598129 185250 167248 206 395673.495000
14996929 15296929 598125 184656 166554 206 394510.272500
15296930 15596930 598107 184301 166173 206 393687.321400
15596931 15896931 598117 184285 166205 206 393094.298200
15896932 16196932 598155 183604 165662 206 392477.698700
16196933 16496935 598079 182426 164696 206 391274.407000
16496936 16796936 598149 182186 164337 205 388375.700800
16796937 17096937 598124 182031 164218 206 389685.707700
17096938 17396938 598119 181255 163433 206 388717.486800
17396939 17696939 598139 180333 162740 206 387797.108300
17696940 17996941 598114 180841 162891 206 387629.608300
17996942 18296942 598120 179886 162211 206 386626.770000
18296943 18596943 598108 179243 161975 206 385769.185600
18596944 18896944 598157 179155 161758 206 384602.757100
18896945 19196945 598095 178667 161520 206 384043.231000
19196946 19496946 598133 178590 161129 206 383210.934400
19496947 19796947 598135 179240 161831 206 382306.766200
19796948 20096948 598123 177974 160812 206 381368.817500
20096949 20396949 598121 177849 160614 205 379217.959000
20396950 20696951 598134 176838 159848 206 380660.983100
20696952 20996952 598123 176081 158963 206 379408.879300
20996953 21296953 598110 175565 158560 206 377635.039400
21296954 21596954 598156 175453 158420 206 376376.564000
21596955 21896955 598113 175363 158485 206 376308.864200
21896956 22196956 598144 175570 158634 206 376827.542200
22196957 22496957 598128 174464 157662 206 376017.991200
22496958 22796958 598134 174861 157874 206 374652.006900
22796959 23096959 598123 173981 157107 206 373841.812100
23996963 24296963 598154 171614 155025 206 368891.460500
24296964 24596964 598086 172007 155591 206 368975.463300
24596965 24896965 598150 170945 154573 206 368409.826400
24896966 25196966 598130 171284 154668 206 368328.727400
25196967 25496967 598110 170982 154807 206 367947.856900
25496968 25796968 598125 170148 154092 206 367014.964200
25796969 26096970 598129 170224 153980 206 366208.796600
26096971 26396971 598120 169571 153451 206 365843.650000
26396972 26696972 598105 169517 153577 206 365420.796900
26696973 26996973 598156 169526 153365 205 362986.449600
26996974 27296974 598087 168610 152753 206 363745.280200
27296975 27596975 598157 167810 151829 206 362562.145400
27596976 27896976 598127 167982 151978 206 362324.039700
27896977 28196977 598119 168698 152998 206 361961.037600
28196978 28496979 598118 167837 152098 206 361391.293400
28496980 28796980 598139 166099 150626 206 357417.134900
28796981 29096982 598118 167442 151814 206 360218.272400
29096983 29396983 598116 166670 150933 206 359425.975500
29396984 29696984 598150 166180 150589 206 358765.523400
29696985 29996985 598084 165690 149984 206 358133.517300
29996986 30296986 598148 165070 149638 206 357586.074900
30296987 30596987 598128 165537 149873 205 355198.041800
30596988 30896988 598129 165131 149552 206 356161.143800
30896989 31196989 598114 164821 149376 206 355762.065800
31196990 31496990 598146 164420 149107 206 354994.061300
31496991 31796991 598119 164539 149239 206 354281.412500
31796992 32096992 598115 164162 149080 206 353884.808600
32096993 32396993 598150 164080 149043 206 353398.270200
32396994 32696994 598101 162965 147919 206 352616.524500
32696995 32996996 598150 163207 147902 206 351924.821000
32996997 33296998 598132 163345 148109 206 351171.288400
33296999 33596999 598142 161147 146286 206 350761.688700
33597000 33897000 598121 162017 147065 206 350170.397300
33897001 34197001 598140 162216 147205 206 349364.862200
34197002 34497002 598115 161189 146434 206 348760.801800
34497003 34797003 598107 161864 146853 206 348235.929200
34797004 35097004 598150 160642 145794 206 347595.840200
35097005 35397005 598102 160235 145466 206 347066.970500
35397006 35697006 598143 159990 145195 206 346209.299400
35697007 35997007 598130 159091 144628 205 343853.371100
35997008 36297009 598120 159577 145084 206 344442.981300
36297010 36597011 598127 159264 144528 206 344202.339600
36597012 36897012 598142 157927 143250 205 340643.745500
36897013 37197014 598095 158629 144101 206 342269.543800
37197015 37497015 598124 158092 143676 206 342661.111800
37497016 37797016 598145 158154 143645 206 342259.890700
38697020 38997020 598114 157289 142882 206 340332.840500
38997021 39297021 598125 155068 140924 206 340084.381600
39297022 39597022 598144 143964 130252 206 338154.721200
39597023 39897023 598114 149689 135743 206 337216.687400
39897024 40197025 598116 155357 141051 206 337228.738600
40197026 40497026 598148 155727 141290 205 335180.295100
40497027 40797027 598089 156014 141752 206 336102.938200
40797028 41097028 598155 155026 140905 206 335447.071400
41097029 41397029 598127 154941 140714 206 333956.959300
41397030 41697030 598126 152275 138473 206 330328.905700
41697031 41997031 598133 154490 140473 206 334230.054900
41997032 42297032 598140 153953 139964 206 333524.154700
42297033 42597033 598103 153703 139782 206 332952.902500
42597034 42897035 598133 153534 139580 206 332436.871200
42897036 43197036 598149 152552 138504 206 331811.045800
43197037 43497037 598086 152361 138590 206 331244.913300
43497038 43797038 598154 152470 138630 205 329141.518700
43797039 44097039 598110 151573 137803 206 330039.206800
44097040 44397040 598120 151291 137728 206 329599.719300
44397041 44697041 598127 151825 138173 206 329154.664700
44697042 44997042 598150 151195 137425 206 328455.228200
44997043 45297043 598093 150674 137012 206 327874.123000
45297044 45597044 598126 151421 137821 206 327395.781300
45597045 45897045 598144 150114 136670 206 326547.753800
45897046 46197046 598085 149978 136440 206 325917.183600
46197047 46497047 598152 150324 136720 206 325740.215000
46497048 46797048 598117 150233 136781 206 325296.359400
46797049 47097049 598123 149363 136021 205 322281.416500

