252
39453147 39463147
39463147 39473147
39473147 39483147
39483147 39493147
39493147 39503147
39503147 39513147
39513147 39523147
39523147 39533147
39533147 39543147
39543147 39553147
39553147 39563147
39563147 39571161
39578458 39588458
39588458 39598458
39598458 39608458
39608458 39618458
39618458 39628458
39628458 39638458
39638458 39648458
39648458 39658458
39658458 39668458
39668458 39678458
39678458 39688458
39688458 39697906
39703780 39713780
39713780 39723780
39723780 39733780
39733780 39743780
39743780 39753780
39753780 39763780
39763780 39773780
39773780 39783780
39783780 39793780
39793780 39803780
39803780 39813780
39813780 39823269
39830538 39840538
39840538 39850538
39850538 39860538
39860538 39870538
39870538 39880538
39880538 39890538
39890538 39900538
39900538 39910538
39910538 39920538
39920538 39930538
39930538 39940538
39940538 39948588
39954362 39964362
39964362 39974362
39974362 39984362
39984362 39994362
39994362 40004362
40004362 40014362
40014362 40024362
40024362 40034362
40034362 40044362
40044362 40054362
40054362 40064362
40064362 40073813
40079695 40089695
40089695 40099695
40099695 40109695
40109695 40119695
40119695 40129695
40129695 40139695
40139695 40149695
40149695 40159695
40159695 40169695
40169695 40179695
40179695 40189695
40189695 40199101
40206416 40216416
40216416 40226416
40226416 40236416
40236416 40246416
40246416 40256416
40256416 40266416
40266416 40276416
40276416 40286416
40286416 40296416
40296416 40306416
40306416 40316416
40316416 40324409
40330275 40340275
40340275 40350275
40350275 40360275
40360275 40370275
40370275 40380275
40380275 40390275
40390275 40400275
40400275 40410275
40410275 40420275
40420275 40430275
40430275 40440275
40440275 40449770
40455554 40465554
40465554 40475554
40475554 40485554
40485554 40495554
40495554 40505554
40505554 40515554
40515554 40525554
40525554 40535554
40535554 40545554
40545554 40555554
40555554 40565554
40565554 40575069
40580883 40590883
40590883 40600883
40600883 40610883
40610883 40620883
40620883 40630883
40630883 40640883
40640883 40650883
40650883 40660883
40660883 40670883
40670883 40680883
40680883 40690883
40690883 40700372
40706151 40716151
40716151 40726151
40726151 40736151
40736151 40746151
40746151 40756151
40756151 40766151
40766151 40776151
40776151 40786151
40786151 40796151
40796151 40806151
40806151 40816151
40816151 40825595
40831464 40841464
40841464 40851464
40851464 40861464
40861464 40871464
40871464 40881464
40881464 40891464
40891464 40901464
40901464 40911464
40911464 40921464
40921464 40931464
40931464 40941464
40941464 40949444
40956754 40966754
40966754 40976754
40976754 40986754
40986754 40996754
40996754 41006754
41006754 41016754
41016754 41026754
41026754 41036754
41036754 41046754
41046754 41056754
41056754 41066754
41066754 41076228
41082101 41092101
41092101 41102101
41102101 41112101
41112101 41122101
41122101 41132101
41132101 41142101
41142101 41152101
41152101 41162101
41162101 41172101
41172101 41182101
41182101 41192101
41192101 41200103
41207319 41217319
41217319 41227319
41227319 41237319
41237319 41247319
41247319 41257319
41257319 41267319
41267319 41277319
41277319 41287319
41287319 41297319
41297319 41307319
41307319 41317319
41317319 41326847
41332606 41342606
41342606 41352606
41352606 41362606
41362606 41372606
41372606 41382606
41382606 41392606
41392606 41402606
41402606 41412606
41412606 41422606
41422606 41432606
41432606 41442606
41442606 41450642
41457919 41467919
41467919 41477919
41477919 41487919
41487919 41497919
41497919 41507919
41507919 41517919
41517919 41527919
41527919 41537919
41537919 41547919
41547919 41557919
41557919 41567919
41567919 41577399
41583268 41593268
41593268 41603268
41603268 41613268
41613268 41623268
41623268 41633268
41633268 41643268
41643268 41653268
41653268 41663268
41663268 41673268
41673268 41683268
41683268 41693268
41693268 41701283
41708582 41718582
41718582 41728582
41728582 41738582
41738582 41748582
41748582 41758582
41758582 41768582
41768582 41778582
41778582 41788582
41788582 41798582
41798582 41808582
41808582 41818582
41818582 41826549
41832324 41842324
41842324 41852324
41852324 41862324
41862324 41872324
41872324 41882324
41882324 41892324
41892324 41902324
41902324 41912324
41912324 41922324
41922324 41932324
41932324 41942324
41942324 41951806
41957687 41967687
41967687 41977687
41977687 41987687
41987687 41997687
41997687 42007687
42007687 42017687
42017687 42027687
42027687 42037687
42037687 42047687
42047687 42057687
42057687 42067687
42067687 42077168
