== Start of scan in CROSSING plane at 00:41:14 UTC ===
2474386 2519562 0
2585080 2612759 -0.61121
2625883 2653568 -0.56027
2666720 2694393 -0.50933
2707450 2735127 -0.45839
2748251 2776017 -0.40745
2787595 2816776 -0.35651
2828374 2857542 -0.30557
2869207 2898348 -0.25463
2910034 2937642 -0.20369
2950773 2978518 -0.15275
2990130 3019303 -0.10181
3032417 3060047 -0.05087
3071719 3100821 7e-05
3113957 3141630 0.05101
3153285 3182466 0.10195
3194102 3223262 0.15289
3234910 3263996 0.20383
3275725 3304847 0.25477
3317928 3345580 0.30571
3357325 3386439 0.35665
3398109 3427221 0.40759
3438861 3468032 0.45853
3479716 3507325 0.50947
3520463 3548190 0.56041
3559835 3588930 0.61135
3654544 3682205 -1e-05
== Start of scan in SEPARATION plane at 01:03:47 UTC ===
3827879 3857014 0
3925505 3953127 -0.61148
3964806 3993932 -0.56052
4005644 4034734 -0.50956
4046454 4075519 -0.4586
4087190 4116333 -0.40764
4127955 4157110 -0.35668
4168751 4197986 -0.30572
4209585 4238732 -0.25476
4251811 4279576 -0.2038
4291131 4320304 -0.15284
4333458 4361135 -0.10188
4372745 4401907 -0.05092
4413561 4442663 4e-05
4454328 4483477 0.051
4495173 4524324 0.10196
4535961 4563673 0.15292
4576789 4605853 0.20388
4617499 4645204 0.25484
4658280 4687458 0.3058
4699135 4728260 0.35676
4739953 4769081 0.40772
4780736 4809879 0.45868
4822920 4850658 0.50964
4863724 4891425 0.5606
4904565 4932229 0.61156
5000672 5029852 0
== Start of scan in SEPARATION plane at 01:25:18 UTC ===
5118708 5147889 0
5216382 5243997 -0.61148
5255716 5284825 -0.56052
5296443 5325634 -0.50956
5337275 5366396 -0.4586
5378073 5405718 -0.40764
5418834 5446487 -0.35668
5458153 5487360 -0.30572
5498937 5528172 -0.25476
5539747 5568894 -0.2038
5580554 5608263 -0.15284
5621390 5649060 -0.10188
5660681 5689805 -0.05092
5701539 5730676 4e-05
5742340 5771409 0.051
5783094 5812270 0.10196
5823858 5852986 0.15292
5864697 5893854 0.20388
5905451 5933152 0.25484
5946223 5973918 0.3058
5985576 6014768 0.35676
6026388 6055526 0.40772
6067176 6096350 0.45868
6107973 6135627 0.50964
6148777 6176455 0.5606
6189521 6217284 0.61156
6285762 6314892 0
== Start of scan in CROSSING plane at 01:47:05 UTC ===
6425605 6453266 0
6518799 6547931 -0.61121
6559596 6587280 -0.56027
6600468 6628118 -0.50933
6639758 6668863 -0.45839
6680592 6709704 -0.40745
6721306 6750527 -0.35651
6762183 6789842 -0.30557
6802979 6830663 -0.25463
6842316 6871436 -0.20369
6883100 6912164 -0.15275
6923862 6952980 -0.10181
6964659 6993837 -0.05087
7006892 7034618 7e-05
7046242 7075362 0.05101
7087012 7116172 0.10195
7127826 7157027 0.15289
7168680 7196296 0.20383
7209453 7237163 0.25477
7248794 7277937 0.30571
7291039 7318710 0.35665
7330350 7359452 0.40759
7371135 7400260 0.45853
7411895 7439590 0.50947
7452772 7480408 0.56041
7493567 7522710 0.61135
7586738 7615901 0
== Start of scan in CROSSING plane at 03:14:17 UTC ===
11657442 11685177 0
11771172 11800249 -0.45841
11814875 11842555 -0.40748
11857052 11886267 -0.35655
11900765 11928526 -0.30562
11943081 11972162 -0.25469
11986773 12014423 -0.20376
12029056 12058124 -0.15283
12072744 12100352 -0.1019
12114929 12144124 -0.05097
12157239 12186380 -4e-05
12200894 12228574 0.05089
12243162 12272319 0.10182
12286860 12315980 0.15275
12329183 12358250 0.20368
12372862 12400494 0.25461
12415133 12444252 0.30554
12457394 12486513 0.35647
12501034 12528693 0.4074
12543268 12572434 0.45833
12658457 12686072 0
== Start of scan in SEPARATION plane at 03:32:06 UTC ===
12726938 12756037 0
12855140 12882748 -0.45861
12898845 12927962 -0.40765
12942534 12970152 -0.35669
12986198 13015391 -0.30573
13029958 13057631 -0.25477
13073606 13101283 -0.20381
13117358 13145004 -0.15285
13161055 13188734 -0.10189
13204792 13232395 -0.05093
13248485 13276180 3e-05
13292218 13319852 0.05099
13335928 13363539 0.10195
13379596 13407322 0.15291
13423312 13450949 0.20387
13467054 13494654 0.25483
13510678 13539904 0.30579
13554376 13582160 0.35675
13598090 13627286 0.40771
13641839 13670984 0.45867
13771493 13799203 0
== Start of scan in CROSSING plane at 03:50:50 UTC ===
13850159 13879324 0
13975452 14003149 -0.45753
14019155 14046906 -0.40669
14062909 14090547 -0.35585
14105133 14134241 -0.30501
14148854 14177986 -0.25417
14192562 14221684 -0.20333
14236324 14263943 -0.15249
14280011 14307694 -0.10165
14322260 14351412 -0.05081
14365907 14395060 3e-05
14409627 14437325 0.05087
14453317 14481005 0.10171
14495624 14524748 0.15255
14539289 14568506 0.20339
14583070 14612124 0.25423
14626699 14655894 0.30507
14670460 14698073 0.35591
14714142 14741866 0.40675
14757868 14785571 0.45759
14881661 14909371 0
== Start of scan in SEPARATION plane at 04:09:05 UTC ===
14945793 14974962 0
15065309 15094397 -0.45876
15109014 15136619 -0.40779
15151248 15180326 -0.35682
15194960 15222634 -0.30585
15237236 15266305 -0.25488
15280915 15310021 -0.20391
15323179 15352303 -0.15294
15366895 15395973 -0.10197
15410592 15438249 -0.051
15454320 15481914 -3e-05
15497938 15525656 0.05094
15540255 15569412 0.10191
15583934 15611583 0.15288
15626180 15655327 0.20385
15669906 15699029 0.25482
15712201 15741292 0.30579
15755834 15785031 0.35676
15799532 15827291 0.40773
15841832 15870931 0.4587
15959843 15988922 0
== Start of scan in CROSSING plane at 04:54:31 UTC ===
17671697 17700884 0
17766413 17794111 -0.61121
17807255 17834887 -0.56027
17846591 17875666 -0.50933
17887324 17916511 -0.45839
17928190 17957304 -0.40745
17968934 17996676 -0.35651
18009737 18037374 -0.30557
18049097 18078189 -0.25463
18089837 18118977 -0.20369
18130678 18158377 -0.15275
18171474 18199153 -0.10181
18210842 18239894 -0.05087
18251624 18280778 7e-05
18292354 18321541 0.05101
18333199 18362377 0.10195
18373940 18403137 0.15289
18414782 18443944 0.20383
18455523 18483264 0.25477
18496325 18524070 0.30571
18537152 18564874 0.35665
18577962 18605652 0.40759
18617257 18646447 0.45853
18658077 18687234 0.50947
18698854 18727963 0.56041
18739684 18767370 0.61135
18832930 18862042 1e-05
== Start of scan in SEPARATION plane at 05:16:24 UTC ===
18984408 19012158 0
19080564 19109738 -0.61148
19121337 19150500 -0.56052
19162166 19189875 -0.50956
19202963 19230669 -0.4586
19242356 19271476 -0.40764
19283076 19312235 -0.35668
19323927 19351568 -0.30572
19364680 19392421 -0.25476
19405458 19433201 -0.2038
19444820 19473938 -0.15284
19485588 19514803 -0.10188
19526378 19555575 -0.05092
19567200 19596333 4e-05
19606566 19635711 0.051
19647290 19676434 0.10196
19688120 19717264 0.15292
19730402 19758033 0.20388
19771192 19798865 0.25484
19812020 19839656 0.3058
19852750 19881954 0.35676
19893586 19922681 0.40772
19934341 19963543 0.45868
19975115 20004312 0.50964
20017396 20045132 0.5606
20056743 20085920 0.61156
20154350 20181995 0
