2018.06.26 10:56:00.858000,#M,120.61000061035156,119.95999908447266,120.33000183105469,119.25,119.43000030517578,118.83999633789062,119.05000305175781,118.02999877929688,116.45999908447266,115.29000091552734,115.33000183105469,114.30999755859375,114.47000122070312,113.72000122070312,113.70999908447266,113.5199966430664,0,0,0,0,0,0,0,0,0,0,0,0,0,0,0,0,18014,10244,16085,26684,29507,20654,23744,5826,14379,12874,3288,5112,0,5824,8555,5119,12869.3125
2018.06.26 10:56:02.680000,#M,143.97999572753906,143.35000610351562,143.6199951171875,142.77999877929688,142.6300048828125,141.66000366210938,153.72000122070312,152.61000061035156,149.6300048828125,149.33999633789062,150.3800048828125,149.13999938964844,149.0,148.41000366210938,148.0,147.35000610351562,0,0,0,0,0,0,0,0,0,0,0,0,0,0,0,0,37870,31151,19055,34896,34313,41702,48255,24500,12061,26906,16584,24772,5,27631,29934,19064,26793.6875
2018.06.26 10:56:04.865000,#M,178.30999755859375,177.88999938964844,177.75999450683594,176.64999389648438,177.13999938964844,176.10000610351562,176.82000732421875,175.4499969482422,184.22000122070312,184.3699951171875,184.4600067138672,183.4499969482422,184.11000061035156,182.55999755859375,182.72999572753906,182.35000610351562,0,0,0,0,0,0,0,0,0,0,0,0,0,0,0,0,32939,35858,17003,25567,28229,40924,45450,39262,16576,24003,26984,35530,7,46111,32891,22984,29394.875
2018.06.26 10:56:06.686000,#M,201.25,200.6699981689453,200.92999267578125,200.02999877929688,200.4499969482422,210.8699951171875,210.88999938964844,210.47999572753906,207.52999877929688,207.67999267578125,207.08999633789062,206.7100067138672,206.72999572753906,205.8000030517578,206.00999450683594,205.3000030517578,0,0,0,0,0,0,0,0,0,0,0,0,0,0,0,0,27702,30581,18308,22149,31739,34551,37064,34450,26531,22561,27538,30644,24,41059,26951,16464,26769.75
2018.06.26 10:56:08.871000,#M,236.24000549316406,235.3800048828125,235.5500030517578,245.58999633789062,246.02999877929688,245.6199951171875,245.22000122070312,244.66000366210938,242.35000610351562,242.2100067138672,241.83999633789062,241.25,241.3000030517578,240.49000549316406,240.5500030517578,239.69000244140625,0,0,0,0,0,0,0,0,0,0,0,0,0,0,0,0,36137,33004,26163,32744,49853,40221,41973,33327,39088,34062,41478,37723,59,33944,34551,15603,33120.625
2018.06.26 10:56:10.692000,#M,270.6300048828125,269.8800048828125,270.1199951171875,269.0400085449219,269.2699890136719,268.67999267578125,268.6700134277344,267.70001220703125,266.0199890136719,265.04998779296875,264.8900146484375,264.2699890136719,264.3599853515625,263.6099853515625,263.3500061035156,262.9599914550781,0,0,0,0,0,0,0,0,0,0,0,0,0,0,0,0,56431,54175,43664,52742,73694,62316,60382,44429,43925,60100,70486,62817,64,39307,62931,22735,50637.375
2018.06.26 10:56:12.878000,#M,293.1499938964844,293.07000732421875,292.9800109863281,303.6300048828125,303.80999755859375,303.25,302.94000244140625,302.3299865722656,300.19000244140625,299.510009765625,299.5299987792969,298.9100036621094,298.8299865722656,298.1199951171875,298.1099853515625,297.42999267578125,0,0,0,0,0,0,0,0,0,0,0,0,0,0,0,0,86993,74410,59427,66845,86742,85105,91834,75197,47100,77971,91011,91542,61,67281,84544,44658,70670.0625
2018.06.26 10:56:14.699000,#M,328.1600036621094,327.739990234375,327.3999938964844,326.8399963378906,326.8399963378906,326.42999267578125,325.9100036621094,325.3800048828125,335.1600036621094,334.5400085449219,334.0299987792969,333.5199890136719,333.3699951171875,332.7699890136719,332.6099853515625,331.9700012207031,0,0,0,0,0,0,0,0,0,0,0,0,0,0,0,0,96466,80812,66075,71914,91325,93296,103287,93895,48331,84196,96942,101387,56,80881,90634,56879,78523.5
2018.06.26 10:56:16.884000,#M,351.0899963378906,361.9200134277344,362.2900085449219,361.5199890136719,361.4200134277344,360.95001220703125,360.4599914550781,359.9200134277344,358.04998779296875,357.3399963378906,357.0299987792969,356.57000732421875,356.3299865722656,355.82000732421875,355.6400146484375,355.1099853515625,0,0,0,0,0,0,0,0,0,0,0,0,0,0,0,0,102325,85545,71803,76036,94391,97670,109640,103452,50167,88081,100369,106167,63,89846,94823,66210,83536.75
2018.06.26 10:56:18.706000,#M,397.3399963378906,396.6300048828125,396.6600036621094,396.05999755859375,396.0199890136719,395.6000061035156,394.8999938964844,394.5799865722656,392.739990234375,391.7200012207031,391.4100036621094,391.20001220703125,391.0,390.2699890136719,390.4100036621094,389.5899963378906,0,0,0,0,0,0,0,0,0,0,0,0,0,0,0,0,105145,88350,74719,78033,95446,100252,111985,107357,51027,89932,102377,108115,60,93638,96770,70175,85836.3125
2018.06.26 10:56:20.891000,#M,420.4800109863281,419.7300109863281,419.6499938964844,418.67999267578125,418.95001220703125,418.7900085449219,417.95001220703125,417.5899963378906,415.6400146484375,414.8500061035156,414.6099853515625,414.1499938964844,413.9100036621094,413.3500061035156,413.260009765625,412.5299987792969,0,0,0,0,0,0,0,0,0,0,0,0,0,0,0,0,107449,89988,76666,80041,96590,102027,114499,110453,51962,92026,103619,110216,48,96915,98825,73899,87826.4375
2018.06.26 10:56:22.712000,#M,454.95001220703125,454.3299865722656,454.3299865722656,453.5299987792969,453.57000732421875,453.1600036621094,452.3999938964844,452.1300048828125,449.6700134277344,449.3900146484375,449.25,448.760009765625,448.45001220703125,448.0400085449219,447.7799987792969,447.1700134277344,0,0,0,0,0,0,0,0,0,0,0,0,0,0,0,0,108795,90964,78225,80909,97415,103826,115811,112004,52115,92712,104619,110931,65,98394,98750,76473,88875.5
2018.06.26 10:56:24.897000,#M,478.0,477.45001220703125,477.2099914550781,476.42999267578125,476.5199890136719,476.07000732421875,475.510009765625,475.20001220703125,484.5400085449219,483.7099914550781,483.7699890136719,483.3800048828125,483.04998779296875,482.55999755859375,482.489990234375,481.6600036621094,0,0,0,0,0,0,0,0,0,0,0,0,0,0,0,0,109525,92454,79343,82181,97835,104054,116452,114053,52605,93632,104851,112527,62,100323,99819,78060,89861.0
2018.06.26 10:56:26.719000,#M,512.5399780273438,511.7900085449219,511.80999755859375,511.3299865722656,511.1199951171875,510.8800048828125,509.92999267578125,509.79998779296875,500.0899963378906,506.8900146484375,506.8500061035156,506.2099914550781,499.8900146484375,505.6400146484375,505.5199890136719,504.760009765625,0,0,0,0,0,0,0,0,0,0,0,0,0,0,0,0,111054,93204,80013,82417,98572,105048,117326,114429,52786,94086,106031,112348,58,101432,101011,79523,90583.625
2018.06.26 10:56:28.904000,#M,547.1599731445312,546.3300170898438,546.3099975585938,545.5999755859375,545.6900024414062,545.47998046875,544.5399780273438,544.3200073242188,500.0899963378906,541.4199829101562,541.3800048828125,540.8900146484375,499.8900146484375,539.969970703125,539.9199829101562,539.3300170898438,0,0,0,0,0,0,0,0,0,0,0,0,0,0,0,0,111163,93250,81378,83068,98984,105658,117506,115187,52658,94300,106328,112951,50,102757,101449,80379,91066.625
2018.06.26 10:56:30.725000,#M,570.1099853515625,569.4000244140625,569.3300170898438,568.6799926757812,568.760009765625,568.489990234375,567.3300170898438,567.3800048828125,500.0899963378906,564.52001953125,564.4000244140625,564.0,499.8900146484375,563.0599975585938,563.1099853515625,562.260009765625,0,0,0,0,0,0,0,0,0,0,0,0,0,0,0,0,111337,94302,81076,83909,98905,106137,118509,116484,52850,95210,106936,113576,49,103536,102233,81382,91651.9375
2018.06.26 10:56:32.911000,#M,604.5999755859375,603.9199829101562,603.9099731445312,603.1900024414062,603.280029296875,603.0999755859375,601.9299926757812,601.9199829101562,500.0899963378906,599.0599975585938,598.8599853515625,598.5900268554688,499.8900146484375,597.6599731445312,597.510009765625,596.8800048828125,0,0,0,0,0,0,0,0,0,0,0,0,0,0,0,0,112177,94614,83152,84020,99360,106861,118767,115754,53146,95642,106871,113957,54,104133,102119,82210,92052.3125
2018.06.26 10:56:34.732000,#M,627.6599731445312,626.97998046875,626.9199829101562,626.2899780273438,626.2899780273438,626.0900268554688,624.9299926757812,624.97998046875,500.0899963378906,633.6099853515625,633.3800048828125,633.1400146484375,499.8900146484375,632.27001953125,632.010009765625,631.4199829101562,0,0,0,0,0,0,0,0,0,0,0,0,0,0,0,0,112832,95730,82935,84853,99247,106791,118771,117807,53214,96475,107485,113786,55,104623,103224,82962,92549.375
2018.06.26 10:56:36.917000,#M,654.3900146484375,654.9099731445312,654.9299926757812,655.4600219726562,655.4099731445312,656.4400024414062,655.1699829101562,656.260009765625,500.0899963378906,656.3099975585938,656.3099975585938,656.1199951171875,499.8900146484375,655.260009765625,655.0599975585938,654.4099731445312,0,0,0,0,0,0,0,0,0,0,0,0,0,0,0,0,112810,95612,82881,84821,99360,106941,119003,117366,52441,96368,107662,114311,74,104947,103017,83658,92579.5
2018.06.26 10:56:38.738000,#M,598.0499877929688,599.0999755859375,599.1699829101562,600.3599853515625,600.3800048828125,602.1799926757812,600.989990234375,602.9500122070312,448.9100036621094,609.6699829101562,611.3200073242188,611.0900268554688,451.55999755859375,612.2100219726562,613.8599853515625,613.1699829101562,0,0,0,0,0,0,0,0,0,0,0,0,0,0,0,0,112142,94359,82109,84413,99801,106080,118967,117343,52464,96051,106618,113644,60,103297,101877,82185,91963.125
2018.06.26 10:56:40.924000,#M,559.6599731445312,560.739990234375,560.8300170898438,561.9099731445312,562.02001953125,563.8499755859375,562.6500244140625,564.5,410.8599853515625,571.25,573.0800170898438,572.719970703125,413.0400085449219,573.6400146484375,575.4500122070312,574.8699951171875,0,0,0,0,0,0,0,0,0,0,0,0,0,0,0,0,110670,93833,81014,82863,98625,105494,117342,115045,50761,94248,106096,113090,68,102561,101408,80346,90841.5
2018.06.26 10:56:42.745000,#M,502.1700134277344,503.17999267578125,503.2799987792969,504.3699951171875,504.32000732421875,506.17999267578125,505.010009765625,506.92999267578125,353.2099914550781,513.77001953125,515.3900146484375,515.2100219726562,355.25,516.1900024414062,517.9000244140625,517.4099731445312,0,0,0,0,0,0,0,0,0,0,0,0,0,0,0,0,109843,92495,79381,81721,98429,103786,116659,113934,48961,93689,105509,112142,61,100853,100063,79172,89793.625
2018.06.26 10:56:44.930000,#M,463.7200012207031,464.55999755859375,464.82000732421875,465.8500061035156,465.9100036621094,467.82000732421875,466.6700134277344,468.45001220703125,295.75,455.9599914550781,457.95001220703125,457.510009765625,297.6600036621094,458.6400146484375,460.4200134277344,459.7099914550781,0,0,0,0,0,0,0,0,0,0,0,0,0,0,0,0,107685,90121,77060,80784,96782,102807,114084,111849,45124,91930,103880,110055,61,98220,99158,75027,87789.1875
2018.06.26 10:56:46.752000,#M,406.1099853515625,407.2099914550781,407.4800109863281,408.30999755859375,408.5,410.1000061035156,408.9700012207031,410.70001220703125,257.0,417.6700134277344,419.3699951171875,419.1400146484375,259.3800048828125,420.1600036621094,421.8399963378906,421.3699951171875,0,0,0,0,0,0,0,0,0,0,0,0,0,0,0,0,104121,87695,73512,77275,95788,99662,111102,105794,36124,90126,102117,108254,46,93354,96917,69977,84491.5
2018.06.26 10:56:48.937000,#M,367.6700134277344,368.69000244140625,368.739990234375,369.69000244140625,369.95001220703125,371.3599853515625,370.6499938964844,372.489990234375,200.1699981689453,360.5,361.79998779296875,361.6099853515625,201.94000244140625,362.4800109863281,364.2699890136719,363.7699890136719,0,0,0,0,0,0,0,0,0,0,0,0,0,0,0,0,93847,80026,65487,71988,91260,92597,100608,87669,15608,84883,96322,100210,12,81140,91225,56963,75615.3125
2018.06.26 10:56:50.758000,#M,310.239990234375,311.1199951171875,311.2300109863281,312.3900146484375,312.32000732421875,313.94000244140625,313.1000061035156,314.6199951171875,161.66000366210938,321.6499938964844,323.44000244140625,323.05999755859375,163.4499969482422,324.1700134277344,325.9100036621094,325.32000732421875,0,0,0,0,0,0,0,0,0,0,0,0,0,0,0,0,56887,59329,47738,59200,80839,69479,63648,44480,13689,70994,76611,69284,3,47511,75381,28181,53953.375
2018.06.26 10:56:52.944000,#M,252.66000366210938,253.47999572753906,253.86000061035156,254.5,254.67999267578125,256.3399963378906,255.66000366210938,257.0,105.52999877929688,264.3299865722656,265.95001220703125,265.3699951171875,106.33999633789062,266.6300048828125,268.19000244140625,267.75,0,0,0,0,0,0,0,0,0,0,0,0,0,0,0,0,27759,29647,20203,24123,39446,35329,36481,33546,5321,26982,30881,30744,0,35029,28523,14069,26130.1875
2018.06.26 10:56:54.765000,#M,214.10000610351562,215.11000061035156,215.42999267578125,216.2899932861328,216.41000366210938,217.77999877929688,217.63999938964844,218.75999450683594,101.43000030517578,206.66000366210938,208.44000244140625,207.61000061035156,99.7300033569336,208.77999877929688,210.64999389648438,210.3300018310547,0,0,0,0,0,0,0,0,0,0,0,0,0,0,0,0,36659,36460,17011,26228,27191,40959,47557,38324,6400,24026,26369,35957,1,44959,31125,19732,28684.875
2018.06.26 10:56:56.950000,#M,156.6699981689453,157.50999450683594,158.52999877929688,157.0800018310547,159.33999633789062,160.24000549316406,159.88999938964844,161.4499969482422,101.43000030517578,167.67999267578125,170.35000610351562,169.5500030517578,99.7300033569336,170.44000244140625,171.9499969482422,172.2100067138672,0,0,0,0,0,0,0,0,0,0,0,0,0,0,0,0,16938,11529,17089,30697,32185,27556,26456,6627,8759,20366,5693,8525,0,12338,16639,9770,15697.9375
2018.06.26 10:56:58.771000,#M,118.2699966430664,119.16999816894531,119.61000061035156,119.26000213623047,120.3499984741211,122.02999877929688,121.04000091552734,122.61000061035156,101.43000030517578,110.45999908447266,111.81999969482422,111.66999816894531,99.7300033569336,112.94999694824219,114.55999755859375,114.4800033569336,0,0,0,0,0,0,0,0,0,0,0,0,0,0,0,0,663,408,3820,3905,7060,1857,1340,316,10522,1445,227,263,0,514,674,514,2095.5
2018.06.26 10:57:00.957000,#M,99.55000305175781,99.5199966430664,99.9000015258789,100.48999786376953,99.63999938964844,100.05999755859375,99.76000213623047,99.69000244140625,101.43000030517578,99.77999877929688,99.70999908447266,99.68000030517578,99.7300033569336,99.6500015258789,99.66999816894531,99.91999816894531,0,0,0,0,0,0,0,0,0,0,0,0,0,0,0,0,872,447,3937,4144,6127,1836,1506,327,10596,1131,217,242,2,353,511,352,2037.5
2018.06.26 10:57:10.791000,#M,99.55000305175781,99.5199966430664,99.9000015258789,100.48999786376953,99.63999938964844,100.05999755859375,99.76000213623047,99.69000244140625,101.43000030517578,99.77999877929688,99.70999908447266,99.68000030517578,99.7300033569336,99.6500015258789,99.66999816894531,99.91999816894531,0,0,0,0,0,0,0,0,0,0,0,0,0,0,0,0,1200,683,4867,5113,7734,2471,2237,467,10754,1616,261,378,0,511,688,505,2467.8125
2018.06.26 10:57:20.990000,#M,99.55000305175781,99.5199966430664,99.9000015258789,100.48999786376953,99.63999938964844,100.05999755859375,99.76000213623047,99.69000244140625,101.43000030517578,99.77999877929688,99.70999908447266,99.68000030517578,99.7300033569336,99.6500015258789,99.66999816894531,99.91999816894531,0,0,0,0,0,0,0,0,0,0,0,0,0,0,0,0,1417,779,4881,5749,8433,2815,2425,499,10846,1784,311,446,0,597,838,593,2650.8125
2018.06.26 10:57:30.824000,#M,99.55000305175781,99.5199966430664,99.9000015258789,100.48999786376953,99.63999938964844,100.05999755859375,99.76000213623047,99.69000244140625,101.43000030517578,99.77999877929688,99.70999908447266,99.68000030517578,99.7300033569336,99.6500015258789,99.66999816894531,99.91999816894531,0,0,0,0,0,0,0,0,0,0,0,0,0,0,0,0,1534,823,5089,5859,8701,2978,2679,592,11042,1833,307,442,0,635,863,608,2749.0625
2018.06.26 10:57:32.645000,#M,125.61000061035156,125.80999755859375,125.3499984741211,125.30000305175781,124.86000061035156,124.7300033569336,123.87999725341797,123.5999984741211,119.36000061035156,118.33000183105469,117.70999908447266,117.38999938964844,117.20999908447266,116.66000366210938,116.6500015258789,116.02999877929688,0,0,0,0,0,0,0,0,0,0,0,0,0,0,0,0,14486,8168,15161,24800,28033,18557,19508,4440,15261,10834,2619,3803,2,4493,6680,4091,11308.5
2018.06.26 10:57:34.831000,#M,147.7899932861328,147.8300018310547,147.61000061035156,147.5500030517578,147.17999267578125,147.5399932861328,146.91000366210938,146.72000122070312,148.92999267578125,149.14999389648438,149.44000244140625,148.89999389648438,149.41000366210938,148.80999755859375,149.38999938964844,148.7899932861328,0,0,0,0,0,0,0,0,0,0,0,0,0,0,0,0,35805,27481,19063,35015,35206,40302,46602,21391,12230,26285,14327,22277,0,26188,28456,18628,25578.5
2018.06.26 10:57:36.652000,#M,147.7899932861328,147.8300018310547,149.6999969482422,147.5500030517578,150.75,149.8699951171875,150.77000427246094,149.89999389648438,148.92999267578125,149.14999389648438,149.44000244140625,148.89999389648438,149.41000366210938,148.80999755859375,149.38999938964844,148.7899932861328,0,0,0,0,0,0,0,0,0,0,0,0,0,0,0,0,35396,27240,18769,35058,35247,40204,46014,20465,12179,26475,14137,21827,3,25061,28287,17988,25271.875
2018.06.26 10:57:38.837000,#M,147.7899932861328,147.8300018310547,149.6999969482422,150.50999450683594,150.75,149.8699951171875,150.77000427246094,149.89999389648438,148.92999267578125,149.14999389648438,149.44000244140625,148.89999389648438,149.41000366210938,148.80999755859375,149.38999938964844,148.7899932861328,0,0,0,0,0,0,0,0,0,0,0,0,0,0,0,0,35329,26538,18644,34964,35222,39913,45150,19895,12309,26045,13429,20771,5,24508,27710,17452,24867.75
2018.06.26 10:57:40.658000,#M,147.7899932861328,149.97999572753906,149.6999969482422,150.50999450683594,150.75,149.8699951171875,150.77000427246094,149.89999389648438,148.92999267578125,149.14999389648438,149.44000244140625,148.89999389648438,149.41000366210938,148.80999755859375,149.38999938964844,148.7899932861328,0,0,0,0,0,0,0,0,0,0,0,0,0,0,0,0,34517,25819,18289,35146,35449,39735,44999,19711,12056,25731,13442,20576,5,23674,27344,16833,24582.875
2018.06.26 10:57:50.857000,#M,147.7899932861328,149.97999572753906,149.6999969482422,150.50999450683594,150.75,149.8699951171875,150.77000427246094,149.89999389648438,148.92999267578125,149.14999389648438,149.44000244140625,148.89999389648438,149.41000366210938,148.80999755859375,149.38999938964844,148.7899932861328,0,0,0,0,0,0,0,0,0,0,0,0,0,0,0,0,33620,24669,18925,34962,35001,38279,43625,17821,12112,24843,12048,18437,7,21281,25390,15890,23556.875
2018.06.26 10:58:00.691000,#M,147.7899932861328,149.97999572753906,149.6999969482422,150.50999450683594,150.75,149.8699951171875,150.77000427246094,149.89999389648438,148.92999267578125,149.14999389648438,149.44000244140625,148.89999389648438,149.41000366210938,148.80999755859375,149.38999938964844,148.7899932861328,0,0,0,0,0,0,0,0,0,0,0,0,0,0,0,0,32550,23230,18761,34649,34897,37306,42508,16416,12121,24280,10868,16869,3,19921,24089,14754,22701.375
2018.06.26 10:58:06.883000,#M,175.1199951171875,174.33999633789062,174.6699981689453,173.24000549316406,174.4600067138672,173.61000061035156,173.6699981689453,172.9199981689453,166.88999938964844,165.75999450683594,166.16000366210938,165.3800048828125,165.64999389648438,165.3699951171875,164.52000427246094,164.7899932861328,0,0,0,0,0,0,0,0,0,0,0,0,0,0,0,0,37966,37302,17586,29895,30534,43314,49662,35907,13740,27561,24636,34517,1,40961,34767,23145,30093.375
2018.06.26 10:58:08.704000,#M,197.16000366210938,196.9199981689453,197.0800018310547,196.27999877929688,197.0,196.52000427246094,196.66000366210938,195.5800018310547,199.5500030517578,198.60000610351562,198.8300018310547,198.30999755859375,198.38999938964844,198.5500030517578,197.99000549316406,198.02999877929688,0,0,0,0,0,0,0,0,0,0,0,0,0,0,0,0,30947,34805,16840,23886,28059,38008,43083,39221,19573,22921,27220,34157,10,45130,29874,20226,28372.5
2018.06.26 10:58:10.890000,#M,199.36000061035156,199.6300048828125,199.83999633789062,200.14999389648438,200.30999755859375,199.72000122070312,200.0399932861328,200.0800018310547,199.5500030517578,198.60000610351562,198.8300018310547,198.30999755859375,198.38999938964844,198.5500030517578,200.1300048828125,198.02999877929688,0,0,0,0,0,0,0,0,0,0,0,0,0,0,0,0,31409,34661,16678,23697,28091,38655,43182,39347,19298,22683,26675,34437,18,45843,30323,19960,28434.8125
2018.06.26 10:58:20.724000,#M,199.36000061035156,199.6300048828125,199.83999633789062,200.14999389648438,200.30999755859375,199.72000122070312,200.0399932861328,200.0800018310547,199.5500030517578,198.60000610351562,198.8300018310547,198.30999755859375,198.38999938964844,198.5500030517578,200.1300048828125,198.02999877929688,0,0,0,0,0,0,0,0,0,0,0,0,0,0,0,0,32236,35241,17139,24489,27476,39458,44247,39508,19063,23262,26827,34762,14,45448,31169,20831,28823.125
2018.06.26 10:58:30.923000,#M,199.36000061035156,199.6300048828125,199.83999633789062,200.14999389648438,200.30999755859375,199.72000122070312,200.0399932861328,200.0800018310547,199.5500030517578,198.60000610351562,198.8300018310547,198.30999755859375,198.38999938964844,198.5500030517578,200.1300048828125,198.02999877929688,0,0,0,0,0,0,0,0,0,0,0,0,0,0,0,0,33323,35976,16724,24775,27418,39717,44870,39788,18768,23662,26956,35469,15,45927,31544,20895,29114.1875
2018.06.26 10:58:40.757000,#M,209.41000366210938,208.67999267578125,208.0500030517578,207.49000549316406,208.3300018310547,207.2899932861328,207.08999633789062,207.11000061035156,211.08999633789062,210.3800048828125,210.24000549316406,209.5,209.41000366210938,198.5500030517578,200.1300048828125,198.02999877929688,0,0,0,0,0,0,0,0,0,0,0,0,0,0,0,0,29627,34179,16997,22655,28231,37339,41650,39100,21981,22396,26764,34080,18,45074,29989,19863,28121.4375
2018.06.26 10:58:41.850000,#M,209.41000366210938,208.67999267578125,208.0500030517578,207.49000549316406,208.3300018310547,207.2899932861328,207.08999633789062,207.11000061035156,211.08999633789062,210.3800048828125,210.24000549316406,209.5,209.41000366210938,209.3699951171875,208.85000610351562,208.86000061035156,0,0,0,0,0,0,0,0,0,0,0,0,0,0,0,0,27821,30507,18182,21895,31761,34616,37256,35725,29098,22065,27362,30180,32,40521,26599,16484,26881.5
2018.06.26 10:58:42.942000,#M,243.75,243.16000366210938,242.3300018310547,242.17999267578125,242.42999267578125,241.6699981689453,241.05999755859375,241.0500030517578,233.92999267578125,233.16000366210938,233.11000061035156,232.47000122070312,209.41000366210938,209.3699951171875,208.85000610351562,208.86000061035156,0,0,0,0,0,0,0,0,0,0,0,0,0,0,0,0,29850,29556,21404,24553,39560,35408,36377,32321,35490,25914,31450,30726,34,36286,27787,14875,28224.4375
2018.06.26 10:58:43.671000,#M,243.75,243.16000366210938,242.3300018310547,242.17999267578125,242.42999267578125,241.6699981689453,241.05999755859375,241.0500030517578,233.92999267578125,233.16000366210938,233.11000061035156,232.47000122070312,243.97000122070312,244.16000366210938,243.2899932861328,243.32000732421875,0,0,0,0,0,0,0,0,0,0,0,0,0,0,0,0,31235,30415,22335,26965,43934,36868,37900,32211,38071,29433,35366,32674,55,33679,30320,14833,29768.375
2018.06.26 10:58:44.764000,#M,249.50999450683594,249.77000427246094,250.0,249.4199981689453,249.72000122070312,249.8800048828125,249.74000549316406,249.6699981689453,249.75999450683594,250.00999450683594,249.77000427246094,249.63999938964844,249.8699951171875,249.60000610351562,249.9600067138672,249.72000122070312,0,0,0,0,0,0,0,0,0,0,0,0,0,0,0,0,31710,30168,22450,26694,43947,36625,37823,32228,38021,29105,35208,33036,53,33790,30169,14499,29720.375
2018.06.26 10:58:50.956000,#M,249.50999450683594,249.77000427246094,250.0,249.4199981689453,249.72000122070312,249.8800048828125,249.74000549316406,249.6699981689453,249.75999450683594,250.00999450683594,249.77000427246094,249.63999938964844,249.8699951171875,249.60000610351562,249.9600067138672,249.72000122070312,0,0,0,0,0,0,0,0,0,0,0,0,0,0,0,0,30573,29688,21788,25749,42373,36190,37105,32187,37889,27507,33979,31981,60,34287,29436,14773,29097.8125
2018.06.26 10:59:00.790000,#M,249.50999450683594,249.77000427246094,250.0,249.4199981689453,249.72000122070312,249.8800048828125,249.74000549316406,249.6699981689453,249.75999450683594,250.00999450683594,249.77000427246094,249.63999938964844,249.8699951171875,249.60000610351562,249.9600067138672,249.72000122070312,0,0,0,0,0,0,0,0,0,0,0,0,0,0,0,0,29766,29805,21373,24884,40913,35435,37025,32478,38304,26847,32881,31380,47,34757,28487,14613,28687.1875
2018.06.26 10:59:10.988000,#M,249.50999450683594,249.77000427246094,250.0,249.4199981689453,249.72000122070312,249.8800048828125,249.74000549316406,249.6699981689453,249.75999450683594,250.00999450683594,249.77000427246094,249.63999938964844,249.8699951171875,249.60000610351562,249.9600067138672,249.72000122070312,0,0,0,0,0,0,0,0,0,0,0,0,0,0,0,0,29377,29616,20977,24699,40137,35086,36695,32521,37723,26173,31744,30654,54,34991,27869,14492,28300.5
2018.06.26 10:59:16.816000,#M,262.3500061035156,262.2699890136719,261.9200134277344,249.4199981689453,249.72000122070312,249.8800048828125,249.74000549316406,249.6699981689453,249.75999450683594,250.00999450683594,249.77000427246094,249.63999938964844,249.8699951171875,249.60000610351562,249.9600067138672,249.72000122070312,0,0,0,0,0,0,0,0,0,0,0,0,0,0,0,0,32924,31282,23650,29554,46009,37854,38793,32274,40326,29781,36034,33257,66,33532,30341,14570,30640.4375
2018.06.26 10:59:17.909000,#M,262.3500061035156,262.2699890136719,261.9200134277344,262.0799865722656,260.989990234375,260.8500061035156,260.04998779296875,260.0799865722656,263.5199890136719,263.3800048828125,262.3699951171875,262.1300048828125,262.3800048828125,261.67999267578125,261.79998779296875,261.260009765625,0,0,0,0,0,0,0,0,0,0,0,0,0,0,0,0,41093,38701,31724,41850,59472,45959,45869,34673,42879,42044,47544,42103,65,33019,41387,15644,37751.625
2018.06.26 10:59:18.637000,#M,285.2799987792969,285.29998779296875,295.9200134277344,262.0799865722656,260.989990234375,260.8500061035156,260.04998779296875,260.0799865722656,263.5199890136719,263.3800048828125,262.3699951171875,262.1300048828125,262.3800048828125,261.67999267578125,261.79998779296875,261.260009765625,0,0,0,0,0,0,0,0,0,0,0,0,0,0,0,0,49501,48548,39531,50452,69997,55004,53404,38946,44439,53686,59806,51503,61,34615,53111,17857,45028.8125
2018.06.26 10:59:19.730000,#M,285.2799987792969,285.29998779296875,295.9200134277344,295.92999267578125,295.3599853515625,295.3500061035156,294.6600036621094,294.69000244140625,297.260009765625,297.04998779296875,296.6199951171875,296.6400146484375,296.55999755859375,296.1300048828125,296.1300048828125,295.6000061035156,0,0,0,0,0,0,0,0,0,0,0,0,0,0,0,0,59349,59214,47399,57887,78189,66991,64670,46859,45948,65788,74035,67063,63,42341,69250,25248,54393.375
2018.06.26 10:59:20.823000,#M,299.7099914550781,299.8299865722656,295.9200134277344,295.92999267578125,295.3599853515625,295.3500061035156,294.6600036621094,294.69000244140625,297.260009765625,297.04998779296875,296.6199951171875,296.6400146484375,296.55999755859375,296.1300048828125,296.1300048828125,295.6000061035156,0,0,0,0,0,0,0,0,0,0,0,0,0,0,0,0,59130,58596,46875,56724,78694,66374,64177,45775,46646,66075,73957,66629,60,41958,69304,24883,54116.0625
2018.06.26 10:59:21.915000,#M,299.7099914550781,299.8299865722656,299.6600036621094,299.7200012207031,299.79998779296875,299.8999938964844,299.7200012207031,299.760009765625,300.0199890136719,300.1000061035156,299.8399963378906,299.69000244140625,299.70001220703125,299.9700012207031,299.9100036621094,299.8399963378906,0,0,0,0,0,0,0,0,0,0,0,0,0,0,0,0,58612,58397,46885,56981,77851,66653,63082,45685,46057,65997,73569,65533,68,40898,69223,24518,53750.5625
2018.06.26 10:59:30.657000,#M,299.7099914550781,299.8299865722656,299.6600036621094,299.7200012207031,299.79998779296875,299.8999938964844,299.7200012207031,299.760009765625,300.0199890136719,300.1000061035156,299.8399963378906,299.69000244140625,299.70001220703125,299.9700012207031,299.9100036621094,299.8399963378906,0,0,0,0,0,0,0,0,0,0,0,0,0,0,0,0,55333,56621,45112,56481,76539,63943,60095,43605,45905,64824,70092,62007,68,39981,66600,22398,51850.25
2018.06.26 10:59:40.856000,#M,299.7099914550781,299.8299865722656,299.6600036621094,299.7200012207031,299.79998779296875,299.8999938964844,299.7200012207031,299.760009765625,300.0199890136719,300.1000061035156,299.8399963378906,299.69000244140625,299.70001220703125,299.9700012207031,299.9100036621094,299.8399963378906,0,0,0,0,0,0,0,0,0,0,0,0,0,0,0,0,53932,54336,43967,55672,76177,61668,58567,42422,45495,63173,67757,59840,69,37725,64695,21443,50433.625
2018.06.26 10:59:50.690000,#M,299.7099914550781,299.8299865722656,299.6600036621094,299.7200012207031,299.79998779296875,299.8999938964844,299.7200012207031,299.760009765625,300.0199890136719,300.1000061035156,299.8399963378906,299.69000244140625,299.70001220703125,299.9700012207031,299.9100036621094,299.8399963378906,0,0,0,0,0,0,0,0,0,0,0,0,0,0,0,0,52978,52784,42963,55692,74858,60415,57693,41512,46375,62134,66228,57724,73,37563,63200,20689,49555.0625
2018.06.26 10:59:53.968000,#M,315.9200134277344,315.8900146484375,315.1199951171875,315.1199951171875,314.5400085449219,314.3399963378906,313.7300109863281,313.760009765625,316.1700134277344,316.4100036621094,315.25,315.2200012207031,315.3399963378906,314.6300048828125,314.6099853515625,313.94000244140625,0,0,0,0,0,0,0,0,0,0,0,0,0,0,0,0,79136,70690,57119,65855,85172,81182,83701,63471,47915,76482,87285,85235,68,58177,82145,36450,66255.1875
2018.06.26 10:59:55.789000,#M,324.7099914550781,324.79998779296875,324.79998779296875,324.79998779296875,324.7799987792969,324.8500061035156,324.7300109863281,324.79998779296875,324.8999938964844,324.9599914550781,324.7900085449219,324.9100036621094,325.1000061035156,324.8699951171875,324.8800048828125,324.760009765625,0,0,0,0,0,0,0,0,0,0,0,0,0,0,0,0,78375,70553,57604,65857,85777,81210,83406,62702,47666,77018,86964,85109,63,57871,81325,37117,66163.5625
2018.06.26 11:00:00.889000,#M,324.7099914550781,324.79998779296875,324.79998779296875,324.79998779296875,324.7799987792969,324.8500061035156,324.7300109863281,324.79998779296875,324.8999938964844,324.9599914550781,324.7900085449219,324.9100036621094,325.1000061035156,324.8699951171875,324.8800048828125,324.760009765625,0,0,0,0,0,0,0,0,0,0,0,0,0,0,0,0,78164,70449,57270,66111,85446,81311,82221,61391,47505,76592,86249,83921,61,57286,81892,36342,65763.1875
2018.06.26 11:00:10.723000,#M,324.7099914550781,324.79998779296875,324.79998779296875,324.79998779296875,324.7799987792969,324.8500061035156,324.7300109863281,324.79998779296875,324.8999938964844,324.9599914550781,324.7900085449219,324.9100036621094,325.1000061035156,324.8699951171875,324.8800048828125,324.760009765625,0,0,0,0,0,0,0,0,0,0,0,0,0,0,0,0,77282,70758,56732,65195,85517,80484,81637,60014,47548,76030,85957,82631,66,56028,81250,35169,65143.625
2018.06.26 11:00:20.921000,#M,324.7099914550781,324.79998779296875,324.79998779296875,324.79998779296875,324.7799987792969,324.8500061035156,324.7300109863281,324.79998779296875,324.8999938964844,324.9599914550781,324.7900085449219,324.9100036621094,325.1000061035156,324.8699951171875,324.8800048828125,324.760009765625,0,0,0,0,0,0,0,0,0,0,0,0,0,0,0,0,75197,70681,55593,64784,85623,80094,80373,59275,47622,76407,85808,82555,64,55154,80836,34959,64689.0625
2018.06.26 11:00:27.842000,#M,339.9700012207031,339.3699951171875,339.20001220703125,338.8999938964844,338.6000061035156,338.8699951171875,338.1600036621094,338.0799865722656,339.8900146484375,338.6700134277344,338.7900085449219,338.29998779296875,338.19000244140625,337.6199951171875,337.45001220703125,336.7300109863281,0,0,0,0,0,0,0,0,0,0,0,0,0,0,0,0,91717,78772,64567,71555,89922,90406,98352,83339,49173,82587,94726,96246,49,74116,88475,49495,75218.5625
2018.06.26 11:00:29.663000,#M,349.8299865722656,350.04998779296875,349.7900085449219,349.760009765625,349.92999267578125,349.8800048828125,349.7799987792969,349.9200134277344,349.7300109863281,349.94000244140625,349.8999938964844,349.9800109863281,349.8900146484375,349.8999938964844,349.95001220703125,349.7900085449219,0,0,0,0,0,0,0,0,0,0,0,0,0,0,0,0,91740,78958,64617,70441,90007,90409,98171,83476,49298,82261,94557,97704,69,75050,89406,50339,75406.4375
2018.06.26 11:00:30.756000,#M,349.8299865722656,350.04998779296875,349.7900085449219,349.760009765625,349.92999267578125,349.8800048828125,349.7799987792969,349.9200134277344,349.7300109863281,349.94000244140625,349.8999938964844,349.9800109863281,349.8900146484375,349.8999938964844,349.95001220703125,349.7900085449219,0,0,0,0,0,0,0,0,0,0,0,0,0,0,0,0,91927,78670,64384,70151,90237,90382,98673,83172,49237,82595,94539,96701,54,75015,89088,51559,75399.0
2018.06.26 11:00:40.954000,#M,349.8299865722656,350.04998779296875,349.7900085449219,349.760009765625,349.92999267578125,349.8800048828125,349.7799987792969,349.9200134277344,349.7300109863281,349.94000244140625,349.8999938964844,349.9800109863281,349.8900146484375,349.8999938964844,349.95001220703125,349.7900085449219,0,0,0,0,0,0,0,0,0,0,0,0,0,0,0,0,90969,78837,64197,71378,89892,89936,97920,82539,49018,82807,94341,96617,73,74828,89550,51239,75258.8125
2018.06.26 11:00:50.789000,#M,349.8299865722656,350.04998779296875,349.7900085449219,349.760009765625,349.92999267578125,349.8800048828125,349.7799987792969,349.9200134277344,349.7300109863281,349.94000244140625,349.8999938964844,349.9800109863281,349.8900146484375,349.8999938964844,349.95001220703125,349.7900085449219,0,0,0,0,0,0,0,0,0,0,0,0,0,0,0,0,91205,78986,64390,70064,90105,89778,97350,81756,49022,82687,94525,96318,59,74966,89315,50980,75094.125
2018.06.26 11:01:00.987000,#M,349.8299865722656,350.04998779296875,349.7900085449219,349.760009765625,349.92999267578125,349.8800048828125,349.7799987792969,349.9200134277344,349.7300109863281,349.94000244140625,349.8999938964844,349.9800109863281,349.8900146484375,349.8999938964844,349.95001220703125,349.7900085449219,0,0,0,0,0,0,0,0,0,0,0,0,0,0,0,0,96894,82108,67186,72881,91270,92757,102642,90917,49940,84408,96927,100180,70,79238,91178,54545,78321.3125
2018.06.26 11:01:01.716000,#M,364.4599914550781,363.989990234375,363.6499938964844,362.9700012207031,363.2900085449219,362.55999755859375,362.2900085449219,361.6000061035156,362.510009765625,362.45001220703125,361.8399963378906,361.7200012207031,361.7200012207031,360.9700012207031,360.2799987792969,360.1600036621094,0,0,0,0,0,0,0,0,0,0,0,0,0,0,0,0,99018,83700,69093,74872,92953,95230,105372,95917,50706,85621,98469,102191,70,83120,92383,60146,80553.8125
2018.06.26 11:01:03.901000,#M,374.739990234375,374.75,374.55999755859375,374.8500061035156,374.8500061035156,374.6600036621094,375.0400085449219,374.989990234375,375.25,375.0400085449219,374.8599853515625,374.94000244140625,374.8500061035156,374.94000244140625,374.9599914550781,374.7799987792969,0,0,0,0,0,0,0,0,0,0,0,0,0,0,0,0,98872,83705,69203,74558,93177,95234,105831,96363,50344,86082,98202,102464,57,84320,93643,60706,80797.5625
2018.06.26 11:01:10.822000,#M,374.739990234375,374.75,374.55999755859375,374.8500061035156,374.8500061035156,374.6600036621094,375.0400085449219,374.989990234375,375.25,375.0400085449219,374.8599853515625,374.94000244140625,374.8500061035156,374.94000244140625,374.9599914550781,374.7799987792969,0,0,0,0,0,0,0,0,0,0,0,0,0,0,0,0,98847,83441,68889,74191,93212,95042,105955,96171,50371,86334,98497,102505,51,84418,93107,60645,80729.75
2018.06.26 11:01:20.656000,#M,374.739990234375,374.75,374.55999755859375,374.8500061035156,374.8500061035156,374.6600036621094,375.0400085449219,374.989990234375,375.25,375.0400085449219,374.8599853515625,374.94000244140625,374.8500061035156,374.94000244140625,374.9599914550781,374.7799987792969,0,0,0,0,0,0,0,0,0,0,0,0,0,0,0,0,98587,83453,69408,74711,93051,95051,106162,95562,50238,86644,98188,102421,68,84487,93268,61112,80775.6875
2018.06.26 11:01:30.854000,#M,374.739990234375,374.75,374.55999755859375,374.8500061035156,374.8500061035156,374.6600036621094,375.0400085449219,374.989990234375,375.25,375.0400085449219,374.8599853515625,374.94000244140625,374.8500061035156,374.94000244140625,374.9599914550781,374.7799987792969,0,0,0,0,0,0,0,0,0,0,0,0,0,0,0,0,99229,83616,68908,74409,92231,94776,105489,95482,50551,86475,97980,102502,70,84390,93151,60584,80615.1875
2018.06.26 11:01:35.954000,#M,398.2300109863281,398.29998779296875,397.9200134277344,397.80999755859375,398.010009765625,397.30999755859375,397.1700134277344,396.95001220703125,397.54998779296875,396.57000732421875,396.4800109863281,395.8900146484375,395.989990234375,395.4800109863281,395.42999267578125,394.4599914550781,0,0,0,0,0,0,0,0,0,0,0,0,0,0,0,0,102696,86740,71577,76449,94221,98181,110058,102848,51212,88223,100477,105866,72,90095,95608,66991,83832.125
2018.06.26 11:01:37.775000,#M,398.2300109863281,398.29998779296875,400.1400146484375,399.8399963378906,398.010009765625,400.260009765625,399.8699951171875,399.69000244140625,400.3999938964844,400.1199951171875,400.1199951171875,399.8599853515625,399.9800109863281,399.9100036621094,399.9599914550781,399.95001220703125,0,0,0,0,0,0,0,0,0,0,0,0,0,0,0,0,102883,86157,71094,77175,94063,98136,110010,103280,51449,88608,100070,105728,64,89957,95743,66261,83792.375
2018.06.26 11:01:40.689000,#M,398.2300109863281,398.29998779296875,400.1400146484375,399.8399963378906,398.010009765625,400.260009765625,399.8699951171875,399.69000244140625,400.3999938964844,400.1199951171875,400.1199951171875,399.8599853515625,399.9800109863281,399.9100036621094,399.9599914550781,399.95001220703125,0,0,0,0,0,0,0,0,0,0,0,0,0,0,0,0,102641,86485,72232,77107,94301,98873,109748,102904,51280,88639,100633,105887,67,89418,95723,66030,83873.0
2018.06.26 11:01:43.967000,#M,398.2300109863281,398.29998779296875,400.1400146484375,399.8399963378906,400.0299987792969,400.260009765625,399.8699951171875,399.69000244140625,400.3999938964844,400.1199951171875,400.1199951171875,399.8599853515625,399.9800109863281,399.9100036621094,399.9599914550781,399.95001220703125,0,0,0,0,0,0,0,0,0,0,0,0,0,0,0,0,103278,86268,72400,76678,94957,98380,109519,102875,51036,88458,101090,105815,49,89993,95099,66627,83907.625
2018.06.26 11:01:50.887000,#M,398.2300109863281,398.29998779296875,400.1400146484375,399.8399963378906,400.0299987792969,400.260009765625,399.8699951171875,399.69000244140625,400.3999938964844,400.1199951171875,400.1199951171875,399.8599853515625,399.9800109863281,399.9100036621094,399.9599914550781,399.95001220703125,0,0,0,0,0,0,0,0,0,0,0,0,0,0,0,0,102647,86671,71586,76577,94757,98207,109802,101867,51171,88888,100378,105707,65,89446,95186,66827,83736.375
2018.06.26 11:02:00.722000,#M,398.2300109863281,398.29998779296875,400.1400146484375,399.8399963378906,400.0299987792969,400.260009765625,399.8699951171875,399.69000244140625,400.3999938964844,400.1199951171875,400.1199951171875,399.8599853515625,399.9800109863281,399.9100036621094,399.9599914550781,399.95001220703125,0,0,0,0,0,0,0,0,0,0,0,0,0,0,0,0,102264,86558,72096,76814,93949,98226,108982,102795,50766,89106,101055,105979,63,89810,95503,65810,83736.0
2018.06.26 11:02:07.642000,#M,419.4200134277344,418.7799987792969,418.94000244140625,418.07000732421875,418.1700134277344,417.5799865722656,417.3999938964844,416.67999267578125,427.75,426.92999267578125,426.8500061035156,426.0799865722656,426.239990234375,425.260009765625,425.510009765625,424.6300048828125,0,0,0,0,0,0,0,0,0,0,0,0,0,0,0,0,105130,87849,74204,77402,95213,100039,111866,106448,51413,89781,102260,107644,58,92759,96649,70786,85593.8125
2018.06.26 11:02:09.828000,#M,449.6199951171875,449.6300048828125,449.6000061035156,449.17999267578125,449.44000244140625,449.3299865722656,449.1700134277344,449.0799865722656,448.6700134277344,448.5299987792969,448.45001220703125,447.9700012207031,448.0899963378906,447.7799987792969,447.7699890136719,447.19000244140625,0,0,0,0,0,0,0,0,0,0,0,0,0,0,0,0,106169,89581,75964,79509,96465,101852,113484,109134,51846,90941,103005,109296,64,95762,98774,72284,87133.125
2018.06.26 11:02:10.920000,#M,449.6199951171875,449.6300048828125,449.6000061035156,449.17999267578125,449.44000244140625,449.3299865722656,449.1700134277344,449.0799865722656,448.6700134277344,448.5299987792969,448.45001220703125,447.9700012207031,448.0899963378906,447.7799987792969,447.7699890136719,447.19000244140625,0,0,0,0,0,0,0,0,0,0,0,0,0,0,0,0,106304,89226,75970,79641,96376,101721,114087,109055,52045,91280,103387,109543,57,95601,97826,73703,87238.875
2018.06.26 11:02:11.649000,#M,449.6199951171875,449.6300048828125,449.6000061035156,449.17999267578125,449.44000244140625,449.3299865722656,449.1700134277344,449.0799865722656,448.6700134277344,448.5299987792969,448.45001220703125,447.9700012207031,448.0899963378906,450.0400085449219,450.07000732421875,450.04998779296875,0,0,0,0,0,0,0,0,0,0,0,0,0,0,0,0,106801,89335,76097,79477,96331,101839,113850,109712,52000,90788,103735,109257,64,95543,97484,73134,87215.4375
2018.06.26 11:02:20.755000,#M,449.6199951171875,449.6300048828125,449.6000061035156,449.17999267578125,449.44000244140625,449.3299865722656,449.1700134277344,449.0799865722656,448.6700134277344,448.5299987792969,448.45001220703125,447.9700012207031,448.0899963378906,450.0400085449219,450.07000732421875,450.04998779296875,0,0,0,0,0,0,0,0,0,0,0,0,0,0,0,0,106743,90250,75829,79526,96452,102046,113779,109383,52554,90833,103260,109546,49,95821,98230,73594,87368.4375
2018.06.26 11:02:30.953000,#M,449.6199951171875,449.6300048828125,449.6000061035156,449.17999267578125,449.44000244140625,449.3299865722656,449.1700134277344,449.0799865722656,448.6700134277344,448.5299987792969,448.45001220703125,447.9700012207031,448.0899963378906,450.0400085449219,450.07000732421875,450.04998779296875,0,0,0,0,0,0,0,0,0,0,0,0,0,0,0,0,106724,89814,75951,79967,96210,101652,113467,109752,51754,91348,103401,110088,52,95603,97923,73309,87313.4375
2018.06.26 11:02:40.788000,#M,449.6199951171875,449.6300048828125,449.6000061035156,449.17999267578125,449.44000244140625,449.3299865722656,449.1700134277344,449.0799865722656,448.6700134277344,448.5299987792969,448.45001220703125,447.9700012207031,448.0899963378906,450.0400085449219,450.07000732421875,450.04998779296875,0,0,0,0,0,0,0,0,0,0,0,0,0,0,0,0,106939,89859,76445,79556,96648,101358,113283,109474,51978,90977,103218,109056,68,95614,98153,72809,87214.6875
2018.06.26 11:02:41.880000,#M,453.29998779296875,452.8800048828125,452.7900085449219,452.30999755859375,452.29998779296875,452.3399963378906,451.75,451.8699951171875,460.70001220703125,459.92999267578125,459.7900085449219,458.8399963378906,458.7699890136719,459.0400085449219,458.25,458.1199951171875,0,0,0,0,0,0,0,0,0,0,0,0,0,0,0,0,107314,90407,76370,79818,96619,102400,114037,110108,52611,91334,103299,109546,48,96944,98458,73702,87688.4375
2018.06.26 11:02:43.701000,#M,487.57000732421875,487.0899963378906,486.82000732421875,486.30999755859375,485.80999755859375,486.30999755859375,485.3299865722656,485.4700012207031,483.3800048828125,482.739990234375,482.54998779296875,481.80999755859375,482.0,482.0400085449219,481.1499938964844,481.0899963378906,0,0,0,0,0,0,0,0,0,0,0,0,0,0,0,0,108199,91933,78033,80600,96992,102411,114888,112436,52424,92301,104370,110874,52,98210,99630,75788,88696.3125
2018.06.26 11:02:45.887000,#M,499.7699890136719,499.7300109863281,499.69000244140625,499.82000732421875,499.9800109863281,499.8500061035156,499.67999267578125,499.6300048828125,500.1000061035156,500.04998779296875,499.989990234375,499.8800048828125,500.0899963378906,500.1199951171875,499.989990234375,481.0899963378906,0,0,0,0,0,0,0,0,0,0,0,0,0,0,0,0,108633,91714,78999,81588,97345,103512,115713,113058,53020,92507,104575,111268,55,99162,99836,76462,89215.4375
2018.06.26 11:02:46.980000,#M,499.7699890136719,499.7300109863281,499.69000244140625,499.82000732421875,499.9800109863281,499.8500061035156,499.67999267578125,499.6300048828125,500.1000061035156,500.04998779296875,499.989990234375,499.8800048828125,500.0899963378906,500.1199951171875,499.989990234375,499.9700012207031,0,0,0,0,0,0,0,0,0,0,0,0,0,0,0,0,108096,91864,77910,81339,97493,103450,115567,112788,52589,93024,104250,110963,44,99750,100147,76762,89127.25
2018.06.26 11:02:50.986000,#M,499.7699890136719,499.7300109863281,499.69000244140625,499.82000732421875,499.9800109863281,499.8500061035156,499.67999267578125,499.6300048828125,500.1000061035156,500.04998779296875,499.989990234375,499.8800048828125,500.0899963378906,500.1199951171875,499.989990234375,499.9700012207031,0,0,0,0,0,0,0,0,0,0,0,0,0,0,0,0,108486,91731,78518,80731,97651,103512,115342,112432,52754,93164,104577,111536,40,99227,100298,76865,89179.0
2018.06.26 11:03:00.820000,#M,499.7699890136719,499.7300109863281,499.69000244140625,499.82000732421875,499.9800109863281,499.8500061035156,499.67999267578125,499.6300048828125,500.1000061035156,500.04998779296875,499.989990234375,499.8800048828125,500.0899963378906,500.1199951171875,499.989990234375,499.9700012207031,0,0,0,0,0,0,0,0,0,0,0,0,0,0,0,0,108507,91554,78954,81793,96833,103241,115548,111978,52642,92719,104855,111249,71,99253,100371,76667,89139.6875
2018.06.26 11:03:10.655000,#M,499.7699890136719,499.7300109863281,499.69000244140625,499.82000732421875,499.9800109863281,499.8500061035156,499.67999267578125,499.6300048828125,500.1000061035156,500.04998779296875,499.989990234375,499.8800048828125,500.0899963378906,500.1199951171875,499.989990234375,499.9700012207031,0,0,0,0,0,0,0,0,0,0,0,0,0,0,0,0,108705,91565,78221,81179,96910,103293,115677,112517,52546,93345,104513,111383,63,98477,99865,76979,89077.375
2018.06.26 11:03:17.939000,#M,507.3599853515625,506.5899963378906,518.0900268554688,517.4099731445312,517.5599975585938,516.8900146484375,516.77001953125,515.8599853515625,500.1000061035156,500.04998779296875,499.989990234375,499.8800048828125,500.0899963378906,500.1199951171875,499.989990234375,499.9700012207031,0,0,0,0,0,0,0,0,0,0,0,0,0,0,0,0,109167,91599,78840,81815,97788,103407,115423,113133,52304,92691,104897,110939,69,99840,100239,77718,89366.8125
2018.06.26 11:03:18.668000,#M,507.3599853515625,506.5899963378906,518.0900268554688,517.4099731445312,517.5599975585938,516.8900146484375,516.77001953125,515.8599853515625,500.1000061035156,512.8300170898438,512.6900024414062,511.7200012207031,500.0899963378906,511.7200012207031,511.9599914550781,511.1300048828125,0,0,0,0,0,0,0,0,0,0,0,0,0,0,0,0,108875,92688,79234,81969,97987,104422,115902,112992,52567,93250,105658,111052,65,100114,100233,77863,89679.4375
2018.06.26 11:03:19.762000,#M,541.77001953125,541.1300048828125,541.1599731445312,540.5399780273438,540.52001953125,539.9000244140625,539.8099975585938,515.8599853515625,500.1000061035156,512.8300170898438,512.6900024414062,511.7200012207031,500.0899963378906,511.7200012207031,511.9599914550781,511.1300048828125,0,0,0,0,0,0,0,0,0,0,0,0,0,0,0,0,109699,92718,79931,82298,97912,104681,116643,114197,53033,93134,105278,111253,54,100723,100607,78242,90025.1875
2018.06.26 11:03:20.853000,#M,541.77001953125,541.1300048828125,541.1599731445312,540.5399780273438,540.52001953125,539.9000244140625,539.8099975585938,539.0399780273438,500.1000061035156,546.77001953125,546.75,546.25,500.0899963378906,546.0800170898438,546.1699829101562,545.5,0,0,0,0,0,0,0,0,0,0,0,0,0,0,0,0,110352,93307,80175,82395,97986,105129,117082,114639,52427,93229,105342,112270,56,101099,101041,78598,90320.4375
2018.06.26 11:03:21.946000,#M,549.8400268554688,549.77001953125,549.8200073242188,549.8400268554688,549.9000244140625,549.9199829101562,549.9500122070312,549.8900146484375,500.1000061035156,546.77001953125,546.75,546.25,500.0899963378906,546.0800170898438,546.1699829101562,545.5,0,0,0,0,0,0,0,0,0,0,0,0,0,0,0,0,109805,92970,80031,82798,98144,104117,116749,114309,52532,93396,105818,112191,61,101344,100700,79203,90260.5
2018.06.26 11:03:22.675000,#M,549.8400268554688,549.77001953125,549.8200073242188,549.8400268554688,549.9000244140625,549.9199829101562,549.9500122070312,549.8900146484375,500.1000061035156,550.02001953125,550.0,549.8800048828125,500.0899963378906,549.8499755859375,550.0,549.9400024414062,0,0,0,0,0,0,0,0,0,0,0,0,0,0,0,0,109978,92907,80139,83214,97922,104816,116529,113646,52979,93057,105118,112307,50,100890,100878,79492,90245.125
2018.06.26 11:03:30.688000,#M,549.8400268554688,549.77001953125,549.8200073242188,549.8400268554688,549.9000244140625,549.9199829101562,549.9500122070312,549.8900146484375,500.1000061035156,550.02001953125,550.0,549.8800048828125,500.0899963378906,549.8499755859375,550.0,549.9400024414062,0,0,0,0,0,0,0,0,0,0,0,0,0,0,0,0,109813,93076,80398,82518,98107,104210,116938,114380,52811,93615,105927,112492,46,101127,101279,78883,90351.25
2018.06.26 11:03:40.886000,#M,549.8400268554688,549.77001953125,549.8200073242188,549.8400268554688,549.9000244140625,549.9199829101562,549.9500122070312,549.8900146484375,500.1000061035156,550.02001953125,550.0,549.8800048828125,500.0899963378906,549.8499755859375,550.0,549.9400024414062,0,0,0,0,0,0,0,0,0,0,0,0,0,0,0,0,109712,93245,79933,82077,97922,104587,116768,114272,53087,93455,105185,111886,64,101405,100685,79222,90219.0625
2018.06.26 11:03:50.721000,#M,549.8400268554688,549.77001953125,549.8200073242188,549.8400268554688,549.9000244140625,549.9199829101562,549.9500122070312,549.8900146484375,500.1000061035156,550.02001953125,550.0,549.8800048828125,500.0899963378906,549.8499755859375,550.0,549.9400024414062,0,0,0,0,0,0,0,0,0,0,0,0,0,0,0,0,109613,92967,80212,82166,98420,105180,116446,114121,52723,93592,105658,112255,54,101108,100731,79049,90268.4375
2018.06.26 11:03:54.727000,#M,560.9199829101562,560.9099731445312,560.2100219726562,560.239990234375,560.27001953125,559.6199951171875,559.3699951171875,558.8499755859375,500.1000061035156,566.1599731445312,566.0999755859375,565.3499755859375,500.0899963378906,565.27001953125,564.72998046875,564.6400146484375,0,0,0,0,0,0,0,0,0,0,0,0,0,0,0,0,110401,93180,80655,83124,98128,105279,117127,114764,52763,94128,105533,112433,56,102203,101667,80131,90723.25
2018.06.26 11:03:56.913000,#M,595.3599853515625,595.3800048828125,594.72998046875,594.77001953125,594.8300170898438,594.1500244140625,594.0599975585938,593.3699951171875,500.1000061035156,589.25,589.1699829101562,588.4000244140625,500.0899963378906,588.3699951171875,587.7899780273438,587.6900024414062,0,0,0,0,0,0,0,0,0,0,0,0,0,0,0,0,111239,94070,81304,83124,98841,105419,117838,115591,52393,94370,106071,113606,55,102373,101598,81074,91185.375
2018.06.26 11:03:58.734000,#M,599.8499755859375,599.8099975585938,599.8900146484375,599.8599853515625,599.97998046875,599.9099731445312,599.9500122070312,599.8800048828125,500.1000061035156,599.97998046875,600.030029296875,599.9099731445312,500.0899963378906,599.8900146484375,600.030029296875,600.0499877929688,0,0,0,0,0,0,0,0,0,0,0,0,0,0,0,0,110515,94304,81685,83569,98725,105676,117335,115859,53442,94790,106177,113197,58,102501,100917,81334,91255.25
2018.06.26 11:04:00.919000,#M,599.8499755859375,599.8099975585938,599.8900146484375,599.8599853515625,599.97998046875,599.9099731445312,599.9500122070312,599.8800048828125,500.1000061035156,599.97998046875,600.030029296875,599.9099731445312,500.0899963378906,599.8900146484375,600.030029296875,600.0499877929688,0,0,0,0,0,0,0,0,0,0,0,0,0,0,0,0,111257,94113,81053,83600,98637,105764,117314,115880,52814,94441,105779,112667,50,102554,101901,81155,91186.1875
2018.06.26 11:04:10.753000,#M,599.8499755859375,599.8099975585938,599.8900146484375,599.8599853515625,599.97998046875,599.9099731445312,599.9500122070312,599.8800048828125,500.1000061035156,599.97998046875,600.030029296875,599.9099731445312,500.0899963378906,599.8900146484375,600.030029296875,600.0499877929688,0,0,0,0,0,0,0,0,0,0,0,0,0,0,0,0,110839,93897,81554,83757,98641,105474,117773,115292,52976,94800,106700,113328,51,102785,101179,80687,91233.3125
2018.06.26 11:04:20.952000,#M,599.8499755859375,599.8099975585938,599.8900146484375,599.8599853515625,599.97998046875,599.9099731445312,599.9500122070312,599.8800048828125,500.1000061035156,599.97998046875,600.030029296875,599.9099731445312,500.0899963378906,599.8900146484375,600.030029296875,600.0499877929688,0,0,0,0,0,0,0,0,0,0,0,0,0,0,0,0,110772,94415,80892,83459,98931,105354,116809,115485,52495,93845,105859,112743,59,102347,101628,80371,90966.5
2018.06.26 11:04:30.786000,#M,615.2100219726562,614.52001953125,614.6400146484375,613.8699951171875,613.989990234375,613.22998046875,613.2100219726562,612.4600219726562,500.1000061035156,607.5399780273438,618.989990234375,618.25,500.0899963378906,606.7899780273438,606.1300048828125,606.1300048828125,0,0,0,0,0,0,0,0,0,0,0,0,0,0,0,0,110620,93727,81810,83648,98455,105622,118087,115677,52652,94827,106434,113106,55,103273,101935,81390,91332.375
2018.06.26 11:04:32.972000,#M,648.4299926757812,648.0,648.0599975585938,647.6300048828125,647.6900024414062,647.22998046875,647.1699829101562,646.719970703125,500.1000061035156,642.0900268554688,642.0399780273438,641.3400268554688,500.0899963378906,641.25,640.6599731445312,640.6099853515625,0,0,0,0,0,0,0,0,0,0,0,0,0,0,0,0,111629,94658,81892,83992,99167,106183,118481,116242,52766,95628,106842,113730,63,103816,101637,82499,91826.5625
2018.06.26 11:04:34.793000,#M,648.4299926757812,648.0,648.0599975585938,649.8900146484375,649.9299926757812,649.989990234375,650.0,649.969970703125,500.1000061035156,650.030029296875,650.030029296875,649.9299926757812,500.0899963378906,649.9199829101562,650.0599975585938,650.02001953125,0,0,0,0,0,0,0,0,0,0,0,0,0,0,0,0,112004,94374,81942,84232,99473,105976,118110,116035,53295,95132,107057,113679,55,103845,102068,82537,91863.375
2018.06.26 11:04:40.985000,#M,648.4299926757812,648.0,648.0599975585938,649.8900146484375,649.9299926757812,649.989990234375,650.0,649.969970703125,500.1000061035156,650.030029296875,650.030029296875,649.9299926757812,500.0899963378906,649.9199829101562,650.0599975585938,650.02001953125,0,0,0,0,0,0,0,0,0,0,0,0,0,0,0,0,111092,94473,82263,83880,99066,106030,117938,116170,52709,94836,106558,113293,60,103779,101961,82506,91663.375
2018.06.26 11:04:50.819000,#M,648.4299926757812,648.0,648.0599975585938,649.8900146484375,649.9299926757812,649.989990234375,650.0,649.969970703125,500.1000061035156,650.030029296875,650.030029296875,649.9299926757812,500.0899963378906,649.9199829101562,650.0599975585938,650.02001953125,0,0,0,0,0,0,0,0,0,0,0,0,0,0,0,0,111528,94989,82208,83880,98948,106308,118354,115991,52909,95788,106578,113613,66,103857,101834,82323,91823.375
2018.06.26 11:05:00.654000,#M,648.4299926757812,648.0,648.0599975585938,649.8900146484375,649.9299926757812,649.989990234375,650.0,649.969970703125,500.1000061035156,650.030029296875,650.030029296875,649.9299926757812,500.0899963378906,649.9199829101562,650.0599975585938,650.02001953125,0,0,0,0,0,0,0,0,0,0,0,0,0,0,0,0,111389,94969,82156,83501,98820,105822,118535,116264,52576,95285,106311,113118,53,103799,102403,81918,91682.4375
2018.06.26 11:05:06.846000,#M,668.9000244140625,668.0900268554688,668.219970703125,667.4400024414062,667.4600219726562,667.5999755859375,666.7899780273438,666.8200073242188,500.1000061035156,671.9400024414062,671.9500122070312,671.2100219726562,500.0899963378906,671.0999755859375,670.5599975585938,670.530029296875,0,0,0,0,0,0,0,0,0,0,0,0,0,0,0,0,111647,94346,82279,84309,98668,105825,117964,116468,52833,95269,106714,113699,51,104046,102698,82486,91831.375
2018.06.26 11:05:08.667000,#M,691.8800048828125,691.1400146484375,691.27001953125,699.27001953125,699.3599853515625,699.4600219726562,699.0599975585938,699.0700073242188,500.1000061035156,700.0599975585938,700.0900268554688,699.989990234375,500.0899963378906,694.1199951171875,700.0700073242188,699.9299926757812,0,0,0,0,0,0,0,0,0,0,0,0,0,0,0,0,111509,95266,83076,83925,99408,106203,118585,116655,52647,95918,106471,114047,56,104623,103010,82962,92147.5625
2018.06.26 11:05:10.852000,#M,699.9500122070312,699.8300170898438,700.010009765625,699.27001953125,699.3599853515625,699.4600219726562,699.0599975585938,699.0700073242188,500.1000061035156,700.0599975585938,700.0900268554688,699.989990234375,500.0899963378906,699.9199829101562,700.0700073242188,699.9299926757812,0,0,0,0,0,0,0,0,0,0,0,0,0,0,0,0,111420,94940,83022,85186,98967,106372,118845,117010,52813,95611,107403,113804,54,104375,102300,83498,92226.25
2018.06.26 11:05:20.687000,#M,699.9500122070312,699.8300170898438,700.010009765625,699.27001953125,699.3599853515625,699.4600219726562,699.0599975585938,699.0700073242188,500.1000061035156,700.0599975585938,700.0900268554688,699.989990234375,500.0899963378906,699.9199829101562,700.0700073242188,699.9299926757812,0,0,0,0,0,0,0,0,0,0,0,0,0,0,0,0,111493,94880,83189,84724,99237,106579,118767,117115,52273,95504,106778,113783,44,104012,102498,83279,92134.6875
2018.06.26 11:05:30.886000,#M,699.9500122070312,699.8300170898438,700.010009765625,699.27001953125,699.3599853515625,699.4600219726562,699.0599975585938,699.0700073242188,500.1000061035156,700.0599975585938,700.0900268554688,699.989990234375,500.0899963378906,699.9199829101562,700.0700073242188,699.9299926757812,0,0,0,0,0,0,0,0,0,0,0,0,0,0,0,0,112096,95090,82922,84489,99274,106227,118728,116444,52399,95610,107058,113875,50,104903,102561,82886,92163.25
2018.06.26 11:05:40.719000,#M,699.9500122070312,699.8300170898438,700.010009765625,699.27001953125,699.3599853515625,699.4600219726562,699.0599975585938,699.0700073242188,500.1000061035156,700.0599975585938,700.0900268554688,699.989990234375,500.0899963378906,699.9199829101562,700.0700073242188,699.9299926757812,0,0,0,0,0,0,0,0,0,0,0,0,0,0,0,0,112278,94981,82872,84833,99744,106473,118628,117415,52700,95465,107324,114388,49,104904,102363,83544,92372.5625
2018.06.26 11:05:42.905000,#M,722.5399780273438,721.7100219726562,721.8699951171875,721.030029296875,721.1199951171875,721.1599731445312,720.3900146484375,720.3400268554688,500.1000061035156,724.8800048828125,724.1799926757812,724.030029296875,500.0899963378906,724.030029296875,723.4600219726562,723.4299926757812,0,0,0,0,0,0,0,0,0,0,0,0,0,0,0,0,112229,95576,83040,85174,99547,106389,119316,117311,52918,96374,106897,114333,59,105205,102894,83183,92527.8125
2018.06.26 11:05:44.726000,#M,749.9000244140625,749.8699951171875,750.0,749.8300170898438,749.9099731445312,750.0700073242188,749.8900146484375,749.8099975585938,500.1000061035156,747.4099731445312,746.8400268554688,746.739990234375,500.0899963378906,746.760009765625,746.219970703125,746.1199951171875,0,0,0,0,0,0,0,0,0,0,0,0,0,0,0,0,112641,95562,84098,85109,99740,107197,119100,116823,52696,96567,107019,114109,56,105502,102883,83742,92677.75
2018.06.26 11:05:46.911000,#M,749.9000244140625,749.8699951171875,750.0,749.8300170898438,749.9099731445312,750.0700073242188,749.8900146484375,749.8099975585938,500.1000061035156,750.1400146484375,750.1599731445312,750.0,500.0899963378906,749.9099731445312,750.0999755859375,750.0900268554688,0,0,0,0,0,0,0,0,0,0,0,0,0,0,0,0,111996,95792,83575,84931,99499,107126,119281,117222,52819,96277,107811,114648,47,104953,103208,83992,92698.5625
2018.06.26 11:05:50.918000,#M,749.9000244140625,749.8699951171875,750.0,749.8300170898438,749.9099731445312,750.0700073242188,749.8900146484375,749.8099975585938,500.1000061035156,750.1400146484375,750.1599731445312,750.0,500.0899963378906,749.9099731445312,750.0999755859375,750.0900268554688,0,0,0,0,0,0,0,0,0,0,0,0,0,0,0,0,112382,95057,83551,85627,99767,107066,118556,117175,52939,96933,108032,114692,62,105677,102890,84107,92782.0625
2018.06.26 11:06:00.752000,#M,749.9000244140625,749.8699951171875,750.0,749.8300170898438,749.9099731445312,750.0700073242188,749.8900146484375,749.8099975585938,500.1000061035156,750.1400146484375,750.1599731445312,750.0,500.0899963378906,749.9099731445312,750.0999755859375,750.0900268554688,0,0,0,0,0,0,0,0,0,0,0,0,0,0,0,0,112094,95727,83362,85087,99910,107184,119169,117149,52923,96256,108101,114867,64,105350,103054,84246,92783.9375
2018.06.26 11:06:10.951000,#M,749.9000244140625,749.8699951171875,750.0,749.8300170898438,749.9099731445312,750.0700073242188,749.8900146484375,749.8099975585938,500.1000061035156,750.1400146484375,750.1599731445312,750.0,500.0899963378906,749.9099731445312,750.0999755859375,750.0900268554688,0,0,0,0,0,0,0,0,0,0,0,0,0,0,0,0,112997,96343,83491,85387,99597,107814,119387,117529,53070,96832,107766,114910,57,105316,102614,83776,92930.375
2018.06.26 11:06:16.779000,#M,771.780029296875,771.0599975585938,771.2000122070312,770.4400024414062,770.4000244140625,769.8400268554688,769.6599731445312,768.8800048828125,500.1000061035156,772.7899780273438,772.7899780273438,771.9400024414062,500.0899963378906,771.8800048828125,771.25,771.219970703125,0,0,0,0,0,0,0,0,0,0,0,0,0,0,0,0,113191,96125,83629,85015,100227,107543,118876,117888,52924,96445,107622,114907,55,105846,103044,84777,93007.125
2018.06.26 11:06:18.964000,#M,799.9199829101562,799.9099731445312,800.0399780273438,799.9299926757812,799.9600219726562,799.9400024414062,799.8200073242188,799.6400146484375,500.1000061035156,795.7000122070312,795.7000122070312,794.969970703125,500.0899963378906,794.8800048828125,794.2899780273438,794.22998046875,0,0,0,0,0,0,0,0,0,0,0,0,0,0,0,0,113195,96696,85074,85275,100218,107757,119888,118092,52935,96427,108518,114647,52,105902,103965,84876,93344.8125
2018.06.26 11:06:20.785000,#M,799.9199829101562,799.9099731445312,800.0399780273438,799.9299926757812,799.9600219726562,799.9400024414062,799.8200073242188,799.6400146484375,500.1000061035156,800.1199951171875,800.0999755859375,800.010009765625,500.0899963378906,800.0399780273438,800.0599975585938,800.1500244140625,0,0,0,0,0,0,0,0,0,0,0,0,0,0,0,0,112971,96675,84112,85426,99653,107085,119314,117621,52870,96643,107420,114878,65,105825,103067,85009,93039.625
2018.06.26 11:06:30.984000,#M,799.9199829101562,799.9099731445312,800.0399780273438,799.9299926757812,799.9600219726562,799.9400024414062,799.8200073242188,799.6400146484375,500.1000061035156,800.1199951171875,800.0999755859375,800.010009765625,500.0899963378906,800.0399780273438,800.0599975585938,800.1500244140625,0,0,0,0,0,0,0,0,0,0,0,0,0,0,0,0,113037,96264,84192,85614,100315,107265,119397,117165,52862,96322,108013,114169,63,105491,102860,84813,92990.125
2018.06.26 11:06:40.818000,#M,799.9199829101562,799.9099731445312,800.0399780273438,799.9299926757812,799.9600219726562,799.9400024414062,799.8200073242188,799.6400146484375,500.1000061035156,800.1199951171875,800.0999755859375,800.010009765625,500.0899963378906,800.0399780273438,800.0599975585938,800.1500244140625,0,0,0,0,0,0,0,0,0,0,0,0,0,0,0,0,112669,95729,84134,84941,99566,107616,119614,117772,53280,95990,108525,114529,58,105445,103146,85105,93007.4375
2018.06.26 11:06:50.652000,#M,799.9199829101562,799.9099731445312,800.0399780273438,799.9299926757812,799.9600219726562,799.9400024414062,799.8200073242188,799.6400146484375,500.1000061035156,800.1199951171875,800.0999755859375,800.010009765625,500.0899963378906,800.0399780273438,800.0599975585938,800.1500244140625,0,0,0,0,0,0,0,0,0,0,0,0,0,0,0,0,113468,96121,84628,85322,99645,107142,119499,118230,52853,96648,107303,115139,63,106263,103036,84559,93119.9375
2018.06.26 11:07:00.851000,#M,799.9199829101562,799.9099731445312,800.0399780273438,799.9299926757812,799.9600219726562,799.9400024414062,799.8200073242188,799.6400146484375,500.1000061035156,800.1199951171875,800.0999755859375,800.010009765625,500.0899963378906,800.0399780273438,800.0599975585938,800.1500244140625,0,0,0,0,0,0,0,0,0,0,0,0,0,0,0,0,112758,96331,83642,85019,100043,107025,119346,117452,52719,96730,107876,114886,60,106115,103610,85187,93049.9375
2018.06.26 11:07:10.685000,#M,799.9199829101562,799.9099731445312,800.0399780273438,799.9299926757812,799.9600219726562,799.9400024414062,799.8200073242188,799.6400146484375,500.1000061035156,800.1199951171875,800.0999755859375,800.010009765625,500.0899963378906,800.0399780273438,800.0599975585938,800.1500244140625,0,0,0,0,0,0,0,0,0,0,0,0,0,0,0,0,113048,95923,83999,85934,99611,106928,119264,117607,52817,96730,107198,114822,44,106009,103063,84659,92978.5
2018.06.26 11:07:20.884000,#M,799.9199829101562,799.9099731445312,800.0399780273438,799.9299926757812,799.9600219726562,799.9400024414062,799.8200073242188,799.6400146484375,500.1000061035156,800.1199951171875,800.0999755859375,800.010009765625,500.0899963378906,800.0399780273438,800.0599975585938,800.1500244140625,0,0,0,0,0,0,0,0,0,0,0,0,0,0,0,0,112423,96009,84184,85353,99605,107117,119204,118218,52868,96675,107933,114687,61,105973,103519,84404,93014.5625
2018.06.26 11:07:30.718000,#M,799.9199829101562,799.9099731445312,800.0399780273438,799.9299926757812,799.9600219726562,799.9400024414062,799.8200073242188,799.6400146484375,500.1000061035156,800.1199951171875,800.0999755859375,800.010009765625,500.0899963378906,800.0399780273438,800.0599975585938,800.1500244140625,0,0,0,0,0,0,0,0,0,0,0,0,0,0,0,0,112568,95868,83575,85403,99808,106496,119313,117904,53044,96737,107588,114346,53,105860,103194,85289,92940.375
2018.06.26 11:07:40.917000,#M,799.9199829101562,799.9099731445312,800.0399780273438,799.9299926757812,799.9600219726562,799.9400024414062,799.8200073242188,799.6400146484375,500.1000061035156,800.1199951171875,800.0999755859375,800.010009765625,500.0899963378906,800.0399780273438,800.0599975585938,800.1500244140625,0,0,0,0,0,0,0,0,0,0,0,0,0,0,0,0,112567,95799,83799,85282,99738,107648,119485,117658,52868,96663,107659,114587,62,106286,103268,85162,93033.1875
2018.06.26 11:07:50.751000,#M,799.9199829101562,799.9099731445312,800.0399780273438,799.9299926757812,799.9600219726562,799.9400024414062,799.8200073242188,799.6400146484375,500.1000061035156,800.1199951171875,800.0999755859375,800.010009765625,500.0899963378906,800.0399780273438,800.0599975585938,800.1500244140625,0,0,0,0,0,0,0,0,0,0,0,0,0,0,0,0,113463,96099,83810,85699,99714,107011,119197,118006,52810,96256,108019,114272,57,105372,103320,85143,93015.5
2018.06.26 11:08:00.950000,#M,799.9199829101562,799.9099731445312,800.0399780273438,799.9299926757812,799.9600219726562,799.9400024414062,799.8200073242188,799.6400146484375,500.1000061035156,800.1199951171875,800.0999755859375,800.010009765625,500.0899963378906,800.0399780273438,800.0599975585938,800.1500244140625,0,0,0,0,0,0,0,0,0,0,0,0,0,0,0,0,112459,95959,84292,85208,99687,107086,119260,117683,52836,96410,107397,114477,67,106073,102657,84927,92904.875
2018.06.26 11:08:10.784000,#M,799.9199829101562,799.9099731445312,800.0399780273438,799.9299926757812,799.9600219726562,799.9400024414062,799.8200073242188,799.6400146484375,500.1000061035156,800.1199951171875,800.0999755859375,800.010009765625,500.0899963378906,800.0399780273438,800.0599975585938,800.1500244140625,0,0,0,0,0,0,0,0,0,0,0,0,0,0,0,0,112804,95944,83900,85335,99585,107082,119257,117838,52814,96219,107645,114174,51,105640,103278,84662,92889.25
2018.06.26 11:08:20.983000,#M,799.9199829101562,799.9099731445312,800.0399780273438,799.9299926757812,799.9600219726562,799.9400024414062,799.8200073242188,799.6400146484375,500.1000061035156,800.1199951171875,800.0999755859375,800.010009765625,500.0899963378906,800.0399780273438,800.0599975585938,800.1500244140625,0,0,0,0,0,0,0,0,0,0,0,0,0,0,0,0,113161,95666,83749,85149,100146,107740,119039,117964,52820,96401,107608,114453,51,105592,103572,84457,92973.0
2018.06.26 11:08:30.817000,#M,799.9199829101562,799.9099731445312,800.0399780273438,799.9299926757812,799.9600219726562,799.9400024414062,799.8200073242188,799.6400146484375,500.1000061035156,800.1199951171875,800.0999755859375,800.010009765625,500.0899963378906,800.0399780273438,800.0599975585938,800.1500244140625,0,0,0,0,0,0,0,0,0,0,0,0,0,0,0,0,112791,96198,83662,85433,99619,106712,118884,117814,52220,96071,107345,113692,57,105708,102946,84066,92701.125
2018.06.26 11:08:40.651000,#M,799.9199829101562,799.9099731445312,800.0399780273438,799.9299926757812,799.9600219726562,799.9400024414062,799.8200073242188,799.6400146484375,500.1000061035156,800.1199951171875,800.0999755859375,800.010009765625,500.0899963378906,800.0399780273438,800.0599975585938,800.1500244140625,0,0,0,0,0,0,0,0,0,0,0,0,0,0,0,0,112898,95761,83755,85481,99939,106493,119302,117322,52542,96334,107609,113869,69,105938,102899,84966,92823.5625
2018.06.26 11:08:50.850000,#M,799.9199829101562,799.9099731445312,800.0399780273438,799.9299926757812,799.9600219726562,799.9400024414062,799.8200073242188,799.6400146484375,500.1000061035156,800.1199951171875,800.0999755859375,800.010009765625,500.0899963378906,800.0399780273438,800.0599975585938,800.1500244140625,0,0,0,0,0,0,0,0,0,0,0,0,0,0,0,0,112022,95966,83488,85310,99442,107069,119190,117720,52653,96391,107170,115073,58,105283,103327,84480,92790.125
2018.06.26 11:09:00.684000,#M,799.9199829101562,799.9099731445312,800.0399780273438,799.9299926757812,799.9600219726562,799.9400024414062,799.8200073242188,799.6400146484375,500.1000061035156,800.1199951171875,800.0999755859375,800.010009765625,500.0899963378906,800.0399780273438,800.0599975585938,800.1500244140625,0,0,0,0,0,0,0,0,0,0,0,0,0,0,0,0,112143,95769,84252,85416,99515,106866,119254,117787,52591,96357,107147,113386,55,105556,103211,84692,92749.8125
2018.06.26 11:09:10.883000,#M,799.9199829101562,799.9099731445312,800.0399780273438,799.9299926757812,799.9600219726562,799.9400024414062,799.8200073242188,799.6400146484375,500.1000061035156,800.1199951171875,800.0999755859375,800.010009765625,500.0899963378906,800.0399780273438,800.0599975585938,800.1500244140625,0,0,0,0,0,0,0,0,0,0,0,0,0,0,0,0,112163,95660,83952,85253,99905,107303,118346,117703,52673,96127,107495,114383,63,105474,103031,83710,92702.5625
2018.06.26 11:09:20.717000,#M,799.9199829101562,799.9099731445312,800.0399780273438,799.9299926757812,799.9600219726562,799.9400024414062,799.8200073242188,799.6400146484375,500.1000061035156,800.1199951171875,800.0999755859375,800.010009765625,500.0899963378906,800.0399780273438,800.0599975585938,800.1500244140625,0,0,0,0,0,0,0,0,0,0,0,0,0,0,0,0,111855,96306,83488,85375,99833,107025,119054,118069,52380,96891,107299,114626,63,105770,102807,84395,92827.25
2018.06.26 11:09:30.916000,#M,799.9199829101562,799.9099731445312,800.0399780273438,799.9299926757812,799.9600219726562,799.9400024414062,799.8200073242188,799.6400146484375,500.1000061035156,800.1199951171875,800.0999755859375,800.010009765625,500.0899963378906,800.0399780273438,800.0599975585938,800.1500244140625,0,0,0,0,0,0,0,0,0,0,0,0,0,0,0,0,112305,96127,83456,85071,99408,107325,118840,117841,52459,96257,107425,114778,50,105321,103636,84115,92775.875
2018.06.26 11:09:40.750000,#M,799.9199829101562,799.9099731445312,800.0399780273438,799.9299926757812,799.9600219726562,799.9400024414062,799.8200073242188,799.6400146484375,500.1000061035156,800.1199951171875,800.0999755859375,800.010009765625,500.0899963378906,800.0399780273438,800.0599975585938,800.1500244140625,0,0,0,0,0,0,0,0,0,0,0,0,0,0,0,0,112667,95963,83592,84852,100030,107258,119210,117411,52569,96287,108239,114682,68,105086,102933,84750,92849.8125
2018.06.26 11:09:50.948000,#M,799.9199829101562,799.9099731445312,800.0399780273438,799.9299926757812,799.9600219726562,799.9400024414062,799.8200073242188,799.6400146484375,500.1000061035156,800.1199951171875,800.0999755859375,800.010009765625,500.0899963378906,800.0399780273438,800.0599975585938,800.1500244140625,0,0,0,0,0,0,0,0,0,0,0,0,0,0,0,0,112497,95715,83887,85298,99667,106930,118799,118068,52769,96453,106900,114602,67,105393,102797,84366,92763.0
2018.06.26 11:10:00.783000,#M,799.9199829101562,799.9099731445312,800.0399780273438,799.9299926757812,799.9600219726562,799.9400024414062,799.8200073242188,799.6400146484375,500.1000061035156,800.1199951171875,800.0999755859375,800.010009765625,500.0899963378906,800.0399780273438,800.0599975585938,800.1500244140625,0,0,0,0,0,0,0,0,0,0,0,0,0,0,0,0,112638,96171,83113,84786,99526,106990,119186,117672,52965,96399,107802,114548,52,105684,103478,84797,92862.9375
2018.06.26 11:10:10.981000,#M,799.9199829101562,799.9099731445312,800.0399780273438,799.9299926757812,799.9600219726562,799.9400024414062,799.8200073242188,799.6400146484375,500.1000061035156,800.1199951171875,800.0999755859375,800.010009765625,500.0899963378906,800.0399780273438,800.0599975585938,800.1500244140625,0,0,0,0,0,0,0,0,0,0,0,0,0,0,0,0,112391,95791,83656,85410,99507,106745,119275,117570,52289,96893,107661,114593,53,105381,103201,85031,92840.4375
2018.06.26 11:10:20.816000,#M,799.9199829101562,799.9099731445312,800.0399780273438,799.9299926757812,799.9600219726562,799.9400024414062,799.8200073242188,799.6400146484375,500.1000061035156,800.1199951171875,800.0999755859375,800.010009765625,500.0899963378906,800.0399780273438,800.0599975585938,800.1500244140625,0,0,0,0,0,0,0,0,0,0,0,0,0,0,0,0,112633,96091,83087,85366,99717,106782,119262,117857,52480,96633,107919,114586,50,105770,102773,85106,92882.0
2018.06.26 11:10:30.650000,#M,799.9199829101562,799.9099731445312,800.0399780273438,799.9299926757812,799.9600219726562,799.9400024414062,799.8200073242188,799.6400146484375,500.1000061035156,800.1199951171875,800.0999755859375,800.010009765625,500.0899963378906,800.0399780273438,800.0599975585938,800.1500244140625,0,0,0,0,0,0,0,0,0,0,0,0,0,0,0,0,112700,95919,83457,84839,99505,106948,118746,117960,52311,96208,108094,114065,75,105274,103104,84843,92753.0
2018.06.26 11:10:40.849000,#M,799.9199829101562,799.9099731445312,800.0399780273438,799.9299926757812,799.9600219726562,799.9400024414062,799.8200073242188,799.6400146484375,500.1000061035156,800.1199951171875,800.0999755859375,800.010009765625,500.0899963378906,800.0399780273438,800.0599975585938,800.1500244140625,0,0,0,0,0,0,0,0,0,0,0,0,0,0,0,0,112712,95916,83673,84879,99872,106873,118520,117091,52535,96390,107159,114206,57,104971,102726,85163,92671.4375
2018.06.26 11:10:50.683000,#M,799.9199829101562,799.9099731445312,800.0399780273438,799.9299926757812,799.9600219726562,799.9400024414062,799.8200073242188,799.6400146484375,500.1000061035156,800.1199951171875,800.0999755859375,800.010009765625,500.0899963378906,800.0399780273438,800.0599975585938,800.1500244140625,0,0,0,0,0,0,0,0,0,0,0,0,0,0,0,0,112858,95648,83285,84763,99614,107217,118884,117123,52809,96568,107504,114283,76,105285,102854,85220,92749.4375
2018.06.26 11:11:00.881000,#M,799.9199829101562,799.9099731445312,800.0399780273438,799.9299926757812,799.9600219726562,799.9400024414062,799.8200073242188,799.6400146484375,500.1000061035156,800.1199951171875,800.0999755859375,800.010009765625,500.0899963378906,800.0399780273438,800.0599975585938,800.1500244140625,0,0,0,0,0,0,0,0,0,0,0,0,0,0,0,0,111913,95835,83369,85069,99211,106740,119049,117243,52649,95641,107470,114447,53,105030,103035,84879,92602.0625
2018.06.26 11:11:10.716000,#M,799.9199829101562,799.9099731445312,800.0399780273438,799.9299926757812,799.9600219726562,799.9400024414062,799.8200073242188,799.6400146484375,500.1000061035156,800.1199951171875,800.0999755859375,800.010009765625,500.0899963378906,800.0399780273438,800.0599975585938,800.1500244140625,0,0,0,0,0,0,0,0,0,0,0,0,0,0,0,0,112504,95625,83303,85106,99030,107239,118868,117126,52509,96228,106831,114608,46,105386,102969,84098,92592.25
2018.06.26 11:11:20.914000,#M,799.9199829101562,799.9099731445312,800.0399780273438,799.9299926757812,799.9600219726562,799.9400024414062,799.8200073242188,799.6400146484375,500.1000061035156,800.1199951171875,800.0999755859375,800.010009765625,500.0899963378906,800.0399780273438,800.0599975585938,800.1500244140625,0,0,0,0,0,0,0,0,0,0,0,0,0,0,0,0,112513,95609,83909,85066,99659,106335,118645,117707,52410,96169,107498,114348,55,105167,102821,84287,92637.375
2018.06.26 11:11:30.749000,#M,799.9199829101562,799.9099731445312,800.0399780273438,799.9299926757812,799.9600219726562,799.9400024414062,799.8200073242188,799.6400146484375,500.1000061035156,800.1199951171875,800.0999755859375,800.010009765625,500.0899963378906,800.0399780273438,800.0599975585938,800.1500244140625,0,0,0,0,0,0,0,0,0,0,0,0,0,0,0,0,111961,96295,83535,85138,99396,106194,118142,117071,52470,96424,106994,114116,59,104741,101931,84967,92464.625
2018.06.26 11:11:40.947000,#M,799.9199829101562,799.9099731445312,800.0399780273438,799.9299926757812,799.9600219726562,799.9400024414062,799.8200073242188,799.6400146484375,500.1000061035156,800.1199951171875,800.0999755859375,800.010009765625,500.0899963378906,800.0399780273438,800.0599975585938,800.1500244140625,0,0,0,0,0,0,0,0,0,0,0,0,0,0,0,0,112001,96094,83788,84719,99115,106297,118675,117466,52597,95915,106775,114180,66,105548,102624,84454,92519.625
2018.06.26 11:11:50.782000,#M,799.9199829101562,799.9099731445312,800.0399780273438,799.9299926757812,799.9600219726562,799.9400024414062,799.8200073242188,799.6400146484375,500.1000061035156,800.1199951171875,800.0999755859375,800.010009765625,500.0899963378906,800.0399780273438,800.0599975585938,800.1500244140625,0,0,0,0,0,0,0,0,0,0,0,0,0,0,0,0,112082,95566,83613,85388,99562,107174,118376,117097,52447,96122,107497,114147,44,104917,103112,84061,92575.3125
2018.06.26 11:12:00.980000,#M,799.9199829101562,799.9099731445312,800.0399780273438,799.9299926757812,799.9600219726562,799.9400024414062,799.8200073242188,799.6400146484375,500.1000061035156,800.1199951171875,800.0999755859375,800.010009765625,500.0899963378906,800.0399780273438,800.0599975585938,800.1500244140625,0,0,0,0,0,0,0,0,0,0,0,0,0,0,0,0,112528,95527,83468,85065,100013,106326,118602,117043,52635,96127,107478,113915,46,105240,102876,84930,92613.6875
2018.06.26 11:12:10.815000,#M,799.9199829101562,799.9099731445312,800.0399780273438,799.9299926757812,799.9600219726562,799.9400024414062,799.8200073242188,799.6400146484375,500.1000061035156,800.1199951171875,800.0999755859375,800.010009765625,500.0899963378906,800.0399780273438,800.0599975585938,800.1500244140625,0,0,0,0,0,0,0,0,0,0,0,0,0,0,0,0,112167,95549,84144,84826,99453,106912,118397,116590,52750,96003,107213,114492,53,104959,102480,84240,92514.25
2018.06.26 11:12:20.649000,#M,799.9199829101562,799.9099731445312,800.0399780273438,799.9299926757812,799.9600219726562,799.9400024414062,799.8200073242188,799.6400146484375,500.1000061035156,800.1199951171875,800.0999755859375,800.010009765625,500.0899963378906,800.0399780273438,800.0599975585938,800.1500244140625,0,0,0,0,0,0,0,0,0,0,0,0,0,0,0,0,112101,95590,84252,84505,99184,106794,118173,116872,52736,96371,107381,114164,46,105777,102457,84195,92537.375
2018.06.26 11:12:30.847000,#M,799.9199829101562,799.9099731445312,800.0399780273438,799.9299926757812,799.9600219726562,799.9400024414062,799.8200073242188,799.6400146484375,500.1000061035156,800.1199951171875,800.0999755859375,800.010009765625,500.0899963378906,800.0399780273438,800.0599975585938,800.1500244140625,0,0,0,0,0,0,0,0,0,0,0,0,0,0,0,0,112037,95640,82994,85287,98820,106771,118715,117271,52328,96292,107698,114080,50,104884,102330,84294,92468.1875
2018.06.26 11:12:40.682000,#M,799.9199829101562,799.9099731445312,800.0399780273438,799.9299926757812,799.9600219726562,799.9400024414062,799.8200073242188,799.6400146484375,500.1000061035156,800.1199951171875,800.0999755859375,800.010009765625,500.0899963378906,800.0399780273438,800.0599975585938,800.1500244140625,0,0,0,0,0,0,0,0,0,0,0,0,0,0,0,0,111510,95919,83373,85370,100042,106606,118397,116833,52326,96219,107080,114678,69,105730,103023,84557,92608.25
2018.06.26 11:12:50.880000,#M,799.9199829101562,799.9099731445312,800.0399780273438,799.9299926757812,799.9600219726562,799.9400024414062,799.8200073242188,799.6400146484375,500.1000061035156,800.1199951171875,800.0999755859375,800.010009765625,500.0899963378906,800.0399780273438,800.0599975585938,800.1500244140625,0,0,0,0,0,0,0,0,0,0,0,0,0,0,0,0,111980,95858,83723,85392,99193,106757,118243,117372,52416,96344,107414,113992,60,105553,102594,84119,92563.125
2018.06.26 11:13:00.715000,#M,799.9199829101562,799.9099731445312,800.0399780273438,799.9299926757812,799.9600219726562,799.9400024414062,799.8200073242188,799.6400146484375,500.1000061035156,800.1199951171875,800.0999755859375,800.010009765625,500.0899963378906,800.0399780273438,800.0599975585938,800.1500244140625,0,0,0,0,0,0,0,0,0,0,0,0,0,0,0,0,112231,95334,82701,84786,99274,106609,118646,117324,52268,96358,107061,114317,66,105332,102873,84541,92482.5625
2018.06.26 11:13:10.913000,#M,799.9199829101562,799.9099731445312,800.0399780273438,799.9299926757812,799.9600219726562,799.9400024414062,799.8200073242188,799.6400146484375,500.1000061035156,800.1199951171875,800.0999755859375,800.010009765625,500.0899963378906,800.0399780273438,800.0599975585938,800.1500244140625,0,0,0,0,0,0,0,0,0,0,0,0,0,0,0,0,112248,95813,83471,84797,99260,106830,118560,116483,52966,95940,107235,114030,58,104905,102660,84468,92482.75
2018.06.26 11:13:20.748000,#M,799.9199829101562,799.9099731445312,800.0399780273438,799.9299926757812,799.9600219726562,799.9400024414062,799.8200073242188,799.6400146484375,500.1000061035156,800.1199951171875,800.0999755859375,800.010009765625,500.0899963378906,800.0399780273438,800.0599975585938,800.1500244140625,0,0,0,0,0,0,0,0,0,0,0,0,0,0,0,0,111960,95417,83015,84630,98775,106383,118613,116509,52906,96420,107168,114009,51,105916,102419,84570,92422.5625
2018.06.26 11:13:30.946000,#M,799.9199829101562,799.9099731445312,800.0399780273438,799.9299926757812,799.9600219726562,799.9400024414062,799.8200073242188,799.6400146484375,500.1000061035156,800.1199951171875,800.0999755859375,800.010009765625,500.0899963378906,800.0399780273438,800.0599975585938,800.1500244140625,0,0,0,0,0,0,0,0,0,0,0,0,0,0,0,0,111266,94900,83385,85187,99347,107106,118607,117091,52711,95534,107518,114582,60,105507,102468,84570,92489.9375
2018.06.26 11:13:40.780000,#M,799.9199829101562,799.9099731445312,800.0399780273438,799.9299926757812,799.9600219726562,799.9400024414062,799.8200073242188,799.6400146484375,500.1000061035156,800.1199951171875,800.0999755859375,800.010009765625,500.0899963378906,800.0399780273438,800.0599975585938,800.1500244140625,0,0,0,0,0,0,0,0,0,0,0,0,0,0,0,0,111725,95584,82914,84719,99538,106784,118228,116855,52259,96142,107330,114277,69,104460,102916,84615,92400.9375
2018.06.26 11:13:50.979000,#M,799.9199829101562,799.9099731445312,800.0399780273438,799.9299926757812,799.9600219726562,799.9400024414062,799.8200073242188,799.6400146484375,500.1000061035156,800.1199951171875,800.0999755859375,800.010009765625,500.0899963378906,800.0399780273438,800.0599975585938,800.1500244140625,0,0,0,0,0,0,0,0,0,0,0,0,0,0,0,0,112532,95032,83364,85206,99463,106182,118256,116970,52604,95797,107085,113717,39,105247,102383,84265,92383.875
2018.06.26 11:14:00.813000,#M,799.9199829101562,799.9099731445312,800.0399780273438,799.9299926757812,799.9600219726562,799.9400024414062,799.8200073242188,799.6400146484375,500.1000061035156,800.1199951171875,800.0999755859375,800.010009765625,500.0899963378906,800.0399780273438,800.0599975585938,800.1500244140625,0,0,0,0,0,0,0,0,0,0,0,0,0,0,0,0,112194,95482,83208,85017,99540,106756,118259,116578,52327,95868,107185,113656,59,105043,101917,84665,92359.625
2018.06.26 11:14:10.648000,#M,799.9199829101562,799.9099731445312,800.0399780273438,799.9299926757812,799.9600219726562,799.9400024414062,799.8200073242188,799.6400146484375,500.1000061035156,800.1199951171875,800.0999755859375,800.010009765625,500.0899963378906,800.0399780273438,800.0599975585938,800.1500244140625,0,0,0,0,0,0,0,0,0,0,0,0,0,0,0,0,111906,95353,83271,84998,99197,106061,118570,117158,52473,96116,106914,113899,58,105188,102888,84777,92426.6875
2018.06.26 11:14:20.846000,#M,799.9199829101562,799.9099731445312,800.0399780273438,799.9299926757812,799.9600219726562,799.9400024414062,799.8200073242188,799.6400146484375,500.1000061035156,800.1199951171875,800.0999755859375,800.010009765625,500.0899963378906,800.0399780273438,800.0599975585938,800.1500244140625,0,0,0,0,0,0,0,0,0,0,0,0,0,0,0,0,111694,95425,83140,84974,98916,106459,118708,116693,52142,96208,107125,113442,45,104752,102120,83844,92230.4375
2018.06.26 11:14:30.681000,#M,799.9199829101562,799.9099731445312,800.0399780273438,799.9299926757812,799.9600219726562,799.9400024414062,799.8200073242188,799.6400146484375,500.1000061035156,800.1199951171875,800.0999755859375,800.010009765625,500.0899963378906,800.0399780273438,800.0599975585938,800.1500244140625,0,0,0,0,0,0,0,0,0,0,0,0,0,0,0,0,112566,95469,82892,84816,99344,106665,118482,116845,52990,95749,107189,114592,54,104902,102215,84050,92426.25
2018.06.26 11:14:40.879000,#M,799.9199829101562,799.9099731445312,800.0399780273438,799.9299926757812,799.9600219726562,799.9400024414062,799.8200073242188,799.6400146484375,500.1000061035156,800.1199951171875,800.0999755859375,800.010009765625,500.0899963378906,800.0399780273438,800.0599975585938,800.1500244140625,0,0,0,0,0,0,0,0,0,0,0,0,0,0,0,0,111468,95653,83322,85277,98664,106554,117934,116497,52380,95892,106865,114276,62,105444,102202,84426,92307.25
2018.06.26 11:14:50.714000,#M,799.9199829101562,799.9099731445312,800.0399780273438,799.9299926757812,799.9600219726562,799.9400024414062,799.8200073242188,799.6400146484375,500.1000061035156,800.1199951171875,800.0999755859375,800.010009765625,500.0899963378906,800.0399780273438,800.0599975585938,800.1500244140625,0,0,0,0,0,0,0,0,0,0,0,0,0,0,0,0,111684,95184,82978,85380,98926,106246,118099,116891,52346,96193,106753,113683,51,104990,101652,84680,92233.5
2018.06.26 11:15:00.912000,#M,799.9199829101562,799.9099731445312,800.0399780273438,799.9299926757812,799.9600219726562,799.9400024414062,799.8200073242188,799.6400146484375,500.1000061035156,800.1199951171875,800.0999755859375,800.010009765625,500.0899963378906,800.0399780273438,800.0599975585938,800.1500244140625,0,0,0,0,0,0,0,0,0,0,0,0,0,0,0,0,112036,95515,82725,84416,98837,105848,118543,116520,52300,96175,106294,113975,57,104599,102509,83612,92122.5625
2018.06.26 11:15:10.746000,#M,799.9199829101562,799.9099731445312,800.0399780273438,799.9299926757812,799.9600219726562,799.9400024414062,799.8200073242188,799.6400146484375,500.1000061035156,800.1199951171875,800.0999755859375,800.010009765625,500.0899963378906,800.0399780273438,800.0599975585938,800.1500244140625,0,0,0,0,0,0,0,0,0,0,0,0,0,0,0,0,111734,95614,82743,84449,99330,106897,117906,116620,52350,96386,107517,113631,59,104398,101709,84080,92213.9375
2018.06.26 11:15:20.946000,#M,799.9199829101562,799.9099731445312,800.0399780273438,799.9299926757812,799.9600219726562,799.9400024414062,799.8200073242188,799.6400146484375,500.1000061035156,800.1199951171875,800.0999755859375,800.010009765625,500.0899963378906,800.0399780273438,800.0599975585938,800.1500244140625,0,0,0,0,0,0,0,0,0,0,0,0,0,0,0,0,111200,95469,82890,84772,98204,106499,118536,116740,51958,95797,106476,113664,57,105104,102150,84077,92099.5625
2018.06.26 11:15:30.779000,#M,799.9199829101562,799.9099731445312,800.0399780273438,799.9299926757812,799.9600219726562,799.9400024414062,799.8200073242188,799.6400146484375,500.1000061035156,800.1199951171875,800.0999755859375,800.010009765625,500.0899963378906,800.0399780273438,800.0599975585938,800.1500244140625,0,0,0,0,0,0,0,0,0,0,0,0,0,0,0,0,111371,94777,83328,84759,99028,106542,118167,116208,52318,96060,107231,113531,48,104884,102087,83939,92142.375
2018.06.26 11:15:40.978000,#M,799.9199829101562,799.9099731445312,800.0399780273438,799.9299926757812,799.9600219726562,799.9400024414062,799.8200073242188,799.6400146484375,500.1000061035156,800.1199951171875,800.0999755859375,800.010009765625,500.0899963378906,800.0399780273438,800.0599975585938,800.1500244140625,0,0,0,0,0,0,0,0,0,0,0,0,0,0,0,0,111638,96031,83133,84466,99201,106346,118017,116653,51877,95593,106739,113655,59,104886,102019,84175,92155.5
2018.06.26 11:15:50.812000,#M,799.9199829101562,799.9099731445312,800.0399780273438,799.9299926757812,799.9600219726562,799.9400024414062,799.8200073242188,799.6400146484375,500.1000061035156,800.1199951171875,800.0999755859375,800.010009765625,500.0899963378906,800.0399780273438,800.0599975585938,800.1500244140625,0,0,0,0,0,0,0,0,0,0,0,0,0,0,0,0,111483,95685,83327,83963,98673,106124,118647,116932,51572,95890,107100,113700,50,104691,102366,84040,92140.1875
2018.06.26 11:15:57.368000,#M,799.9199829101562,799.9099731445312,800.0399780273438,799.9299926757812,799.9600219726562,799.9400024414062,799.8200073242188,799.6400146484375,500.1000061035156,800.1199951171875,800.0999755859375,800.010009765625,500.0899963378906,800.0399780273438,800.0599975585938,800.1500244140625,0,0,0,0,0,0,0,0,0,0,0,0,0,0,0,0,111664,95181,82963,84711,99063,106524,118280,117012,52193,95965,106946,113723,41,104897,101886,83994,92190.1875
