2018.07.31 08:41:20.797000,#M,799.97998046875,799.969970703125,800.1099853515625,799.97998046875,800.0599975585938,800.0700073242188,800.030029296875,799.9000244140625,500.1099853515625,800.1799926757812,800.2100219726562,800.0700073242188,500.07000732421875,800.0599975585938,800.1599731445312,800.1900024414062,0,0,0,0,0,0,0,0,0,0,0,0,0,0,0,0,881,803,608,639,794,846,995,946,389,842,858,955,0,356,847,681,715.0
2018.07.31 08:41:30.995000,#M,799.97998046875,799.969970703125,800.1099853515625,799.97998046875,800.0599975585938,800.0700073242188,800.030029296875,799.9000244140625,500.1099853515625,800.1799926757812,800.2100219726562,800.0700073242188,500.07000732421875,800.0599975585938,800.1599731445312,800.1900024414062,0,0,0,0,0,0,0,0,0,0,0,0,0,0,0,0,936,781,630,639,802,854,972,908,397,814,909,989,0,366,839,663,718.6875
2018.07.31 08:41:31.724000,#M,799.97998046875,799.969970703125,800.1099853515625,799.97998046875,800.0599975585938,800.0700073242188,800.030029296875,799.9000244140625,500.1099853515625,800.1799926757812,800.2100219726562,800.0700073242188,500.0899963378906,800.0599975585938,800.1599731445312,800.1900024414062,0,0,0,0,0,0,0,0,0,0,0,0,0,0,0,0,915,764,676,616,783,893,995,881,373,815,897,966,0,379,837,659,715.5625
2018.07.31 08:41:40.830000,#M,799.97998046875,799.969970703125,800.1099853515625,799.97998046875,800.0599975585938,800.0700073242188,800.030029296875,799.9000244140625,500.1099853515625,800.1799926757812,800.2100219726562,800.0700073242188,500.0899963378906,800.0599975585938,800.1599731445312,800.1900024414062,0,0,0,0,0,0,0,0,0,0,0,0,0,0,0,0,875,793,642,639,830,947,946,923,417,814,836,929,0,324,766,660,708.8125
2018.07.31 08:41:50.664000,#M,799.97998046875,799.969970703125,800.1099853515625,799.97998046875,800.0599975585938,800.0700073242188,800.030029296875,799.9000244140625,500.1099853515625,800.1799926757812,800.2100219726562,800.0700073242188,500.0899963378906,800.0599975585938,800.1599731445312,800.1900024414062,0,0,0,0,0,0,0,0,0,0,0,0,0,0,0,0,944,788,630,667,785,867,917,949,403,813,884,976,0,362,834,662,717.5625
2018.07.31 08:42:00.863000,#M,799.97998046875,799.969970703125,800.1099853515625,799.97998046875,800.0599975585938,800.0700073242188,800.030029296875,799.9000244140625,500.1099853515625,800.1799926757812,800.2100219726562,800.0700073242188,500.0899963378906,800.0599975585938,800.1599731445312,800.1900024414062,0,0,0,0,0,0,0,0,0,0,0,0,0,0,0,0,931,773,638,652,772,868,959,900,356,761,873,945,0,371,802,734,708.4375
2018.07.31 08:42:01.955000,#M,799.97998046875,799.969970703125,800.1099853515625,799.97998046875,800.0599975585938,800.0700073242188,800.030029296875,799.9000244140625,500.1199951171875,800.1799926757812,800.2100219726562,800.0700073242188,500.0899963378906,800.0599975585938,800.1599731445312,800.1900024414062,0,0,0,0,0,0,0,0,0,0,0,0,0,0,0,0,893,738,657,605,766,856,1000,913,385,803,871,1010,0,361,858,661,711.0625
2018.07.31 08:42:10.697000,#M,799.97998046875,799.969970703125,800.1099853515625,799.97998046875,800.0599975585938,800.0700073242188,800.030029296875,799.9000244140625,500.1199951171875,800.1799926757812,800.2100219726562,800.0700073242188,500.0899963378906,800.0599975585938,800.1599731445312,800.1900024414062,0,0,0,0,0,0,0,0,0,0,0,0,0,0,0,0,928,783,643,664,803,865,985,912,379,799,855,987,0,350,802,662,713.5625
2018.07.31 08:42:20.896000,#M,799.97998046875,799.969970703125,800.1099853515625,799.97998046875,800.0599975585938,800.0700073242188,800.030029296875,799.9000244140625,500.1199951171875,800.1799926757812,800.2100219726562,800.0700073242188,500.0899963378906,800.0599975585938,800.1599731445312,800.1900024414062,0,0,0,0,0,0,0,0,0,0,0,0,0,0,0,0,928,765,650,605,808,884,965,885,370,796,872,926,0,329,811,684,704.875
2018.07.31 08:42:30.730000,#M,799.97998046875,799.969970703125,800.1099853515625,799.97998046875,800.0599975585938,800.0700073242188,800.030029296875,799.9000244140625,500.1199951171875,800.1799926757812,800.2100219726562,800.0700073242188,500.0899963378906,800.0599975585938,800.1599731445312,800.1900024414062,0,0,0,0,0,0,0,0,0,0,0,0,0,0,0,0,922,704,658,622,783,782,943,895,386,781,824,986,0,360,788,656,693.125
2018.07.31 08:42:40.928000,#M,799.97998046875,799.969970703125,800.1099853515625,799.97998046875,800.0599975585938,800.0700073242188,800.030029296875,799.9000244140625,500.1199951171875,800.1799926757812,800.2100219726562,800.0700073242188,500.0899963378906,800.0599975585938,800.1599731445312,800.1900024414062,0,0,0,0,0,0,0,0,0,0,0,0,0,0,0,0,924,735,612,659,767,838,920,882,392,793,872,955,0,325,822,708,700.25
2018.07.31 08:42:50.763000,#M,799.97998046875,799.969970703125,800.1099853515625,799.97998046875,800.0599975585938,800.0700073242188,800.030029296875,799.9000244140625,500.1199951171875,800.1799926757812,800.2100219726562,800.0700073242188,500.0899963378906,800.0599975585938,800.1599731445312,800.1900024414062,0,0,0,0,0,0,0,0,0,0,0,0,0,0,0,0,856,750,634,614,844,875,979,836,348,859,931,918,0,349,824,663,705.0
2018.07.31 08:43:00.961000,#M,799.97998046875,799.969970703125,800.1099853515625,799.97998046875,800.0599975585938,800.0700073242188,800.030029296875,799.9000244140625,500.1199951171875,800.1799926757812,800.2100219726562,800.0700073242188,500.0899963378906,800.0599975585938,800.1599731445312,800.1900024414062,0,0,0,0,0,0,0,0,0,0,0,0,0,0,0,0,929,755,629,676,772,897,953,973,391,827,882,908,0,367,791,658,713.0
2018.07.31 08:43:10.796000,#M,799.97998046875,799.969970703125,800.1099853515625,799.97998046875,800.0599975585938,800.0700073242188,800.030029296875,799.9000244140625,500.1199951171875,800.1799926757812,800.2100219726562,800.0700073242188,500.0899963378906,800.0599975585938,800.1599731445312,800.1900024414062,0,0,0,0,0,0,0,0,0,0,0,0,0,0,0,0,929,753,642,639,785,867,964,875,402,831,916,918,0,364,826,639,709.375
2018.07.31 08:43:20.994000,#M,799.97998046875,799.969970703125,800.1099853515625,799.97998046875,800.0599975585938,800.0700073242188,800.030029296875,799.9000244140625,500.1199951171875,800.1799926757812,800.2100219726562,800.0700073242188,500.0899963378906,800.0599975585938,800.1599731445312,800.1900024414062,0,0,0,0,0,0,0,0,0,0,0,0,0,0,0,0,899,745,659,638,804,902,982,926,382,789,914,951,0,373,820,734,719.875
2018.07.31 08:43:30.829000,#M,799.97998046875,799.969970703125,800.1099853515625,799.97998046875,800.0599975585938,800.0700073242188,800.030029296875,799.9000244140625,500.1199951171875,800.1799926757812,800.2100219726562,800.0700073242188,500.0899963378906,800.0599975585938,800.1599731445312,800.1900024414062,0,0,0,0,0,0,0,0,0,0,0,0,0,0,0,0,911,740,660,649,829,872,947,889,375,784,872,981,1,340,819,703,710.75
2018.07.31 08:43:40.663000,#M,799.97998046875,799.969970703125,800.1099853515625,799.97998046875,800.0599975585938,800.0700073242188,800.030029296875,799.9000244140625,500.1199951171875,800.1799926757812,800.2100219726562,800.0700073242188,500.0899963378906,800.0599975585938,800.1599731445312,800.1900024414062,0,0,0,0,0,0,0,0,0,0,0,0,0,0,0,0,930,774,636,625,835,824,979,901,368,826,947,940,0,354,786,692,713.5625
2018.07.31 08:43:50.862000,#M,799.97998046875,799.969970703125,800.1099853515625,799.97998046875,800.0599975585938,800.0700073242188,800.030029296875,799.9000244140625,500.1199951171875,800.1799926757812,800.2100219726562,800.0700073242188,500.0899963378906,800.0599975585938,800.1599731445312,800.1900024414062,0,0,0,0,0,0,0,0,0,0,0,0,0,0,0,0,945,745,663,641,808,893,962,914,393,832,891,925,0,382,838,670,718.875
2018.07.31 08:44:00.696000,#M,799.97998046875,799.969970703125,800.1099853515625,799.97998046875,800.0599975585938,800.0700073242188,800.030029296875,799.9000244140625,500.1199951171875,800.1799926757812,800.2100219726562,800.0700073242188,500.0899963378906,800.0599975585938,800.1599731445312,800.1900024414062,0,0,0,0,0,0,0,0,0,0,0,0,0,0,0,0,932,761,662,652,839,884,1006,929,354,773,860,951,0,332,882,698,719.6875
2018.07.31 08:44:10.894000,#M,799.97998046875,799.969970703125,800.1099853515625,799.97998046875,800.0599975585938,800.0700073242188,800.030029296875,799.9000244140625,500.1199951171875,800.1799926757812,800.2100219726562,800.0700073242188,500.0899963378906,800.0599975585938,800.1599731445312,800.1900024414062,0,0,0,0,0,0,0,0,0,0,0,0,0,0,0,0,963,753,629,646,800,866,1013,940,371,812,857,912,0,366,823,713,716.5
2018.07.31 08:44:20.729000,#M,799.97998046875,799.969970703125,800.1099853515625,799.97998046875,800.0599975585938,800.0700073242188,800.030029296875,799.9000244140625,500.1199951171875,800.1799926757812,800.2100219726562,800.0700073242188,500.0899963378906,800.0599975585938,800.1599731445312,800.1900024414062,0,0,0,0,0,0,0,0,0,0,0,0,0,0,0,0,896,741,622,675,786,861,969,929,419,808,899,906,0,358,750,648,704.1875
2018.07.31 08:44:30.927000,#M,799.97998046875,799.969970703125,800.1099853515625,799.97998046875,800.0599975585938,800.0700073242188,800.030029296875,799.9000244140625,500.1199951171875,800.1799926757812,800.2100219726562,800.0700073242188,500.0899963378906,800.0599975585938,800.1599731445312,800.1900024414062,0,0,0,0,0,0,0,0,0,0,0,0,0,0,0,0,966,753,628,619,782,874,970,892,382,812,869,918,0,350,800,710,707.8125
2018.07.31 08:44:40.762000,#M,799.97998046875,799.969970703125,800.1099853515625,799.97998046875,800.0599975585938,800.0700073242188,800.030029296875,799.9000244140625,500.1199951171875,800.1799926757812,800.2100219726562,800.0700073242188,500.0899963378906,800.0599975585938,800.1599731445312,800.1900024414062,0,0,0,0,0,0,0,0,0,0,0,0,0,0,0,0,888,765,667,627,764,866,951,904,359,850,836,875,0,363,854,681,703.125
2018.07.31 08:44:50.960000,#M,799.97998046875,799.969970703125,800.1099853515625,799.97998046875,800.0599975585938,800.0700073242188,800.030029296875,799.9000244140625,500.1199951171875,800.1799926757812,800.2100219726562,800.0700073242188,500.0899963378906,800.0599975585938,800.1599731445312,800.1900024414062,0,0,0,0,0,0,0,0,0,0,0,0,0,0,0,0,942,795,682,624,792,929,963,879,396,748,831,939,0,350,813,702,711.5625
2018.07.31 08:45:00.795000,#M,799.97998046875,799.969970703125,800.1099853515625,799.97998046875,800.0599975585938,800.0700073242188,800.030029296875,799.9000244140625,500.1199951171875,800.1799926757812,800.2100219726562,800.0700073242188,500.0899963378906,800.0599975585938,800.1599731445312,800.1900024414062,0,0,0,0,0,0,0,0,0,0,0,0,0,0,0,0,930,798,678,687,785,875,1023,895,381,849,899,902,0,357,850,669,723.625
2018.07.31 08:45:10.994000,#M,799.97998046875,799.969970703125,800.1099853515625,799.97998046875,800.0599975585938,800.0700073242188,800.030029296875,799.9000244140625,500.1199951171875,800.1799926757812,800.2100219726562,800.0700073242188,500.0899963378906,800.0599975585938,800.1599731445312,800.1900024414062,0,0,0,0,0,0,0,0,0,0,0,0,0,0,0,0,912,783,673,667,775,848,940,906,368,804,833,925,0,308,825,685,703.25
2018.07.31 08:45:20.827000,#M,799.97998046875,799.969970703125,800.1099853515625,799.97998046875,800.0599975585938,800.0700073242188,800.030029296875,799.9000244140625,500.1199951171875,800.1799926757812,800.2100219726562,800.0700073242188,500.0899963378906,800.0599975585938,800.1599731445312,800.1900024414062,0,0,0,0,0,0,0,0,0,0,0,0,0,0,0,0,909,776,656,587,767,906,947,916,374,805,855,912,0,338,851,643,702.625
2018.07.31 08:45:30.662000,#M,799.97998046875,799.969970703125,800.1099853515625,799.97998046875,800.0599975585938,800.0700073242188,800.030029296875,799.9000244140625,500.1199951171875,800.1799926757812,800.2100219726562,800.0700073242188,500.0899963378906,800.0599975585938,800.1599731445312,800.1900024414062,0,0,0,0,0,0,0,0,0,0,0,0,0,0,0,0,931,724,651,632,797,887,1004,920,418,820,826,951,0,384,797,690,714.5
2018.07.31 08:45:40.860000,#M,799.97998046875,799.969970703125,800.1099853515625,799.97998046875,800.0599975585938,800.0700073242188,800.030029296875,799.9000244140625,500.1199951171875,800.1799926757812,800.2100219726562,800.0700073242188,500.0899963378906,800.0599975585938,800.1599731445312,800.1900024414062,0,0,0,0,0,0,0,0,0,0,0,0,0,0,0,0,995,778,659,669,819,892,998,898,349,812,857,900,0,384,834,678,720.125
2018.07.31 08:45:50.695000,#M,799.97998046875,799.969970703125,800.1099853515625,799.97998046875,800.0599975585938,800.0700073242188,800.030029296875,799.9000244140625,500.1199951171875,800.1799926757812,800.2100219726562,800.0700073242188,500.0899963378906,800.0599975585938,800.1599731445312,800.1900024414062,0,0,0,0,0,0,0,0,0,0,0,0,0,0,0,0,970,736,618,616,824,871,966,895,383,814,866,949,0,383,868,711,716.875
2018.07.31 08:45:56.887000,#M,799.97998046875,799.969970703125,800.1099853515625,799.97998046875,800.0599975585938,800.0700073242188,800.030029296875,799.9000244140625,500.1199951171875,800.1799926757812,800.2100219726562,800.0700073242188,500.0899963378906,800.0700073242188,800.1599731445312,800.1900024414062,0,0,0,0,0,0,0,0,0,0,0,0,0,0,0,0,916,793,666,615,810,870,984,941,398,777,892,866,0,387,831,672,713.625
2018.07.31 08:46:00.893000,#M,799.97998046875,799.969970703125,800.1099853515625,799.97998046875,800.0599975585938,800.0700073242188,800.030029296875,799.9000244140625,500.1199951171875,800.1799926757812,800.2100219726562,800.0700073242188,500.0899963378906,800.0700073242188,800.1599731445312,800.1900024414062,0,0,0,0,0,0,0,0,0,0,0,0,0,0,0,0,933,762,638,665,795,833,958,896,362,813,842,915,0,348,815,719,705.875
2018.07.31 08:46:10.728000,#M,799.97998046875,799.969970703125,800.1099853515625,799.97998046875,800.0599975585938,800.0700073242188,800.030029296875,799.9000244140625,500.1199951171875,800.1799926757812,800.2100219726562,800.0700073242188,500.0899963378906,800.0700073242188,800.1599731445312,800.1900024414062,0,0,0,0,0,0,0,0,0,0,0,0,0,0,0,0,889,773,623,626,788,865,941,903,362,794,894,925,0,395,839,685,706.375
2018.07.31 08:46:20.926000,#M,799.97998046875,799.969970703125,800.1099853515625,799.97998046875,800.0599975585938,800.0700073242188,800.030029296875,799.9000244140625,500.1199951171875,800.1799926757812,800.2100219726562,800.0700073242188,500.0899963378906,800.0700073242188,800.1599731445312,800.1900024414062,0,0,0,0,0,0,0,0,0,0,0,0,0,0,0,0,895,805,633,651,818,852,1001,964,381,780,887,952,0,367,857,702,721.5625
2018.07.31 08:46:22.747000,#M,799.97998046875,799.969970703125,800.1099853515625,799.969970703125,800.0599975585938,800.0700073242188,800.030029296875,799.9000244140625,500.1199951171875,800.1799926757812,800.2100219726562,800.0700073242188,500.0899963378906,800.0700073242188,800.1599731445312,800.1900024414062,0,0,0,0,0,0,0,0,0,0,0,0,0,0,0,0,934,783,613,654,777,870,1021,888,379,784,870,980,0,342,783,703,711.3125
2018.07.31 08:46:30.760000,#M,799.97998046875,799.969970703125,800.1099853515625,799.969970703125,800.0599975585938,800.0700073242188,800.030029296875,799.9000244140625,500.1199951171875,800.1799926757812,800.2100219726562,800.0700073242188,500.0899963378906,800.0700073242188,800.1599731445312,800.1900024414062,0,0,0,0,0,0,0,0,0,0,0,0,0,0,0,0,917,796,649,634,788,830,986,908,367,765,934,983,0,378,792,706,714.5625
2018.07.31 08:46:36.952000,#M,799.97998046875,799.969970703125,800.1099853515625,799.969970703125,800.0599975585938,800.0700073242188,800.030029296875,799.9000244140625,500.1199951171875,800.1799926757812,800.2100219726562,800.0700073242188,500.0899963378906,800.0700073242188,800.1500244140625,800.1900024414062,0,0,0,0,0,0,0,0,0,0,0,0,0,0,0,0,928,805,607,637,830,847,969,897,347,781,871,927,0,332,773,706,703.5625
2018.07.31 08:46:40.959000,#M,799.97998046875,799.969970703125,800.1099853515625,799.969970703125,800.0599975585938,800.0700073242188,800.030029296875,799.9000244140625,500.1199951171875,800.1799926757812,800.2100219726562,800.0700073242188,500.0899963378906,800.0700073242188,800.1500244140625,800.1900024414062,0,0,0,0,0,0,0,0,0,0,0,0,0,0,0,0,944,772,632,668,837,914,990,903,346,828,899,966,0,352,786,697,720.875
2018.07.31 08:46:42.780000,#M,799.97998046875,799.969970703125,800.1300048828125,799.969970703125,800.0599975585938,800.0700073242188,800.030029296875,799.9000244140625,500.1199951171875,800.1799926757812,800.2100219726562,800.0700073242188,500.0899963378906,800.0700073242188,800.1500244140625,800.1900024414062,0,0,0,0,0,0,0,0,0,0,0,0,0,0,0,0,924,769,661,635,802,844,1016,871,372,804,864,907,0,387,837,704,712.3125
2018.07.31 08:46:50.793000,#M,799.97998046875,799.969970703125,800.1300048828125,799.969970703125,800.0599975585938,800.0700073242188,800.030029296875,799.9000244140625,500.1199951171875,800.1799926757812,800.2100219726562,800.0700073242188,500.0899963378906,800.0700073242188,800.1500244140625,800.1900024414062,0,0,0,0,0,0,0,0,0,0,0,0,0,0,0,0,933,741,674,650,803,842,983,909,403,821,862,932,0,352,795,703,712.6875
2018.07.31 08:46:58.806000,#M,799.97998046875,799.969970703125,800.1300048828125,799.969970703125,800.0599975585938,800.0599975585938,800.030029296875,799.9000244140625,500.1199951171875,800.1799926757812,800.2100219726562,800.0700073242188,500.0899963378906,800.0700073242188,800.1500244140625,800.1900024414062,0,0,0,0,0,0,0,0,0,0,0,0,0,0,0,0,931,802,660,654,794,838,935,918,388,789,858,894,0,373,807,688,708.0625
2018.07.31 08:47:00.992000,#M,799.97998046875,799.969970703125,800.1300048828125,799.969970703125,800.0599975585938,800.0599975585938,800.030029296875,799.9000244140625,500.1199951171875,800.1799926757812,800.2100219726562,800.0700073242188,500.0899963378906,800.0700073242188,800.1500244140625,800.1900024414062,0,0,0,0,0,0,0,0,0,0,0,0,0,0,0,0,897,782,657,665,786,861,930,878,379,742,874,960,0,367,812,676,704.125
2018.07.31 08:47:02.813000,#M,799.97998046875,799.969970703125,800.1300048828125,799.969970703125,800.0599975585938,800.0599975585938,800.02001953125,799.9000244140625,500.1199951171875,800.1799926757812,800.2100219726562,800.0700073242188,500.0899963378906,800.0700073242188,800.1500244140625,800.1900024414062,0,0,0,0,0,0,0,0,0,0,0,0,0,0,0,0,927,779,600,646,820,820,999,908,361,765,853,966,0,366,853,688,709.4375
2018.07.31 08:47:10.826000,#M,799.97998046875,799.969970703125,800.1300048828125,799.969970703125,800.0599975585938,800.0599975585938,800.02001953125,799.9000244140625,500.1199951171875,800.1799926757812,800.2100219726562,800.0700073242188,500.0899963378906,800.0700073242188,800.1500244140625,800.1900024414062,0,0,0,0,0,0,0,0,0,0,0,0,0,0,0,0,857,791,639,634,836,893,988,930,369,787,921,901,0,369,839,697,715.6875
2018.07.31 08:47:18.839000,#M,799.969970703125,799.969970703125,800.1300048828125,799.969970703125,800.0599975585938,800.0599975585938,800.02001953125,799.9000244140625,500.1199951171875,800.1799926757812,800.2100219726562,800.0700073242188,500.0899963378906,800.0700073242188,800.1500244140625,800.1900024414062,0,0,0,0,0,0,0,0,0,0,0,0,0,0,0,0,913,761,650,599,765,858,977,927,406,835,877,952,0,377,815,676,711.75
2018.07.31 08:47:20.661000,#M,799.969970703125,799.969970703125,800.1300048828125,799.969970703125,800.0599975585938,800.0599975585938,800.02001953125,799.9000244140625,500.1199951171875,800.1799926757812,800.2100219726562,800.0700073242188,500.0899963378906,800.0700073242188,800.1500244140625,800.1900024414062,0,0,0,0,0,0,0,0,0,0,0,0,0,0,0,0,935,745,660,620,788,867,991,929,352,785,900,898,0,342,824,652,705.5
2018.07.31 08:47:30.859000,#M,799.969970703125,799.969970703125,800.1300048828125,799.969970703125,800.0599975585938,800.0599975585938,800.02001953125,799.9000244140625,500.1199951171875,800.1799926757812,800.2100219726562,800.0700073242188,500.0899963378906,800.0700073242188,800.1500244140625,800.1900024414062,0,0,0,0,0,0,0,0,0,0,0,0,0,0,0,0,927,758,625,650,818,820,939,913,391,793,882,926,0,351,765,638,699.75
2018.07.31 08:47:38.872000,#M,799.969970703125,799.969970703125,800.1300048828125,799.969970703125,800.0599975585938,800.0599975585938,800.02001953125,799.9000244140625,500.1199951171875,800.1799926757812,800.2000122070312,800.0700073242188,500.0899963378906,800.0700073242188,800.1500244140625,800.1900024414062,0,0,0,0,0,0,0,0,0,0,0,0,0,0,0,0,928,753,628,679,768,885,980,926,416,810,953,930,0,379,856,657,721.75
2018.07.31 08:47:40.693000,#M,799.969970703125,799.969970703125,800.1300048828125,799.969970703125,800.0599975585938,800.0599975585938,800.02001953125,799.9000244140625,500.1199951171875,800.1799926757812,800.2000122070312,800.0700073242188,500.0899963378906,800.0700073242188,800.1500244140625,800.1900024414062,0,0,0,0,0,0,0,0,0,0,0,0,0,0,0,0,874,727,652,623,820,835,936,934,425,795,874,929,0,389,800,657,704.375
2018.07.31 08:47:50.892000,#M,799.969970703125,799.969970703125,800.1300048828125,799.969970703125,800.0599975585938,800.0599975585938,800.02001953125,799.9000244140625,500.1199951171875,800.1799926757812,800.2000122070312,800.0700073242188,500.0899963378906,800.0700073242188,800.1500244140625,800.1900024414062,0,0,0,0,0,0,0,0,0,0,0,0,0,0,0,0,914,755,597,681,816,906,947,897,386,758,880,925,0,354,811,704,708.1875
2018.07.31 08:48:00.726000,#M,799.969970703125,799.969970703125,800.1300048828125,799.969970703125,800.0599975585938,800.0599975585938,800.02001953125,799.9000244140625,500.1199951171875,800.1799926757812,800.2000122070312,800.0700073242188,500.0899963378906,800.0700073242188,800.1500244140625,800.1900024414062,0,0,0,0,0,0,0,0,0,0,0,0,0,0,0,0,927,783,625,617,776,864,977,868,382,793,873,903,0,315,804,658,697.8125
2018.07.31 08:48:10.925000,#M,799.969970703125,799.969970703125,800.1300048828125,799.969970703125,800.0599975585938,800.0599975585938,800.02001953125,799.9000244140625,500.1199951171875,800.1799926757812,800.2000122070312,800.0700073242188,500.0899963378906,800.0700073242188,800.1500244140625,800.1900024414062,0,0,0,0,0,0,0,0,0,0,0,0,0,0,0,0,928,730,646,607,842,891,934,924,378,773,904,903,0,331,796,655,702.625
2018.07.31 08:48:20.759000,#M,799.969970703125,799.969970703125,800.1300048828125,799.969970703125,800.0599975585938,800.0599975585938,800.02001953125,799.9000244140625,500.1199951171875,800.1799926757812,800.2000122070312,800.0700073242188,500.0899963378906,800.0700073242188,800.1500244140625,800.1900024414062,0,0,0,0,0,0,0,0,0,0,0,0,0,0,0,0,951,770,634,629,792,843,969,911,351,827,906,893,0,350,840,660,707.875
2018.07.31 08:48:30.958000,#M,799.969970703125,799.969970703125,800.1300048828125,799.969970703125,800.0599975585938,800.0599975585938,800.02001953125,799.9000244140625,500.1199951171875,800.1799926757812,800.2000122070312,800.0700073242188,500.0899963378906,800.0700073242188,800.1500244140625,800.1900024414062,0,0,0,0,0,0,0,0,0,0,0,0,0,0,0,0,926,756,648,639,826,847,975,876,377,723,886,950,0,356,798,683,704.125
2018.07.31 08:48:40.792000,#M,799.969970703125,799.969970703125,800.1300048828125,799.969970703125,800.0599975585938,800.0599975585938,800.02001953125,799.9199829101562,500.1199951171875,800.1799926757812,800.2000122070312,800.0700073242188,500.0899963378906,800.0700073242188,800.1500244140625,800.1900024414062,0,0,0,0,0,0,0,0,0,0,0,0,0,0,0,0,902,765,631,638,797,859,1019,907,377,759,886,921,0,353,793,691,706.125
2018.07.31 08:48:46.984000,#M,799.969970703125,799.969970703125,800.1300048828125,799.969970703125,800.0,800.0599975585938,800.02001953125,799.9199829101562,500.1199951171875,800.1799926757812,800.2000122070312,800.0700073242188,500.0899963378906,800.0700073242188,800.1500244140625,800.1900024414062,0,0,0,0,0,0,0,0,0,0,0,0,0,0,0,0,944,773,613,618,822,872,929,821,387,821,888,936,0,380,815,708,707.9375
2018.07.31 08:48:50.991000,#M,799.969970703125,799.969970703125,800.1300048828125,799.969970703125,800.0,800.0599975585938,800.02001953125,799.9199829101562,500.1199951171875,800.1799926757812,800.2000122070312,800.0700073242188,500.0899963378906,800.0700073242188,800.1500244140625,800.1900024414062,0,0,0,0,0,0,0,0,0,0,0,0,0,0,0,0,848,783,595,568,808,862,958,947,353,769,906,913,0,335,806,672,695.1875
2018.07.31 08:49:00.825000,#M,799.969970703125,799.969970703125,800.1300048828125,799.969970703125,800.0,800.0599975585938,800.02001953125,799.9199829101562,500.1199951171875,800.1799926757812,800.2000122070312,800.0700073242188,500.0899963378906,800.0700073242188,800.1500244140625,800.1900024414062,0,0,0,0,0,0,0,0,0,0,0,0,0,0,0,0,962,791,621,599,777,856,955,877,373,798,908,928,0,347,759,701,703.25
2018.07.31 08:49:10.659000,#M,799.969970703125,799.969970703125,800.1300048828125,799.969970703125,800.0,800.0599975585938,800.02001953125,799.9199829101562,500.1199951171875,800.1799926757812,800.2000122070312,800.0700073242188,500.0899963378906,800.0700073242188,800.1500244140625,800.1900024414062,0,0,0,0,0,0,0,0,0,0,0,0,0,0,0,0,918,734,622,649,817,932,953,909,371,807,841,944,0,374,806,708,711.5625
2018.07.31 08:49:20.858000,#M,799.969970703125,799.969970703125,800.1300048828125,799.969970703125,800.0,800.0599975585938,800.02001953125,799.9199829101562,500.1199951171875,800.1799926757812,800.2000122070312,800.0700073242188,500.0899963378906,800.0700073242188,800.1500244140625,800.1900024414062,0,0,0,0,0,0,0,0,0,0,0,0,0,0,0,0,942,752,585,681,809,843,955,909,397,743,844,947,0,388,814,696,706.5625
2018.07.31 08:49:30.692000,#M,799.969970703125,799.969970703125,800.1300048828125,799.969970703125,800.0,800.0599975585938,800.02001953125,799.9199829101562,500.1199951171875,800.1799926757812,800.2000122070312,800.0700073242188,500.0899963378906,800.0700073242188,800.1500244140625,800.1900024414062,0,0,0,0,0,0,0,0,0,0,0,0,0,0,0,0,929,742,673,686,818,873,1020,876,371,772,892,918,0,338,789,696,712.0625
2018.07.31 08:49:40.891000,#M,799.969970703125,799.969970703125,800.1300048828125,799.969970703125,800.0,800.0599975585938,800.02001953125,799.9199829101562,500.1199951171875,800.1799926757812,800.2000122070312,800.0700073242188,500.0899963378906,800.0700073242188,800.1500244140625,800.1900024414062,0,0,0,0,0,0,0,0,0,0,0,0,0,0,0,0,897,794,658,594,839,869,940,911,390,836,832,960,0,331,852,683,711.625
2018.07.31 08:49:50.725000,#M,799.969970703125,799.969970703125,800.1300048828125,799.969970703125,800.0,800.0599975585938,800.02001953125,799.9199829101562,500.1199951171875,800.1799926757812,800.2000122070312,800.0700073242188,500.0899963378906,800.0700073242188,800.1500244140625,800.1900024414062,0,0,0,0,0,0,0,0,0,0,0,0,0,0,0,0,893,739,669,657,792,866,947,875,377,802,875,952,0,358,779,694,704.6875
2018.07.31 08:50:00.924000,#M,799.969970703125,799.969970703125,800.1300048828125,799.969970703125,800.0,800.0599975585938,800.02001953125,799.9199829101562,500.1199951171875,800.1799926757812,800.2000122070312,800.0700073242188,500.0899963378906,800.0700073242188,800.1500244140625,800.1900024414062,0,0,0,0,0,0,0,0,0,0,0,0,0,0,0,0,916,703,610,641,765,847,936,910,369,860,827,897,0,378,830,660,696.8125
2018.07.31 08:50:10.758000,#M,799.969970703125,799.969970703125,800.1300048828125,799.969970703125,800.0,800.0599975585938,800.02001953125,799.9199829101562,500.1199951171875,800.1799926757812,800.2000122070312,800.0700073242188,500.0899963378906,800.0700073242188,800.1500244140625,800.1900024414062,0,0,0,0,0,0,0,0,0,0,0,0,0,0,0,0,954,750,621,632,833,865,1003,918,395,766,858,931,0,380,746,668,707.5
2018.07.31 08:50:19.864000,#M,799.969970703125,799.969970703125,800.1300048828125,799.969970703125,800.0,800.0599975585938,800.02001953125,799.9199829101562,500.1199951171875,800.1799926757812,800.2000122070312,800.0800170898438,500.0899963378906,800.0700073242188,800.1500244140625,800.1900024414062,0,0,0,0,0,0,0,0,0,0,0,0,0,0,0,0,920,761,638,589,826,856,962,867,426,785,888,908,0,364,800,682,704.5
2018.07.31 08:50:20.957000,#M,799.969970703125,799.969970703125,800.1300048828125,799.969970703125,800.0,800.0599975585938,800.02001953125,799.9199829101562,500.1199951171875,800.1799926757812,800.2000122070312,800.0800170898438,500.0899963378906,800.0700073242188,800.1500244140625,800.1900024414062,0,0,0,0,0,0,0,0,0,0,0,0,0,0,0,0,878,741,665,603,774,856,953,888,387,800,871,879,0,357,778,649,692.4375
2018.07.31 08:50:30.791000,#M,799.969970703125,799.969970703125,800.1300048828125,799.969970703125,800.0,800.0599975585938,800.02001953125,799.9199829101562,500.1199951171875,800.1799926757812,800.2000122070312,800.0800170898438,500.0899963378906,800.0700073242188,800.1500244140625,800.1900024414062,0,0,0,0,0,0,0,0,0,0,0,0,0,0,0,0,937,744,649,606,765,853,927,848,373,795,837,957,0,341,792,689,694.5625
2018.07.31 08:50:40.990000,#M,799.969970703125,799.969970703125,800.1300048828125,799.969970703125,800.0,800.0599975585938,800.02001953125,799.9199829101562,500.1199951171875,800.1799926757812,800.2000122070312,800.0800170898438,500.0899963378906,800.0700073242188,800.1500244140625,800.1900024414062,0,0,0,0,0,0,0,0,0,0,0,0,0,0,0,0,902,780,640,623,835,836,1005,900,374,799,887,887,0,339,783,650,702.5
2018.07.31 08:50:50.824000,#M,799.969970703125,799.969970703125,800.1300048828125,799.969970703125,800.0,800.0599975585938,800.02001953125,799.9199829101562,500.1199951171875,800.1799926757812,800.2000122070312,800.0800170898438,500.0899963378906,800.0700073242188,800.1500244140625,800.1900024414062,0,0,0,0,0,0,0,0,0,0,0,0,0,0,0,0,947,738,599,653,783,867,965,948,370,777,914,953,0,379,815,676,711.5
2018.07.31 08:51:00.658000,#M,799.969970703125,799.969970703125,800.1300048828125,799.969970703125,800.0,800.0599975585938,800.02001953125,799.9199829101562,500.1199951171875,800.1799926757812,800.2000122070312,800.0800170898438,500.0899963378906,800.0700073242188,800.1500244140625,800.1900024414062,0,0,0,0,0,0,0,0,0,0,0,0,0,0,0,0,920,756,616,658,779,856,977,979,373,804,910,948,0,364,791,715,715.375
2018.07.31 08:51:10.857000,#M,799.969970703125,799.969970703125,800.1300048828125,799.969970703125,800.0,800.0599975585938,800.02001953125,799.9199829101562,500.1199951171875,800.1799926757812,800.2000122070312,800.0800170898438,500.0899963378906,800.0700073242188,800.1500244140625,800.1900024414062,0,0,0,0,0,0,0,0,0,0,0,0,0,0,0,0,941,753,646,652,787,856,1012,845,368,784,852,883,0,370,815,686,703.125
2018.07.31 08:51:11.950000,#M,775.4000244140625,775.3699951171875,776.7899780273438,776.5700073242188,776.6400146484375,777.9099731445312,777.9099731445312,778.9400024414062,479.260009765625,780.4099731445312,780.3699951171875,781.530029296875,481.5299987792969,781.52001953125,782.760009765625,782.7999877929688,0,0,0,0,0,0,0,0,0,0,0,0,0,0,0,0,901,776,614,636,813,827,981,853,368,828,863,947,0,355,851,700,707.0625
2018.07.31 08:51:13.771000,#M,717.9199829101562,717.760009765625,719.1199951171875,718.9099731445312,719.030029296875,720.25,720.3800048828125,721.280029296875,421.70001220703125,722.780029296875,722.8499755859375,723.8499755859375,423.94000244140625,723.9000244140625,725.2100219726562,725.239990234375,0,0,0,0,0,0,0,0,0,0,0,0,0,0,0,0,914,751,623,649,856,829,918,870,399,780,810,922,0,318,768,628,689.6875
2018.07.31 08:51:15.956000,#M,679.5,679.3300170898438,680.739990234375,680.5,680.6300048828125,681.8099975585938,681.9299926757812,682.9000244140625,383.2099914550781,684.280029296875,684.3499755859375,685.3400268554688,385.57000732421875,685.4000244140625,686.7999877929688,686.8300170898438,0,0,0,0,0,0,0,0,0,0,0,0,0,0,0,0,898,730,619,592,829,820,949,877,389,799,824,916,0,369,805,607,688.9375
2018.07.31 08:51:17.777000,#M,621.9600219726562,621.7100219726562,623.1500244140625,622.8200073242188,623.0700073242188,624.1300048828125,624.3800048828125,625.25,325.45001220703125,626.5900268554688,626.8300170898438,627.7100219726562,327.95001220703125,627.8099975585938,629.25,629.2899780273438,0,0,0,0,0,0,0,0,0,0,0,0,0,0,0,0,904,729,649,613,786,808,966,845,329,786,882,932,0,363,786,628,687.875
2018.07.31 08:51:19.963000,#M,583.5999755859375,583.2899780273438,584.72998046875,584.4199829101562,584.72998046875,585.6599731445312,586.1300048828125,586.8200073242188,268.0899963378906,568.97998046875,568.8900146484375,570.0900268554688,270.1000061035156,570.1199951171875,571.780029296875,571.6599731445312,0,0,0,0,0,0,0,0,0,0,0,0,0,0,0,0,922,730,613,587,838,847,973,932,310,763,839,925,0,422,779,609,693.0625
2018.07.31 08:51:20.691000,#M,583.5999755859375,583.2899780273438,584.72998046875,584.4199829101562,584.72998046875,585.6599731445312,586.1300048828125,586.8200073242188,268.0899963378906,568.97998046875,568.8900146484375,570.0900268554688,270.1000061035156,570.1199951171875,571.780029296875,571.6599731445312,0,0,0,0,0,0,0,0,0,0,0,0,0,0,0,0,888,681,607,621,766,844,976,828,298,770,843,927,0,380,740,605,673.375
2018.07.31 08:51:21.784000,#M,526.0599975585938,525.7000122070312,526.969970703125,526.780029296875,527.1400146484375,528.0499877929688,528.47998046875,529.0800170898438,229.3300018310547,530.5999755859375,530.719970703125,531.75,231.8000030517578,531.6599731445312,533.27001953125,533.2100219726562,0,0,0,0,0,0,0,0,0,0,0,0,0,0,0,0,860,705,583,541,813,806,940,851,262,766,829,862,0,388,753,592,659.4375
2018.07.31 08:51:23.969000,#M,468.3800048828125,468.19000244140625,469.489990234375,469.4100036621094,469.4700012207031,470.3800048828125,470.95001220703125,471.67999267578125,172.7100067138672,473.0199890136719,473.29998779296875,474.0400085449219,174.33999633789062,474.29998779296875,475.7099914550781,475.7300109863281,0,0,0,0,0,0,0,0,0,0,0,0,0,0,0,0,877,728,560,556,827,820,884,847,84,735,839,909,0,414,738,597,650.9375
2018.07.31 08:51:25.790000,#M,430.0199890136719,429.8500061035156,431.05999755859375,430.7799987792969,431.0199890136719,431.69000244140625,432.4599914550781,432.9100036621094,134.77000427246094,434.6099853515625,434.9100036621094,435.67999267578125,135.8000030517578,435.739990234375,417.9599914550781,418.239990234375,0,0,0,0,0,0,0,0,0,0,0,0,0,0,0,0,845,674,547,546,745,829,925,776,65,767,790,879,0,420,736,550,630.875
2018.07.31 08:51:27.976000,#M,372.510009765625,372.05999755859375,373.95001220703125,373.54998779296875,373.5299987792969,374.2300109863281,374.9599914550781,375.57000732421875,100.26000213623047,377.20001220703125,377.2200012207031,378.05999755859375,99.70999908447266,358.8800048828125,360.3800048828125,360.739990234375,0,0,0,0,0,0,0,0,0,0,0,0,0,0,0,0,838,639,539,514,752,788,897,672,77,725,798,828,0,482,757,454,610.0
2018.07.31 08:51:29.797000,#M,334.2699890136719,333.6700134277344,335.55999755859375,334.7099914550781,335.010009765625,336.04998779296875,336.42999267578125,336.8699951171875,100.26000213623047,319.25,319.7900085449219,320.3999938964844,99.70999908447266,320.4200134277344,321.95001220703125,322.2799987792969,0,0,0,0,0,0,0,0,0,0,0,0,0,0,0,0,757,585,422,463,709,720,768,552,72,725,755,747,0,458,649,372,547.125
2018.07.31 08:51:30.890000,#M,334.2699890136719,333.6700134277344,335.55999755859375,334.7099914550781,335.010009765625,336.04998779296875,336.42999267578125,336.8699951171875,100.26000213623047,319.25,319.7900085449219,320.3999938964844,99.70999908447266,320.4200134277344,321.95001220703125,322.2799987792969,0,0,0,0,0,0,0,0,0,0,0,0,0,0,0,0,667,529,388,440,742,705,713,450,78,675,755,633,0,415,611,255,503.5
2018.07.31 08:51:31.982000,#M,276.4599914550781,276.07000732421875,277.6700134277344,276.80999755859375,277.2900085449219,278.32000732421875,278.9100036621094,279.3999938964844,100.26000213623047,280.8599853515625,281.1300048828125,281.80999755859375,99.70999908447266,263.0799865722656,264.1300048828125,264.5299987792969,0,0,0,0,0,0,0,0,0,0,0,0,0,0,0,0,542,462,301,330,638,571,435,227,68,630,622,386,0,276,463,123,379.625
2018.07.31 08:51:33.804000,#M,218.99000549316406,218.3800048828125,220.17999267578125,219.5,219.7899932861328,220.3800048828125,221.4600067138672,221.7100067138672,100.26000213623047,223.11000061035156,223.6999969482422,224.3000030517578,99.70999908447266,224.52999877929688,226.1999969482422,226.27000427246094,0,0,0,0,0,0,0,0,0,0,0,0,0,0,0,0,221,245,157,175,399,304,218,253,90,313,199,206,0,104,192,131,200.4375
2018.07.31 08:51:35.989000,#M,180.3699951171875,179.9199981689453,181.89999389648438,180.66000366210938,181.75,182.16000366210938,183.60000610351562,183.42999267578125,100.26000213623047,185.07000732421875,166.32000732421875,166.8699951171875,99.70999908447266,166.7899932861328,168.32000732421875,168.7899932861328,0,0,0,0,0,0,0,0,0,0,0,0,0,0,0,0,295,271,161,291,203,295,336,278,53,186,199,245,0,83,234,200,208.125
2018.07.31 08:51:37.810000,#M,123.05000305175781,122.19000244140625,124.33000183105469,122.72000122070312,124.1500015258789,124.30999755859375,125.8499984741211,125.95999908447266,100.26000213623047,108.20999908447266,108.69999694824219,109.06999969482422,99.70999908447266,109.33000183105469,110.80999755859375,111.33999633789062,0,0,0,0,0,0,0,0,0,0,0,0,0,0,0,0,184,122,109,245,255,230,253,43,84,173,38,71,0,54,110,77,128.0
2018.07.31 08:51:39.996000,#M,99.62999725341797,99.43000030517578,99.6500015258789,99.06999969482422,99.56999969482422,100.1500015258789,99.7300033569336,99.66999816894531,100.26000213623047,99.45999908447266,99.76000213623047,99.5999984741211,99.70999908447266,99.66999816894531,99.88999938964844,99.98999786376953,0,0,0,0,0,0,0,0,0,0,0,0,0,0,0,0,112,61,103,213,220,118,140,17,71,103,20,33,0,27,35,20,80.8125
2018.07.31 08:51:40.724000,#M,99.62999725341797,99.43000030517578,99.6500015258789,99.06999969482422,99.56999969482422,100.1500015258789,99.7300033569336,99.66999816894531,100.26000213623047,99.45999908447266,99.76000213623047,99.5999984741211,99.70999908447266,99.66999816894531,99.88999938964844,99.98999786376953,0,0,0,0,0,0,0,0,0,0,0,0,0,0,0,0,96,73,93,219,188,136,149,26,103,93,16,18,0,27,49,31,82.3125
2018.07.31 08:51:50.923000,#M,99.62999725341797,99.43000030517578,99.6500015258789,99.06999969482422,99.56999969482422,100.1500015258789,99.7300033569336,99.66999816894531,100.26000213623047,99.45999908447266,99.76000213623047,99.5999984741211,99.70999908447266,99.66999816894531,99.88999938964844,99.98999786376953,0,0,0,0,0,0,0,0,0,0,0,0,0,0,0,0,109,77,107,218,230,144,187,22,78,104,29,38,0,38,59,36,92.25
2018.07.31 08:52:00.757000,#M,99.62999725341797,99.43000030517578,99.6500015258789,99.06999969482422,99.56999969482422,100.1500015258789,99.7300033569336,99.66999816894531,100.26000213623047,99.45999908447266,99.76000213623047,99.5999984741211,99.70999908447266,99.66999816894531,99.88999938964844,99.98999786376953,0,0,0,0,0,0,0,0,0,0,0,0,0,0,0,0,166,75,96,234,245,164,179,31,89,129,23,52,0,38,72,49,102.625
2018.07.31 08:52:10.955000,#M,99.62999725341797,99.43000030517578,99.6500015258789,99.06999969482422,99.56999969482422,100.1500015258789,99.7300033569336,99.66999816894531,100.26000213623047,99.45999908447266,99.76000213623047,99.5999984741211,99.70999908447266,99.66999816894531,99.88999938964844,99.98999786376953,0,0,0,0,0,0,0,0,0,0,0,0,0,0,0,0,147,79,112,226,251,176,207,31,87,132,39,47,0,55,66,49,106.5
2018.07.31 08:52:20.790000,#M,99.62999725341797,99.43000030517578,99.6500015258789,99.06999969482422,99.56999969482422,100.1500015258789,99.7300033569336,99.66999816894531,100.26000213623047,99.45999908447266,99.76000213623047,99.5999984741211,99.70999908447266,99.66999816894531,99.88999938964844,99.98999786376953,0,0,0,0,0,0,0,0,0,0,0,0,0,0,0,0,158,97,92,250,223,161,200,33,95,112,28,55,0,27,74,52,103.5625
2018.07.31 08:52:30.988000,#M,99.62999725341797,99.43000030517578,99.6500015258789,99.06999969482422,99.56999969482422,100.1500015258789,99.7300033569336,99.66999816894531,100.26000213623047,99.45999908447266,99.76000213623047,99.5999984741211,99.70999908447266,99.66999816894531,99.88999938964844,99.98999786376953,0,0,0,0,0,0,0,0,0,0,0,0,0,0,0,0,141,89,85,260,254,195,163,29,86,113,24,52,0,53,69,46,103.6875
2018.07.31 08:52:40.823000,#M,99.62999725341797,99.43000030517578,99.6500015258789,99.06999969482422,99.56999969482422,100.1500015258789,99.7300033569336,99.66999816894531,100.26000213623047,99.45999908447266,99.76000213623047,99.5999984741211,99.70999908447266,99.66999816894531,99.88999938964844,99.98999786376953,0,0,0,0,0,0,0,0,0,0,0,0,0,0,0,0,254,186,138,321,238,256,301,73,100,178,62,94,0,63,124,69,153.5625
2018.07.31 08:52:41.915000,#M,121.44000244140625,120.93000030517578,120.9800033569336,120.4000015258789,120.36000061035156,119.91999816894531,119.63999938964844,119.0,116.22000122070312,115.79000091552734,115.7300033569336,115.13999938964844,99.70999908447266,99.66999816894531,99.88999938964844,99.98999786376953,0,0,0,0,0,0,0,0,0,0,0,0,0,0,0,0,319,247,146,311,243,355,328,168,76,209,118,206,0,106,187,154,198.3125
2018.07.31 08:52:42.644000,#M,121.44000244140625,120.93000030517578,120.9800033569336,120.4000015258789,120.36000061035156,119.91999816894531,119.63999938964844,119.0,116.22000122070312,115.79000091552734,115.7300033569336,115.13999938964844,126.41000366210938,125.62000274658203,126.02999877929688,125.41000366210938,0,0,0,0,0,0,0,0,0,0,0,0,0,0,0,0,292,287,143,277,202,295,315,205,58,196,152,211,0,74,228,210,196.5625
2018.07.31 08:52:43.737000,#M,149.44000244140625,149.8000030517578,150.44000244140625,149.6699981689453,149.72000122070312,149.60000610351562,149.72999572753906,149.42999267578125,149.52000427246094,148.9499969482422,148.63999938964844,148.22000122070312,126.41000366210938,125.62000274658203,126.02999877929688,125.41000366210938,0,0,0,0,0,0,0,0,0,0,0,0,0,0,0,0,259,293,131,252,219,315,320,247,66,176,176,265,0,102,255,236,207.0
2018.07.31 08:52:44.829000,#M,149.44000244140625,149.8000030517578,150.44000244140625,149.6699981689453,149.72000122070312,149.60000610351562,149.72999572753906,149.42999267578125,149.52000427246094,148.9499969482422,148.63999938964844,148.22000122070312,148.38999938964844,149.88999938964844,149.77999877929688,149.88999938964844,0,0,0,0,0,0,0,0,0,0,0,0,0,0,0,0,286,273,119,245,195,309,318,303,81,159,198,247,0,98,243,235,206.8125
2018.07.31 08:52:50.657000,#M,149.44000244140625,149.8000030517578,150.44000244140625,149.6699981689453,149.72000122070312,149.60000610351562,149.72999572753906,149.42999267578125,149.52000427246094,148.9499969482422,148.63999938964844,148.22000122070312,148.38999938964844,149.88999938964844,149.77999877929688,149.88999938964844,0,0,0,0,0,0,0,0,0,0,0,0,0,0,0,0,246,288,117,285,176,326,283,249,73,151,162,221,0,89,254,225,196.5625
2018.07.31 08:52:52.842000,#M,149.44000244140625,149.8000030517578,150.44000244140625,149.6699981689453,149.72000122070312,149.60000610351562,149.72999572753906,149.42999267578125,149.52000427246094,148.9499969482422,148.63999938964844,150.3300018310547,148.38999938964844,149.88999938964844,149.77999877929688,149.88999938964844,0,0,0,0,0,0,0,0,0,0,0,0,0,0,0,0,271,311,145,272,187,287,295,264,94,139,188,279,0,90,238,208,204.25
2018.07.31 08:53:00.856000,#M,149.44000244140625,149.8000030517578,150.44000244140625,149.6699981689453,149.72000122070312,149.60000610351562,149.72999572753906,149.42999267578125,149.52000427246094,148.9499969482422,148.63999938964844,150.3300018310547,148.38999938964844,149.88999938964844,149.77999877929688,149.88999938964844,0,0,0,0,0,0,0,0,0,0,0,0,0,0,0,0,257,282,127,273,174,321,312,245,73,157,203,246,0,81,263,209,201.4375
2018.07.31 08:53:10.690000,#M,149.44000244140625,149.8000030517578,150.44000244140625,149.6699981689453,149.72000122070312,149.60000610351562,149.72999572753906,149.42999267578125,149.52000427246094,148.9499969482422,148.63999938964844,150.3300018310547,148.38999938964844,149.88999938964844,149.77999877929688,149.88999938964844,0,0,0,0,0,0,0,0,0,0,0,0,0,0,0,0,254,266,122,263,198,315,287,272,66,140,175,255,0,84,262,215,198.375
2018.07.31 08:53:20.888000,#M,149.44000244140625,149.8000030517578,150.44000244140625,149.6699981689453,149.72000122070312,149.60000610351562,149.72999572753906,149.42999267578125,149.52000427246094,148.9499969482422,148.63999938964844,150.3300018310547,148.38999938964844,149.88999938964844,149.77999877929688,149.88999938964844,0,0,0,0,0,0,0,0,0,0,0,0,0,0,0,0,257,250,132,262,166,278,298,223,91,174,160,226,0,88,241,209,190.9375
2018.07.31 08:53:30.723000,#M,149.44000244140625,149.8000030517578,150.44000244140625,149.6699981689453,149.72000122070312,149.60000610351562,149.72999572753906,149.42999267578125,149.52000427246094,148.9499969482422,148.63999938964844,150.3300018310547,148.38999938964844,149.88999938964844,149.77999877929688,149.88999938964844,0,0,0,0,0,0,0,0,0,0,0,0,0,0,0,0,236,302,133,255,179,324,341,262,72,171,149,251,0,81,224,200,198.75
2018.07.31 08:53:40.921000,#M,149.44000244140625,149.8000030517578,150.44000244140625,149.6699981689453,149.72000122070312,149.60000610351562,149.72999572753906,149.42999267578125,149.52000427246094,148.9499969482422,148.63999938964844,150.3300018310547,148.38999938964844,149.88999938964844,149.77999877929688,149.88999938964844,0,0,0,0,0,0,0,0,0,0,0,0,0,0,0,0,256,274,125,245,189,301,304,275,62,166,182,267,0,84,254,206,199.375
2018.07.31 08:53:46.749000,#M,167.83999633789062,167.88999938964844,167.44000244140625,168.22000122070312,167.52000427246094,166.49000549316406,167.24000549316406,166.2100067138672,162.1699981689453,160.92999267578125,160.9600067138672,160.16000366210938,160.27999877929688,160.24000549316406,159.4199981689453,159.14999389648438,0,0,0,0,0,0,0,0,0,0,0,0,0,0,0,0,216,254,134,178,199,279,227,307,115,177,157,246,0,70,216,220,187.1875
2018.07.31 08:53:48.935000,#M,190.92999267578125,190.80999755859375,190.33999633789062,190.2100067138672,190.47000122070312,189.4600067138672,189.9600067138672,189.38999938964844,196.14999389648438,195.5500030517578,195.4600067138672,194.63999938964844,194.94000244140625,194.5800018310547,194.3000030517578,193.47000122070312,0,0,0,0,0,0,0,0,0,0,0,0,0,0,0,0,194,238,153,158,370,252,187,265,207,271,233,199,0,95,178,142,196.375
2018.07.31 08:53:50.756000,#M,199.6199951171875,199.61000061035156,199.82000732421875,199.75999450683594,199.85000610351562,199.5,199.52999877929688,199.72999572753906,200.47000122070312,199.89999389648438,200.0399932861328,199.91000366210938,200.13999938964844,199.75999450683594,199.7899932861328,199.7899932861328,0,0,0,0,0,0,0,0,0,0,0,0,0,0,0,0,194,198,144,166,375,232,215,222,238,290,220,196,0,99,167,138,193.375
2018.07.31 08:54:00.954000,#M,199.6199951171875,199.61000061035156,199.82000732421875,199.75999450683594,199.85000610351562,199.5,199.52999877929688,199.72999572753906,200.47000122070312,199.89999389648438,200.0399932861328,199.91000366210938,200.13999938964844,199.75999450683594,199.7899932861328,199.7899932861328,0,0,0,0,0,0,0,0,0,0,0,0,0,0,0,0,194,231,120,125,358,241,220,228,197,274,221,189,0,106,208,140,190.75
2018.07.31 08:54:10.789000,#M,199.6199951171875,199.61000061035156,199.82000732421875,199.75999450683594,199.85000610351562,199.5,199.52999877929688,199.72999572753906,200.47000122070312,199.89999389648438,200.0399932861328,199.91000366210938,200.13999938964844,199.75999450683594,199.7899932861328,199.7899932861328,0,0,0,0,0,0,0,0,0,0,0,0,0,0,0,0,187,216,155,156,327,265,207,268,233,267,216,209,0,97,219,166,199.25
2018.07.31 08:54:20.987000,#M,199.6199951171875,199.61000061035156,199.82000732421875,199.75999450683594,199.85000610351562,199.5,199.52999877929688,199.72999572753906,200.47000122070312,199.89999389648438,200.0399932861328,199.91000366210938,200.13999938964844,199.75999450683594,199.7899932861328,199.7899932861328,0,0,0,0,0,0,0,0,0,0,0,0,0,0,0,0,195,209,137,116,302,252,206,243,210,239,191,198,0,89,171,156,182.125
2018.07.31 08:54:30.822000,#M,199.6199951171875,199.61000061035156,199.82000732421875,199.75999450683594,199.85000610351562,199.5,199.52999877929688,199.72999572753906,200.47000122070312,199.89999389648438,200.0399932861328,199.91000366210938,200.13999938964844,199.75999450683594,199.7899932861328,199.7899932861328,0,0,0,0,0,0,0,0,0,0,0,0,0,0,0,0,205,216,114,160,297,223,203,238,219,236,196,200,0,92,216,129,184.0
2018.07.31 08:54:40.656000,#M,199.6199951171875,199.61000061035156,199.82000732421875,199.75999450683594,199.85000610351562,199.5,199.52999877929688,199.72999572753906,200.47000122070312,199.89999389648438,200.0399932861328,199.91000366210938,200.13999938964844,199.75999450683594,199.7899932861328,199.7899932861328,0,0,0,0,0,0,0,0,0,0,0,0,0,0,0,0,189,210,130,158,308,227,189,262,205,221,206,232,0,100,174,163,185.875
2018.07.31 08:54:50.854000,#M,199.6199951171875,199.61000061035156,199.82000732421875,199.75999450683594,199.85000610351562,199.5,199.52999877929688,199.72999572753906,200.47000122070312,199.89999389648438,200.0399932861328,199.91000366210938,200.13999938964844,199.75999450683594,199.7899932861328,199.7899932861328,0,0,0,0,0,0,0,0,0,0,0,0,0,0,0,0,202,207,132,169,297,235,199,248,188,211,202,209,0,109,184,147,183.6875
2018.07.31 08:54:52.676000,#M,211.35000610351562,210.74000549316406,210.80999755859375,210.50999450683594,210.33999633789062,209.3699951171875,209.52000427246094,209.02000427246094,226.32000732421875,225.35000610351562,225.38999938964844,224.44000244140625,224.74000549316406,224.55999755859375,223.94000244140625,223.97999572753906,0,0,0,0,0,0,0,0,0,0,0,0,0,0,0,0,326,291,214,237,530,391,219,208,279,444,347,195,0,158,231,122,262.0
2018.07.31 08:54:54.861000,#M,245.75,244.89999389648438,245.3699951171875,244.6999969482422,244.5800018310547,244.17999267578125,243.92999267578125,243.2100067138672,248.11000061035156,247.49000549316406,247.6300048828125,247.0500030517578,247.16000366210938,247.24000549316406,246.52999877929688,246.5500030517578,0,0,0,0,0,0,0,0,0,0,0,0,0,0,0,0,564,433,328,356,658,586,556,267,358,588,657,484,0,294,515,147,424.4375
2018.07.31 08:54:56.682000,#M,249.67999267578125,249.32000732421875,249.72000122070312,249.57000732421875,249.74000549316406,249.61000061035156,249.6699981689453,249.72000122070312,250.17999267578125,249.8300018310547,249.97999572753906,249.6699981689453,249.88999938964844,249.83999633789062,249.83999633789062,249.77000427246094,0,0,0,0,0,0,0,0,0,0,0,0,0,0,0,0,574,458,302,377,651,615,537,287,327,604,645,477,0,266,531,146,424.8125
2018.07.31 08:55:00.689000,#M,249.67999267578125,249.32000732421875,249.72000122070312,249.57000732421875,249.74000549316406,249.61000061035156,249.6699981689453,249.72000122070312,250.17999267578125,249.8300018310547,249.97999572753906,249.6699981689453,249.88999938964844,249.83999633789062,249.83999633789062,249.77000427246094,0,0,0,0,0,0,0,0,0,0,0,0,0,0,0,0,567,486,301,359,663,593,513,274,284,576,672,428,0,273,450,130,410.5625
2018.07.31 08:55:10.887000,#M,249.67999267578125,249.32000732421875,249.72000122070312,249.57000732421875,249.74000549316406,249.61000061035156,249.6699981689453,249.72000122070312,250.17999267578125,249.8300018310547,249.97999572753906,249.6699981689453,249.88999938964844,249.83999633789062,249.83999633789062,249.77000427246094,0,0,0,0,0,0,0,0,0,0,0,0,0,0,0,0,510,449,323,336,626,553,523,231,287,564,670,453,0,278,486,130,401.1875
2018.07.31 08:55:20.722000,#M,249.67999267578125,249.32000732421875,249.72000122070312,249.57000732421875,249.74000549316406,249.61000061035156,249.6699981689453,249.72000122070312,250.17999267578125,249.8300018310547,249.97999572753906,249.6699981689453,249.88999938964844,249.83999633789062,249.83999633789062,249.77000427246094,0,0,0,0,0,0,0,0,0,0,0,0,0,0,0,0,560,433,311,373,606,526,503,247,293,588,608,398,0,240,513,137,396.0
2018.07.31 08:55:30.920000,#M,249.67999267578125,249.32000732421875,249.72000122070312,249.57000732421875,249.74000549316406,249.61000061035156,249.6699981689453,249.72000122070312,250.17999267578125,249.8300018310547,249.97999572753906,249.6699981689453,249.88999938964844,249.83999633789062,249.83999633789062,249.77000427246094,0,0,0,0,0,0,0,0,0,0,0,0,0,0,0,0,534,452,322,343,665,588,454,250,299,544,621,392,0,255,469,121,394.3125
2018.07.31 08:55:40.755000,#M,249.67999267578125,249.32000732421875,249.72000122070312,249.57000732421875,249.74000549316406,249.61000061035156,249.6699981689453,249.72000122070312,250.17999267578125,249.8300018310547,249.97999572753906,249.6699981689453,249.88999938964844,249.83999633789062,249.83999633789062,249.77000427246094,0,0,0,0,0,0,0,0,0,0,0,0,0,0,0,0,516,470,291,348,646,603,497,255,299,566,611,424,0,224,465,134,396.8125
2018.07.31 08:55:50.953000,#M,249.67999267578125,249.32000732421875,249.72000122070312,249.57000732421875,249.74000549316406,249.61000061035156,249.6699981689453,249.72000122070312,250.17999267578125,249.8300018310547,249.97999572753906,249.6699981689453,249.88999938964844,249.83999633789062,249.83999633789062,249.77000427246094,0,0,0,0,0,0,0,0,0,0,0,0,0,0,0,0,564,447,268,360,646,532,457,256,306,535,607,405,0,226,476,136,388.8125
2018.07.31 08:55:58.966000,#M,278.05999755859375,277.25,277.3599853515625,276.57000732421875,276.69000244140625,276.1300048828125,275.2300109863281,275.42999267578125,267.57000732421875,267.17999267578125,266.7699890136719,265.8999938964844,266.1400146484375,266.05999755859375,265.1400146484375,265.260009765625,0,0,0,0,0,0,0,0,0,0,0,0,0,0,0,0,701,526,388,377,703,672,768,487,351,633,712,673,0,389,590,217,511.6875
2018.07.31 08:56:00.059000,#M,298.92999267578125,298.70001220703125,298.54998779296875,298.1600036621094,298.3399963378906,298.010009765625,297.45001220703125,297.3399963378906,299.3800048828125,299.17999267578125,299.010009765625,298.5199890136719,299.0899963378906,298.69000244140625,298.57000732421875,298.5899963378906,0,0,0,0,0,0,0,0,0,0,0,0,0,0,0,0,754,558,443,456,657,753,777,543,363,662,781,697,0,502,653,305,556.5
2018.07.31 08:56:02.973000,#M,298.92999267578125,298.70001220703125,298.54998779296875,298.1600036621094,298.3399963378906,298.010009765625,299.7900085449219,299.6300048828125,299.3800048828125,299.17999267578125,299.010009765625,298.5199890136719,299.0899963378906,298.69000244140625,298.57000732421875,298.5899963378906,0,0,0,0,0,0,0,0,0,0,0,0,0,0,0,0,797,626,454,481,776,739,780,602,345,658,772,782,0,447,680,382,582.5625
2018.07.31 08:56:10.986000,#M,298.92999267578125,298.70001220703125,298.54998779296875,298.1600036621094,298.3399963378906,298.010009765625,299.7900085449219,299.6300048828125,299.3800048828125,299.17999267578125,299.010009765625,298.5199890136719,299.0899963378906,298.69000244140625,298.57000732421875,298.5899963378906,0,0,0,0,0,0,0,0,0,0,0,0,0,0,0,0,740,586,451,428,721,708,767,591,371,700,695,736,0,457,653,343,559.1875
2018.07.31 08:56:20.820000,#M,298.92999267578125,298.70001220703125,298.54998779296875,298.1600036621094,298.3399963378906,298.010009765625,299.7900085449219,299.6300048828125,299.3800048828125,299.17999267578125,299.010009765625,298.5199890136719,299.0899963378906,298.69000244140625,298.57000732421875,298.5899963378906,0,0,0,0,0,0,0,0,0,0,0,0,0,0,0,0,745,615,455,450,672,696,837,559,363,679,713,785,0,479,595,355,562.375
2018.07.31 08:56:30.655000,#M,298.92999267578125,298.70001220703125,298.54998779296875,298.1600036621094,298.3399963378906,298.010009765625,299.7900085449219,299.6300048828125,299.3800048828125,299.17999267578125,299.010009765625,298.5199890136719,299.0899963378906,298.69000244140625,298.57000732421875,298.5899963378906,0,0,0,0,0,0,0,0,0,0,0,0,0,0,0,0,747,622,437,449,745,725,779,575,343,657,730,705,0,435,598,357,556.5
2018.07.31 08:56:40.853000,#M,298.92999267578125,298.70001220703125,298.54998779296875,298.1600036621094,298.3399963378906,298.010009765625,299.7900085449219,299.6300048828125,299.3800048828125,299.17999267578125,299.010009765625,298.5199890136719,299.0899963378906,298.69000244140625,298.57000732421875,298.5899963378906,0,0,0,0,0,0,0,0,0,0,0,0,0,0,0,0,786,590,480,512,747,739,774,567,336,655,808,775,0,464,676,266,573.4375
2018.07.31 08:56:50.688000,#M,298.92999267578125,298.70001220703125,298.54998779296875,298.1600036621094,298.3399963378906,298.010009765625,299.7900085449219,299.6300048828125,299.3800048828125,299.17999267578125,299.010009765625,298.5199890136719,299.0899963378906,298.69000244140625,298.57000732421875,298.5899963378906,0,0,0,0,0,0,0,0,0,0,0,0,0,0,0,0,782,597,431,442,696,747,775,584,315,655,757,742,0,464,614,355,559.75
2018.07.31 08:57:00.522000,#M,298.92999267578125,298.70001220703125,298.54998779296875,298.1600036621094,298.3399963378906,298.010009765625,299.7900085449219,299.6300048828125,299.3800048828125,299.17999267578125,299.010009765625,298.5199890136719,299.0899963378906,298.69000244140625,298.57000732421875,298.5899963378906,0,0,0,0,0,0,0,0,0,0,0,0,0,0,0,0,773,587,441,429,687,704,777,550,360,689,783,770,0,480,657,340,564.1875
2018.07.31 08:57:01.979000,#M,298.92999267578125,298.70001220703125,298.54998779296875,298.1600036621094,298.3399963378906,298.010009765625,299.7900085449219,299.6300048828125,299.3800048828125,304.4800109863281,303.94000244140625,303.92999267578125,304.20001220703125,303.2699890136719,303.4200134277344,302.92999267578125,0,0,0,0,0,0,0,0,0,0,0,0,0,0,0,0,760,614,465,476,721,751,829,626,333,681,750,789,0,485,677,384,583.8125
2018.07.31 08:57:02.707000,#M,324.510009765625,324.3599853515625,324.4200134277344,324.20001220703125,324.1700134277344,324.19000244140625,323.8900146484375,323.92999267578125,299.3800048828125,304.4800109863281,303.94000244140625,303.92999267578125,304.20001220703125,303.2699890136719,303.4200134277344,302.92999267578125,0,0,0,0,0,0,0,0,0,0,0,0,0,0,0,0,811,591,473,477,751,772,867,642,343,716,780,785,0,481,684,391,597.75
2018.07.31 08:57:03.800000,#M,324.510009765625,324.3599853515625,324.4200134277344,324.20001220703125,324.1700134277344,324.19000244140625,323.8900146484375,323.92999267578125,324.5899963378906,324.2699890136719,324.239990234375,324.2699890136719,324.3299865722656,323.9599914550781,324.0299987792969,323.69000244140625,0,0,0,0,0,0,0,0,0,0,0,0,0,0,0,0,863,620,520,528,797,728,846,711,330,702,753,810,0,432,684,448,610.75
2018.07.31 08:57:10.720000,#M,324.510009765625,324.3599853515625,324.4200134277344,324.20001220703125,324.1700134277344,324.19000244140625,323.8900146484375,323.92999267578125,324.5899963378906,324.2699890136719,324.239990234375,324.2699890136719,324.3299865722656,323.9599914550781,324.0299987792969,323.69000244140625,0,0,0,0,0,0,0,0,0,0,0,0,0,0,0,0,762,647,459,489,730,719,856,637,355,693,743,818,0,448,697,412,591.5625
2018.07.31 08:57:20.919000,#M,324.510009765625,324.3599853515625,324.4200134277344,324.20001220703125,324.1700134277344,324.19000244140625,323.8900146484375,323.92999267578125,324.5899963378906,324.2699890136719,324.239990234375,324.2699890136719,324.3299865722656,323.9599914550781,324.0299987792969,323.69000244140625,0,0,0,0,0,0,0,0,0,0,0,0,0,0,0,0,794,618,494,495,691,788,825,661,366,731,765,800,0,472,674,382,597.25
2018.07.31 08:57:30.753000,#M,324.510009765625,324.3599853515625,324.4200134277344,324.20001220703125,324.1700134277344,324.19000244140625,323.8900146484375,323.92999267578125,324.5899963378906,324.2699890136719,324.239990234375,324.2699890136719,324.3299865722656,323.9599914550781,324.0299987792969,323.69000244140625,0,0,0,0,0,0,0,0,0,0,0,0,0,0,0,0,804,570,472,475,729,765,854,688,362,727,755,834,0,477,705,455,604.5
2018.07.31 08:57:37.674000,#M,337.2699890136719,336.6300048828125,336.6000061035156,336.0,335.9200134277344,335.92999267578125,335.17999267578125,334.4700012207031,336.0400085449219,335.3699951171875,334.6499938964844,334.6400146484375,334.75,333.8299865722656,333.80999755859375,333.2300109863281,0,0,0,0,0,0,0,0,0,0,0,0,0,0,0,0,858,667,497,516,763,778,852,704,357,755,816,875,0,434,664,477,625.8125
2018.07.31 08:57:39.859000,#M,371.7099914550781,371.0899963378906,371.1400146484375,370.45001220703125,370.42999267578125,370.489990234375,369.7200012207031,369.04998779296875,370.17999267578125,369.75,369.0400085449219,369.05999755859375,369.1199951171875,368.4100036621094,368.30999755859375,367.55999755859375,0,0,0,0,0,0,0,0,0,0,0,0,0,0,0,0,847,701,567,577,791,834,893,758,336,743,817,825,0,451,704,566,650.625
2018.07.31 08:57:40.952000,#M,371.7099914550781,371.0899963378906,371.1400146484375,370.45001220703125,370.42999267578125,370.489990234375,369.7200012207031,369.04998779296875,370.17999267578125,369.75,369.0400085449219,369.05999755859375,369.1199951171875,368.4100036621094,368.30999755859375,367.55999755859375,0,0,0,0,0,0,0,0,0,0,0,0,0,0,0,0,848,666,555,579,743,845,943,721,363,763,839,855,0,408,760,563,653.1875
2018.07.31 08:57:41.680000,#M,406.3699951171875,405.69000244140625,405.6300048828125,404.80999755859375,405.1300048828125,405.2200012207031,404.8299865722656,403.5,405.45001220703125,404.57000732421875,403.67999267578125,403.6300048828125,392.05999755859375,403.1700134277344,402.9200134277344,402.3399963378906,0,0,0,0,0,0,0,0,0,0,0,0,0,0,0,0,826,690,547,545,785,829,875,797,394,754,827,863,0,428,763,531,653.375
2018.07.31 08:57:43.866000,#M,429.29998779296875,428.7099914550781,428.6199951171875,427.79998779296875,427.95001220703125,428.1099853515625,427.1000061035156,426.6600036621094,427.8500061035156,427.30999755859375,426.5899963378906,426.6700134277344,426.6600036621094,425.9200134277344,426.0,425.25,0,0,0,0,0,0,0,0,0,0,0,0,0,0,0,0,890,682,581,557,801,812,923,803,375,738,822,858,0,411,739,558,659.375
2018.07.31 08:57:45.687000,#M,463.989990234375,463.0899963378906,463.1199951171875,462.6099853515625,462.739990234375,462.739990234375,461.8800048828125,461.260009765625,462.760009765625,462.17999267578125,461.3299865722656,461.3900146484375,461.0799865722656,460.55999755859375,460.55999755859375,459.79998779296875,0,0,0,0,0,0,0,0,0,0,0,0,0,0,0,0,887,704,574,622,806,721,923,817,390,743,828,884,0,410,786,627,670.125
2018.07.31 08:57:47.872000,#M,486.989990234375,486.4599914550781,486.20001220703125,485.6000061035156,485.6400146484375,485.5899963378906,484.7200012207031,484.4200134277344,485.7300109863281,485.0,484.32000732421875,484.30999755859375,484.20001220703125,483.6000061035156,483.6099853515625,482.6400146484375,0,0,0,0,0,0,0,0,0,0,0,0,0,0,0,0,911,703,617,606,740,825,893,803,394,720,846,833,0,414,774,611,668.125
2018.07.31 08:57:49.694000,#M,521.510009765625,520.8900146484375,520.780029296875,520.1900024414062,520.1900024414062,520.4000244140625,519.3400268554688,519.0399780273438,500.0299987792969,519.5800170898438,518.6400146484375,518.9199829101562,499.9800109863281,518.2000122070312,518.0900268554688,517.3300170898438,0,0,0,0,0,0,0,0,0,0,0,0,0,0,0,0,872,780,590,614,797,834,964,821,375,747,872,872,0,398,773,594,681.4375
2018.07.31 08:57:50.786000,#M,521.510009765625,520.8900146484375,520.780029296875,520.1900024414062,520.1900024414062,520.4000244140625,519.3400268554688,519.0399780273438,500.0299987792969,519.5800170898438,518.6400146484375,518.9199829101562,499.9800109863281,518.2000122070312,518.0900268554688,517.3300170898438,0,0,0,0,0,0,0,0,0,0,0,0,0,0,0,0,836,710,639,622,801,839,938,871,396,781,832,876,0,385,752,657,683.4375
2018.07.31 08:57:51.879000,#M,555.969970703125,555.3200073242188,555.3400268554688,554.6500244140625,543.22998046875,554.9600219726562,553.6699829101562,553.3800048828125,500.0299987792969,554.1099853515625,553.1799926757812,553.5499877929688,499.9800109863281,541.0999755859375,541.0700073242188,551.9199829101562,0,0,0,0,0,0,0,0,0,0,0,0,0,0,0,0,944,749,627,609,800,805,937,876,362,767,836,877,0,405,765,664,688.9375
2018.07.31 08:57:53.700000,#M,579.0800170898438,578.3800048828125,578.4199829101562,577.760009765625,577.77001953125,578.0700073242188,576.5499877929688,576.4299926757812,500.0299987792969,577.1599731445312,576.2000122070312,576.52001953125,499.9800109863281,575.9600219726562,575.5999755859375,574.9400024414062,0,0,0,0,0,0,0,0,0,0,0,0,0,0,0,0,851,759,594,625,809,881,945,854,368,774,891,917,0,376,803,614,691.3125
2018.07.31 08:57:55.886000,#M,613.6699829101562,612.9000244140625,612.9299926757812,612.280029296875,612.3099975585938,612.5800170898438,611.1300048828125,610.989990234375,500.0299987792969,611.7100219726562,610.7999877929688,611.0999755859375,499.9800109863281,610.3599853515625,610.1599731445312,609.489990234375,0,0,0,0,0,0,0,0,0,0,0,0,0,0,0,0,870,727,615,636,816,806,961,864,359,783,865,920,0,409,802,654,692.9375
2018.07.31 08:57:57.707000,#M,636.6599731445312,636.010009765625,635.9500122070312,635.2899780273438,635.3200073242188,635.6900024414062,634.1400146484375,634.010009765625,500.0299987792969,634.77001953125,633.7999877929688,634.1699829101562,499.9800109863281,633.3400268554688,633.1900024414062,632.52001953125,0,0,0,0,0,0,0,0,0,0,0,0,0,0,0,0,902,770,583,606,824,895,877,878,338,816,868,874,0,378,797,676,692.625
2018.07.31 08:57:59.892000,#M,671.25,670.510009765625,670.510009765625,669.8800048828125,669.8400268554688,670.260009765625,668.6199951171875,668.6500244140625,500.0299987792969,669.3099975585938,668.4400024414062,668.739990234375,499.9800109863281,667.8400268554688,667.7000122070312,666.989990234375,0,0,0,0,0,0,0,0,0,0,0,0,0,0,0,0,882,731,622,639,817,818,989,871,384,730,888,869,0,376,810,676,693.875
2018.07.31 08:58:00.985000,#M,671.25,670.510009765625,670.510009765625,669.8800048828125,669.8400268554688,670.260009765625,668.6199951171875,668.6500244140625,500.0299987792969,669.3099975585938,668.4400024414062,668.739990234375,499.9800109863281,667.8400268554688,667.7000122070312,666.989990234375,0,0,0,0,0,0,0,0,0,0,0,0,0,0,0,0,904,728,601,594,788,853,984,852,391,742,885,855,0,366,803,701,690.4375
2018.07.31 08:58:01.713000,#M,694.2899780273438,693.5700073242188,693.5700073242188,692.9299926757812,692.8499755859375,693.3400268554688,691.5999755859375,691.6400146484375,500.0299987792969,692.3800048828125,691.4400024414062,691.8200073242188,499.9800109863281,690.8900146484375,690.72998046875,690.0999755859375,0,0,0,0,0,0,0,0,0,0,0,0,0,0,0,0,924,715,649,626,776,858,1038,890,383,828,866,882,0,351,828,698,707.0
2018.07.31 08:58:03.899000,#M,728.8499755859375,728.1400146484375,728.1400146484375,727.4199829101562,727.3599853515625,727.969970703125,726.02001953125,726.1300048828125,500.0299987792969,726.9199829101562,726.02001953125,726.4199829101562,499.9800109863281,725.5700073242188,725.25,724.6400146484375,0,0,0,0,0,0,0,0,0,0,0,0,0,0,0,0,966,704,631,631,796,818,988,936,386,762,840,939,0,321,749,663,695.625
2018.07.31 08:58:05.720000,#M,763.3699951171875,762.6799926757812,762.77001953125,762.0599975585938,761.9400024414062,762.5399780273438,760.510009765625,760.760009765625,500.0299987792969,761.530029296875,760.5700073242188,761.010009765625,499.9800109863281,760.02001953125,759.7999877929688,759.1699829101562,0,0,0,0,0,0,0,0,0,0,0,0,0,0,0,0,928,789,650,629,843,873,919,888,377,755,877,913,0,354,809,721,707.8125
2018.07.31 08:58:07.905000,#M,786.3200073242188,785.6599731445312,785.739990234375,785.0700073242188,784.9600219726562,785.6500244140625,783.5399780273438,783.780029296875,500.0299987792969,784.530029296875,783.5900268554688,784.0399780273438,499.9800109863281,783.0800170898438,782.780029296875,782.2899780273438,0,0,0,0,0,0,0,0,0,0,0,0,0,0,0,0,912,754,634,580,805,892,965,876,369,753,897,948,0,316,733,647,692.5625
2018.07.31 08:58:09.726000,#M,799.8300170898438,799.8599853515625,800.030029296875,799.9099731445312,799.9299926757812,799.989990234375,799.8900146484375,799.8300170898438,500.0299987792969,800.0499877929688,800.0499877929688,800.010009765625,499.9800109863281,800.0,800.0599975585938,800.0399780273438,0,0,0,0,0,0,0,0,0,0,0,0,0,0,0,0,896,759,656,633,799,836,974,860,384,839,899,909,0,330,824,673,704.4375
2018.07.31 08:58:10.819000,#M,799.8300170898438,799.8599853515625,800.030029296875,799.9099731445312,799.9299926757812,799.989990234375,799.8900146484375,799.8300170898438,500.0299987792969,800.0499877929688,800.0499877929688,800.010009765625,499.9800109863281,800.0,800.0599975585938,800.0399780273438,0,0,0,0,0,0,0,0,0,0,0,0,0,0,0,0,892,761,611,625,818,847,964,883,375,768,891,927,0,356,768,667,697.0625
2018.07.31 08:58:20.654000,#M,799.8300170898438,799.8599853515625,800.030029296875,799.9099731445312,799.9299926757812,799.989990234375,799.8900146484375,799.8300170898438,500.0299987792969,800.0499877929688,800.0499877929688,800.010009765625,499.9800109863281,800.0,800.0599975585938,800.0399780273438,0,0,0,0,0,0,0,0,0,0,0,0,0,0,0,0,939,752,589,576,800,848,980,914,383,760,848,939,0,360,791,704,698.9375
2018.07.31 08:58:30.852000,#M,799.8300170898438,799.8599853515625,800.030029296875,799.9099731445312,799.9299926757812,799.989990234375,799.8900146484375,799.8300170898438,500.0299987792969,800.0499877929688,800.0499877929688,800.010009765625,499.9800109863281,800.0,800.0599975585938,800.0399780273438,0,0,0,0,0,0,0,0,0,0,0,0,0,0,0,0,920,792,642,614,773,876,971,878,367,805,846,942,0,376,798,687,705.4375
2018.07.31 08:58:40.686000,#M,799.8300170898438,799.8599853515625,800.030029296875,799.9099731445312,799.9299926757812,799.989990234375,799.8900146484375,799.8300170898438,500.0299987792969,800.0499877929688,800.0499877929688,800.010009765625,499.9800109863281,800.0,800.0599975585938,800.0399780273438,0,0,0,0,0,0,0,0,0,0,0,0,0,0,0,0,894,773,633,648,825,877,961,831,404,772,790,958,0,356,804,652,698.625
2018.07.31 08:58:50.885000,#M,799.8300170898438,799.8599853515625,800.030029296875,799.9099731445312,799.9299926757812,799.989990234375,799.8900146484375,799.8300170898438,500.0299987792969,800.0499877929688,800.0499877929688,800.010009765625,499.9800109863281,800.0,800.0599975585938,800.0399780273438,0,0,0,0,0,0,0,0,0,0,0,0,0,0,0,0,906,740,649,638,835,883,954,891,390,804,918,952,0,351,819,664,712.125
2018.07.31 08:58:55.620000,#M,799.8300170898438,799.8599853515625,800.030029296875,799.9099731445312,799.9299926757812,799.989990234375,799.8900146484375,799.8300170898438,500.0299987792969,800.0499877929688,800.0499877929688,800.010009765625,499.9800109863281,800.0,800.0599975585938,800.0399780273438,0,0,0,0,0,0,0,0,0,0,0,0,0,0,0,0,930,770,616,632,821,853,966,857,382,743,841,919,0,328,794,620,692.0
2018.07.31 08:59:40.774000,#M,799.8300170898438,799.8599853515625,800.030029296875,799.9099731445312,799.9299926757812,799.989990234375,799.8900146484375,799.8300170898438,500.0299987792969,800.0499877929688,800.0499877929688,800.010009765625,499.9800109863281,800.0,800.0599975585938,800.0399780273438,0,0,0,0,0,0,0,0,0,0,0,0,0,0,0,0,916,736,677,599,767,859,938,884,387,787,837,873,0,377,800,713,696.875
2018.07.31 08:59:50.972000,#M,799.8300170898438,799.8599853515625,800.030029296875,799.9099731445312,799.9299926757812,799.989990234375,799.8900146484375,799.8300170898438,500.0299987792969,800.0499877929688,800.0499877929688,800.010009765625,499.9800109863281,800.0,800.0599975585938,800.0399780273438,0,0,0,0,0,0,0,0,0,0,0,0,0,0,0,0,886,769,636,627,835,857,993,917,379,793,874,934,0,359,783,686,708.0
2018.07.31 09:00:00.807000,#M,799.8300170898438,799.8599853515625,800.030029296875,799.9099731445312,799.9299926757812,799.989990234375,799.8900146484375,799.8300170898438,500.0299987792969,800.0499877929688,800.0499877929688,800.010009765625,499.9800109863281,800.0,800.0599975585938,800.0399780273438,0,0,0,0,0,0,0,0,0,0,0,0,0,0,0,0,975,766,633,632,828,812,907,874,370,794,860,930,0,337,813,682,700.8125
2018.07.31 09:00:10.641000,#M,799.8300170898438,799.8599853515625,800.030029296875,799.9099731445312,799.9299926757812,799.989990234375,799.8900146484375,799.8300170898438,500.0299987792969,800.0499877929688,800.0499877929688,800.010009765625,499.9800109863281,800.0,800.0599975585938,800.0399780273438,0,0,0,0,0,0,0,0,0,0,0,0,0,0,0,0,885,744,622,589,814,877,949,904,414,810,892,920,0,364,784,664,702.0
2018.07.31 09:00:20.840000,#M,799.8300170898438,799.8599853515625,800.030029296875,799.9099731445312,799.9299926757812,799.989990234375,799.8900146484375,799.8300170898438,500.0299987792969,800.0499877929688,800.0499877929688,800.010009765625,499.9800109863281,800.0,800.0599975585938,800.0399780273438,0,0,0,0,0,0,0,0,0,0,0,0,0,0,0,0,950,736,649,658,839,820,981,902,360,785,857,937,0,368,837,624,706.4375
2018.07.31 09:00:30.674000,#M,799.8300170898438,799.8599853515625,800.030029296875,799.9099731445312,799.9299926757812,799.989990234375,799.8900146484375,799.8300170898438,500.0299987792969,800.0499877929688,800.0499877929688,800.010009765625,499.9800109863281,800.0,800.0599975585938,800.0399780273438,0,0,0,0,0,0,0,0,0,0,0,0,0,0,0,0,894,768,643,648,851,826,980,883,357,817,889,913,0,359,811,710,709.3125
2018.07.31 09:00:40.872000,#M,799.8300170898438,799.8599853515625,800.030029296875,799.9099731445312,799.9299926757812,799.989990234375,799.8900146484375,799.8300170898438,500.0299987792969,800.0499877929688,800.0499877929688,800.010009765625,499.9800109863281,800.0,800.0599975585938,800.0399780273438,0,0,0,0,0,0,0,0,0,0,0,0,0,0,0,0,901,808,619,618,770,888,983,894,369,753,909,935,0,361,799,692,706.1875
2018.07.31 09:00:50.707000,#M,799.8300170898438,799.8599853515625,800.030029296875,799.9099731445312,799.9299926757812,799.989990234375,799.8900146484375,799.8300170898438,500.0299987792969,800.0499877929688,800.0499877929688,800.010009765625,499.9800109863281,800.0,800.0599975585938,800.0399780273438,0,0,0,0,0,0,0,0,0,0,0,0,0,0,0,0,899,703,638,674,811,855,936,865,383,795,863,927,0,351,786,661,696.6875
2018.07.31 09:01:00.905000,#M,799.8300170898438,799.8599853515625,800.030029296875,799.9099731445312,799.9299926757812,799.989990234375,799.8900146484375,799.8300170898438,500.0299987792969,800.0499877929688,800.0499877929688,800.010009765625,499.9800109863281,800.0,800.0599975585938,800.0399780273438,0,0,0,0,0,0,0,0,0,0,0,0,0,0,0,0,950,782,656,639,808,878,934,868,374,806,858,908,0,321,780,700,703.875
2018.07.31 09:01:10.740000,#M,799.8300170898438,799.8599853515625,800.030029296875,799.9099731445312,799.9299926757812,799.989990234375,799.8900146484375,799.8300170898438,500.0299987792969,800.0499877929688,800.0499877929688,800.010009765625,499.9800109863281,800.0,800.0599975585938,800.0399780273438,0,0,0,0,0,0,0,0,0,0,0,0,0,0,0,0,901,783,625,591,797,897,952,876,344,782,883,886,0,388,791,703,699.9375
2018.07.31 09:01:20.938000,#M,799.8300170898438,799.8599853515625,800.030029296875,799.9099731445312,799.9299926757812,799.989990234375,799.8900146484375,799.8300170898438,500.0299987792969,800.0499877929688,800.0499877929688,800.010009765625,499.9800109863281,800.0,800.0599975585938,800.0399780273438,0,0,0,0,0,0,0,0,0,0,0,0,0,0,0,0,902,741,620,634,827,807,1005,886,358,814,818,910,0,359,809,696,699.125
2018.07.31 09:01:30.773000,#M,799.8300170898438,799.8599853515625,800.030029296875,799.9099731445312,799.9299926757812,799.989990234375,799.8900146484375,799.8300170898438,500.0299987792969,800.0499877929688,800.0499877929688,800.010009765625,499.9800109863281,800.0,800.0599975585938,800.0399780273438,0,0,0,0,0,0,0,0,0,0,0,0,0,0,0,0,937,765,627,663,831,841,959,911,372,759,897,929,0,366,784,651,705.75
2018.07.31 09:01:40.971000,#M,799.8300170898438,799.8599853515625,800.030029296875,799.9099731445312,799.9299926757812,799.989990234375,799.8900146484375,799.8300170898438,500.0299987792969,800.0499877929688,800.0499877929688,800.010009765625,499.9800109863281,800.0,800.0599975585938,800.0399780273438,0,0,0,0,0,0,0,0,0,0,0,0,0,0,0,0,925,764,641,665,821,862,939,889,378,812,863,931,0,387,843,693,713.3125
2018.07.31 09:01:50.805000,#M,799.8300170898438,799.8599853515625,800.030029296875,799.9099731445312,799.9299926757812,799.989990234375,799.8900146484375,799.8300170898438,500.0299987792969,800.0499877929688,800.0499877929688,800.010009765625,499.9800109863281,800.0,800.0599975585938,800.0399780273438,0,0,0,0,0,0,0,0,0,0,0,0,0,0,0,0,882,688,636,643,782,826,985,897,395,753,859,974,0,339,844,682,699.0625
2018.07.31 09:02:00.640000,#M,799.8300170898438,799.8599853515625,800.030029296875,799.9099731445312,799.9299926757812,799.989990234375,799.8900146484375,799.8300170898438,500.0299987792969,800.0499877929688,800.0499877929688,800.010009765625,499.9800109863281,800.0,800.0599975585938,800.0399780273438,0,0,0,0,0,0,0,0,0,0,0,0,0,0,0,0,917,736,642,636,799,885,951,882,380,732,867,977,0,316,812,682,700.875
2018.07.31 09:02:10.838000,#M,799.8300170898438,799.8599853515625,800.030029296875,799.9099731445312,799.9299926757812,799.989990234375,799.8900146484375,799.8300170898438,500.0299987792969,800.0499877929688,800.0499877929688,800.010009765625,499.9800109863281,800.0,800.0599975585938,800.0399780273438,0,0,0,0,0,0,0,0,0,0,0,0,0,0,0,0,897,737,618,600,793,850,969,926,346,754,902,886,0,374,818,683,697.0625
2018.07.31 09:02:20.673000,#M,799.8300170898438,799.8599853515625,800.030029296875,799.9099731445312,799.9299926757812,799.989990234375,799.8900146484375,799.8300170898438,500.0299987792969,800.0499877929688,800.0499877929688,800.010009765625,499.9800109863281,800.0,800.0599975585938,800.0399780273438,0,0,0,0,0,0,0,0,0,0,0,0,0,0,0,0,876,762,617,662,822,865,945,846,363,787,898,946,0,357,748,668,697.625
2018.07.31 09:02:30.871000,#M,799.8300170898438,799.8599853515625,800.030029296875,799.9099731445312,799.9299926757812,799.989990234375,799.8900146484375,799.8300170898438,500.0299987792969,800.0499877929688,800.0499877929688,800.010009765625,499.9800109863281,800.0,800.0599975585938,800.0399780273438,0,0,0,0,0,0,0,0,0,0,0,0,0,0,0,0,861,726,661,615,835,858,955,907,393,753,840,905,0,367,843,680,699.9375
2018.07.31 09:02:40.706000,#M,799.8300170898438,799.8599853515625,800.030029296875,799.9099731445312,799.9299926757812,799.989990234375,799.8900146484375,799.8300170898438,500.0299987792969,800.0499877929688,800.0499877929688,800.010009765625,499.9800109863281,800.0,800.0599975585938,800.0399780273438,0,0,0,0,0,0,0,0,0,0,0,0,0,0,0,0,928,743,685,633,809,812,974,897,367,763,820,893,0,371,776,739,700.625
2018.07.31 09:02:50.904000,#M,799.8300170898438,799.8599853515625,800.030029296875,799.9099731445312,799.9299926757812,799.989990234375,799.8900146484375,799.8300170898438,500.0299987792969,800.0499877929688,800.0499877929688,800.010009765625,499.9800109863281,800.0,800.0599975585938,800.0399780273438,0,0,0,0,0,0,0,0,0,0,0,0,0,0,0,0,886,758,606,626,786,867,963,937,385,800,864,914,0,342,798,662,699.625
2018.07.31 09:03:00.738000,#M,799.8300170898438,799.8599853515625,800.030029296875,799.9099731445312,799.9299926757812,799.989990234375,799.8900146484375,799.8300170898438,500.0299987792969,800.0499877929688,800.0499877929688,800.010009765625,499.9800109863281,800.0,800.0599975585938,800.0399780273438,0,0,0,0,0,0,0,0,0,0,0,0,0,0,0,0,913,791,641,640,790,849,966,872,380,755,886,935,0,366,808,656,703.0
2018.07.31 09:03:10.937000,#M,799.8300170898438,799.8599853515625,800.030029296875,799.9099731445312,799.9299926757812,799.989990234375,799.8900146484375,799.8300170898438,500.0299987792969,800.0499877929688,800.0499877929688,800.010009765625,499.9800109863281,800.0,800.0599975585938,800.0399780273438,0,0,0,0,0,0,0,0,0,0,0,0,0,0,0,0,906,759,617,641,837,847,970,920,386,827,904,877,0,341,802,665,706.1875
2018.07.31 09:03:20.771000,#M,799.8300170898438,799.8599853515625,800.030029296875,799.9099731445312,799.9299926757812,799.989990234375,799.8900146484375,799.8300170898438,500.0299987792969,800.0499877929688,800.0499877929688,800.010009765625,499.9800109863281,800.0,800.0599975585938,800.0399780273438,0,0,0,0,0,0,0,0,0,0,0,0,0,0,0,0,901,773,622,640,760,840,950,885,366,795,889,981,0,332,748,672,697.125
2018.07.31 09:03:30.970000,#M,799.8300170898438,799.8599853515625,800.030029296875,799.9099731445312,799.9299926757812,799.989990234375,799.8900146484375,799.8300170898438,500.0299987792969,800.0499877929688,800.0499877929688,800.010009765625,499.9800109863281,800.0,800.0599975585938,800.0399780273438,0,0,0,0,0,0,0,0,0,0,0,0,0,0,0,0,936,788,627,671,800,820,960,924,393,781,836,904,0,354,827,697,707.375
2018.07.31 09:03:40.804000,#M,799.8300170898438,799.8599853515625,800.030029296875,799.9099731445312,799.9299926757812,799.989990234375,799.8900146484375,799.8300170898438,500.0299987792969,800.0499877929688,800.0499877929688,800.010009765625,499.9800109863281,800.0,800.0599975585938,800.0399780273438,0,0,0,0,0,0,0,0,0,0,0,0,0,0,0,0,919,749,688,631,820,828,912,900,383,815,864,910,0,325,799,640,698.9375
2018.07.31 09:03:50.639000,#M,799.8300170898438,799.8599853515625,800.030029296875,799.9099731445312,799.9299926757812,799.989990234375,799.8900146484375,799.8300170898438,500.0299987792969,800.0499877929688,800.0499877929688,800.010009765625,499.9800109863281,800.0,800.0599975585938,800.0399780273438,0,0,0,0,0,0,0,0,0,0,0,0,0,0,0,0,939,778,619,601,783,858,963,892,377,750,899,916,0,374,765,656,698.125
2018.07.31 09:04:00.837000,#M,799.8300170898438,799.8599853515625,800.030029296875,799.9099731445312,799.9299926757812,799.989990234375,799.8900146484375,799.8300170898438,500.0299987792969,800.0499877929688,800.0499877929688,800.010009765625,499.9800109863281,800.0,800.0599975585938,800.0399780273438,0,0,0,0,0,0,0,0,0,0,0,0,0,0,0,0,895,740,657,648,810,909,968,901,360,800,871,921,0,359,817,686,708.875
2018.07.31 09:04:10.672000,#M,799.8300170898438,799.8599853515625,800.030029296875,799.9099731445312,799.9299926757812,799.989990234375,799.8900146484375,799.8300170898438,500.0299987792969,800.0499877929688,800.0499877929688,800.010009765625,499.9800109863281,800.0,800.0599975585938,800.0399780273438,0,0,0,0,0,0,0,0,0,0,0,0,0,0,0,0,927,790,662,642,771,839,974,875,391,826,884,936,0,382,830,684,713.3125
2018.07.31 09:04:20.870000,#M,799.8300170898438,799.8599853515625,800.030029296875,799.9099731445312,799.9299926757812,799.989990234375,799.8900146484375,799.8300170898438,500.0299987792969,800.0499877929688,800.0499877929688,800.010009765625,499.9800109863281,800.0,800.0599975585938,800.0399780273438,0,0,0,0,0,0,0,0,0,0,0,0,0,0,0,0,942,673,649,606,801,889,947,886,404,770,898,901,0,403,817,650,702.25
2018.07.31 09:04:24.512000,#M,799.8300170898438,799.8599853515625,800.030029296875,799.9099731445312,799.9299926757812,799.989990234375,799.8900146484375,799.8300170898438,500.0299987792969,800.0499877929688,800.0499877929688,800.010009765625,499.9800109863281,800.0,800.0599975585938,800.0399780273438,0,0,0,0,0,0,0,0,0,0,0,0,0,0,0,0,944,743,624,679,805,839,1006,880,392,824,801,949,0,313,848,646,705.8125
2018.07.31 09:05:10.698000,#M,799.8300170898438,799.8599853515625,800.030029296875,799.9099731445312,799.9299926757812,799.989990234375,799.8900146484375,799.8300170898438,500.0299987792969,800.0499877929688,800.0499877929688,800.010009765625,499.9800109863281,800.0,800.0599975585938,800.0399780273438,0,0,0,0,0,0,0,0,0,0,0,0,0,0,0,0,915,735,663,602,843,853,940,859,393,790,896,928,0,329,786,671,700.1875
2018.07.31 09:05:20.897000,#M,799.8300170898438,799.8599853515625,800.030029296875,799.9099731445312,799.9299926757812,799.989990234375,799.8900146484375,799.8300170898438,500.0299987792969,800.0499877929688,800.0499877929688,800.010009765625,499.9800109863281,800.0,800.0599975585938,800.0399780273438,0,0,0,0,0,0,0,0,0,0,0,0,0,0,0,0,945,768,626,643,780,834,967,940,357,741,846,902,0,357,820,690,701.0
2018.07.31 09:05:30.731000,#M,799.8300170898438,799.8599853515625,800.030029296875,799.9099731445312,799.9299926757812,799.989990234375,799.8900146484375,799.8300170898438,500.0299987792969,800.0499877929688,800.0499877929688,800.010009765625,499.9800109863281,800.0,800.0599975585938,800.0399780273438,0,0,0,0,0,0,0,0,0,0,0,0,0,0,0,0,869,761,617,666,780,818,975,914,370,783,866,936,0,352,769,646,695.125
2018.07.31 09:05:40.930000,#M,799.8300170898438,799.8599853515625,800.030029296875,799.9099731445312,799.9299926757812,799.989990234375,799.8900146484375,799.8300170898438,500.0299987792969,800.0499877929688,800.0499877929688,800.010009765625,499.9800109863281,800.0,800.0599975585938,800.0399780273438,0,0,0,0,0,0,0,0,0,0,0,0,0,0,0,0,946,785,620,628,820,892,989,854,399,750,901,876,0,343,773,733,706.8125
2018.07.31 09:05:50.764000,#M,799.8300170898438,799.8599853515625,800.030029296875,799.9099731445312,799.9299926757812,799.989990234375,799.8900146484375,799.8300170898438,500.0299987792969,800.0499877929688,800.0499877929688,800.010009765625,499.9800109863281,800.0,800.0599975585938,800.0399780273438,0,0,0,0,0,0,0,0,0,0,0,0,0,0,0,0,903,769,637,637,787,873,953,881,363,764,874,876,0,347,831,636,695.6875
2018.07.31 09:06:00.963000,#M,799.8300170898438,799.8599853515625,800.030029296875,799.9099731445312,799.9299926757812,799.989990234375,799.8900146484375,799.8300170898438,500.0299987792969,800.0499877929688,800.0499877929688,800.010009765625,499.9800109863281,800.0,800.0599975585938,800.0399780273438,0,0,0,0,0,0,0,0,0,0,0,0,0,0,0,0,905,714,595,637,793,850,932,881,360,788,894,916,0,340,829,668,693.875
2018.07.31 09:06:10.797000,#M,799.8300170898438,799.8599853515625,800.030029296875,799.9099731445312,799.9299926757812,799.989990234375,799.8900146484375,799.8300170898438,500.0299987792969,800.0499877929688,800.0499877929688,800.010009765625,499.9800109863281,800.0,800.0599975585938,800.0399780273438,0,0,0,0,0,0,0,0,0,0,0,0,0,0,0,0,878,774,632,632,747,856,952,928,377,801,881,912,0,362,775,673,698.75
2018.07.31 09:06:20.995000,#M,799.8300170898438,799.8599853515625,800.030029296875,799.9099731445312,799.9299926757812,799.989990234375,799.8900146484375,799.8300170898438,500.0299987792969,800.0499877929688,800.0499877929688,800.010009765625,499.9800109863281,800.0,800.0599975585938,800.0399780273438,0,0,0,0,0,0,0,0,0,0,0,0,0,0,0,0,892,786,647,617,812,851,1013,899,371,786,870,920,0,330,762,678,702.125
2018.07.31 09:06:30.830000,#M,799.8300170898438,799.8599853515625,800.030029296875,799.9099731445312,799.9299926757812,799.989990234375,799.8900146484375,799.8300170898438,500.0299987792969,800.0499877929688,800.0499877929688,800.010009765625,499.9800109863281,800.0,800.0599975585938,800.0399780273438,0,0,0,0,0,0,0,0,0,0,0,0,0,0,0,0,932,698,659,620,762,831,968,939,370,750,873,926,0,344,793,685,696.875
2018.07.31 09:06:40.665000,#M,799.8300170898438,799.8599853515625,800.030029296875,799.9099731445312,799.9299926757812,799.989990234375,799.8900146484375,799.8300170898438,500.0299987792969,800.0499877929688,800.0499877929688,800.010009765625,499.9800109863281,800.0,800.0599975585938,800.0399780273438,0,0,0,0,0,0,0,0,0,0,0,0,0,0,0,0,900,714,651,608,774,810,957,882,370,749,857,918,0,366,803,660,688.6875
2018.07.31 09:06:50.863000,#M,799.8300170898438,799.8599853515625,800.030029296875,799.9099731445312,799.9299926757812,799.989990234375,799.8900146484375,799.8300170898438,500.0299987792969,800.0499877929688,800.0499877929688,800.010009765625,499.9800109863281,800.0,800.0599975585938,800.0399780273438,0,0,0,0,0,0,0,0,0,0,0,0,0,0,0,0,936,761,637,635,792,832,959,878,360,841,833,914,0,321,798,693,699.375
2018.07.31 09:07:00.697000,#M,799.8300170898438,799.8599853515625,800.030029296875,799.9099731445312,799.9299926757812,799.989990234375,799.8900146484375,799.8300170898438,500.0299987792969,800.0499877929688,800.0499877929688,800.010009765625,499.9800109863281,800.0,800.0599975585938,800.0399780273438,0,0,0,0,0,0,0,0,0,0,0,0,0,0,0,0,936,720,604,618,808,790,960,913,403,727,871,934,0,349,785,671,693.0625
2018.07.31 09:07:10.896000,#M,799.8300170898438,799.8599853515625,800.030029296875,799.9099731445312,799.9299926757812,799.989990234375,799.8900146484375,799.8300170898438,500.0299987792969,800.0499877929688,800.0499877929688,800.010009765625,499.9800109863281,800.0,800.0599975585938,800.0399780273438,0,0,0,0,0,0,0,0,0,0,0,0,0,0,0,0,943,750,610,629,801,857,953,872,365,775,824,902,0,331,809,635,691.0
2018.07.31 09:07:20.730000,#M,799.8300170898438,799.8599853515625,800.030029296875,799.9099731445312,799.9299926757812,799.989990234375,799.8900146484375,799.8300170898438,500.0299987792969,800.0499877929688,800.0499877929688,800.010009765625,499.9800109863281,800.0,800.0599975585938,800.0399780273438,0,0,0,0,0,0,0,0,0,0,0,0,0,0,0,0,923,750,653,643,762,879,981,884,406,762,868,917,0,359,843,694,707.75
2018.07.31 09:07:30.928000,#M,799.8300170898438,799.8599853515625,800.030029296875,799.9099731445312,799.9299926757812,799.989990234375,799.8900146484375,799.8300170898438,500.0299987792969,800.0499877929688,800.0499877929688,800.010009765625,499.9800109863281,800.0,800.0599975585938,800.0399780273438,0,0,0,0,0,0,0,0,0,0,0,0,0,0,0,0,910,785,609,619,785,890,956,924,384,816,883,949,0,360,768,637,704.6875
2018.07.31 09:07:40.763000,#M,799.8300170898438,799.8599853515625,800.030029296875,799.9099731445312,799.9299926757812,799.989990234375,799.8900146484375,799.8300170898438,500.0299987792969,800.0499877929688,800.0499877929688,800.010009765625,499.9800109863281,800.0,800.0599975585938,800.0399780273438,0,0,0,0,0,0,0,0,0,0,0,0,0,0,0,0,935,769,618,638,803,860,927,860,391,763,909,884,0,328,792,658,695.9375
2018.07.31 09:07:50.961000,#M,799.8300170898438,799.8599853515625,800.030029296875,799.9099731445312,799.9299926757812,799.989990234375,799.8900146484375,799.8300170898438,500.0299987792969,800.0499877929688,800.0499877929688,800.010009765625,499.9800109863281,800.0,800.0599975585938,800.0399780273438,0,0,0,0,0,0,0,0,0,0,0,0,0,0,0,0,957,715,596,667,806,841,942,844,408,791,856,963,1,358,798,655,699.875
2018.07.31 09:08:00.796000,#M,799.8300170898438,799.8599853515625,800.030029296875,799.9099731445312,799.9299926757812,799.989990234375,799.8900146484375,799.8300170898438,500.0299987792969,800.0499877929688,800.0499877929688,800.010009765625,499.9800109863281,800.0,800.0599975585938,800.0399780273438,0,0,0,0,0,0,0,0,0,0,0,0,0,0,0,0,918,725,614,601,751,835,980,922,374,784,856,940,0,395,842,669,700.375
