2017.10.11 17:44:36.857000,#M,299.79998779296875,300.0,300.1000061035156,300.1000061035156,300.1000061035156,299.6000061035156,299.8999938964844,299.79998779296875,300.20001220703125,299.8999938964844,300.20001220703125,300.20001220703125,300.1000061035156,300.0,299.70001220703125,300.5,0,0,0,0,0,0,0,0,0,0,0,0,0,0,0,0,909432,824501,754394,733324,784716,855381,945859,1002698,757662,811748,848677,922471,488,912695,856110,662967,786445.1875
2017.10.11 17:44:46.691000,#M,299.79998779296875,300.0,300.1000061035156,300.1000061035156,300.1000061035156,299.6000061035156,299.8999938964844,299.79998779296875,300.20001220703125,299.8999938964844,300.20001220703125,300.20001220703125,300.1000061035156,300.0,299.70001220703125,300.5,0,0,0,0,0,0,0,0,0,0,0,0,0,0,0,0,909813,823015,754089,732278,785309,856520,945808,1002211,757122,810954,848232,922736,472,911382,853865,660566,785898.25
2017.10.11 17:44:56.890000,#M,299.79998779296875,300.0,300.1000061035156,300.1000061035156,300.1000061035156,299.6000061035156,299.8999938964844,299.79998779296875,300.20001220703125,299.8999938964844,300.20001220703125,300.20001220703125,300.1000061035156,300.0,299.70001220703125,300.5,0,0,0,0,0,0,0,0,0,0,0,0,0,0,0,0,907254,821847,753534,729583,783769,853789,942583,1000015,757627,808560,847891,920839,440,910482,853547,660991,784546.9375
2017.10.11 17:45:06.724000,#M,299.79998779296875,300.0,300.1000061035156,300.1000061035156,300.1000061035156,299.6000061035156,299.8999938964844,299.79998779296875,300.20001220703125,299.8999938964844,300.20001220703125,300.20001220703125,300.1000061035156,300.0,299.70001220703125,300.5,0,0,0,0,0,0,0,0,0,0,0,0,0,0,0,0,908798,824952,755027,731649,784971,856353,944789,1003264,757551,810912,846282,920670,472,910322,854387,662891,785830.625
2017.10.11 17:45:16.923000,#M,299.79998779296875,300.0,300.1000061035156,300.1000061035156,300.1000061035156,299.6000061035156,299.8999938964844,299.79998779296875,300.20001220703125,299.8999938964844,300.20001220703125,300.20001220703125,300.1000061035156,300.0,299.70001220703125,300.5,0,0,0,0,0,0,0,0,0,0,0,0,0,0,0,0,906542,822706,750982,730303,783552,854573,942823,1002659,757500,809229,844626,919931,450,909070,852381,661952,784329.9375
2017.10.11 17:45:26.757000,#M,299.79998779296875,300.0,300.1000061035156,300.1000061035156,300.1000061035156,299.6000061035156,299.8999938964844,299.79998779296875,300.20001220703125,299.8999938964844,300.20001220703125,300.20001220703125,300.1000061035156,300.0,299.70001220703125,300.5,0,0,0,0,0,0,0,0,0,0,0,0,0,0,0,0,907900,822524,752774,731293,784503,853806,944716,1001166,756439,808773,846719,922573,474,910562,852504,661675,784900.0625
2017.10.11 17:45:36.956000,#M,299.79998779296875,300.0,300.1000061035156,300.1000061035156,300.1000061035156,299.6000061035156,299.8999938964844,299.79998779296875,300.20001220703125,299.8999938964844,300.20001220703125,300.20001220703125,300.1000061035156,300.0,299.70001220703125,300.5,0,0,0,0,0,0,0,0,0,0,0,0,0,0,0,0,905236,821460,753810,728370,781751,852174,944329,1000361,754068,807808,846553,918457,481,907348,850094,660843,783321.4375
2017.10.11 17:45:46.790000,#M,299.79998779296875,300.0,300.1000061035156,300.1000061035156,300.1000061035156,299.6000061035156,299.8999938964844,299.79998779296875,300.20001220703125,299.8999938964844,300.20001220703125,300.20001220703125,300.1000061035156,300.0,299.70001220703125,300.5,0,0,0,0,0,0,0,0,0,0,0,0,0,0,0,0,904994,822282,752286,731533,782875,852275,943616,998885,757027,809665,844995,920071,464,909016,854022,662328,784145.875
2017.10.11 17:45:56.989000,#M,299.79998779296875,300.0,300.1000061035156,300.1000061035156,300.1000061035156,299.6000061035156,299.8999938964844,299.79998779296875,300.20001220703125,299.8999938964844,300.20001220703125,300.20001220703125,300.1000061035156,300.0,299.70001220703125,300.5,0,0,0,0,0,0,0,0,0,0,0,0,0,0,0,0,906167,821103,750403,728225,782904,852686,942619,998589,756145,807332,845045,921122,482,906865,851575,660864,783257.875
2017.10.11 17:46:06.823000,#M,299.79998779296875,300.0,300.1000061035156,300.1000061035156,300.1000061035156,299.6000061035156,299.8999938964844,299.79998779296875,300.20001220703125,299.8999938964844,300.20001220703125,300.20001220703125,300.1000061035156,300.0,299.70001220703125,300.5,0,0,0,0,0,0,0,0,0,0,0,0,0,0,0,0,907521,824857,752380,730750,784533,854048,942807,1000877,757299,808787,847220,921747,451,909601,850995,661929,784737.625
2017.10.11 17:46:16.657000,#M,299.79998779296875,300.0,300.1000061035156,300.1000061035156,300.1000061035156,299.6000061035156,299.8999938964844,299.79998779296875,300.20001220703125,299.8999938964844,300.20001220703125,300.20001220703125,300.1000061035156,300.0,299.70001220703125,300.5,0,0,0,0,0,0,0,0,0,0,0,0,0,0,0,0,906363,822768,752429,729865,784355,851558,944139,1000289,755416,807737,844749,920322,480,909406,850432,660663,783810.6875
2017.10.11 17:46:26.856000,#M,299.79998779296875,300.0,300.1000061035156,300.1000061035156,300.1000061035156,299.6000061035156,299.8999938964844,299.79998779296875,300.20001220703125,299.8999938964844,300.20001220703125,300.20001220703125,300.1000061035156,300.0,299.70001220703125,300.5,0,0,0,0,0,0,0,0,0,0,0,0,0,0,0,0,905988,822324,751279,730169,783627,851363,942571,998439,756124,808606,845281,919295,458,909917,852342,660811,783662.125
2017.10.11 17:46:36.690000,#M,299.79998779296875,300.0,300.1000061035156,300.1000061035156,300.1000061035156,299.6000061035156,299.8999938964844,299.79998779296875,300.20001220703125,299.8999938964844,300.20001220703125,300.20001220703125,300.1000061035156,300.0,299.70001220703125,300.5,0,0,0,0,0,0,0,0,0,0,0,0,0,0,0,0,905850,821594,751109,729249,784573,852862,944700,998913,755311,807165,845673,919627,443,908608,853006,661221,783744.0
2017.10.11 17:46:41.789000,#M,299.79998779296875,300.0,300.1000061035156,300.1000061035156,300.1000061035156,299.6000061035156,300.0,299.79998779296875,300.20001220703125,299.8999938964844,300.20001220703125,300.20001220703125,300.1000061035156,300.0,299.70001220703125,300.5,0,0,0,0,0,0,0,0,0,0,0,0,0,0,0,0,904343,819791,749106,727465,781759,851820,940314,998710,753049,807015,844344,918482,483,907774,849805,661130,782211.875
2017.10.11 17:46:46.889000,#M,299.79998779296875,300.0,300.1000061035156,300.1000061035156,300.1000061035156,299.6000061035156,300.0,299.79998779296875,300.20001220703125,299.8999938964844,300.20001220703125,300.20001220703125,300.1000061035156,300.0,299.70001220703125,300.5,0,0,0,0,0,0,0,0,0,0,0,0,0,0,0,0,903725,821112,752008,729935,782566,852019,941938,999427,756675,808578,845137,920709,472,906615,852576,661380,783429.5
2017.10.11 17:46:56.723000,#M,299.79998779296875,300.0,300.1000061035156,300.1000061035156,300.1000061035156,299.6000061035156,300.0,299.79998779296875,300.20001220703125,299.8999938964844,300.20001220703125,300.20001220703125,300.1000061035156,300.0,299.70001220703125,300.5,0,0,0,0,0,0,0,0,0,0,0,0,0,0,0,0,904486,821390,750813,729885,782635,850564,942704,996786,753245,805396,842000,919315,426,907022,850708,659587,782310.125
2017.10.11 17:47:06.922000,#M,299.79998779296875,300.0,300.1000061035156,300.1000061035156,300.1000061035156,299.6000061035156,300.0,299.79998779296875,300.20001220703125,299.8999938964844,300.20001220703125,300.20001220703125,300.1000061035156,300.0,299.70001220703125,300.5,0,0,0,0,0,0,0,0,0,0,0,0,0,0,0,0,904579,821448,751279,729467,782791,852941,941305,997356,755877,809194,844683,919575,448,907525,850941,660416,783114.0625
2017.10.11 17:47:16.756000,#M,299.79998779296875,300.0,300.1000061035156,300.1000061035156,300.1000061035156,299.6000061035156,300.0,299.79998779296875,300.20001220703125,299.8999938964844,300.20001220703125,300.20001220703125,300.1000061035156,300.0,299.70001220703125,300.5,0,0,0,0,0,0,0,0,0,0,0,0,0,0,0,0,906209,822952,750979,729477,781984,850888,943073,1000106,755517,808081,843968,920437,473,908285,852237,661598,783516.5
2017.10.11 17:47:26.954000,#M,299.79998779296875,300.0,300.1000061035156,300.1000061035156,300.1000061035156,299.6000061035156,300.0,299.79998779296875,300.20001220703125,299.8999938964844,300.20001220703125,300.20001220703125,300.1000061035156,300.0,299.70001220703125,300.5,0,0,0,0,0,0,0,0,0,0,0,0,0,0,0,0,904607,818938,750592,728781,781169,850513,942215,997097,756166,807591,844954,916945,484,907440,848569,659291,782209.5
2017.10.11 17:47:36.789000,#M,299.79998779296875,300.0,300.1000061035156,300.1000061035156,300.1000061035156,299.6000061035156,300.0,299.79998779296875,300.20001220703125,299.8999938964844,300.20001220703125,300.20001220703125,300.1000061035156,300.0,299.70001220703125,300.5,0,0,0,0,0,0,0,0,0,0,0,0,0,0,0,0,903173,821815,749357,729760,783707,851269,942415,998488,754001,806559,844498,918180,466,905693,850486,657662,782345.5625
2017.10.11 17:47:46.987000,#M,299.79998779296875,300.0,300.1000061035156,300.1000061035156,300.1000061035156,299.6000061035156,300.0,299.79998779296875,300.20001220703125,299.8999938964844,300.20001220703125,300.20001220703125,300.1000061035156,300.0,299.70001220703125,300.5,0,0,0,0,0,0,0,0,0,0,0,0,0,0,0,0,906213,821025,750765,729871,781906,852426,941883,1001338,754626,807267,843072,919054,470,907665,851468,661004,783128.3125
2017.10.11 17:47:56.822000,#M,299.79998779296875,300.0,300.1000061035156,300.1000061035156,300.1000061035156,299.6000061035156,300.0,299.79998779296875,300.20001220703125,299.8999938964844,300.20001220703125,300.20001220703125,300.1000061035156,300.0,299.70001220703125,300.5,0,0,0,0,0,0,0,0,0,0,0,0,0,0,0,0,902210,820510,748469,727556,779977,851152,940112,998954,752568,806449,842544,917654,459,904848,848628,658329,781276.1875
2017.10.11 17:48:06.656000,#M,299.79998779296875,300.0,300.1000061035156,300.1000061035156,300.1000061035156,299.6000061035156,300.0,299.79998779296875,300.20001220703125,299.8999938964844,300.20001220703125,300.20001220703125,300.1000061035156,300.0,299.70001220703125,300.5,0,0,0,0,0,0,0,0,0,0,0,0,0,0,0,0,901846,818681,749326,728327,781516,849580,941458,997393,751801,806188,841692,917742,451,904174,848628,659797,781162.5
2017.10.11 17:48:16.854000,#M,299.79998779296875,300.0,300.1000061035156,300.1000061035156,300.1000061035156,299.6000061035156,300.0,299.79998779296875,300.20001220703125,299.8999938964844,300.20001220703125,300.20001220703125,300.1000061035156,300.0,299.70001220703125,300.5,0,0,0,0,0,0,0,0,0,0,0,0,0,0,0,0,903691,819460,747669,726406,779780,849589,939174,996821,753722,805631,841625,917530,480,906442,849722,659542,781080.25
2017.10.11 17:48:26.689000,#M,299.79998779296875,300.0,300.1000061035156,300.1000061035156,300.1000061035156,299.6000061035156,300.0,299.79998779296875,300.20001220703125,299.8999938964844,300.20001220703125,300.20001220703125,300.1000061035156,300.0,299.70001220703125,300.5,0,0,0,0,0,0,0,0,0,0,0,0,0,0,0,0,902421,819500,750174,728596,782041,851205,941813,997139,755072,808312,842366,917371,491,907857,851645,660053,782253.5
2017.10.11 17:48:36.887000,#M,299.79998779296875,300.0,300.1000061035156,300.1000061035156,300.1000061035156,299.6000061035156,300.0,299.79998779296875,300.20001220703125,299.8999938964844,300.20001220703125,300.20001220703125,300.1000061035156,300.0,299.70001220703125,300.5,0,0,0,0,0,0,0,0,0,0,0,0,0,0,0,0,903150,819846,749613,728130,779940,850478,940236,996242,752752,804845,842007,916094,477,904997,849400,658543,781046.875
2017.10.11 17:48:46.722000,#M,299.79998779296875,300.0,300.1000061035156,300.1000061035156,300.1000061035156,299.6000061035156,300.0,299.79998779296875,300.20001220703125,299.8999938964844,300.20001220703125,300.20001220703125,300.1000061035156,300.0,299.70001220703125,300.5,0,0,0,0,0,0,0,0,0,0,0,0,0,0,0,0,902027,819047,747968,727226,780112,847597,939839,996052,753972,806313,840365,916489,490,904374,849273,659146,780643.125
2017.10.11 17:48:56.920000,#M,299.79998779296875,300.0,300.1000061035156,300.1000061035156,300.1000061035156,299.6000061035156,300.0,299.79998779296875,300.20001220703125,299.8999938964844,300.20001220703125,300.20001220703125,300.1000061035156,300.0,299.70001220703125,300.5,0,0,0,0,0,0,0,0,0,0,0,0,0,0,0,0,903130,818503,748210,726743,781986,849924,940272,996685,753384,805487,841835,915989,472,906129,849330,659585,781104.0
2017.10.11 17:49:06.755000,#M,299.79998779296875,300.0,300.1000061035156,300.1000061035156,300.1000061035156,299.6000061035156,300.0,299.79998779296875,300.20001220703125,299.8999938964844,300.20001220703125,300.20001220703125,300.1000061035156,300.0,299.70001220703125,300.5,0,0,0,0,0,0,0,0,0,0,0,0,0,0,0,0,903551,818140,747600,727035,778554,847722,939326,994189,752490,804317,840589,917287,474,904786,848886,658084,780189.375
2017.10.11 17:49:16.953000,#M,299.79998779296875,300.0,300.1000061035156,300.1000061035156,300.1000061035156,299.6000061035156,300.0,299.79998779296875,300.20001220703125,299.8999938964844,300.20001220703125,300.20001220703125,300.1000061035156,300.0,299.70001220703125,300.5,0,0,0,0,0,0,0,0,0,0,0,0,0,0,0,0,905249,818107,747815,728028,780603,848826,940315,994856,750592,805148,840903,916109,486,906236,849053,657818,780634.0
2017.10.11 17:49:26.788000,#M,299.79998779296875,300.0,300.1000061035156,300.1000061035156,300.1000061035156,299.6000061035156,300.0,299.79998779296875,300.20001220703125,299.8999938964844,300.20001220703125,300.20001220703125,300.1000061035156,300.0,299.70001220703125,300.5,0,0,0,0,0,0,0,0,0,0,0,0,0,0,0,0,901530,817343,748195,725626,779536,847874,937029,994442,751864,804652,841248,915756,478,903191,847457,656963,779574.0
2017.10.11 17:49:36.986000,#M,299.79998779296875,300.0,300.1000061035156,300.1000061035156,300.1000061035156,299.6000061035156,300.0,299.79998779296875,300.20001220703125,299.8999938964844,300.20001220703125,300.20001220703125,300.1000061035156,300.0,299.70001220703125,300.5,0,0,0,0,0,0,0,0,0,0,0,0,0,0,0,0,901650,818438,748806,726831,778601,848302,938002,996024,751933,804643,842248,916004,472,904064,847888,657230,780071.0
2017.10.11 17:49:46.820000,#M,299.79998779296875,300.0,300.1000061035156,300.1000061035156,300.1000061035156,299.6000061035156,300.0,299.79998779296875,300.20001220703125,299.8999938964844,300.20001220703125,300.20001220703125,300.1000061035156,300.0,299.70001220703125,300.5,0,0,0,0,0,0,0,0,0,0,0,0,0,0,0,0,899864,817843,746937,724455,778300,845523,938658,992214,749756,803010,838351,913051,451,902008,847543,657077,778440.0625
2017.10.11 17:49:56.655000,#M,299.79998779296875,300.0,300.1000061035156,300.1000061035156,300.1000061035156,299.6000061035156,300.0,299.79998779296875,300.20001220703125,299.8999938964844,300.20001220703125,300.20001220703125,300.1000061035156,300.0,299.70001220703125,300.5,0,0,0,0,0,0,0,0,0,0,0,0,0,0,0,0,899831,817802,746669,724926,779303,845000,937735,993250,751761,804534,839328,913757,469,904042,848082,657214,778981.4375
2017.10.11 17:50:06.853000,#M,299.79998779296875,300.0,300.1000061035156,300.1000061035156,300.1000061035156,299.6000061035156,300.0,299.79998779296875,300.20001220703125,299.8999938964844,300.20001220703125,300.20001220703125,300.1000061035156,300.0,299.70001220703125,300.5,0,0,0,0,0,0,0,0,0,0,0,0,0,0,0,0,902708,817488,748815,726412,780670,850103,938795,995625,752111,805028,840812,916161,485,905878,848758,658197,780502.875
2017.10.11 17:50:16.688000,#M,299.79998779296875,300.0,300.1000061035156,300.1000061035156,300.1000061035156,299.6000061035156,300.0,299.79998779296875,300.20001220703125,299.8999938964844,300.20001220703125,300.20001220703125,300.1000061035156,300.0,299.70001220703125,300.5,0,0,0,0,0,0,0,0,0,0,0,0,0,0,0,0,901289,816816,747805,726296,778849,848045,940897,995293,752716,803806,839824,913903,462,904273,849652,658429,779897.1875
2017.10.11 17:50:26.886000,#M,299.79998779296875,300.0,300.1000061035156,300.1000061035156,300.1000061035156,299.6000061035156,300.0,299.79998779296875,300.20001220703125,299.8999938964844,300.20001220703125,300.20001220703125,300.1000061035156,300.0,299.70001220703125,300.5,0,0,0,0,0,0,0,0,0,0,0,0,0,0,0,0,900800,815722,746500,725384,777615,846739,935630,993131,748160,802402,840486,913416,460,901381,846334,657422,778223.875
2017.10.11 17:50:36.721000,#M,299.79998779296875,300.0,300.1000061035156,300.1000061035156,300.1000061035156,299.6000061035156,300.0,299.79998779296875,300.20001220703125,299.8999938964844,300.20001220703125,300.20001220703125,300.1000061035156,300.0,299.70001220703125,300.5,0,0,0,0,0,0,0,0,0,0,0,0,0,0,0,0,901027,817125,744540,725599,779092,846162,937618,992541,751093,803926,840073,913534,468,901579,847928,655649,778622.125
2017.10.11 17:50:46.919000,#M,299.79998779296875,300.0,300.1000061035156,300.1000061035156,300.1000061035156,299.6000061035156,300.0,299.79998779296875,300.20001220703125,299.8999938964844,300.20001220703125,300.20001220703125,300.1000061035156,300.0,299.70001220703125,300.5,0,0,0,0,0,0,0,0,0,0,0,0,0,0,0,0,901721,817060,746796,724978,778618,846468,938724,993584,751990,801694,839649,916567,445,900919,847188,657728,779008.0625
2017.10.11 17:50:56.753000,#M,299.79998779296875,300.0,300.1000061035156,300.1000061035156,300.1000061035156,299.6000061035156,300.0,299.79998779296875,300.20001220703125,299.8999938964844,300.20001220703125,300.20001220703125,300.1000061035156,300.0,299.70001220703125,300.5,0,0,0,0,0,0,0,0,0,0,0,0,0,0,0,0,900897,817696,744464,725797,779146,846751,938867,994024,752371,803740,839499,913014,488,901780,846272,656536,778833.875
2017.10.11 17:51:06.952000,#M,299.79998779296875,300.0,300.1000061035156,300.1000061035156,300.1000061035156,299.6000061035156,300.0,299.79998779296875,300.20001220703125,299.8999938964844,300.20001220703125,300.20001220703125,300.1000061035156,300.0,299.70001220703125,300.5,0,0,0,0,0,0,0,0,0,0,0,0,0,0,0,0,899656,817422,745840,724849,778121,847500,938328,992559,750980,802990,839259,913552,478,902433,845283,655695,778434.0625
2017.10.11 17:51:16.787000,#M,299.79998779296875,300.0,300.1000061035156,300.1000061035156,300.1000061035156,299.6000061035156,300.0,299.79998779296875,300.20001220703125,299.8999938964844,300.20001220703125,300.20001220703125,300.1000061035156,300.0,299.70001220703125,300.5,0,0,0,0,0,0,0,0,0,0,0,0,0,0,0,0,900280,816115,744410,723366,777000,843973,934878,991313,747347,801163,839412,912283,460,900116,843543,654946,776912.8125
2017.10.11 17:51:26.985000,#M,299.79998779296875,300.0,300.1000061035156,300.1000061035156,300.1000061035156,299.6000061035156,300.0,299.79998779296875,300.20001220703125,299.8999938964844,300.20001220703125,300.20001220703125,300.1000061035156,300.0,299.70001220703125,300.5,0,0,0,0,0,0,0,0,0,0,0,0,0,0,0,0,899413,814975,744482,723234,776439,844845,936614,991592,749179,802180,838032,910460,471,901014,845926,656205,777191.3125
2017.10.11 17:51:36.819000,#M,299.79998779296875,300.0,300.1000061035156,300.1000061035156,300.1000061035156,299.6000061035156,300.0,299.79998779296875,300.20001220703125,299.8999938964844,300.20001220703125,300.20001220703125,300.1000061035156,300.0,299.70001220703125,300.5,0,0,0,0,0,0,0,0,0,0,0,0,0,0,0,0,898897,814051,744376,723087,777426,844791,935938,992165,747520,800277,835664,913409,479,901083,845380,655713,776891.0
2017.10.11 17:51:46.654000,#M,299.79998779296875,300.0,300.1000061035156,300.1000061035156,300.1000061035156,299.6000061035156,300.0,299.79998779296875,300.20001220703125,299.8999938964844,300.20001220703125,300.20001220703125,300.1000061035156,300.0,299.70001220703125,300.5,0,0,0,0,0,0,0,0,0,0,0,0,0,0,0,0,899952,814392,744105,724132,775925,845480,936133,993281,750295,800492,837402,911153,438,902038,845202,655242,777228.875
2017.10.11 17:51:56.852000,#M,299.79998779296875,300.0,300.1000061035156,300.1000061035156,300.1000061035156,299.6000061035156,300.0,299.79998779296875,300.20001220703125,299.8999938964844,300.20001220703125,300.20001220703125,300.1000061035156,300.0,299.70001220703125,300.5,0,0,0,0,0,0,0,0,0,0,0,0,0,0,0,0,898407,814542,745965,724868,776730,845821,937311,992747,749960,801873,837532,913112,439,901306,844591,656186,777586.875
2017.10.11 17:52:06.686000,#M,299.79998779296875,300.0,300.1000061035156,300.1000061035156,300.1000061035156,299.6000061035156,300.0,299.79998779296875,300.20001220703125,299.8999938964844,300.20001220703125,300.20001220703125,300.1000061035156,300.0,299.70001220703125,300.5,0,0,0,0,0,0,0,0,0,0,0,0,0,0,0,0,897252,815492,743091,722465,775091,844025,935030,989219,748108,799063,836564,911945,446,899214,843251,656612,776054.25
2017.10.11 17:52:16.885000,#M,299.79998779296875,300.0,300.1000061035156,300.1000061035156,300.1000061035156,299.6000061035156,300.0,299.79998779296875,300.20001220703125,299.8999938964844,300.20001220703125,300.20001220703125,300.1000061035156,300.0,299.70001220703125,300.5,0,0,0,0,0,0,0,0,0,0,0,0,0,0,0,0,898869,814965,745267,723872,777373,844831,937214,990578,749725,802967,837235,914118,474,900085,844850,655435,777366.125
2017.10.11 17:52:26.719000,#M,299.79998779296875,300.0,300.1000061035156,300.1000061035156,300.1000061035156,299.6000061035156,300.0,299.79998779296875,300.20001220703125,299.8999938964844,300.20001220703125,300.20001220703125,300.1000061035156,300.0,299.70001220703125,300.5,0,0,0,0,0,0,0,0,0,0,0,0,0,0,0,0,897793,815398,744682,723214,777040,844807,935589,991864,750670,802215,838250,912146,442,900560,843513,655388,777098.1875
2017.10.11 17:52:36.918000,#M,299.79998779296875,300.0,300.1000061035156,300.1000061035156,300.1000061035156,299.6000061035156,300.0,299.79998779296875,300.20001220703125,299.8999938964844,300.20001220703125,300.20001220703125,300.1000061035156,300.0,299.70001220703125,300.5,0,0,0,0,0,0,0,0,0,0,0,0,0,0,0,0,898651,816409,745729,724062,777560,846457,936442,994363,750053,802355,837972,912105,460,902644,845980,656385,777976.6875
2017.10.11 17:52:46.752000,#M,299.79998779296875,300.0,300.1000061035156,300.1000061035156,300.1000061035156,299.6000061035156,300.0,299.79998779296875,300.20001220703125,299.8999938964844,300.20001220703125,300.20001220703125,300.1000061035156,300.0,299.70001220703125,300.5,0,0,0,0,0,0,0,0,0,0,0,0,0,0,0,0,890636,807284,738262,718487,770043,836742,926890,982790,742615,794208,830080,903789,452,894340,837994,651073,770355.3125
2017.10.11 17:52:56.951000,#M,299.79998779296875,300.0,300.1000061035156,300.1000061035156,300.1000061035156,299.6000061035156,300.0,299.79998779296875,300.20001220703125,299.8999938964844,300.20001220703125,300.20001220703125,300.1000061035156,300.0,299.70001220703125,300.5,0,0,0,0,0,0,0,0,0,0,0,0,0,0,0,0,900383,816514,745893,724997,777264,846400,937198,991763,751097,802307,838076,912246,465,901471,846835,656263,778073.25
2017.10.11 17:53:06.785000,#M,299.79998779296875,300.0,300.1000061035156,300.1000061035156,300.1000061035156,299.6000061035156,300.0,299.79998779296875,300.20001220703125,299.8999938964844,300.20001220703125,300.20001220703125,300.1000061035156,300.0,299.70001220703125,300.5,0,0,0,0,0,0,0,0,0,0,0,0,0,0,0,0,898697,815543,744637,725236,777859,846166,936516,992882,749139,802381,838468,914061,435,901159,847435,655793,777900.4375
2017.10.11 17:53:16.985000,#M,299.79998779296875,300.0,300.1000061035156,300.1000061035156,300.1000061035156,299.6000061035156,300.0,299.79998779296875,300.20001220703125,299.8999938964844,300.20001220703125,300.20001220703125,300.1000061035156,300.0,299.70001220703125,300.5,0,0,0,0,0,0,0,0,0,0,0,0,0,0,0,0,897077,815343,745435,723652,777690,845585,935929,990733,748905,802328,835594,910162,460,898338,844748,655359,776708.625
2017.10.11 17:53:26.818000,#M,299.79998779296875,300.0,300.1000061035156,300.1000061035156,300.1000061035156,299.6000061035156,300.0,299.79998779296875,300.20001220703125,299.8999938964844,300.20001220703125,300.20001220703125,300.1000061035156,300.0,299.70001220703125,300.5,0,0,0,0,0,0,0,0,0,0,0,0,0,0,0,0,896718,813660,743128,721718,775005,842789,933640,989529,748025,799267,836056,910704,459,899414,844196,654246,775534.625
2017.10.11 17:53:36.652000,#M,299.79998779296875,300.0,300.1000061035156,300.1000061035156,300.1000061035156,299.6000061035156,300.0,299.79998779296875,300.20001220703125,299.8999938964844,300.20001220703125,300.20001220703125,300.1000061035156,300.0,299.70001220703125,300.5,0,0,0,0,0,0,0,0,0,0,0,0,0,0,0,0,897931,812908,742083,721889,777232,843092,932021,989803,746927,799195,835390,910915,327,898259,841228,654623,775238.9375
2017.10.11 17:53:46.851000,#M,299.79998779296875,300.0,300.1000061035156,300.1000061035156,300.1000061035156,299.6000061035156,300.0,299.79998779296875,300.20001220703125,299.8999938964844,300.20001220703125,300.20001220703125,300.1000061035156,300.0,299.70001220703125,300.5,0,0,0,0,0,0,0,0,0,0,0,0,0,0,0,0,898143,813540,743066,720926,776246,843051,934005,989669,747650,798387,835227,908534,486,898217,842443,654483,775254.5625
2017.10.11 17:53:56.685000,#M,299.79998779296875,300.0,300.1000061035156,300.1000061035156,300.1000061035156,299.6000061035156,300.0,299.79998779296875,300.20001220703125,299.8999938964844,300.20001220703125,300.20001220703125,300.1000061035156,300.0,299.70001220703125,300.5,0,0,0,0,0,0,0,0,0,0,0,0,0,0,0,0,897122,814192,742571,721554,773939,843963,933625,989159,748153,798022,835538,908142,482,898647,842231,653814,775072.125
2017.10.11 17:54:06.884000,#M,299.79998779296875,300.0,300.1000061035156,300.1000061035156,300.1000061035156,299.6000061035156,300.0,299.79998779296875,300.20001220703125,299.8999938964844,300.20001220703125,300.20001220703125,300.1000061035156,300.0,299.70001220703125,300.5,0,0,0,0,0,0,0,0,0,0,0,0,0,0,0,0,896774,812970,744951,723178,776709,844608,934353,989970,746900,799576,836442,912042,460,899642,842867,654574,776001.0
2017.10.11 17:54:16.718000,#M,299.79998779296875,300.0,300.1000061035156,300.1000061035156,300.1000061035156,299.6000061035156,300.0,299.79998779296875,300.20001220703125,299.8999938964844,300.20001220703125,300.20001220703125,300.1000061035156,300.0,299.70001220703125,300.5,0,0,0,0,0,0,0,0,0,0,0,0,0,0,0,0,896311,812752,741490,720487,774346,843047,930807,988248,746496,798029,834326,908119,458,896825,841725,653724,774199.375
2017.10.11 17:54:26.917000,#M,299.79998779296875,300.0,300.1000061035156,300.1000061035156,300.1000061035156,299.6000061035156,300.0,299.79998779296875,300.20001220703125,299.8999938964844,300.20001220703125,300.20001220703125,300.1000061035156,300.0,299.70001220703125,300.5,0,0,0,0,0,0,0,0,0,0,0,0,0,0,0,0,904048,814208,743748,721787,776002,842029,932433,988770,747950,799365,834510,910348,453,897554,842650,654599,775653.375
2017.10.11 17:54:27.645000,#M,314.79998779296875,300.0,300.1000061035156,300.1000061035156,300.1000061035156,299.6000061035156,300.0,299.79998779296875,300.20001220703125,299.8999938964844,300.20001220703125,300.20001220703125,300.1000061035156,300.0,299.70001220703125,300.5,0,0,0,0,0,0,0,0,0,0,0,0,0,0,0,0,908854,811706,742207,720243,773809,843755,932328,987226,746511,798214,833958,908506,468,896252,839626,651953,774726.0
2017.10.11 17:54:29.831000,#M,334.0,312.5,300.1000061035156,300.1000061035156,300.1000061035156,299.6000061035156,300.0,299.79998779296875,300.20001220703125,299.8999938964844,300.20001220703125,300.20001220703125,300.1000061035156,300.0,299.70001220703125,300.5,0,0,0,0,0,0,0,0,0,0,0,0,0,0,0,0,917079,820901,756394,721203,774994,841344,932881,986899,743610,799176,834196,907633,455,896331,840795,654197,776755.5
2017.10.11 17:54:31.652000,#M,372.3999938964844,350.8999938964844,331.1000061035156,313.0,300.1000061035156,299.6000061035156,300.0,299.79998779296875,300.20001220703125,299.8999938964844,300.20001220703125,300.20001220703125,300.1000061035156,300.0,299.70001220703125,300.5,0,0,0,0,0,0,0,0,0,0,0,0,0,0,0,0,923459,831235,762444,726286,774698,842448,929490,987794,746046,798184,836215,909189,467,896901,841103,654065,778751.5
2017.10.11 17:54:33.837000,#M,391.5,370.1000061035156,350.29998779296875,332.1000061035156,310.0,299.6000061035156,300.0,299.79998779296875,300.20001220703125,299.8999938964844,300.20001220703125,300.20001220703125,300.1000061035156,300.0,299.70001220703125,300.5,0,0,0,0,0,0,0,0,0,0,0,0,0,0,0,0,923506,836832,764497,730578,785672,842268,939863,988652,746657,799695,834845,908983,410,898457,841269,653775,780997.4375
2017.10.11 17:54:35.658000,#M,399.5,399.6000061035156,388.6000061035156,370.3999938964844,348.3999938964844,326.0,307.0,299.79998779296875,300.20001220703125,299.8999938964844,300.20001220703125,300.20001220703125,300.1000061035156,300.0,299.70001220703125,300.5,0,0,0,0,0,0,0,0,0,0,0,0,0,0,0,0,922206,837898,766235,731806,790102,853038,948646,987661,744346,799221,833250,907834,460,896992,840215,652974,782055.25
2017.10.11 17:54:36.751000,#M,399.5,399.6000061035156,388.6000061035156,370.3999938964844,348.3999938964844,326.0,307.0,299.79998779296875,300.20001220703125,299.8999938964844,300.20001220703125,300.20001220703125,300.1000061035156,300.0,299.70001220703125,300.5,0,0,0,0,0,0,0,0,0,0,0,0,0,0,0,0,922624,839664,766182,731730,791853,860800,951993,993343,747212,798512,835188,908518,414,897020,842045,654090,783824.25
2017.10.11 17:54:37.844000,#M,399.5,399.6000061035156,399.79998779296875,400.0,386.70001220703125,364.29998779296875,345.29998779296875,326.29998779296875,300.20001220703125,299.8999938964844,300.20001220703125,300.20001220703125,300.1000061035156,300.0,299.70001220703125,300.5,0,0,0,0,0,0,0,0,0,0,0,0,0,0,0,0,919955,839309,765583,731322,792491,861698,953413,995072,742835,797117,833321,906868,489,893568,839988,651841,782804.375
2017.10.11 17:54:39.665000,#M,399.5,399.6000061035156,399.79998779296875,400.0,399.6000061035156,383.5,364.5,345.5,300.20001220703125,299.8999938964844,300.20001220703125,300.20001220703125,300.1000061035156,300.0,299.70001220703125,300.5,0,0,0,0,0,0,0,0,0,0,0,0,0,0,0,0,923152,838767,766770,733375,791459,864363,954664,999485,746612,797689,833798,908031,469,896876,840496,653795,784362.5625
2017.10.11 17:54:41.850000,#M,399.5,399.6000061035156,399.79998779296875,400.0,399.6000061035156,398.79998779296875,383.70001220703125,364.6000061035156,309.70001220703125,299.8999938964844,300.20001220703125,300.20001220703125,300.1000061035156,300.0,299.70001220703125,300.5,0,0,0,0,0,0,0,0,0,0,0,0,0,0,0,0,924266,840822,767151,733671,793658,868151,957488,1002050,753576,800629,847909,910990,422,897751,841322,654317,787135.8125
2017.10.11 17:54:43.672000,#M,399.5,399.6000061035156,399.79998779296875,400.0,399.6000061035156,398.79998779296875,400.0,398.70001220703125,348.20001220703125,330.1000061035156,312.3999938964844,300.20001220703125,300.1000061035156,300.0,299.70001220703125,300.5,0,0,0,0,0,0,0,0,0,0,0,0,0,0,0,0,922130,838259,766288,733000,793144,867326,956778,1002652,753748,809630,860102,913052,452,896760,841491,654060,788054.5
2017.10.11 17:54:45.857000,#M,399.5,399.6000061035156,399.79998779296875,400.0,399.6000061035156,398.79998779296875,400.0,398.70001220703125,386.70001220703125,368.6000061035156,350.79998779296875,332.70001220703125,310.0,300.0,299.70001220703125,300.5,0,0,0,0,0,0,0,0,0,0,0,0,0,0,0,0,921531,837842,765617,731208,792868,866878,954050,1000282,752285,814697,867015,925052,503,896741,840741,652442,788734.5
2017.10.11 17:54:46.950000,#M,399.5,399.6000061035156,399.79998779296875,400.0,399.6000061035156,398.79998779296875,400.0,398.70001220703125,386.70001220703125,368.6000061035156,350.79998779296875,332.70001220703125,310.0,300.0,299.70001220703125,300.5,0,0,0,0,0,0,0,0,0,0,0,0,0,0,0,0,922382,838424,767138,731802,793703,867663,956419,1002924,752932,816274,866227,930147,600,897697,845081,652829,790140.125
2017.10.11 17:54:47.678000,#M,399.5,399.6000061035156,399.79998779296875,400.0,399.6000061035156,398.79998779296875,400.0,398.70001220703125,399.70001220703125,387.70001220703125,370.29998779296875,352.0,329.20001220703125,305.0,299.70001220703125,300.5,0,0,0,0,0,0,0,0,0,0,0,0,0,0,0,0,923747,838902,764107,731375,791700,868944,956620,1001949,752865,816591,868910,931565,602,897158,848453,653009,790406.0625
2017.10.11 17:54:49.864000,#M,399.5,399.6000061035156,399.79998779296875,400.0,399.6000061035156,398.79998779296875,400.0,398.70001220703125,399.70001220703125,399.70001220703125,400.1000061035156,390.6000061035156,367.6000061035156,342.5,321.20001220703125,298.70001220703125,0,0,0,0,0,0,0,0,0,0,0,0,0,0,0,0,924432,839374,766468,733062,793588,866758,956033,1004179,754863,818835,870149,935368,655,923563,855688,642553,792848.0
2017.10.11 17:54:51.685000,#M,399.5,399.6000061035156,399.79998779296875,400.0,399.6000061035156,398.79998779296875,400.0,398.70001220703125,399.70001220703125,399.70001220703125,400.1000061035156,400.6000061035156,386.70001220703125,361.70001220703125,340.3999938964844,274.1000061035156,0,0,0,0,0,0,0,0,0,0,0,0,0,0,0,0,923206,839123,765838,732910,791525,866531,954808,1003012,754434,817736,867466,935166,601,933926,858696,578465,788965.1875
2017.10.11 17:54:53.870000,#M,399.5,399.6000061035156,399.79998779296875,400.0,399.6000061035156,398.79998779296875,400.0,398.70001220703125,399.70001220703125,399.70001220703125,400.1000061035156,400.6000061035156,399.8999938964844,397.70001220703125,378.79998779296875,234.39999389648438,0,0,0,0,0,0,0,0,0,0,0,0,0,0,0,0,921931,838402,765873,732917,792657,867428,955080,1002054,752799,817037,869334,932713,634,937445,858868,585359,789408.1875
2017.10.11 17:54:55.691000,#M,399.5,399.6000061035156,399.79998779296875,400.0,399.6000061035156,398.79998779296875,400.0,398.70001220703125,399.70001220703125,399.70001220703125,400.1000061035156,400.6000061035156,399.8999938964844,400.1000061035156,399.3999938964844,272.79998779296875,0,0,0,0,0,0,0,0,0,0,0,0,0,0,0,0,922226,838431,765158,730601,791755,866097,953757,1002735,753585,817075,868490,934320,583,939079,858310,625917,791757.4375
2017.10.11 17:54:56.784000,#M,399.5,399.6000061035156,399.79998779296875,400.0,399.6000061035156,398.79998779296875,400.0,398.70001220703125,399.70001220703125,399.70001220703125,400.1000061035156,400.6000061035156,399.8999938964844,400.1000061035156,399.3999938964844,272.79998779296875,0,0,0,0,0,0,0,0,0,0,0,0,0,0,0,0,921351,838664,766050,731789,792149,867908,955346,1002889,754217,819139,867944,934153,673,940310,857982,645731,793518.4375
2017.10.11 17:54:57.877000,#M,399.5,399.6000061035156,399.79998779296875,400.0,399.6000061035156,398.79998779296875,400.0,398.70001220703125,399.70001220703125,399.70001220703125,400.1000061035156,400.6000061035156,399.8999938964844,400.1000061035156,399.3999938964844,292.0,0,0,0,0,0,0,0,0,0,0,0,0,0,0,0,0,923526,839186,767292,733764,792731,869279,955755,1003302,754144,817312,870796,934134,625,939720,858981,657663,794888.125
2017.10.11 17:54:59.698000,#M,399.5,399.6000061035156,399.79998779296875,400.0,399.6000061035156,398.79998779296875,400.0,398.70001220703125,399.70001220703125,399.70001220703125,400.1000061035156,400.6000061035156,399.8999938964844,400.1000061035156,399.3999938964844,330.29998779296875,0,0,0,0,0,0,0,0,0,0,0,0,0,0,0,0,925263,838866,766462,731982,794333,867869,955350,1002557,754529,818352,867779,935402,611,941550,858869,669524,795581.125
2017.10.11 17:55:01.883000,#M,399.5,399.6000061035156,399.79998779296875,400.0,399.6000061035156,398.79998779296875,400.0,398.70001220703125,399.70001220703125,399.70001220703125,400.1000061035156,400.6000061035156,399.8999938964844,400.1000061035156,399.3999938964844,349.5,0,0,0,0,0,0,0,0,0,0,0,0,0,0,0,0,924675,837164,765675,732158,791553,867404,955431,1001097,753401,818589,869120,933120,601,941433,857238,677228,795367.9375
2017.10.11 17:55:03.704000,#M,399.5,399.6000061035156,399.79998779296875,400.0,399.6000061035156,398.79998779296875,400.0,398.70001220703125,399.70001220703125,399.70001220703125,400.1000061035156,400.6000061035156,399.8999938964844,400.1000061035156,399.3999938964844,387.70001220703125,0,0,0,0,0,0,0,0,0,0,0,0,0,0,0,0,923359,837121,764034,730217,792018,866756,954875,1003222,754293,817401,866068,933324,628,939496,858947,677560,794957.4375
2017.10.11 17:55:05.890000,#M,399.5,399.6000061035156,399.79998779296875,400.0,399.6000061035156,398.79998779296875,400.0,398.70001220703125,399.70001220703125,399.70001220703125,400.1000061035156,400.6000061035156,399.8999938964844,400.1000061035156,399.3999938964844,400.1000061035156,0,0,0,0,0,0,0,0,0,0,0,0,0,0,0,0,922806,838848,765429,731287,790212,867796,957124,1002277,752156,818018,868792,934803,649,940662,858073,678839,795485.6875
2017.10.11 17:55:06.983000,#M,399.5,399.6000061035156,399.79998779296875,400.0,399.6000061035156,398.79998779296875,400.0,398.70001220703125,399.70001220703125,399.70001220703125,400.1000061035156,400.6000061035156,399.8999938964844,400.1000061035156,399.3999938964844,400.1000061035156,0,0,0,0,0,0,0,0,0,0,0,0,0,0,0,0,921853,837331,765440,733068,792422,867467,956389,1001820,753498,819136,868202,934229,623,940061,857447,679727,795544.5625
2017.10.11 17:55:16.817000,#M,399.5,399.6000061035156,399.79998779296875,400.0,399.6000061035156,398.79998779296875,400.0,398.70001220703125,399.70001220703125,399.70001220703125,400.1000061035156,400.6000061035156,399.8999938964844,400.1000061035156,399.3999938964844,400.1000061035156,0,0,0,0,0,0,0,0,0,0,0,0,0,0,0,0,922992,837521,765413,730558,791610,866349,954139,1002692,752374,817444,867951,933595,570,939922,855790,680308,794951.75
2017.10.11 17:55:26.651000,#M,399.5,399.6000061035156,399.79998779296875,400.0,399.6000061035156,398.79998779296875,400.0,398.70001220703125,399.70001220703125,399.70001220703125,400.1000061035156,400.6000061035156,399.8999938964844,400.1000061035156,399.3999938964844,400.1000061035156,0,0,0,0,0,0,0,0,0,0,0,0,0,0,0,0,921802,835960,764777,731488,790668,865676,952322,1002758,753170,816080,867317,935364,636,938144,858159,678655,794561.0
2017.10.11 17:55:36.850000,#M,399.5,399.6000061035156,399.79998779296875,400.0,399.6000061035156,398.79998779296875,400.0,398.70001220703125,399.70001220703125,399.70001220703125,400.1000061035156,400.6000061035156,399.8999938964844,400.1000061035156,399.3999938964844,400.1000061035156,0,0,0,0,0,0,0,0,0,0,0,0,0,0,0,0,921978,836921,764925,732256,791412,866668,954564,1001492,754526,817396,866989,934639,622,939093,858662,679406,795096.8125
2017.10.11 17:55:46.684000,#M,399.5,399.6000061035156,399.79998779296875,400.0,399.6000061035156,398.79998779296875,400.0,398.70001220703125,399.70001220703125,399.70001220703125,400.1000061035156,400.6000061035156,399.8999938964844,400.1000061035156,399.3999938964844,400.1000061035156,0,0,0,0,0,0,0,0,0,0,0,0,0,0,0,0,922711,838838,765098,731999,790394,865839,954460,1001788,754239,817351,867283,932921,608,938650,857791,679104,794942.125
2017.10.11 17:55:56.883000,#M,399.5,399.6000061035156,399.79998779296875,400.0,399.6000061035156,398.79998779296875,400.0,398.70001220703125,399.70001220703125,399.70001220703125,400.1000061035156,400.6000061035156,399.8999938964844,400.1000061035156,399.3999938964844,400.1000061035156,0,0,0,0,0,0,0,0,0,0,0,0,0,0,0,0,920958,836285,765156,730894,790220,865723,954331,1001922,752862,815552,869100,934431,639,938851,856045,678166,794445.9375
2017.10.11 17:56:06.717000,#M,399.5,399.6000061035156,399.79998779296875,400.0,399.6000061035156,398.79998779296875,400.0,398.70001220703125,399.70001220703125,399.70001220703125,400.1000061035156,400.6000061035156,399.8999938964844,400.1000061035156,399.3999938964844,400.1000061035156,0,0,0,0,0,0,0,0,0,0,0,0,0,0,0,0,922415,837027,765212,731435,790476,864770,952777,999907,751930,816448,866709,931291,600,936219,857000,677545,793860.0625
2017.10.11 17:56:16.916000,#M,399.5,399.6000061035156,399.79998779296875,400.0,399.6000061035156,398.79998779296875,400.0,398.70001220703125,399.70001220703125,399.70001220703125,400.1000061035156,400.6000061035156,399.8999938964844,400.1000061035156,399.3999938964844,400.1000061035156,0,0,0,0,0,0,0,0,0,0,0,0,0,0,0,0,922701,836415,765314,730215,790400,865467,952856,1001848,753271,816804,866484,933935,636,940146,856850,678732,794504.625
2017.10.11 17:56:26.750000,#M,399.5,399.6000061035156,399.79998779296875,400.0,399.6000061035156,398.79998779296875,400.0,398.70001220703125,399.70001220703125,399.70001220703125,400.1000061035156,400.6000061035156,399.8999938964844,400.1000061035156,399.3999938964844,400.1000061035156,0,0,0,0,0,0,0,0,0,0,0,0,0,0,0,0,920858,836755,765452,731754,791169,866788,953238,1002030,752427,816749,867700,935702,690,937380,857152,678703,794659.1875
2017.10.11 17:56:36.948000,#M,399.5,399.6000061035156,399.79998779296875,400.0,399.6000061035156,398.79998779296875,400.0,398.70001220703125,399.70001220703125,399.70001220703125,400.1000061035156,400.6000061035156,399.8999938964844,400.1000061035156,399.3999938964844,400.1000061035156,0,0,0,0,0,0,0,0,0,0,0,0,0,0,0,0,922917,837686,763713,730214,789617,866139,951852,998675,752392,817595,867455,931059,581,938944,857351,678408,794037.375
2017.10.11 17:56:46.783000,#M,399.5,399.6000061035156,399.79998779296875,400.0,399.6000061035156,398.79998779296875,400.0,398.70001220703125,399.70001220703125,399.70001220703125,400.1000061035156,400.6000061035156,399.8999938964844,400.1000061035156,399.3999938964844,400.1000061035156,0,0,0,0,0,0,0,0,0,0,0,0,0,0,0,0,921141,838110,763735,732092,791594,867118,953525,1002134,754278,817222,868494,933621,603,938626,857732,677444,794841.8125
2017.10.11 17:56:56.981000,#M,399.5,399.6000061035156,399.79998779296875,400.0,399.6000061035156,398.79998779296875,400.0,398.70001220703125,399.70001220703125,399.70001220703125,400.1000061035156,400.6000061035156,399.8999938964844,400.1000061035156,399.3999938964844,400.1000061035156,0,0,0,0,0,0,0,0,0,0,0,0,0,0,0,0,919538,836548,764087,730384,791276,864674,952559,1000386,754649,816624,867102,934401,654,938763,855618,678234,794093.5625
2017.10.11 17:57:06.816000,#M,399.5,399.6000061035156,399.79998779296875,400.0,399.6000061035156,398.79998779296875,400.0,398.70001220703125,399.70001220703125,399.70001220703125,400.1000061035156,400.6000061035156,399.8999938964844,400.1000061035156,399.3999938964844,400.1000061035156,0,0,0,0,0,0,0,0,0,0,0,0,0,0,0,0,921875,836155,765749,732488,791696,865770,952332,1002693,752206,816326,865776,933550,620,937499,858091,678689,794469.6875
2017.10.11 17:57:16.650000,#M,399.5,399.6000061035156,399.79998779296875,400.0,399.6000061035156,398.79998779296875,400.0,398.70001220703125,399.70001220703125,399.70001220703125,400.1000061035156,400.6000061035156,399.8999938964844,400.1000061035156,399.3999938964844,400.1000061035156,0,0,0,0,0,0,0,0,0,0,0,0,0,0,0,0,919918,835491,762992,729932,789199,864125,952902,1000007,751508,817119,865677,930539,602,936738,855435,679111,793205.9375
2017.10.11 17:57:21.749000,#M,416.8999938964844,399.6000061035156,399.79998779296875,400.0,399.6000061035156,398.79998779296875,400.0,398.70001220703125,399.70001220703125,399.70001220703125,400.1000061035156,400.6000061035156,399.8999938964844,400.1000061035156,399.3999938964844,400.1000061035156,0,0,0,0,0,0,0,0,0,0,0,0,0,0,0,0,921740,835232,762159,730180,789654,863160,951629,998910,750454,814464,866534,929757,604,938146,855356,677524,792843.9375
2017.10.11 17:57:23.935000,#M,449.20001220703125,437.3999938964844,419.6000061035156,403.3999938964844,399.6000061035156,398.79998779296875,400.0,398.70001220703125,399.70001220703125,399.70001220703125,400.1000061035156,400.6000061035156,399.8999938964844,400.1000061035156,399.3999938964844,400.1000061035156,0,0,0,0,0,0,0,0,0,0,0,0,0,0,0,0,921719,837543,765818,730193,790775,863727,953057,998507,750644,817561,865988,933707,643,938832,856391,679911,794063.5
2017.10.11 17:57:25.756000,#M,449.20001220703125,449.6000061035156,438.79998779296875,421.1000061035156,399.6000061035156,398.79998779296875,400.0,398.70001220703125,399.70001220703125,399.70001220703125,400.1000061035156,400.6000061035156,399.8999938964844,400.1000061035156,399.3999938964844,400.1000061035156,0,0,0,0,0,0,0,0,0,0,0,0,0,0,0,0,922455,837467,765156,730905,789722,864612,952690,998662,751475,815947,865265,930902,606,935301,856593,677958,793482.25
2017.10.11 17:57:26.849000,#M,449.20001220703125,449.6000061035156,438.79998779296875,421.1000061035156,399.6000061035156,398.79998779296875,400.0,398.70001220703125,399.70001220703125,399.70001220703125,400.1000061035156,400.6000061035156,399.8999938964844,400.1000061035156,399.3999938964844,400.1000061035156,0,0,0,0,0,0,0,0,0,0,0,0,0,0,0,0,921345,838646,766393,731167,790131,862270,950827,999153,751768,814550,865379,931448,627,935123,855650,676643,793195.0
2017.10.11 17:57:27.941000,#M,449.20001220703125,449.6000061035156,450.1000061035156,450.0,432.20001220703125,414.29998779296875,400.0,398.70001220703125,399.70001220703125,399.70001220703125,400.1000061035156,400.6000061035156,399.8999938964844,400.1000061035156,399.3999938964844,400.1000061035156,0,0,0,0,0,0,0,0,0,0,0,0,0,0,0,0,920572,837795,764105,728966,790552,863303,951418,999139,750274,813262,864975,930051,635,937776,855709,678420,792934.5
2017.10.11 17:57:29.762000,#M,449.20001220703125,449.6000061035156,450.1000061035156,450.0,448.20001220703125,433.3999938964844,416.20001220703125,401.29998779296875,399.70001220703125,399.70001220703125,400.1000061035156,400.6000061035156,399.8999938964844,400.1000061035156,399.3999938964844,400.1000061035156,0,0,0,0,0,0,0,0,0,0,0,0,0,0,0,0,920197,837643,764336,730548,791988,864547,953007,996479,750313,813896,863586,930971,576,935057,855687,678812,792977.6875
2017.10.11 17:57:31.948000,#M,449.20001220703125,449.6000061035156,450.1000061035156,450.0,448.20001220703125,449.8999938964844,449.6000061035156,435.79998779296875,399.70001220703125,399.70001220703125,400.1000061035156,400.6000061035156,399.8999938964844,400.1000061035156,399.3999938964844,400.1000061035156,0,0,0,0,0,0,0,0,0,0,0,0,0,0,0,0,921340,839897,765338,730853,790474,864497,954230,999954,751610,815387,865897,932130,610,936518,855873,678710,793957.375
2017.10.11 17:57:33.769000,#M,449.20001220703125,449.6000061035156,450.1000061035156,450.0,448.20001220703125,449.8999938964844,449.6000061035156,449.1000061035156,404.79998779296875,399.70001220703125,400.1000061035156,400.6000061035156,399.8999938964844,400.1000061035156,399.3999938964844,400.1000061035156,0,0,0,0,0,0,0,0,0,0,0,0,0,0,0,0,920598,837952,765507,730396,792132,865586,955723,999274,752588,814084,866215,931590,629,937516,855186,678293,793954.3125
2017.10.11 17:57:35.954000,#M,449.20001220703125,449.6000061035156,450.1000061035156,450.0,448.20001220703125,449.8999938964844,449.6000061035156,449.1000061035156,442.1000061035156,424.1000061035156,410.70001220703125,400.6000061035156,399.8999938964844,400.1000061035156,399.3999938964844,400.1000061035156,0,0,0,0,0,0,0,0,0,0,0,0,0,0,0,0,923274,839179,765801,730962,792323,868168,954028,1002109,751720,816845,867562,931256,615,938094,856961,679365,794891.375
2017.10.11 17:57:36.683000,#M,449.20001220703125,449.6000061035156,450.1000061035156,450.0,448.20001220703125,449.8999938964844,449.6000061035156,449.1000061035156,442.1000061035156,424.1000061035156,410.70001220703125,400.6000061035156,399.8999938964844,400.1000061035156,399.3999938964844,400.1000061035156,0,0,0,0,0,0,0,0,0,0,0,0,0,0,0,0,919404,838364,765724,731358,790789,865302,953181,999202,749526,816813,864826,929499,648,936356,854714,676753,793278.6875
2017.10.11 17:57:37.776000,#M,449.20001220703125,449.6000061035156,450.1000061035156,450.0,448.20001220703125,449.8999938964844,449.6000061035156,449.1000061035156,450.1000061035156,449.70001220703125,410.70001220703125,400.6000061035156,399.8999938964844,400.1000061035156,399.3999938964844,400.1000061035156,0,0,0,0,0,0,0,0,0,0,0,0,0,0,0,0,924507,838753,765989,732525,790801,867280,954637,999130,751021,815526,867174,934585,628,936298,855838,677228,794495.0
2017.10.11 17:57:38.868000,#M,449.20001220703125,449.6000061035156,450.1000061035156,450.0,448.20001220703125,449.8999938964844,449.6000061035156,449.1000061035156,450.1000061035156,449.70001220703125,447.0,434.1000061035156,408.3999938964844,400.1000061035156,399.3999938964844,400.1000061035156,0,0,0,0,0,0,0,0,0,0,0,0,0,0,0,0,921945,838678,764423,730265,792041,864588,953361,999721,750470,817725,867930,934560,601,935030,854799,677557,793980.875
2017.10.11 17:57:40.690000,#M,449.20001220703125,449.6000061035156,450.1000061035156,450.0,448.20001220703125,449.8999938964844,449.6000061035156,449.1000061035156,450.1000061035156,449.70001220703125,450.0,449.20001220703125,427.6000061035156,415.8999938964844,399.3999938964844,400.1000061035156,0,0,0,0,0,0,0,0,0,0,0,0,0,0,0,0,923634,838728,765340,732359,791016,866741,954850,1000263,752278,817647,869127,934074,613,937891,856870,678695,795007.875
2017.10.11 17:57:42.875000,#M,449.20001220703125,449.6000061035156,450.1000061035156,450.0,448.20001220703125,449.8999938964844,449.6000061035156,449.1000061035156,450.1000061035156,449.70001220703125,450.0,449.20001220703125,449.8999938964844,449.29998779296875,436.20001220703125,424.70001220703125,0,0,0,0,0,0,0,0,0,0,0,0,0,0,0,0,921454,839235,767755,731472,790553,867381,953691,1000572,750908,815681,867461,934905,625,941524,857962,680009,795074.25
2017.10.11 17:57:44.696000,#M,449.20001220703125,449.6000061035156,450.1000061035156,450.0,448.20001220703125,449.8999938964844,449.6000061035156,449.1000061035156,450.1000061035156,449.70001220703125,450.0,449.20001220703125,449.8999938964844,449.29998779296875,449.20001220703125,443.6000061035156,0,0,0,0,0,0,0,0,0,0,0,0,0,0,0,0,921523,837517,765646,730515,789918,866082,953170,998844,749313,816315,866583,933467,570,938952,858229,680101,794171.5625
2017.10.11 17:57:46.881000,#M,449.20001220703125,449.6000061035156,450.1000061035156,450.0,448.20001220703125,449.8999938964844,449.6000061035156,449.1000061035156,450.1000061035156,449.70001220703125,450.0,449.20001220703125,449.8999938964844,449.29998779296875,449.20001220703125,450.0,0,0,0,0,0,0,0,0,0,0,0,0,0,0,0,0,922406,837824,764980,730287,791193,867182,953882,1002041,750925,816301,867711,933665,548,940070,856753,680383,794759.4375
2017.10.11 17:57:56.716000,#M,449.20001220703125,449.6000061035156,450.1000061035156,450.0,448.20001220703125,449.8999938964844,449.6000061035156,449.1000061035156,450.1000061035156,449.70001220703125,450.0,449.20001220703125,449.8999938964844,449.29998779296875,449.20001220703125,450.0,0,0,0,0,0,0,0,0,0,0,0,0,0,0,0,0,921446,836992,763639,730462,790118,864878,955602,999195,750328,814731,867261,932262,601,939354,856691,681014,794035.875
2017.10.11 17:58:06.914000,#M,449.20001220703125,449.6000061035156,450.1000061035156,450.0,448.20001220703125,449.8999938964844,449.6000061035156,449.1000061035156,450.1000061035156,449.70001220703125,450.0,449.20001220703125,449.8999938964844,449.29998779296875,449.20001220703125,450.0,0,0,0,0,0,0,0,0,0,0,0,0,0,0,0,0,922375,838149,766180,731321,791758,867697,953791,999200,750523,817248,867948,934100,621,943223,857496,680237,795116.6875
2017.10.11 17:58:16.749000,#M,449.20001220703125,449.6000061035156,450.1000061035156,450.0,448.20001220703125,449.8999938964844,449.6000061035156,449.1000061035156,450.1000061035156,449.70001220703125,450.0,449.20001220703125,449.8999938964844,449.29998779296875,449.20001220703125,450.0,0,0,0,0,0,0,0,0,0,0,0,0,0,0,0,0,922433,837178,764986,731618,790445,865544,953203,1000719,750207,816477,869009,933091,604,941168,856538,679103,794520.1875
2017.10.11 17:58:26.947000,#M,449.20001220703125,449.6000061035156,450.1000061035156,450.0,448.20001220703125,449.8999938964844,449.6000061035156,449.1000061035156,450.1000061035156,449.70001220703125,450.0,449.20001220703125,449.8999938964844,449.29998779296875,449.20001220703125,450.0,0,0,0,0,0,0,0,0,0,0,0,0,0,0,0,0,921977,839352,766003,730633,791884,865607,953476,1000655,751389,817440,867475,934633,567,943898,857243,680426,795166.125
2017.10.11 17:58:36.782000,#M,449.20001220703125,449.6000061035156,450.1000061035156,450.0,448.20001220703125,449.8999938964844,449.6000061035156,449.1000061035156,450.1000061035156,449.70001220703125,450.0,449.20001220703125,449.8999938964844,449.29998779296875,449.20001220703125,450.0,0,0,0,0,0,0,0,0,0,0,0,0,0,0,0,0,921026,838764,765165,730727,791369,865988,952741,1000261,750869,816064,866325,932480,606,941161,857937,680961,794527.75
2017.10.11 17:58:46.980000,#M,449.20001220703125,449.6000061035156,450.1000061035156,450.0,448.20001220703125,449.8999938964844,449.6000061035156,449.1000061035156,450.1000061035156,449.70001220703125,450.0,449.20001220703125,449.8999938964844,449.29998779296875,449.20001220703125,450.0,0,0,0,0,0,0,0,0,0,0,0,0,0,0,0,0,923561,837508,764914,730019,792527,865281,954438,1000710,748931,817145,866556,933054,561,941300,856660,679435,794537.5
2017.10.11 17:58:56.815000,#M,449.20001220703125,449.6000061035156,450.1000061035156,450.0,448.20001220703125,449.8999938964844,449.6000061035156,449.1000061035156,450.1000061035156,449.70001220703125,450.0,449.20001220703125,449.8999938964844,449.29998779296875,449.20001220703125,450.0,0,0,0,0,0,0,0,0,0,0,0,0,0,0,0,0,922345,837023,764995,729963,790342,865620,952345,999148,748737,815562,866024,934127,572,940248,855912,679007,793873.125
2017.10.11 17:59:06.650000,#M,449.20001220703125,449.6000061035156,450.1000061035156,450.0,448.20001220703125,449.8999938964844,449.6000061035156,449.1000061035156,450.1000061035156,449.70001220703125,450.0,449.20001220703125,449.8999938964844,449.29998779296875,449.20001220703125,450.0,0,0,0,0,0,0,0,0,0,0,0,0,0,0,0,0,922642,837648,764008,730043,789615,865963,952154,998679,748656,814889,867933,933233,644,938546,857410,680647,793919.375
2017.10.11 17:59:16.847000,#M,449.20001220703125,449.6000061035156,450.1000061035156,450.0,448.20001220703125,449.8999938964844,449.6000061035156,449.1000061035156,450.1000061035156,449.70001220703125,450.0,449.20001220703125,449.8999938964844,449.29998779296875,449.20001220703125,450.0,0,0,0,0,0,0,0,0,0,0,0,0,0,0,0,0,918963,835241,763147,727656,788619,864850,952040,996312,747207,813830,865239,930753,598,937839,853311,678355,792122.5
2017.10.11 17:59:26.682000,#M,449.20001220703125,449.6000061035156,450.1000061035156,450.0,448.20001220703125,449.8999938964844,449.6000061035156,449.1000061035156,450.1000061035156,449.70001220703125,450.0,449.20001220703125,449.8999938964844,449.29998779296875,449.20001220703125,450.0,0,0,0,0,0,0,0,0,0,0,0,0,0,0,0,0,916954,834808,763914,728777,788038,862969,951247,996690,746840,813689,864405,928846,555,938405,853747,678836,791795.0
2017.10.11 17:59:36.880000,#M,449.20001220703125,449.6000061035156,450.1000061035156,450.0,448.20001220703125,449.8999938964844,449.6000061035156,449.1000061035156,450.1000061035156,449.70001220703125,450.0,449.20001220703125,449.8999938964844,449.29998779296875,449.20001220703125,450.0,0,0,0,0,0,0,0,0,0,0,0,0,0,0,0,0,920539,836101,762438,728650,790351,865797,950976,997344,747265,813511,864627,931908,595,937399,855600,678063,792572.75
2017.10.11 17:59:46.715000,#M,449.20001220703125,449.6000061035156,450.1000061035156,450.0,448.20001220703125,449.8999938964844,449.6000061035156,449.1000061035156,450.1000061035156,449.70001220703125,450.0,449.20001220703125,449.8999938964844,449.29998779296875,449.20001220703125,450.0,0,0,0,0,0,0,0,0,0,0,0,0,0,0,0,0,919575,837057,763205,730427,790095,865334,953653,1000333,747973,815314,865350,932111,586,937323,855538,679616,793343.125
2017.10.11 17:59:56.913000,#M,449.20001220703125,449.6000061035156,450.1000061035156,450.0,448.20001220703125,449.8999938964844,449.6000061035156,449.1000061035156,450.1000061035156,449.70001220703125,450.0,449.20001220703125,449.8999938964844,449.29998779296875,449.20001220703125,450.0,0,0,0,0,0,0,0,0,0,0,0,0,0,0,0,0,918521,835243,762198,728960,788753,862813,950230,996494,747269,813927,864292,928823,617,936987,855074,678157,791772.375
2017.10.11 18:00:06.748000,#M,449.20001220703125,449.6000061035156,450.1000061035156,450.0,448.20001220703125,449.8999938964844,449.6000061035156,449.1000061035156,450.1000061035156,449.70001220703125,450.0,449.20001220703125,449.8999938964844,449.29998779296875,449.20001220703125,450.0,0,0,0,0,0,0,0,0,0,0,0,0,0,0,0,0,920464,836796,764390,728216,789060,865115,950530,999166,747459,816277,864914,930400,600,938345,856741,680042,793032.1875
2017.10.11 18:00:16.946000,#M,449.20001220703125,449.6000061035156,450.1000061035156,450.0,448.20001220703125,449.8999938964844,449.6000061035156,449.1000061035156,450.1000061035156,449.70001220703125,450.0,449.20001220703125,449.8999938964844,449.29998779296875,449.20001220703125,450.0,0,0,0,0,0,0,0,0,0,0,0,0,0,0,0,0,916963,833818,762872,727326,790901,863010,950193,996892,747631,812714,865014,929683,657,935812,855413,677935,791677.125
2017.10.11 18:00:26.781000,#M,449.20001220703125,449.6000061035156,450.1000061035156,450.0,448.20001220703125,449.8999938964844,449.6000061035156,449.1000061035156,450.1000061035156,449.70001220703125,450.0,449.20001220703125,449.8999938964844,449.29998779296875,449.20001220703125,450.0,0,0,0,0,0,0,0,0,0,0,0,0,0,0,0,0,917171,833312,762964,726954,787254,862551,950768,997273,747203,814196,864379,928129,584,938457,853928,678685,791488.0
2017.10.11 18:00:36.979000,#M,449.20001220703125,449.6000061035156,450.1000061035156,450.0,448.20001220703125,449.8999938964844,449.6000061035156,449.1000061035156,450.1000061035156,449.70001220703125,450.0,449.20001220703125,449.8999938964844,449.29998779296875,449.20001220703125,450.0,0,0,0,0,0,0,0,0,0,0,0,0,0,0,0,0,918671,836035,762204,728942,788911,862384,951547,1000161,748377,814576,865282,931561,638,936773,854917,678418,792462.3125
2017.10.11 18:00:46.813000,#M,449.20001220703125,449.6000061035156,450.1000061035156,450.0,448.20001220703125,449.8999938964844,449.6000061035156,449.1000061035156,450.1000061035156,449.70001220703125,450.0,449.20001220703125,449.8999938964844,449.29998779296875,449.20001220703125,450.0,0,0,0,0,0,0,0,0,0,0,0,0,0,0,0,0,920740,836392,763320,729705,788536,863090,951835,998429,747580,814872,863660,930809,603,938652,854545,679758,792657.875
2017.10.11 18:00:56.648000,#M,449.20001220703125,449.6000061035156,450.1000061035156,450.0,448.20001220703125,449.8999938964844,449.6000061035156,449.1000061035156,450.1000061035156,449.70001220703125,450.0,449.20001220703125,449.8999938964844,449.29998779296875,449.20001220703125,450.0,0,0,0,0,0,0,0,0,0,0,0,0,0,0,0,0,918053,835900,763822,728767,788874,864291,949053,996654,747838,814439,863886,932494,612,937640,855317,678775,792275.9375
2017.10.11 18:01:06.846000,#M,449.20001220703125,449.6000061035156,450.1000061035156,450.0,448.20001220703125,449.8999938964844,449.6000061035156,449.1000061035156,450.1000061035156,449.70001220703125,450.0,449.20001220703125,449.8999938964844,449.29998779296875,449.20001220703125,450.0,0,0,0,0,0,0,0,0,0,0,0,0,0,0,0,0,918341,833704,762786,727357,785888,861209,949098,998471,747319,811884,864160,931987,598,936044,852697,678254,791237.3125
2017.10.11 18:01:16.681000,#M,449.20001220703125,449.6000061035156,450.1000061035156,450.0,448.20001220703125,449.8999938964844,449.6000061035156,449.1000061035156,450.1000061035156,449.70001220703125,450.0,449.20001220703125,449.8999938964844,449.29998779296875,449.20001220703125,450.0,0,0,0,0,0,0,0,0,0,0,0,0,0,0,0,0,918112,834821,761295,727174,785933,860334,949726,996199,747080,812473,863127,928915,560,936575,852219,677448,790749.4375
2017.10.11 18:01:26.879000,#M,449.20001220703125,449.6000061035156,450.1000061035156,450.0,448.20001220703125,449.8999938964844,449.6000061035156,449.1000061035156,450.1000061035156,449.70001220703125,450.0,449.20001220703125,449.8999938964844,449.29998779296875,449.20001220703125,450.0,0,0,0,0,0,0,0,0,0,0,0,0,0,0,0,0,917418,833544,762024,727991,787386,860884,949838,996003,746708,813246,862009,930408,648,935826,852004,677614,790846.9375
2017.10.11 18:01:36.713000,#M,449.20001220703125,449.6000061035156,450.1000061035156,450.0,448.20001220703125,449.8999938964844,449.6000061035156,449.1000061035156,450.1000061035156,449.70001220703125,450.0,449.20001220703125,449.8999938964844,449.29998779296875,449.20001220703125,450.0,0,0,0,0,0,0,0,0,0,0,0,0,0,0,0,0,917004,833228,761979,725821,786871,861353,948962,997886,745984,814223,862144,929152,577,935968,853304,677330,790736.625
2017.10.11 18:01:44.727000,#M,420.0,449.6000061035156,450.1000061035156,450.0,448.20001220703125,449.8999938964844,449.6000061035156,449.1000061035156,450.1000061035156,449.70001220703125,450.0,449.20001220703125,449.8999938964844,449.29998779296875,449.20001220703125,450.0,0,0,0,0,0,0,0,0,0,0,0,0,0,0,0,0,915829,833273,762071,726866,787453,862444,949732,995526,746872,812883,863279,929454,560,937628,853413,678360,790977.6875
2017.10.11 18:01:46.912000,#M,388.0,432.5,450.1000061035156,450.0,448.20001220703125,449.8999938964844,449.6000061035156,449.1000061035156,450.1000061035156,449.70001220703125,450.0,449.20001220703125,449.8999938964844,449.29998779296875,449.20001220703125,450.0,0,0,0,0,0,0,0,0,0,0,0,0,0,0,0,0,912907,835611,759177,729692,787207,861742,951086,996881,746825,814556,865318,931051,601,938232,851765,677147,791237.375
2017.10.11 18:01:48.733000,#M,324.1000061035156,368.6000061035156,398.20001220703125,420.3999938964844,448.20001220703125,449.8999938964844,449.6000061035156,449.1000061035156,450.1000061035156,449.70001220703125,450.0,449.20001220703125,449.8999938964844,449.29998779296875,449.20001220703125,450.0,0,0,0,0,0,0,0,0,0,0,0,0,0,0,0,0,903535,830839,756100,726399,788743,865314,949621,995735,747062,814514,865999,929827,575,937041,853911,678560,790235.9375
2017.10.11 18:01:50.919000,#M,300.79998779296875,336.6000061035156,366.29998779296875,388.20001220703125,424.79998779296875,447.70001220703125,449.6000061035156,449.1000061035156,450.1000061035156,449.70001220703125,450.0,449.20001220703125,449.8999938964844,449.29998779296875,449.20001220703125,450.0,0,0,0,0,0,0,0,0,0,0,0,0,0,0,0,0,888150,824370,744420,724951,785558,862990,948815,995476,747063,814059,864765,929554,594,935967,853449,678786,787435.4375
2017.10.11 18:01:52.740000,#M,300.79998779296875,299.8999938964844,305.29998779296875,324.29998779296875,360.8999938964844,390.20001220703125,419.8999938964844,440.5,450.1000061035156,449.70001220703125,450.0,449.20001220703125,449.8999938964844,449.29998779296875,449.20001220703125,450.0,0,0,0,0,0,0,0,0,0,0,0,0,0,0,0,0,888104,805151,737233,719783,781968,860394,944136,995399,747227,811536,863963,928063,572,935499,851910,678543,784342.5625
2017.10.11 18:01:54.925000,#M,300.79998779296875,299.8999938964844,300.1000061035156,300.1000061035156,304.29998779296875,328.0,357.79998779296875,377.5,450.1000061035156,449.70001220703125,450.0,449.20001220703125,449.8999938964844,449.29998779296875,449.20001220703125,450.0,0,0,0,0,0,0,0,0,0,0,0,0,0,0,0,0,890487,807327,737702,715670,768378,854824,939686,992435,747420,813329,864044,930694,545,937092,852445,676470,783034.25
2017.10.11 18:01:56.746000,#M,300.79998779296875,299.8999938964844,300.1000061035156,300.1000061035156,300.20001220703125,301.29998779296875,323.70001220703125,345.70001220703125,450.1000061035156,449.70001220703125,450.0,449.20001220703125,449.8999938964844,449.29998779296875,449.20001220703125,450.0,0,0,0,0,0,0,0,0,0,0,0,0,0,0,0,0,888655,807336,739206,715431,767938,843618,925990,989855,746802,813043,864554,930890,612,937519,853223,677761,781402.0625
2017.10.11 18:01:58.932000,#M,300.79998779296875,299.8999938964844,300.1000061035156,300.1000061035156,300.20001220703125,301.29998779296875,299.8999938964844,300.0,450.1000061035156,449.70001220703125,450.0,449.20001220703125,449.8999938964844,449.29998779296875,449.20001220703125,450.0,0,0,0,0,0,0,0,0,0,0,0,0,0,0,0,0,888869,805997,739154,715151,767759,835154,925990,981664,746757,811588,864127,929513,587,937029,853909,677623,780054.4375
2017.10.11 18:01:59.660000,#M,300.79998779296875,299.8999938964844,300.1000061035156,300.1000061035156,300.20001220703125,301.29998779296875,299.8999938964844,300.0,417.8999938964844,445.79998779296875,450.0,449.20001220703125,449.8999938964844,449.29998779296875,449.20001220703125,450.0,0,0,0,0,0,0,0,0,0,0,0,0,0,0,0,0,888537,805982,735669,714823,768282,835985,923742,980314,746837,812091,863222,929552,583,935918,852491,678019,779502.9375
2017.10.11 18:02:01.846000,#M,300.79998779296875,299.8999938964844,300.1000061035156,300.1000061035156,300.20001220703125,301.29998779296875,299.8999938964844,300.0,386.0,417.70001220703125,444.79998779296875,449.20001220703125,449.8999938964844,449.29998779296875,449.20001220703125,450.0,0,0,0,0,0,0,0,0,0,0,0,0,0,0,0,0,891090,805937,736270,716017,769376,835946,926835,981598,747921,812260,861690,929370,568,937571,854421,677989,780303.6875
2017.10.11 18:02:03.667000,#M,300.79998779296875,299.8999938964844,300.1000061035156,300.1000061035156,300.20001220703125,301.29998779296875,299.8999938964844,300.0,353.8999938964844,385.70001220703125,415.6000061035156,440.1000061035156,449.8999938964844,449.29998779296875,449.20001220703125,450.0,0,0,0,0,0,0,0,0,0,0,0,0,0,0,0,0,889932,804484,735803,715245,767835,836486,925432,979132,739743,806210,850061,925422,605,936516,851445,677240,777599.4375
2017.10.11 18:02:05.852000,#M,300.79998779296875,299.8999938964844,300.1000061035156,300.1000061035156,300.20001220703125,301.29998779296875,299.8999938964844,300.0,300.1000061035156,300.3999938964844,319.5,344.3999938964844,386.29998779296875,411.20001220703125,440.79998779296875,450.0,0,0,0,0,0,0,0,0,0,0,0,0,0,0,0,0,887267,804018,736754,713310,766856,833416,923302,977782,737593,794049,828272,916335,588,933796,848318,676876,773658.25
2017.10.11 18:02:06.945000,#M,300.79998779296875,299.8999938964844,300.1000061035156,300.1000061035156,300.20001220703125,301.29998779296875,299.8999938964844,300.0,300.1000061035156,300.3999938964844,319.5,344.3999938964844,386.29998779296875,411.20001220703125,440.79998779296875,450.0,0,0,0,0,0,0,0,0,0,0,0,0,0,0,0,0,890363,806061,739238,714908,768361,837662,926875,978354,741146,791610,829806,906569,576,932235,850999,676482,774452.8125
2017.10.11 18:02:07.673000,#M,300.79998779296875,299.8999938964844,300.1000061035156,300.1000061035156,300.20001220703125,301.29998779296875,299.8999938964844,300.0,300.1000061035156,300.3999938964844,300.29998779296875,312.6000061035156,354.3999938964844,379.20001220703125,409.79998779296875,439.3999938964844,0,0,0,0,0,0,0,0,0,0,0,0,0,0,0,0,888769,803584,736058,714113,766478,835641,923997,978911,740083,791424,827390,901140,521,930115,846035,674830,772443.0625
2017.10.11 18:02:09.859000,#M,300.79998779296875,299.8999938964844,300.1000061035156,300.1000061035156,300.20001220703125,301.29998779296875,299.8999938964844,300.0,300.1000061035156,300.3999938964844,300.29998779296875,300.1000061035156,322.29998779296875,347.29998779296875,377.79998779296875,408.0,0,0,0,0,0,0,0,0,0,0,0,0,0,0,0,0,887613,806028,738039,716472,766970,836644,923714,981317,738649,793125,828586,901749,459,915528,836807,670189,771368.0625
2017.10.11 18:02:11.680000,#M,300.79998779296875,299.8999938964844,300.1000061035156,300.1000061035156,300.20001220703125,301.29998779296875,299.8999938964844,300.0,300.1000061035156,300.3999938964844,300.29998779296875,300.1000061035156,300.0,300.1000061035156,313.8999938964844,344.20001220703125,0,0,0,0,0,0,0,0,0,0,0,0,0,0,0,0,889601,804826,738631,715944,769006,836218,925504,980510,740777,792145,829206,903416,440,891258,835519,658222,769451.4375
2017.10.11 18:02:13.865000,#M,300.79998779296875,299.8999938964844,300.1000061035156,300.1000061035156,300.20001220703125,301.29998779296875,299.8999938964844,300.0,300.1000061035156,300.3999938964844,300.29998779296875,300.1000061035156,300.0,300.1000061035156,299.6000061035156,300.3999938964844,0,0,0,0,0,0,0,0,0,0,0,0,0,0,0,0,888477,803932,736946,714931,766717,835504,923517,979866,738710,792536,827907,902199,438,890006,834748,649131,767847.8125
2017.10.11 18:02:16.779000,#M,300.79998779296875,299.8999938964844,300.1000061035156,300.1000061035156,300.20001220703125,301.29998779296875,299.8999938964844,300.0,300.1000061035156,300.3999938964844,300.29998779296875,300.1000061035156,300.0,300.1000061035156,299.6000061035156,300.3999938964844,0,0,0,0,0,0,0,0,0,0,0,0,0,0,0,0,888406,804439,735997,716362,768526,837902,926768,980862,740148,792543,829024,902281,481,891061,834134,648421,768584.6875
2017.10.11 18:02:26.978000,#M,300.79998779296875,299.8999938964844,300.1000061035156,300.1000061035156,300.20001220703125,301.29998779296875,299.8999938964844,300.0,300.1000061035156,300.3999938964844,300.29998779296875,300.1000061035156,300.0,300.1000061035156,299.6000061035156,300.3999938964844,0,0,0,0,0,0,0,0,0,0,0,0,0,0,0,0,888030,803189,736243,713806,767152,835777,923373,979323,736443,791028,828861,902155,458,889917,833777,647310,767302.625
2017.10.11 18:02:36.812000,#M,300.79998779296875,299.8999938964844,300.1000061035156,300.1000061035156,300.20001220703125,301.29998779296875,299.8999938964844,300.0,300.1000061035156,300.3999938964844,300.29998779296875,300.1000061035156,300.0,300.1000061035156,299.6000061035156,300.3999938964844,0,0,0,0,0,0,0,0,0,0,0,0,0,0,0,0,888014,803739,735528,713660,765782,835159,921862,977875,738490,791412,828685,900750,424,888731,833247,647546,766931.5
2017.10.11 18:02:46.646000,#M,300.79998779296875,299.8999938964844,300.1000061035156,300.1000061035156,300.20001220703125,301.29998779296875,299.8999938964844,300.0,300.1000061035156,300.3999938964844,300.29998779296875,300.1000061035156,300.0,300.1000061035156,299.6000061035156,300.3999938964844,0,0,0,0,0,0,0,0,0,0,0,0,0,0,0,0,887460,804774,737188,714191,768510,834603,924374,978524,739843,791945,829017,902007,427,890791,834318,648249,767888.8125
2017.10.11 18:02:56.845000,#M,300.79998779296875,299.8999938964844,300.1000061035156,300.1000061035156,300.20001220703125,301.29998779296875,299.8999938964844,300.0,300.1000061035156,300.3999938964844,300.29998779296875,300.1000061035156,300.0,300.1000061035156,299.6000061035156,300.3999938964844,0,0,0,0,0,0,0,0,0,0,0,0,0,0,0,0,885189,804628,735174,712894,765779,834063,923159,979678,737865,790218,828468,899234,428,887668,834024,649611,766755.0
2017.10.11 18:03:06.679000,#M,300.79998779296875,299.8999938964844,300.1000061035156,300.1000061035156,300.20001220703125,301.29998779296875,299.8999938964844,300.0,300.1000061035156,300.3999938964844,300.29998779296875,300.1000061035156,300.0,300.1000061035156,299.6000061035156,300.3999938964844,0,0,0,0,0,0,0,0,0,0,0,0,0,0,0,0,863862,781301,715332,695885,747374,812468,898338,951692,715810,769187,804196,875173,412,863959,809483,631779,746015.6875
2017.10.11 18:03:16.878000,#M,300.79998779296875,299.8999938964844,300.1000061035156,300.1000061035156,300.20001220703125,301.29998779296875,299.8999938964844,300.0,300.1000061035156,300.3999938964844,300.29998779296875,300.1000061035156,300.0,300.1000061035156,299.6000061035156,300.3999938964844,0,0,0,0,0,0,0,0,0,0,0,0,0,0,0,0,886070,803894,735121,712892,766675,834779,923860,977569,737414,790452,827547,900463,426,888617,831057,648319,766572.1875
2017.10.11 18:03:26.712000,#M,300.79998779296875,299.8999938964844,300.1000061035156,300.1000061035156,300.20001220703125,301.29998779296875,299.8999938964844,300.0,300.1000061035156,300.3999938964844,300.29998779296875,300.1000061035156,300.0,300.1000061035156,299.6000061035156,300.3999938964844,0,0,0,0,0,0,0,0,0,0,0,0,0,0,0,0,814546,735156,674355,656059,704834,767574,850368,896512,678124,725406,759592,828715,382,816826,764544,600528,704595.0625
2017.10.11 18:03:36.911000,#M,300.79998779296875,299.8999938964844,300.1000061035156,300.1000061035156,300.20001220703125,301.29998779296875,299.8999938964844,300.0,300.1000061035156,300.3999938964844,300.29998779296875,300.1000061035156,300.0,300.1000061035156,299.6000061035156,300.3999938964844,0,0,0,0,0,0,0,0,0,0,0,0,0,0,0,0,816278,739337,678036,657553,707553,770650,853838,900208,682301,728163,762604,832219,361,820041,766795,602717,707415.875
2017.10.11 18:03:46.745000,#M,300.79998779296875,299.8999938964844,300.1000061035156,300.1000061035156,300.20001220703125,301.29998779296875,299.8999938964844,300.0,300.1000061035156,300.3999938964844,300.29998779296875,300.1000061035156,300.0,300.1000061035156,299.6000061035156,300.3999938964844,0,0,0,0,0,0,0,0,0,0,0,0,0,0,0,0,884778,803768,736966,713860,766042,833593,923389,978559,738099,790961,827920,901802,443,889728,832668,648179,766922.1875
2017.10.11 18:03:56.944000,#M,300.79998779296875,299.8999938964844,300.1000061035156,300.1000061035156,300.20001220703125,301.29998779296875,299.8999938964844,300.0,300.1000061035156,300.3999938964844,300.29998779296875,300.1000061035156,300.0,300.1000061035156,299.6000061035156,300.3999938964844,0,0,0,0,0,0,0,0,0,0,0,0,0,0,0,0,782689,706473,646145,631448,676477,737524,815899,861196,650444,696441,729649,796381,302,784108,734182,580358,676857.25
2017.10.11 18:04:06.778000,#M,300.79998779296875,299.8999938964844,300.1000061035156,300.1000061035156,300.20001220703125,301.29998779296875,299.8999938964844,300.0,300.1000061035156,300.3999938964844,300.29998779296875,300.1000061035156,300.0,300.1000061035156,299.6000061035156,300.3999938964844,0,0,0,0,0,0,0,0,0,0,0,0,0,0,0,0,885698,803331,733916,713520,767012,834369,922136,978677,738748,789610,828142,901329,467,889752,833085,649014,766800.375
2017.10.11 18:04:16.977000,#M,300.79998779296875,299.8999938964844,300.1000061035156,300.1000061035156,300.20001220703125,301.29998779296875,299.8999938964844,300.0,300.1000061035156,300.3999938964844,300.29998779296875,300.1000061035156,300.0,300.1000061035156,299.6000061035156,300.3999938964844,0,0,0,0,0,0,0,0,0,0,0,0,0,0,0,0,847124,766592,701628,683903,733949,798773,884499,934301,706514,756631,791174,860840,384,848466,795603,623377,733359.875
2017.10.11 18:04:26.811000,#M,300.79998779296875,299.8999938964844,300.1000061035156,300.1000061035156,300.20001220703125,301.29998779296875,299.8999938964844,300.0,300.1000061035156,300.3999938964844,300.29998779296875,300.1000061035156,300.0,300.1000061035156,299.6000061035156,300.3999938964844,0,0,0,0,0,0,0,0,0,0,0,0,0,0,0,0,843546,765645,698244,679070,730713,794644,880190,929048,702248,751687,787449,856239,369,844749,791808,620962,729788.1875
2017.10.11 18:04:36.645000,#M,300.79998779296875,299.8999938964844,300.1000061035156,300.1000061035156,300.20001220703125,301.29998779296875,299.8999938964844,300.0,300.1000061035156,300.3999938964844,300.29998779296875,300.1000061035156,300.0,300.1000061035156,299.6000061035156,300.3999938964844,0,0,0,0,0,0,0,0,0,0,0,0,0,0,0,0,885361,802498,733957,711831,765369,834299,920600,976621,738373,790211,825107,898321,450,887445,831882,648670,765687.1875
2017.10.11 18:04:46.844000,#M,300.79998779296875,299.8999938964844,300.1000061035156,300.1000061035156,300.20001220703125,301.29998779296875,299.8999938964844,300.0,300.1000061035156,300.3999938964844,300.29998779296875,300.1000061035156,300.0,300.1000061035156,299.6000061035156,300.3999938964844,0,0,0,0,0,0,0,0,0,0,0,0,0,0,0,0,886561,802524,734020,713132,765407,834351,921122,977964,736958,788446,828418,900002,404,887274,832353,647511,766027.9375
2017.10.11 18:04:56.678000,#M,300.79998779296875,299.8999938964844,300.1000061035156,300.1000061035156,300.20001220703125,301.29998779296875,299.8999938964844,300.0,300.1000061035156,300.3999938964844,300.29998779296875,300.1000061035156,300.0,300.1000061035156,299.6000061035156,300.3999938964844,0,0,0,0,0,0,0,0,0,0,0,0,0,0,0,0,886891,804484,733830,713396,766745,833907,923585,977701,739281,791314,828458,901561,437,887865,832266,648120,766865.0625
2017.10.11 18:05:06.877000,#M,300.79998779296875,299.8999938964844,300.1000061035156,300.1000061035156,300.20001220703125,301.29998779296875,299.8999938964844,300.0,300.1000061035156,300.3999938964844,300.29998779296875,300.1000061035156,300.0,300.1000061035156,299.6000061035156,300.3999938964844,0,0,0,0,0,0,0,0,0,0,0,0,0,0,0,0,891377,807471,738201,718251,769982,839600,928091,981200,741566,793370,830868,903433,490,892747,836616,651308,770285.6875
2017.10.11 18:05:16.711000,#M,300.79998779296875,299.8999938964844,300.1000061035156,300.1000061035156,300.20001220703125,301.29998779296875,299.8999938964844,300.0,300.1000061035156,300.3999938964844,300.29998779296875,300.1000061035156,300.0,300.1000061035156,299.6000061035156,300.3999938964844,0,0,0,0,0,0,0,0,0,0,0,0,0,0,0,0,891868,807936,738358,717576,770283,840398,927013,981944,741629,796002,832341,904825,428,893370,838164,652041,770886.0
2017.10.11 18:05:26.910000,#M,300.79998779296875,299.8999938964844,300.1000061035156,300.1000061035156,300.20001220703125,301.29998779296875,299.8999938964844,300.0,300.1000061035156,300.3999938964844,300.29998779296875,300.1000061035156,300.0,300.1000061035156,299.6000061035156,300.3999938964844,0,0,0,0,0,0,0,0,0,0,0,0,0,0,0,0,890036,807934,739970,717802,770604,839135,926457,983707,742440,793547,831313,905009,442,893947,836776,651337,770653.5
2017.10.11 18:05:36.744000,#M,300.79998779296875,299.8999938964844,300.1000061035156,300.1000061035156,300.20001220703125,301.29998779296875,299.8999938964844,300.0,300.1000061035156,300.3999938964844,300.29998779296875,300.1000061035156,300.0,300.1000061035156,299.6000061035156,300.3999938964844,0,0,0,0,0,0,0,0,0,0,0,0,0,0,0,0,888887,806965,738357,717923,770714,836647,927679,981076,741634,794882,830270,904404,439,893619,836855,649867,770013.625
2017.10.11 18:05:46.943000,#M,300.79998779296875,299.8999938964844,300.1000061035156,300.1000061035156,300.20001220703125,301.29998779296875,299.8999938964844,300.0,300.1000061035156,300.3999938964844,300.29998779296875,300.1000061035156,300.0,300.1000061035156,299.6000061035156,300.3999938964844,0,0,0,0,0,0,0,0,0,0,0,0,0,0,0,0,890645,805556,738643,717112,771242,839426,927938,983745,742239,794801,831244,904727,417,894415,839093,650633,770742.25
2017.10.11 18:05:56.777000,#M,300.79998779296875,299.8999938964844,300.1000061035156,300.1000061035156,300.20001220703125,301.29998779296875,299.8999938964844,300.0,300.1000061035156,300.3999938964844,300.29998779296875,300.1000061035156,300.0,300.1000061035156,299.6000061035156,300.3999938964844,0,0,0,0,0,0,0,0,0,0,0,0,0,0,0,0,888951,807001,738546,717301,770085,838548,927670,982004,743078,794348,828580,903751,441,893339,837131,650247,770063.8125
2017.10.11 18:06:06.975000,#M,300.79998779296875,299.8999938964844,300.1000061035156,300.1000061035156,300.20001220703125,301.29998779296875,299.8999938964844,300.0,300.1000061035156,300.3999938964844,300.29998779296875,300.1000061035156,300.0,300.1000061035156,299.6000061035156,300.3999938964844,0,0,0,0,0,0,0,0,0,0,0,0,0,0,0,0,890086,808020,737969,717280,769217,838618,926700,984885,740604,793464,830101,903425,403,892608,836980,651113,770092.0625
2017.10.11 18:06:16.810000,#M,300.79998779296875,299.8999938964844,300.1000061035156,300.1000061035156,300.20001220703125,301.29998779296875,299.8999938964844,300.0,300.1000061035156,300.3999938964844,300.29998779296875,300.1000061035156,300.0,300.1000061035156,299.6000061035156,300.3999938964844,0,0,0,0,0,0,0,0,0,0,0,0,0,0,0,0,889520,804491,738111,717274,767900,836685,925447,982082,740792,792130,829469,903286,439,891031,836068,649879,769037.75
2017.10.11 18:06:26.644000,#M,300.79998779296875,299.8999938964844,300.1000061035156,300.1000061035156,300.20001220703125,301.29998779296875,299.8999938964844,300.0,300.1000061035156,300.3999938964844,300.29998779296875,300.1000061035156,300.0,300.1000061035156,299.6000061035156,300.3999938964844,0,0,0,0,0,0,0,0,0,0,0,0,0,0,0,0,889374,806357,736634,716113,767275,834781,925736,980608,739450,792009,828673,900977,389,890562,834908,649204,768315.625
2017.10.11 18:06:36.843000,#M,300.79998779296875,299.8999938964844,300.1000061035156,300.1000061035156,300.20001220703125,301.29998779296875,299.8999938964844,300.0,300.1000061035156,300.3999938964844,300.29998779296875,300.1000061035156,300.0,300.1000061035156,299.6000061035156,300.3999938964844,0,0,0,0,0,0,0,0,0,0,0,0,0,0,0,0,888531,806733,738028,716305,769362,836369,925904,981883,739810,793624,828208,901858,460,893078,835441,651374,769185.5
2017.10.11 18:06:46.677000,#M,300.79998779296875,299.8999938964844,300.1000061035156,300.1000061035156,300.20001220703125,301.29998779296875,299.8999938964844,300.0,300.1000061035156,300.3999938964844,300.29998779296875,300.1000061035156,300.0,300.1000061035156,299.6000061035156,300.3999938964844,0,0,0,0,0,0,0,0,0,0,0,0,0,0,0,0,887478,807703,738676,716655,770323,836771,926818,982357,741917,792530,829330,902490,453,889260,835430,649486,769229.8125
2017.10.11 18:06:56.876000,#M,300.79998779296875,299.8999938964844,300.1000061035156,300.1000061035156,300.20001220703125,301.29998779296875,299.8999938964844,300.0,300.1000061035156,300.3999938964844,300.29998779296875,300.1000061035156,300.0,300.1000061035156,299.6000061035156,300.3999938964844,0,0,0,0,0,0,0,0,0,0,0,0,0,0,0,0,889233,805088,737537,716425,769028,837423,926745,983756,742883,793546,831257,903038,444,891880,836082,649594,769622.4375
2017.10.11 18:07:06.710000,#M,300.79998779296875,299.8999938964844,300.1000061035156,300.1000061035156,300.20001220703125,301.29998779296875,299.8999938964844,300.0,300.1000061035156,300.3999938964844,300.29998779296875,300.1000061035156,300.0,300.1000061035156,299.6000061035156,300.3999938964844,0,0,0,0,0,0,0,0,0,0,0,0,0,0,0,0,891513,806893,736596,717087,768334,836666,926449,980245,740834,791499,829399,902255,449,891336,834312,649843,768981.875
2017.10.11 18:07:16.908000,#M,300.79998779296875,299.8999938964844,300.1000061035156,300.1000061035156,300.20001220703125,301.29998779296875,299.8999938964844,300.0,300.1000061035156,300.3999938964844,300.29998779296875,300.1000061035156,300.0,300.1000061035156,299.6000061035156,300.3999938964844,0,0,0,0,0,0,0,0,0,0,0,0,0,0,0,0,888502,805432,737247,716181,767403,836460,926275,980653,740915,792956,828856,902331,416,891586,836208,650389,768863.125
2017.10.11 18:07:26.743000,#M,300.79998779296875,299.8999938964844,300.1000061035156,300.1000061035156,300.20001220703125,301.29998779296875,299.8999938964844,300.0,300.1000061035156,300.3999938964844,300.29998779296875,300.1000061035156,300.0,300.1000061035156,299.6000061035156,300.3999938964844,0,0,0,0,0,0,0,0,0,0,0,0,0,0,0,0,890441,806399,738151,716336,769540,836984,927564,980393,741929,794078,830823,904178,475,890469,835820,650245,769614.0625
2017.10.11 18:07:36.941000,#M,300.79998779296875,299.8999938964844,300.1000061035156,300.1000061035156,300.20001220703125,301.29998779296875,299.8999938964844,300.0,300.1000061035156,300.3999938964844,300.29998779296875,300.1000061035156,300.0,300.1000061035156,299.6000061035156,300.3999938964844,0,0,0,0,0,0,0,0,0,0,0,0,0,0,0,0,888383,805714,736435,715549,769349,837617,926837,980211,740260,793546,829720,902221,428,892377,834947,650448,769002.625
2017.10.11 18:07:46.776000,#M,300.79998779296875,299.8999938964844,300.1000061035156,300.1000061035156,300.20001220703125,301.29998779296875,299.8999938964844,300.0,300.1000061035156,300.3999938964844,300.29998779296875,300.1000061035156,300.0,300.1000061035156,299.6000061035156,300.3999938964844,0,0,0,0,0,0,0,0,0,0,0,0,0,0,0,0,884432,803749,735406,712725,768460,833588,923962,977309,738720,790504,826107,899212,460,887265,831715,648207,766363.8125
2017.10.11 18:07:56.974000,#M,300.79998779296875,299.8999938964844,300.1000061035156,300.1000061035156,300.20001220703125,301.29998779296875,299.8999938964844,300.0,300.1000061035156,300.3999938964844,300.29998779296875,300.1000061035156,300.0,300.1000061035156,299.6000061035156,300.3999938964844,0,0,0,0,0,0,0,0,0,0,0,0,0,0,0,0,886942,803050,735553,713363,765463,834081,922931,978098,737243,790666,825350,900166,409,888303,833642,648149,766463.0625
2017.10.11 18:08:06.808000,#M,300.79998779296875,299.8999938964844,300.1000061035156,300.1000061035156,300.20001220703125,301.29998779296875,299.8999938964844,300.0,300.1000061035156,300.3999938964844,300.29998779296875,300.1000061035156,300.0,300.1000061035156,299.6000061035156,300.3999938964844,0,0,0,0,0,0,0,0,0,0,0,0,0,0,0,0,886799,802887,737284,714986,768009,835494,923821,978026,737331,792390,827886,900359,410,888245,833235,648592,767234.625
2017.10.11 18:08:16.643000,#M,300.79998779296875,299.8999938964844,300.1000061035156,300.1000061035156,300.20001220703125,301.29998779296875,299.8999938964844,300.0,300.1000061035156,300.3999938964844,300.29998779296875,300.1000061035156,300.0,300.1000061035156,299.6000061035156,300.3999938964844,0,0,0,0,0,0,0,0,0,0,0,0,0,0,0,0,888273,804046,735477,714205,767582,835081,925037,978945,739061,790304,826647,900557,506,889195,832129,648899,767246.5
2017.10.11 18:08:26.841000,#M,300.79998779296875,299.8999938964844,300.1000061035156,300.1000061035156,300.20001220703125,301.29998779296875,299.8999938964844,300.0,300.1000061035156,300.3999938964844,300.29998779296875,300.1000061035156,300.0,300.1000061035156,299.6000061035156,300.3999938964844,0,0,0,0,0,0,0,0,0,0,0,0,0,0,0,0,884980,803217,736371,715215,767001,834886,924580,977170,738886,791580,827412,901538,437,889300,833720,647653,767121.625
2017.10.11 18:08:36.676000,#M,300.79998779296875,299.8999938964844,300.1000061035156,300.1000061035156,300.20001220703125,301.29998779296875,299.8999938964844,300.0,300.1000061035156,300.3999938964844,300.29998779296875,300.1000061035156,300.0,300.1000061035156,299.6000061035156,300.3999938964844,0,0,0,0,0,0,0,0,0,0,0,0,0,0,0,0,886272,802385,734778,713204,765238,833607,924169,979299,738903,791368,826733,898896,455,887797,832383,647144,766414.4375
2017.10.11 18:08:46.874000,#M,300.79998779296875,299.8999938964844,300.1000061035156,300.1000061035156,300.20001220703125,301.29998779296875,299.8999938964844,300.0,300.1000061035156,300.3999938964844,300.29998779296875,300.1000061035156,300.0,300.1000061035156,299.6000061035156,300.3999938964844,0,0,0,0,0,0,0,0,0,0,0,0,0,0,0,0,885732,802133,735787,713906,764711,834108,922165,978745,737975,789552,826662,899291,427,890153,832329,647622,766331.125
2017.10.11 18:08:56.710000,#M,300.79998779296875,299.8999938964844,300.1000061035156,300.1000061035156,300.20001220703125,301.29998779296875,299.8999938964844,300.0,300.1000061035156,300.3999938964844,300.29998779296875,300.1000061035156,300.0,300.1000061035156,299.6000061035156,300.3999938964844,0,0,0,0,0,0,0,0,0,0,0,0,0,0,0,0,884258,802837,735256,714363,765621,834152,922274,977378,737850,789964,826009,899397,452,888181,832326,648395,766169.5625
2017.10.11 18:09:06.907000,#M,300.79998779296875,299.8999938964844,300.1000061035156,300.1000061035156,300.20001220703125,301.29998779296875,299.8999938964844,300.0,300.1000061035156,300.3999938964844,300.29998779296875,300.1000061035156,300.0,300.1000061035156,299.6000061035156,300.3999938964844,0,0,0,0,0,0,0,0,0,0,0,0,0,0,0,0,886660,803653,735413,713233,765419,834332,923348,977819,737210,790593,825590,899209,446,887758,832660,647270,766288.3125
2017.10.11 18:09:16.742000,#M,300.79998779296875,299.8999938964844,300.1000061035156,300.1000061035156,300.20001220703125,301.29998779296875,299.8999938964844,300.0,300.1000061035156,300.3999938964844,300.29998779296875,300.1000061035156,300.0,300.1000061035156,299.6000061035156,300.3999938964844,0,0,0,0,0,0,0,0,0,0,0,0,0,0,0,0,885628,801093,736098,714205,766636,833653,923441,978732,736786,791776,825973,899065,441,887081,833018,649830,766466.0
2017.10.11 18:09:26.940000,#M,300.79998779296875,299.8999938964844,300.1000061035156,300.1000061035156,300.20001220703125,301.29998779296875,299.8999938964844,300.0,300.1000061035156,300.3999938964844,300.29998779296875,300.1000061035156,300.0,300.1000061035156,299.6000061035156,300.3999938964844,0,0,0,0,0,0,0,0,0,0,0,0,0,0,0,0,886844,803154,734058,713482,765915,834244,923582,977882,738053,789533,826545,899517,434,888938,832197,648303,766417.5625
2017.10.11 18:09:36.774000,#M,300.79998779296875,299.8999938964844,300.1000061035156,300.1000061035156,300.20001220703125,301.29998779296875,299.8999938964844,300.0,300.1000061035156,300.3999938964844,300.29998779296875,300.1000061035156,300.0,300.1000061035156,299.6000061035156,300.3999938964844,0,0,0,0,0,0,0,0,0,0,0,0,0,0,0,0,887058,803072,732771,713330,765984,833624,923681,976012,737275,790098,827052,899944,450,888106,831696,647624,766111.0625
2017.10.11 18:09:46.973000,#M,300.79998779296875,299.8999938964844,300.1000061035156,300.1000061035156,300.20001220703125,301.29998779296875,299.8999938964844,300.0,300.1000061035156,300.3999938964844,300.29998779296875,300.1000061035156,300.0,300.1000061035156,299.6000061035156,300.3999938964844,0,0,0,0,0,0,0,0,0,0,0,0,0,0,0,0,886528,803291,732509,714432,765322,832283,922138,976551,737682,790731,825903,897779,442,887447,830288,648343,765729.3125
2017.10.11 18:09:56.807000,#M,300.79998779296875,299.8999938964844,300.1000061035156,300.1000061035156,300.20001220703125,301.29998779296875,299.8999938964844,300.0,300.1000061035156,300.3999938964844,300.29998779296875,300.1000061035156,300.0,300.1000061035156,299.6000061035156,300.3999938964844,0,0,0,0,0,0,0,0,0,0,0,0,0,0,0,0,885632,802089,734748,712337,765134,832971,920985,975980,739540,789959,825744,899511,441,887028,831695,647388,765698.875
2017.10.11 18:10:06.642000,#M,300.79998779296875,299.8999938964844,300.1000061035156,300.1000061035156,300.20001220703125,301.29998779296875,299.8999938964844,300.0,300.1000061035156,300.3999938964844,300.29998779296875,300.1000061035156,300.0,300.1000061035156,299.6000061035156,300.3999938964844,0,0,0,0,0,0,0,0,0,0,0,0,0,0,0,0,883601,802685,734588,712990,765720,833110,921130,976820,737131,789386,823832,898351,437,885250,832598,646548,765261.0625
2017.10.11 18:10:16.840000,#M,300.79998779296875,299.8999938964844,300.1000061035156,300.1000061035156,300.20001220703125,301.29998779296875,299.8999938964844,300.0,300.1000061035156,300.3999938964844,300.29998779296875,300.1000061035156,300.0,300.1000061035156,299.6000061035156,300.3999938964844,0,0,0,0,0,0,0,0,0,0,0,0,0,0,0,0,884342,800732,733117,713452,764386,832576,922502,975575,736293,788600,825148,896487,465,885290,830037,647157,764759.9375
2017.10.11 18:10:26.675000,#M,300.79998779296875,299.8999938964844,300.1000061035156,300.1000061035156,300.20001220703125,301.29998779296875,299.8999938964844,300.0,300.1000061035156,300.3999938964844,300.29998779296875,300.1000061035156,300.0,300.1000061035156,299.6000061035156,300.3999938964844,0,0,0,0,0,0,0,0,0,0,0,0,0,0,0,0,884136,799489,733174,712384,764596,832897,921320,975265,736742,787471,824562,897949,426,885019,832500,645929,764616.1875
2017.10.11 18:10:36.873000,#M,300.79998779296875,299.8999938964844,300.1000061035156,300.1000061035156,300.20001220703125,301.29998779296875,299.8999938964844,300.0,300.1000061035156,300.3999938964844,300.29998779296875,300.1000061035156,300.0,300.1000061035156,299.6000061035156,300.3999938964844,0,0,0,0,0,0,0,0,0,0,0,0,0,0,0,0,885534,803371,734118,712985,764516,832793,921998,974231,737869,786850,823490,897237,438,883618,830258,645891,764699.8125
2017.10.11 18:10:46.707000,#M,300.79998779296875,299.8999938964844,300.1000061035156,300.1000061035156,300.20001220703125,301.29998779296875,299.8999938964844,300.0,300.1000061035156,300.3999938964844,300.29998779296875,300.1000061035156,300.0,300.1000061035156,299.6000061035156,300.3999938964844,0,0,0,0,0,0,0,0,0,0,0,0,0,0,0,0,882854,800815,733332,713056,764942,831261,919850,974069,736522,787881,823773,896976,392,886873,830515,645728,764302.4375
2017.10.11 18:10:56.906000,#M,300.79998779296875,299.8999938964844,300.1000061035156,300.1000061035156,300.20001220703125,301.29998779296875,299.8999938964844,300.0,300.1000061035156,300.3999938964844,300.29998779296875,300.1000061035156,300.0,300.1000061035156,299.6000061035156,300.3999938964844,0,0,0,0,0,0,0,0,0,0,0,0,0,0,0,0,883260,800561,730382,711781,763169,830660,920888,975311,735642,786458,823141,896177,408,885069,828538,644137,763473.875
2017.10.11 18:10:58.363000,#M,300.79998779296875,299.8999938964844,300.1000061035156,300.1000061035156,300.20001220703125,301.29998779296875,299.8999938964844,300.0,300.1000061035156,300.3999938964844,300.29998779296875,300.1000061035156,300.0,300.1000061035156,299.6000061035156,300.3999938964844,0,0,0,0,0,0,0,0,0,0,0,0,0,0,0,0,882020,800078,733491,710889,763858,832584,919882,974991,736508,788387,822522,897264,473,882802,830412,647567,763983.0
