27 32
45536527 45564173 7218 15.285714 15.000000 7218 7203.000000 15.000000 20 19 15 18 18 16 13 25 16 10 20 15 5 0
45625318 45654553 7632 0.000000 0.000000 7632 7632.000000 0.000000 0 0 0 0 0 0 0 0 0 0 0 0 0 0
45664716 45692369 7218 0.000000 0.000000 7218 7218.000000 0.000000 0 0 0 0 0 0 0 0 0 0 0 0 0 0
45702569 45731751 7618 0.000000 0.000000 7618 7618.000000 0.000000 0 0 0 0 0 0 0 0 0 0 0 0 0 0
45740432 45769602 7616 0.071429 0.071429 7616 7615.928711 0.071429 0 0 0 1 0 0 0 0 0 0 0 0 0 0
45779788 45808951 7615 0.142857 0.142857 7615 7614.856934 0.142857 0 0 0 0 0 0 1 0 0 0 0 0 1 0
45817734 45846800 7587 0.428571 0.428571 7587 7586.571289 0.428571 0 0 0 1 1 1 0 2 0 0 0 0 1 0
45856995 45884748 7244 1.357143 1.214286 7244 7242.785645 1.214286 1 1 1 1 3 2 1 2 1 1 1 2 0 0
45894941 45924004 7586 2.142857 2.142857 7586 7583.856934 2.142857 3 2 3 3 3 1 1 3 4 3 0 2 2 0
45934191 45961945 7246 4.142857 4.000000 7246 7242.000000 4.000000 8 5 4 3 3 3 2 6 9 4 3 2 4 0
45972137 45999777 7217 7.714286 7.500000 7217 7209.500000 7.500000 8 12 6 9 9 8 10 4 5 7 12 7 8 0
46010029 46039104 7590 12.142858 11.857142 7590 7578.143066 11.857142 25 12 14 9 14 7 8 8 15 16 15 11 12 0
46049298 46077038 7241 13.285714 13.000000 7241 7228.000000 13.000000 21 9 14 9 13 16 13 21 18 11 15 11 10 1
46087233 46116403 7614 17.142857 16.571428 7614 7597.428711 16.571428 16 16 13 19 18 18 13 22 16 21 24 16 20 0
46138193 46167359 7616 14.071428 13.642858 7616 7602.356934 13.642858 14 16 19 12 21 18 15 8 10 18 22 7 11 0
46177547 46205181 7215 13.428572 13.000000 7215 7202.000000 13.000000 15 16 11 12 11 23 11 12 10 19 17 15 10 0
46215477 46244523 7582 9.000000 8.714286 7582 7573.285645 8.714286 7 14 7 7 5 11 9 7 11 12 12 13 7 0
46254719 46282472 7243 4.928571 4.785714 7243 7238.214355 4.785714 9 5 4 3 5 6 3 9 6 1 6 5 5 0
46292675 46321801 7603 3.000000 3.000000 7603 7600.000000 3.000000 7 1 3 4 3 4 5 3 2 4 1 3 2 0
46330488 46359620 7606 1.785714 1.785714 7606 7604.214355 1.785714 3 1 2 2 2 2 1 2 1 2 3 2 2 0
46369875 46399045 7616 0.642857 0.571429 7616 7615.428711 0.571429 0 1 0 1 0 1 0 1 0 3 1 0 0 0
46407720 46436881 7613 0.142857 0.142857 7613 7612.856934 0.142857 0 0 0 0 0 0 0 1 1 0 0 0 0 0
46447068 46474807 7240 0.071429 0.071429 7240 7239.928711 0.071429 0 0 0 1 0 0 0 0 0 0 0 0 0 0
46485000 46514151 7609 0.142857 0.142857 7609 7608.856934 0.142857 0 0 0 0 0 0 0 0 0 0 1 0 1 0
46522822 46551988 7616 0.071429 0.071429 7616 7615.928711 0.071429 0 1 0 0 0 0 0 0 0 0 0 0 0 0
46562177 46591298 7604 0.000000 0.000000 7604 7604.000000 0.000000 0 0 0 0 0 0 0 0 0 0 0 0 0 0
46651015 46680153 7606 15.142858 14.857142 7606 7591.143066 14.857142 15 15 12 14 11 17 17 22 18 24 15 13 14 1
