27 32
45536527 45564173 7218 12.928572 12.357142 7218 7205.643066 12.357142 19 17 6 18 0 0 0 19 22 23 18 12 5 14
45625318 45654553 7632 0.071429 0.071429 7632 7631.928711 0.071429 0 0 0 1 0 0 0 0 0 0 0 0 0 0
45664716 45692369 7218 0.000000 0.000000 7218 7218.000000 0.000000 0 0 0 0 0 0 0 0 0 0 0 0 0 0
45702569 45731751 7618 0.000000 0.000000 7618 7618.000000 0.000000 0 0 0 0 0 0 0 0 0 0 0 0 0 0
45740432 45769602 7617 0.142857 0.142857 7617 7616.856934 0.142857 0 1 0 1 0 0 0 0 0 0 0 0 0 0
45779788 45808951 7615 0.214286 0.214286 7615 7614.785645 0.214286 1 0 0 0 0 0 0 1 0 0 0 0 0 1
45817734 45846800 7587 0.428571 0.357143 7587 7586.643066 0.357143 0 1 0 0 0 0 0 0 1 0 1 0 0 2
45856995 45884748 7243 1.071429 1.071429 7243 7241.928711 1.071429 2 1 0 1 0 0 0 1 3 2 3 0 1 1
45894941 45924004 7586 2.357143 2.357143 7586 7583.643066 2.357143 3 0 4 0 0 0 0 2 3 6 6 1 5 3
45934191 45961945 7246 3.214286 3.071429 7246 7242.928711 3.071429 7 5 2 4 0 0 0 2 4 2 7 1 5 4
45972137 45999777 7216 6.928571 6.714286 7216 7209.285645 6.714286 9 13 13 11 0 0 0 8 8 10 8 2 4 8
46010029 46039104 7590 10.071428 9.785714 7590 7580.214355 9.785714 18 17 14 9 0 0 0 13 13 13 15 5 7 13
46049298 46077038 7241 11.071428 10.714286 7241 7230.285645 10.714286 11 15 10 13 1 0 0 19 21 11 13 12 7 17
46087233 46116403 7614 13.142858 12.928572 7614 7601.071289 12.928572 20 15 15 19 0 0 0 14 15 17 25 17 7 17
46138193 46167359 7615 11.285714 11.071428 7615 7603.928711 11.071428 20 13 18 13 0 0 0 18 9 15 11 12 10 16
46177547 46205181 7215 10.857142 10.357142 7215 7204.643066 10.357142 13 13 7 11 0 1 0 20 17 20 12 6 13 12
46215477 46244523 7582 6.285714 6.285714 7582 7575.714355 6.285714 7 8 6 9 0 0 0 8 10 13 8 1 7 11
46254719 46282472 7244 4.071429 3.857143 7244 7240.143066 3.857143 4 11 4 7 0 0 0 5 4 5 3 4 2 5
46292675 46321801 7603 2.142857 2.071429 7603 7600.928711 2.071429 1 0 2 3 0 0 0 7 1 7 3 0 3 2
46330488 46359620 7606 0.571429 0.571429 7606 7605.428711 0.571429 2 1 1 2 0 0 0 0 0 0 0 0 1 1
46369875 46399045 7616 0.285714 0.285714 7616 7615.714355 0.285714 1 0 0 1 0 0 0 0 0 0 1 0 1 0
46407720 46436881 7612 0.142857 0.142857 7612 7611.856934 0.142857 1 0 0 0 0 0 0 0 0 0 0 0 1 0
46447068 46474807 7240 0.142857 0.142857 7240 7239.856934 0.142857 0 0 0 0 0 0 0 0 0 0 1 0 0 1
46485000 46514151 7609 0.214286 0.000000 7609 7609.000000 0.000000 0 0 0 0 0 0 0 0 0 0 0 0 0 0
46522822 46551988 7616 0.071429 0.071429 7616 7615.928711 0.071429 0 0 0 0 0 0 0 0 0 0 1 0 0 0
46562177 46591298 7604 0.000000 0.000000 7604 7604.000000 0.000000 0 0 0 0 0 0 0 0 0 0 0 0 0 0
46651015 46680153 7606 13.928572 13.714286 7606 7592.285645 13.714286 15 21 19 23 0 0 0 10 27 23 7 14 9 24
