27 32
45536527 45564173 7218 15.142858 14.785714 7218 7203.214355 14.785714 17 13 17 11 22 8 12 15 17 21 16 8 17 13
45625318 45654553 7632 0.000000 0.000000 7632 7632.000000 0.000000 0 0 0 0 0 0 0 0 0 0 0 0 0 0
45664716 45692369 7218 0.000000 0.000000 7218 7218.000000 0.000000 0 0 0 0 0 0 0 0 0 0 0 0 0 0
45702569 45731751 7617 0.000000 0.000000 7617 7617.000000 0.000000 0 0 0 0 0 0 0 0 0 0 0 0 0 0
45740432 45769602 7617 0.214286 0.214286 7617 7616.785645 0.214286 0 0 0 0 1 0 0 0 0 1 0 0 1 0
45779788 45808951 7615 0.214286 0.214286 7615 7614.785645 0.214286 0 0 0 1 0 1 0 0 0 0 0 0 1 0
45817734 45846800 7588 0.285714 0.285714 7588 7587.714355 0.285714 0 0 0 0 1 1 0 1 0 0 1 0 0 0
45856995 45884748 7244 1.142857 1.071429 7244 7242.928711 1.071429 2 0 1 1 1 2 2 1 0 0 3 1 0 1
45894941 45924004 7586 3.642857 3.642857 7586 7582.356934 3.642857 5 5 3 3 4 1 5 3 4 3 6 4 3 2
45934191 45961945 7246 4.428571 4.214286 7246 7241.785645 4.214286 3 4 7 4 3 3 0 7 7 2 7 6 3 3
45972137 45999777 7216 8.428572 8.000000 7216 7208.000000 8.000000 11 6 6 4 4 9 8 10 14 15 8 6 4 7
46010029 46039104 7590 12.071428 11.785714 7590 7578.214355 11.785714 15 14 5 9 10 13 9 6 9 20 9 13 17 16
46049298 46077038 7241 14.000000 13.857142 7241 7227.143066 13.857142 15 14 9 11 9 17 14 10 18 19 21 12 12 13
46087233 46116403 7615 18.285715 17.571428 7615 7597.428711 17.571428 19 20 13 15 20 22 11 14 23 27 16 18 11 17
46138193 46167359 7615 16.142857 15.857142 7615 7599.143066 15.857142 15 12 14 15 18 24 13 16 19 14 16 16 15 15
46177547 46205181 7215 12.071428 11.642858 7215 7203.356934 11.642858 15 9 9 10 8 14 10 17 10 17 13 12 8 11
46215477 46244523 7582 9.642858 9.428572 7582 7572.571289 9.428572 15 11 8 5 4 7 10 13 14 11 8 8 10 8
46254719 46282472 7244 5.785714 5.642857 7244 7238.356934 5.642857 5 6 3 8 6 8 4 5 6 7 7 3 4 7
46292675 46321801 7603 3.714286 3.642857 7603 7599.356934 3.642857 3 1 3 3 8 5 3 6 3 2 6 2 5 1
46330488 46359620 7607 1.214286 1.214286 7607 7605.785645 1.214286 2 1 1 4 1 1 0 1 0 1 0 3 0 2
46369875 46399045 7617 0.428571 0.428571 7617 7616.571289 0.428571 0 0 1 0 0 1 0 0 1 0 1 0 1 1
46407720 46436881 7612 0.571429 0.571429 7612 7611.428711 0.571429 0 0 1 1 1 0 2 0 1 0 0 1 0 1
46447068 46474807 7240 0.000000 0.000000 7240 7240.000000 0.000000 0 0 0 0 0 0 0 0 0 0 0 0 0 0
46485000 46514151 7610 0.285714 0.285714 7610 7609.714355 0.285714 0 0 0 0 0 0 0 1 1 0 0 1 0 1
46522822 46551988 7616 0.000000 0.000000 7616 7616.000000 0.000000 0 0 0 0 0 0 0 0 0 0 0 0 0 0
46562177 46591298 7603 0.000000 0.000000 7603 7603.000000 0.000000 0 0 0 0 0 0 0 0 0 0 0 0 0 0
46651015 46680153 7606 16.500000 16.214285 7606 7589.785645 16.214285 17 12 12 10 12 20 17 18 23 22 25 19 10 10
