27 32
45536527 45564173 7218 10.714286 10.571428 7218 7207.428711 10.571428 0 0 17 16 0 0 1 10 21 18 21 16 13 15
45625318 45654553 7631 0.000000 0.000000 7631 7631.000000 0.000000 0 0 0 0 0 0 0 0 0 0 0 0 0 0
45664716 45692369 7218 0.000000 0.000000 7218 7218.000000 0.000000 0 0 0 0 0 0 0 0 0 0 0 0 0 0
45702569 45731751 7618 0.000000 0.000000 7618 7618.000000 0.000000 0 0 0 0 0 0 0 0 0 0 0 0 0 0
45740432 45769602 7616 0.214286 0.214286 7616 7615.785645 0.214286 0 0 1 1 0 0 0 0 0 0 0 0 0 1
45779788 45808951 7615 0.142857 0.142857 7615 7614.856934 0.142857 0 0 0 0 0 0 0 0 0 1 0 1 0 0
45817734 45846800 7587 0.357143 0.357143 7587 7586.643066 0.357143 0 0 0 1 0 0 0 0 3 0 0 0 0 1
45856995 45884748 7244 0.571429 0.571429 7244 7243.428711 0.571429 0 0 0 2 0 0 0 0 0 2 2 2 0 0
45894941 45924004 7586 1.785714 1.785714 7586 7584.214355 1.785714 0 0 0 1 0 0 0 3 0 6 3 6 4 2
45934191 45961945 7246 3.142857 3.142857 7246 7242.856934 3.142857 0 0 4 3 0 0 0 3 6 5 5 8 4 6
45972137 45999777 7217 5.071429 4.928571 7217 7212.071289 4.928571 0 0 9 6 0 0 0 9 8 9 8 6 6 8
46010029 46039104 7590 9.357142 9.214286 7590 7580.785645 9.214286 0 0 13 17 0 0 0 11 17 13 17 15 12 14
46049298 46077038 7241 9.071428 8.714286 7241 7232.285645 8.714286 0 0 10 16 0 0 0 19 16 14 14 14 11 8
46087233 46116403 7614 11.928572 11.857142 7614 7602.143066 11.857142 0 0 22 18 0 0 1 20 15 20 16 26 11 17
46138193 46167359 7616 9.642858 9.571428 7616 7606.428711 9.571428 0 0 13 19 0 0 0 13 17 17 15 10 14 16
46177547 46205181 7214 7.785714 7.571429 7214 7206.428711 7.571429 0 0 13 14 0 0 0 13 14 15 12 7 9 9
46215477 46244523 7582 6.357143 6.000000 7582 7576.000000 6.000000 0 0 7 12 0 1 0 15 12 8 8 12 2 7
46254719 46282472 7243 3.785714 3.714286 7243 7239.285645 3.714286 0 0 6 9 0 0 0 6 3 9 4 3 5 7
46292675 46321801 7603 2.357143 2.285714 7603 7600.714355 2.285714 0 0 3 4 0 0 0 2 4 2 9 2 3 3
46330488 46359620 7606 0.857143 0.857143 7606 7605.143066 0.857143 0 0 1 3 0 0 0 3 0 1 0 0 1 3
46369875 46399045 7616 0.214286 0.214286 7616 7615.785645 0.214286 0 0 0 1 0 0 0 0 0 2 0 0 0 0
46407720 46436881 7613 0.142857 0.142857 7613 7612.856934 0.142857 0 0 1 0 0 0 0 0 0 0 0 0 1 0
46447068 46474807 7240 0.000000 0.000000 7240 7240.000000 0.000000 0 0 0 0 0 0 0 0 0 0 0 0 0 0
46485000 46514151 7609 0.000000 0.000000 7609 7609.000000 0.000000 0 0 0 0 0 0 0 0 0 0 0 0 0 0
46522822 46551988 7616 0.000000 0.000000 7616 7616.000000 0.000000 0 0 0 0 0 0 0 0 0 0 0 0 0 0
46562177 46591298 7604 0.000000 0.000000 7604 7604.000000 0.000000 0 0 0 0 0 0 0 0 0 0 0 0 0 0
46651015 46680153 7606 9.714286 9.500000 7606 7596.500000 9.500000 0 0 16 10 0 0 0 19 13 15 21 13 15 11
