27 32
45536527 45564173 7218 15.071428 14.785714 7218 7203.214355 14.785714 21 19 19 10 19 13 11 8 16 16 16 18 10 11
45625318 45654553 7631 0.071429 0.000000 7631 7631.000000 0.000000 0 0 0 0 0 0 0 0 0 0 0 0 0 0
45664716 45692369 7217 0.071429 0.071429 7217 7216.928711 0.071429 0 0 0 0 0 0 0 0 0 0 0 1 0 0
45702569 45731751 7618 0.000000 0.000000 7618 7618.000000 0.000000 0 0 0 0 0 0 0 0 0 0 0 0 0 0
45740432 45769602 7616 0.285714 0.214286 7616 7615.785645 0.214286 0 0 0 0 0 1 1 0 0 0 1 0 0 0
45779788 45808951 7614 0.071429 0.000000 7614 7614.000000 0.000000 0 0 0 0 0 0 0 0 0 0 0 0 0 0
45817734 45846800 7587 0.142857 0.142857 7587 7586.856934 0.142857 0 0 0 0 1 0 0 1 0 0 0 0 0 0
45856995 45884748 7244 1.428571 1.285714 7244 7242.714355 1.285714 3 1 1 0 1 1 2 3 1 0 1 1 1 2
45894941 45924004 7586 2.571429 2.500000 7586 7583.500000 2.500000 2 3 1 2 3 4 4 0 2 2 5 2 1 4
45934191 45961945 7246 4.500000 4.428571 7246 7241.571289 4.428571 4 4 3 4 6 3 5 3 2 6 2 8 6 6
45972137 45999777 7217 7.571429 7.428571 7217 7209.571289 7.428571 4 9 9 9 9 5 5 6 9 5 13 11 3 7
46010029 46039104 7590 12.571428 12.071428 7590 7577.928711 12.071428 9 12 5 10 12 14 8 14 20 12 10 16 15 12
46049298 46077038 7240 13.857142 13.214286 7240 7226.785645 13.214286 10 16 12 12 13 10 8 15 15 25 12 18 8 11
46087233 46116403 7614 17.571428 17.285715 7614 7596.714355 17.285715 21 16 20 16 17 19 14 14 14 17 16 17 21 20
46138193 46167359 7616 17.214285 16.428572 7616 7599.571289 16.428572 12 14 17 20 13 15 16 13 12 28 34 20 10 6
46177547 46205181 7214 12.928572 12.714286 7214 7201.285645 12.714286 18 14 10 12 9 14 12 14 15 14 12 13 15 6
46215477 46244523 7582 9.000000 8.857142 7582 7573.143066 8.857142 10 9 17 5 7 5 8 9 6 5 10 8 11 14
46254719 46282472 7244 6.428571 6.285714 7244 7237.714355 6.285714 8 1 5 2 7 6 6 6 10 9 12 4 8 4
46292675 46321801 7603 3.928571 3.857143 7603 7599.143066 3.857143 4 6 5 2 5 4 6 3 5 1 3 4 4 2
46330488 46359620 7606 2.285714 2.285714 7606 7603.714355 2.285714 1 3 2 2 3 1 4 1 2 5 2 2 3 1
46369875 46399045 7616 0.571429 0.500000 7616 7615.500000 0.500000 1 0 0 1 0 3 0 0 0 0 1 1 0 0
46407720 46436881 7612 0.071429 0.071429 7612 7611.928711 0.071429 0 0 0 0 0 0 0 0 0 0 0 1 0 0
46447068 46474807 7240 0.142857 0.142857 7240 7239.856934 0.142857 0 1 0 0 0 0 0 0 1 0 0 0 0 0
46485000 46514151 7609 0.000000 0.000000 7609 7609.000000 0.000000 0 0 0 0 0 0 0 0 0 0 0 0 0 0
46522822 46551988 7615 0.142857 0.071429 7615 7614.928711 0.071429 0 0 0 0 0 0 0 0 1 0 0 0 0 0
46562177 46591298 7604 0.000000 0.000000 7604 7604.000000 0.000000 0 0 0 0 0 0 0 0 0 0 0 0 0 0
46651015 46680153 7606 18.857143 18.357143 7606 7587.643066 18.357143 23 23 16 21 16 19 15 16 14 16 21 19 12 26
