27 32
45536527 45564173 7218 5.000000 4.714286 7218 7213.285645 4.714286 22 14 13 8 0 1 0 0 0 1 0 0 0 7
45625318 45654553 7632 0.000000 0.000000 7632 7632.000000 0.000000 0 0 0 0 0 0 0 0 0 0 0 0 0 0
45664716 45692369 7217 0.000000 0.000000 7217 7217.000000 0.000000 0 0 0 0 0 0 0 0 0 0 0 0 0 0
45702569 45731751 7617 0.071429 0.071429 7617 7616.928711 0.071429 0 0 0 1 0 0 0 0 0 0 0 0 0 0
45740432 45769602 7617 0.071429 0.071429 7617 7616.928711 0.071429 0 0 1 0 0 0 0 0 0 0 0 0 0 0
45779788 45808951 7615 0.071429 0.071429 7615 7614.928711 0.071429 0 1 0 0 0 0 0 0 0 0 0 0 0 0
45817734 45846800 7587 0.071429 0.071429 7587 7586.928711 0.071429 1 0 0 0 0 0 0 0 0 0 0 0 0 0
45856995 45884748 7244 0.571429 0.571429 7244 7243.428711 0.571429 3 0 1 2 0 0 0 0 0 0 0 0 0 2
45894941 45924004 7588 0.714286 0.714286 7588 7587.285645 0.714286 3 1 3 1 0 0 0 0 0 0 0 0 0 2
45934191 45961945 7247 1.928571 1.928571 7247 7245.071289 1.928571 8 2 7 7 0 0 0 0 0 0 0 0 0 3
45972137 45999777 7216 1.357143 1.285714 7216 7214.714355 1.285714 6 2 5 2 0 0 0 0 0 1 0 0 0 2
46010029 46039104 7589 3.642857 3.571429 7589 7585.428711 3.571429 15 8 8 12 0 0 0 0 1 0 0 0 0 6
46049298 46077038 7240 5.285714 5.000000 7240 7235.000000 5.000000 18 18 13 11 0 0 0 1 0 1 0 1 0 7
46087233 46116403 7615 7.142857 6.928571 7615 7608.071289 6.928571 23 16 15 22 2 1 0 0 0 0 0 0 1 17
46138193 46167359 7615 5.500000 5.428571 7615 7609.571289 5.428571 17 18 16 13 0 0 0 0 0 0 0 0 0 12
46177547 46205181 7215 4.285714 4.142857 7215 7210.856934 4.142857 14 11 15 10 0 0 0 1 0 0 0 0 0 7
46215477 46244523 7582 2.214286 2.214286 7582 7579.785645 2.214286 7 8 7 5 0 0 0 0 0 0 0 0 0 4
46254719 46282472 7244 1.571429 1.571429 7244 7242.428711 1.571429 9 1 3 4 0 0 0 0 0 1 0 0 0 4
46292675 46321801 7603 1.357143 1.357143 7603 7601.643066 1.357143 6 5 3 2 0 0 0 0 0 0 0 0 1 2
46330488 46359620 7607 0.642857 0.571429 7607 7606.428711 0.571429 3 2 1 2 0 0 0 0 0 0 0 0 0 0
46369875 46399045 7617 0.142857 0.142857 7617 7616.856934 0.142857 0 0 1 0 0 0 0 0 0 0 0 0 0 1
46407720 46436881 7612 0.071429 0.071429 7612 7611.928711 0.071429 0 1 0 0 0 0 0 0 0 0 0 0 0 0
46447068 46474807 7241 0.142857 0.142857 7241 7240.856934 0.142857 0 2 0 0 0 0 0 0 0 0 0 0 0 0
46485000 46514151 7610 0.000000 0.000000 7610 7610.000000 0.000000 0 0 0 0 0 0 0 0 0 0 0 0 0 0
46522822 46551988 7615 0.000000 0.000000 7615 7615.000000 0.000000 0 0 0 0 0 0 0 0 0 0 0 0 0 0
46562177 46591298 7604 0.000000 0.000000 7604 7604.000000 0.000000 0 0 0 0 0 0 0 0 0 0 0 0 0 0
46651015 46680153 7606 6.571429 6.357143 7606 7599.643066 6.357143 19 18 21 15 0 0 0 1 0 0 0 0 0 15
