27 32
45536527 45564173 7218 12.857142 12.714286 7218 7205.285645 12.714286 13 14 15 17 14 25 10 0 0 0 15 20 18 17
45625318 45654553 7632 0.071429 0.071429 7632 7631.928711 0.071429 0 0 1 0 0 0 0 0 0 0 0 0 0 0
45664716 45692369 7218 0.000000 0.000000 7218 7218.000000 0.000000 0 0 0 0 0 0 0 0 0 0 0 0 0 0
45702569 45731751 7618 0.000000 0.000000 7618 7618.000000 0.000000 0 0 0 0 0 0 0 0 0 0 0 0 0 0
45740432 45769602 7617 0.285714 0.214286 7617 7616.785645 0.214286 0 0 0 2 0 0 0 0 0 0 0 0 1 0
45779788 45808951 7615 0.214286 0.214286 7615 7614.785645 0.214286 1 0 0 1 0 0 0 0 0 0 0 1 0 0
45817734 45846800 7587 0.500000 0.500000 7587 7586.500000 0.500000 0 0 1 3 0 0 0 0 0 0 1 1 0 1
45856995 45884748 7243 0.928571 0.857143 7243 7242.143066 0.857143 0 3 1 2 2 0 0 0 0 0 0 2 2 0
45894941 45924004 7586 1.500000 1.500000 7586 7584.500000 1.500000 0 4 2 2 4 1 1 0 0 0 1 3 3 0
45934191 45961945 7246 3.500000 3.428571 7246 7242.571289 3.428571 7 4 4 9 2 4 3 0 0 0 4 4 4 3
45972137 45999777 7216 7.571429 7.214286 7216 7208.785645 7.214286 5 11 8 9 7 13 5 0 0 0 9 12 14 8
46010029 46039104 7590 10.071428 9.500000 7590 7580.500000 9.500000 9 10 9 9 12 16 13 0 0 0 15 8 22 10
46049298 46077038 7241 11.571428 11.285714 7241 7229.714355 11.285714 16 17 20 8 13 13 10 0 0 0 16 17 12 16
46087233 46116403 7614 13.000000 12.785714 7614 7601.214355 12.785714 31 14 12 12 15 23 15 0 0 0 17 15 15 10
46138193 46167359 7615 12.500000 12.142858 7615 7602.856934 12.142858 24 11 17 17 12 12 13 0 1 0 18 17 12 16
46177547 46205181 7215 9.500000 9.428572 7215 7205.571289 9.428572 17 7 15 8 11 10 11 0 0 0 16 12 15 10
46215477 46244523 7582 8.142858 8.071428 7582 7573.928711 8.071428 13 15 18 6 6 7 12 0 0 0 7 14 9 6
46254719 46282472 7244 4.714286 4.642857 7244 7239.356934 4.642857 5 6 11 8 2 3 3 0 0 0 5 8 4 10
46292675 46321801 7603 1.714286 1.714286 7603 7601.285645 1.714286 2 1 1 4 2 1 4 0 0 0 1 4 1 3
46330488 46359620 7606 0.928571 0.928571 7606 7605.071289 0.928571 4 1 1 1 0 1 0 0 0 0 3 0 1 1
46369875 46399045 7616 0.285714 0.285714 7616 7615.714355 0.285714 0 0 0 0 0 2 0 0 0 0 1 0 1 0
46407720 46436881 7612 0.000000 0.000000 7612 7612.000000 0.000000 0 0 0 0 0 0 0 0 0 0 0 0 0 0
46447068 46474807 7240 0.142857 0.142857 7240 7239.856934 0.142857 1 0 0 0 1 0 0 0 0 0 0 0 0 0
46485000 46514151 7609 0.071429 0.071429 7609 7608.928711 0.071429 0 0 0 0 0 0 0 0 0 0 0 1 0 0
46522822 46551988 7616 0.000000 0.000000 7616 7616.000000 0.000000 0 0 0 0 0 0 0 0 0 0 0 0 0 0
46562177 46591298 7604 0.071429 0.071429 7604 7603.928711 0.071429 0 0 1 0 0 0 0 0 0 0 0 0 0 0
46651015 46680153 7606 13.428572 13.142858 7606 7592.856934 13.142858 18 17 17 21 12 11 10 0 0 0 17 21 21 19
