27 32
45536527 45564173 7218 16.142857 15.714286 7218 7202.285645 15.714286 18 16 12 19 19 12 12 18 19 13 18 19 13 12
45625318 45654553 7631 0.071429 0.000000 7631 7631.000000 0.000000 0 0 0 0 0 0 0 0 0 0 0 0 0 0
45664716 45692369 7218 0.000000 0.000000 7218 7218.000000 0.000000 0 0 0 0 0 0 0 0 0 0 0 0 0 0
45702569 45731751 7618 0.000000 0.000000 7618 7618.000000 0.000000 0 0 0 0 0 0 0 0 0 0 0 0 0 0
45740432 45769602 7616 0.142857 0.142857 7616 7615.856934 0.142857 0 1 0 0 1 0 0 0 0 0 0 0 0 0
45779788 45808951 7614 0.214286 0.214286 7614 7613.785645 0.214286 0 0 1 1 0 0 0 0 0 0 1 0 0 0
45817734 45846800 7587 0.500000 0.500000 7587 7586.500000 0.500000 0 0 0 0 0 0 1 1 3 0 1 1 0 0
45856995 45884748 7244 1.714286 1.642857 7244 7242.356934 1.642857 1 3 0 1 0 4 2 0 2 6 3 1 0 0
45894941 45924004 7586 2.642857 2.428571 7586 7583.571289 2.428571 5 4 1 1 1 0 3 2 7 3 2 2 1 2
45934191 45961945 7246 4.714286 4.500000 7246 7241.500000 4.500000 3 3 5 5 4 5 2 9 5 7 3 7 0 5
45972137 45999777 7217 7.357143 6.928571 7217 7210.071289 6.928571 6 7 9 6 4 10 4 6 6 5 8 6 8 12
46010029 46039104 7590 12.000000 11.714286 7590 7578.285645 11.714286 15 14 14 8 11 17 9 14 18 13 10 11 6 4
46049298 46077038 7241 15.571428 15.214286 7241 7225.785645 15.214286 15 17 11 17 8 14 20 23 16 18 13 12 16 13
46087233 46116403 7614 17.214285 16.928572 7614 7597.071289 16.928572 13 23 16 9 12 13 21 21 15 26 20 8 18 22
46138193 46167359 7616 17.000000 16.714285 7616 7599.285645 16.714285 22 18 14 16 16 16 9 17 21 18 11 15 18 23
46177547 46205181 7214 12.285714 12.214286 7214 7201.785645 12.214286 13 9 12 10 10 12 14 20 10 14 12 8 15 12
46215477 46244523 7582 9.500000 9.214286 7582 7572.785645 9.214286 12 14 10 3 7 6 15 6 6 9 14 10 5 12
46254719 46282472 7243 6.785714 6.571429 7243 7236.428711 6.571429 8 9 2 8 7 8 8 7 5 7 8 2 5 8
46292675 46321801 7603 3.571429 3.428571 7603 7599.571289 3.428571 3 1 3 1 3 5 1 4 5 6 5 3 3 5
46330488 46359620 7606 1.785714 1.785714 7606 7604.214355 1.785714 5 3 0 2 2 0 3 0 3 1 2 3 0 1
46369875 46399045 7616 0.714286 0.714286 7616 7615.285645 0.714286 1 1 0 0 1 0 1 1 0 2 2 0 1 0
46407720 46436881 7612 0.142857 0.142857 7612 7611.856934 0.142857 0 0 0 0 0 0 0 1 1 0 0 0 0 0
46447068 46474807 7240 0.142857 0.142857 7240 7239.856934 0.142857 0 0 0 0 0 2 0 0 0 0 0 0 0 0
46485000 46514151 7609 0.071429 0.071429 7609 7608.928711 0.071429 0 1 0 0 0 0 0 0 0 0 0 0 0 0
46522822 46551988 7616 0.000000 0.000000 7616 7616.000000 0.000000 0 0 0 0 0 0 0 0 0 0 0 0 0 0
46562177 46591298 7604 0.000000 0.000000 7604 7604.000000 0.000000 0 0 0 0 0 0 0 0 0 0 0 0 0 0
46651015 46680153 7606 18.285715 17.785715 7606 7588.214355 17.785715 16 14 11 11 20 20 16 13 26 30 19 21 18 14
