27 32
45536527 45564173 7218 14.571428 14.285714 7218 7203.714355 14.285714 17 11 16 8 16 14 16 8 16 27 16 12 16 7
45625318 45654553 7631 0.000000 0.000000 7631 7631.000000 0.000000 0 0 0 0 0 0 0 0 0 0 0 0 0 0
45664716 45692369 7217 0.000000 0.000000 7217 7217.000000 0.000000 0 0 0 0 0 0 0 0 0 0 0 0 0 0
45702569 45731751 7618 0.000000 0.000000 7618 7618.000000 0.000000 0 0 0 0 0 0 0 0 0 0 0 0 0 0
45740432 45769602 7616 0.000000 0.000000 7616 7616.000000 0.000000 0 0 0 0 0 0 0 0 0 0 0 0 0 0
45779788 45808951 7614 0.285714 0.285714 7614 7613.714355 0.285714 1 1 0 0 0 1 0 0 0 1 0 0 0 0
45817734 45846800 7587 0.428571 0.428571 7587 7586.571289 0.428571 0 0 1 1 0 1 0 0 1 0 0 1 0 1
45856995 45884748 7244 1.000000 1.000000 7244 7243.000000 1.000000 3 0 1 2 0 0 1 2 1 0 2 1 1 0
45894941 45924004 7587 3.642857 3.428571 7587 7583.571289 3.428571 3 4 7 1 7 6 2 2 6 5 2 1 1 1
45934191 45961945 7246 4.642857 4.571429 7246 7241.428711 4.571429 4 3 5 4 4 7 8 3 5 4 3 5 6 3
45972137 45999777 7217 8.071428 7.642857 7217 7209.356934 7.642857 10 9 9 6 5 4 11 8 11 13 12 1 3 5
46010029 46039104 7589 11.500000 11.214286 7589 7577.785645 11.214286 10 10 9 12 9 13 9 8 13 12 18 11 9 14
46049298 46077038 7240 13.071428 12.714286 7240 7227.285645 12.714286 18 19 9 14 8 3 15 12 18 16 12 10 14 10
46087233 46116403 7614 16.571428 16.214285 7614 7597.785645 16.214285 26 17 19 11 11 22 14 18 12 21 17 10 14 15
46138193 46167359 7616 14.214286 14.071428 7616 7601.928711 14.071428 15 17 11 11 15 12 15 11 15 16 17 14 15 13
46177547 46205181 7214 12.071428 11.857142 7214 7202.143066 11.857142 7 18 17 16 8 9 3 20 12 16 7 8 11 14
46215477 46244523 7582 9.285714 9.071428 7582 7572.928711 9.071428 14 13 8 4 4 12 10 6 9 12 2 11 15 7
46254719 46282472 7244 5.142857 5.000000 7244 7239.000000 5.000000 6 11 4 6 4 5 3 2 5 2 5 6 4 7
46292675 46321801 7603 3.928571 3.857143 7603 7599.143066 3.857143 4 3 1 4 3 5 6 3 3 3 8 5 3 3
46330488 46359620 7606 1.428571 1.285714 7606 7604.714355 1.285714 0 1 2 4 3 0 2 1 0 0 4 0 0 1
46369875 46399045 7616 0.928571 0.928571 7616 7615.071289 0.928571 1 1 1 0 1 0 3 0 2 1 2 0 1 0
46407720 46436881 7612 0.000000 0.000000 7612 7612.000000 0.000000 0 0 0 0 0 0 0 0 0 0 0 0 0 0
46447068 46474807 7241 0.285714 0.285714 7241 7240.714355 0.285714 0 0 1 0 1 1 0 0 0 0 0 0 1 0
46485000 46514151 7609 0.285714 0.214286 7609 7608.785645 0.214286 0 0 0 1 0 0 0 0 0 0 2 0 0 0
46522822 46551988 7615 0.000000 0.000000 7615 7615.000000 0.000000 0 0 0 0 0 0 0 0 0 0 0 0 0 0
46562177 46591298 7604 0.000000 0.000000 7604 7604.000000 0.000000 0 0 0 0 0 0 0 0 0 0 0 0 0 0
46651015 46680153 7606 15.642858 15.428572 7606 7590.571289 15.428572 23 9 14 14 16 14 17 19 18 15 14 17 15 11
