27 32
45536527 45564173 7218 15.142858 14.928572 7218 7203.071289 14.928572 19 16 14 8 13 17 19 16 13 20 19 10 14 11
45625318 45654553 7631 0.000000 0.000000 7631 7631.000000 0.000000 0 0 0 0 0 0 0 0 0 0 0 0 0 0
45664716 45692369 7218 0.000000 0.000000 7218 7218.000000 0.000000 0 0 0 0 0 0 0 0 0 0 0 0 0 0
45702569 45731751 7618 0.071429 0.071429 7618 7617.928711 0.071429 0 0 0 0 0 0 0 0 0 0 1 0 0 0
45740432 45769602 7616 0.071429 0.071429 7616 7615.928711 0.071429 0 0 0 0 0 0 0 0 0 0 0 0 0 1
45779788 45808951 7614 0.214286 0.214286 7614 7613.785645 0.214286 0 0 0 0 1 0 0 0 1 0 0 0 1 0
45817734 45846800 7587 0.571429 0.571429 7587 7586.428711 0.571429 0 1 0 0 1 0 2 1 0 1 1 0 0 1
45856995 45884748 7244 1.571429 1.500000 7244 7242.500000 1.500000 2 0 1 2 2 1 1 0 2 1 1 2 4 2
45894941 45924004 7586 2.857143 2.714286 7586 7583.285645 2.714286 2 3 2 4 2 3 2 2 2 6 4 2 2 2
45934191 45961945 7246 4.785714 4.642857 7246 7241.356934 4.642857 9 9 5 2 3 4 2 5 2 5 5 4 4 6
45972137 45999777 7217 9.285714 9.214286 7217 7207.785645 9.214286 8 10 6 10 12 12 6 9 10 13 11 5 10 7
46010029 46039104 7590 12.285714 12.000000 7590 7578.000000 12.000000 10 18 13 7 9 16 16 11 15 12 10 12 10 9
46049298 46077038 7240 16.071428 15.714286 7240 7224.285645 15.714286 24 10 15 14 18 22 11 9 25 20 18 11 11 12
46087233 46116403 7614 17.928572 17.500000 7614 7596.500000 17.500000 13 16 13 15 16 19 20 25 24 14 25 16 20 9
46138193 46167359 7616 18.714285 18.285715 7616 7597.714355 18.285715 27 18 16 10 17 15 13 12 22 24 23 23 19 17
46177547 46205181 7214 13.357142 13.142858 7214 7200.856934 13.142858 15 8 11 14 12 15 18 13 13 15 18 15 6 11
46215477 46244523 7582 11.142858 10.785714 7582 7571.214355 10.785714 11 8 11 9 11 15 12 10 8 9 15 14 11 7
46254719 46282472 7244 5.928571 5.714286 7244 7238.285645 5.714286 7 4 7 2 4 9 8 3 4 9 7 4 3 9
46292675 46321801 7603 3.071429 3.000000 7603 7600.000000 3.000000 2 4 0 5 3 3 1 5 1 3 6 2 4 3
46330488 46359620 7606 1.571429 1.571429 7606 7604.428711 1.571429 0 1 1 0 1 2 2 0 5 4 0 3 2 1
46369875 46399045 7616 0.928571 0.928571 7616 7615.071289 0.928571 2 0 1 0 0 1 1 2 0 1 2 0 1 2
46407720 46436881 7612 0.214286 0.214286 7612 7611.785645 0.214286 0 0 0 0 0 0 0 1 1 0 0 0 0 1
46447068 46474807 7240 0.142857 0.142857 7240 7239.856934 0.142857 0 0 1 0 0 0 0 0 0 1 0 0 0 0
46485000 46514151 7609 0.071429 0.071429 7609 7608.928711 0.071429 0 1 0 0 0 0 0 0 0 0 0 0 0 0
46522822 46551988 7615 0.000000 0.000000 7615 7615.000000 0.000000 0 0 0 0 0 0 0 0 0 0 0 0 0 0
46562177 46591298 7604 0.000000 0.000000 7604 7604.000000 0.000000 0 0 0 0 0 0 0 0 0 0 0 0 0 0
46651015 46680153 7606 17.785715 17.214285 7606 7588.785645 17.214285 21 11 18 19 13 13 16 20 12 19 31 21 15 12
