27 32
45536527 45564173 7218 13.714286 13.428572 7218 7204.571289 13.428572 11 12 0 0 16 16 5 20 24 17 22 19 10 16
45625318 45654553 7631 0.000000 0.000000 7631 7631.000000 0.000000 0 0 0 0 0 0 0 0 0 0 0 0 0 0
45664716 45692369 7217 0.000000 0.000000 7217 7217.000000 0.000000 0 0 0 0 0 0 0 0 0 0 0 0 0 0
45702569 45731751 7617 0.000000 0.000000 7617 7617.000000 0.000000 0 0 0 0 0 0 0 0 0 0 0 0 0 0
45740432 45769602 7616 0.214286 0.214286 7616 7615.785645 0.214286 0 1 0 0 0 0 0 0 1 0 0 0 1 0
45779788 45808951 7615 0.357143 0.285714 7615 7614.714355 0.285714 0 0 0 0 0 2 0 0 1 0 0 0 0 1
45817734 45846800 7587 0.214286 0.142857 7587 7586.856934 0.142857 0 0 0 0 0 0 0 1 0 0 0 0 0 1
45856995 45884748 7244 1.142857 1.071429 7244 7242.928711 1.071429 3 0 0 0 0 3 0 0 1 1 1 3 0 3
45894941 45924004 7587 1.642857 1.571429 7587 7585.428711 1.571429 0 1 0 0 0 6 3 4 1 1 2 1 2 1
45934191 45961945 7247 3.642857 3.571429 7247 7243.428711 3.571429 6 3 0 0 4 2 9 2 3 6 2 3 5 5
45972137 45999777 7216 8.071428 7.928571 7216 7208.071289 7.928571 11 10 0 0 9 6 5 9 14 15 7 8 10 7
46010029 46039104 7589 10.928572 10.714286 7589 7578.285645 10.714286 13 12 0 0 13 14 7 11 19 16 15 13 9 8
46049298 46077038 7240 12.642858 12.285714 7240 7227.714355 12.285714 22 13 2 0 21 11 10 6 11 21 6 17 17 15
46087233 46116403 7614 12.785714 12.714286 7614 7601.285645 12.714286 16 18 0 0 10 27 13 18 21 15 9 8 13 10
46138193 46167359 7616 14.071428 13.785714 7616 7602.214355 13.785714 26 10 0 0 16 13 16 26 19 10 15 16 14 12
46177547 46205181 7215 9.857142 9.500000 7215 7205.500000 9.500000 7 7 0 2 13 19 6 11 14 11 15 6 11 11
46215477 46244523 7582 8.357142 8.000000 7582 7574.000000 8.000000 9 8 0 0 9 9 12 13 9 7 8 10 12 6
46254719 46282472 7244 5.571429 5.428571 7244 7238.571289 5.428571 7 7 0 0 9 6 7 6 6 4 3 7 7 7
46292675 46321801 7603 3.357143 3.285714 7603 7599.714355 3.285714 5 3 0 0 4 4 2 6 6 4 7 3 1 1
46330488 46359620 7607 1.142857 1.142857 7607 7605.856934 1.142857 2 3 0 0 2 0 1 1 3 3 0 0 0 1
46369875 46399045 7616 0.428571 0.428571 7616 7615.571289 0.428571 0 1 0 0 0 0 0 0 1 2 0 1 0 1
46407720 46436881 7612 0.285714 0.285714 7612 7611.714355 0.285714 0 0 0 0 0 3 0 0 0 1 0 0 0 0
46447068 46474807 7240 0.357143 0.285714 7240 7239.714355 0.285714 0 0 0 0 1 1 0 0 0 0 1 1 0 0
46485000 46514151 7610 0.142857 0.071429 7610 7609.928711 0.071429 0 0 0 0 0 0 0 0 0 0 0 1 0 0
46522822 46551988 7615 0.000000 0.000000 7615 7615.000000 0.000000 0 0 0 0 0 0 0 0 0 0 0 0 0 0
46562177 46591298 7604 0.000000 0.000000 7604 7604.000000 0.000000 0 0 0 0 0 0 0 0 0 0 0 0 0 0
46651015 46680153 7606 16.571428 16.142857 7606 7589.856934 16.142857 16 23 1 0 15 17 21 26 17 22 25 17 12 14
