27 32
45536527 45564173 7217 13.571428 12.928572 7217 7204.071289 12.928572 0 0 9 21 12 7 13 21 17 26 20 18 17 0
45625318 45654553 7631 0.000000 0.000000 7631 7631.000000 0.000000 0 0 0 0 0 0 0 0 0 0 0 0 0 0
45664716 45692369 7217 0.071429 0.000000 7217 7217.000000 0.000000 0 0 0 0 0 0 0 0 0 0 0 0 0 0
45702569 45731751 7617 0.071429 0.071429 7617 7616.928711 0.071429 0 0 0 0 0 0 0 0 1 0 0 0 0 0
45740432 45769602 7617 0.000000 0.000000 7617 7617.000000 0.000000 0 0 0 0 0 0 0 0 0 0 0 0 0 0
45779788 45808951 7615 0.500000 0.500000 7615 7614.500000 0.500000 0 0 0 1 0 1 1 0 1 1 0 0 2 0
45817734 45846800 7587 0.285714 0.214286 7587 7586.785645 0.214286 0 0 0 0 0 0 0 1 1 1 0 0 0 0
45856995 45884748 7243 1.000000 1.000000 7243 7242.000000 1.000000 0 0 0 1 2 1 3 2 0 0 2 1 2 0
45894941 45924004 7586 2.142857 2.071429 7586 7583.928711 2.071429 0 0 1 1 1 7 4 2 3 2 1 2 4 1
45934191 45961945 7246 4.214286 4.071429 7246 7241.928711 4.071429 0 0 7 6 4 6 6 4 5 1 9 4 5 0
45972137 45999777 7216 7.785714 7.714286 7216 7208.285645 7.714286 0 0 9 7 9 10 12 15 7 10 13 8 7 1
46010029 46039104 7589 9.928572 9.428572 7589 7579.571289 9.428572 0 0 14 14 12 11 8 16 13 10 14 10 10 0
46049298 46077038 7240 12.428572 11.928572 7240 7228.071289 11.928572 0 0 21 10 12 25 16 18 17 11 15 12 10 0
46087233 46116403 7614 13.571428 13.428572 7614 7600.571289 13.428572 0 0 15 15 17 20 11 19 14 24 21 18 13 1
46138193 46167359 7615 14.071428 13.857142 7615 7601.143066 13.857142 0 0 22 13 16 25 16 28 22 19 13 13 7 0
46177547 46205181 7215 11.642858 11.071428 7215 7203.928711 11.071428 0 0 20 16 8 15 10 11 17 16 16 14 12 0
46215477 46244523 7582 8.000000 7.714286 7582 7574.285645 7.714286 0 0 8 8 8 7 7 11 13 10 14 11 11 0
46254719 46282472 7243 4.857143 4.857143 7243 7238.143066 4.857143 0 0 5 9 8 8 3 8 4 6 6 7 4 0
46292675 46321801 7602 2.357143 2.285714 7602 7599.714355 2.285714 0 0 1 3 1 7 0 2 6 1 3 4 4 0
46330488 46359620 7607 1.214286 1.214286 7607 7605.785645 1.214286 0 0 1 0 1 3 1 1 0 3 2 3 2 0
46369875 46399045 7617 0.357143 0.357143 7617 7616.643066 0.357143 0 0 0 1 0 1 0 1 0 0 0 0 1 1
46407720 46436881 7612 0.142857 0.142857 7612 7611.856934 0.142857 0 0 0 0 1 0 0 0 0 1 0 0 0 0
46447068 46474807 7240 0.000000 0.000000 7240 7240.000000 0.000000 0 0 0 0 0 0 0 0 0 0 0 0 0 0
46485000 46514151 7610 0.071429 0.000000 7610 7610.000000 0.000000 0 0 0 0 0 0 0 0 0 0 0 0 0 0
46522822 46551988 7614 0.000000 0.000000 7614 7614.000000 0.000000 0 0 0 0 0 0 0 0 0 0 0 0 0 0
46562177 46591298 7602 0.000000 0.000000 7602 7602.000000 0.000000 0 0 0 0 0 0 0 0 0 0 0 0 0 0
46651015 46680153 7606 13.428572 12.928572 7606 7593.071289 12.928572 0 0 15 19 18 22 18 12 19 15 15 14 14 0
