27 32
45536527 45564173 7214 10.214286 9.928572 7214 7204.071289 9.928572 0 0 15 15 0 1 0 15 20 19 21 18 14 1
45625318 45654553 7626 0.071429 0.071429 7626 7625.928711 0.071429 0 0 0 1 0 0 0 0 0 0 0 0 0 0
45664716 45692369 7212 0.000000 0.000000 7212 7212.000000 0.000000 0 0 0 0 0 0 0 0 0 0 0 0 0 0
45702569 45731751 7612 0.000000 0.000000 7612 7612.000000 0.000000 0 0 0 0 0 0 0 0 0 0 0 0 0 0
45740432 45769602 7612 0.285714 0.214286 7612 7611.785645 0.214286 0 0 0 1 0 0 0 1 0 1 0 0 0 0
45779788 45808951 7609 0.071429 0.071429 7609 7608.928711 0.071429 0 0 0 0 0 0 0 0 0 0 0 1 0 0
45817734 45846800 7582 0.428571 0.428571 7582 7581.571289 0.428571 0 0 1 0 0 0 0 0 2 0 2 1 0 0
45856995 45884748 7239 0.785714 0.785714 7239 7238.214355 0.785714 0 0 2 1 0 0 0 2 1 0 2 3 0 0
45894941 45924004 7582 1.000000 1.000000 7582 7581.000000 1.000000 0 0 1 2 0 0 0 3 1 2 4 1 0 0
45934191 45961945 7241 3.428571 3.357143 7241 7237.643066 3.357143 0 0 5 5 0 0 0 5 10 10 3 7 2 0
45972137 45999777 7212 4.857143 4.857143 7212 7207.143066 4.857143 0 0 12 6 0 0 0 4 7 15 8 9 7 0
46010029 46039104 7585 7.571429 7.500000 7585 7577.500000 7.500000 0 0 18 10 0 0 0 17 8 13 15 13 11 0
46049298 46077038 7233 9.642858 9.285714 7233 7223.714355 9.285714 0 0 17 13 0 0 1 22 19 20 15 12 11 0
46087233 46116403 7609 9.642858 9.500000 7609 7599.500000 9.500000 0 0 27 21 0 1 0 17 16 9 16 11 15 0
46138193 46167359 7611 8.428572 8.000000 7611 7603.000000 8.000000 0 0 13 16 0 0 0 13 17 13 13 13 14 0
46177547 46205181 7209 8.500000 8.357142 7209 7200.643066 8.357142 0 0 17 14 0 0 0 16 21 15 10 14 10 0
46215477 46244523 7576 5.500000 5.285714 7576 7570.714355 5.285714 0 0 7 9 0 0 0 14 9 7 12 10 6 0
46254719 46282472 7237 3.285714 3.214286 7237 7233.785645 3.214286 0 0 3 5 0 1 1 3 6 8 5 5 8 0
46292675 46321801 7597 1.500000 1.428571 7597 7595.571289 1.428571 0 0 2 2 0 0 0 3 3 0 4 4 2 0
46330488 46359620 7602 0.785714 0.785714 7602 7601.214355 0.785714 0 0 2 1 0 0 0 1 1 3 2 0 1 0
46369875 46399045 7611 0.714286 0.642857 7611 7610.356934 0.642857 0 0 1 1 0 0 0 2 0 1 0 2 2 0
46407720 46436881 7605 0.142857 0.142857 7605 7604.856934 0.142857 0 0 0 0 0 0 0 0 0 1 0 1 0 0
46447068 46474807 7234 0.000000 0.000000 7234 7234.000000 0.000000 0 0 0 0 0 0 0 0 0 0 0 0 0 0
46485000 46514151 7604 0.000000 0.000000 7604 7604.000000 0.000000 0 0 0 0 0 0 0 0 0 0 0 0 0 0
46522822 46551988 7610 0.000000 0.000000 7610 7610.000000 0.000000 0 0 0 0 0 0 0 0 0 0 0 0 0 0
46562177 46591298 7597 0.000000 0.000000 7597 7597.000000 0.000000 0 0 0 0 0 0 0 0 0 0 0 0 0 0
46651015 46680153 7601 9.857142 9.642858 7601 7591.356934 9.642858 0 0 14 21 0 0 0 18 15 19 18 16 14 0
