27 32
45536527 45564173 7218 16.500000 16.071428 7218 7201.928711 16.071428 15 19 13 16 10 21 22 21 16 16 18 23 7 8
45625318 45654553 7631 0.000000 0.000000 7631 7631.000000 0.000000 0 0 0 0 0 0 0 0 0 0 0 0 0 0
45664716 45692369 7218 0.000000 0.000000 7218 7218.000000 0.000000 0 0 0 0 0 0 0 0 0 0 0 0 0 0
45702569 45731751 7618 0.071429 0.071429 7618 7617.928711 0.071429 0 0 0 0 0 0 0 1 0 0 0 0 0 0
45740432 45769602 7616 0.071429 0.071429 7616 7615.928711 0.071429 0 0 0 0 0 0 0 0 0 0 0 1 0 0
45779788 45808951 7614 0.214286 0.142857 7614 7613.856934 0.142857 0 0 1 0 0 0 0 1 0 0 0 0 0 0
45817734 45846800 7587 0.642857 0.642857 7587 7586.356934 0.642857 1 0 0 0 2 0 1 0 3 0 1 0 0 1
45856995 45884748 7244 0.857143 0.857143 7244 7243.143066 0.857143 2 0 1 0 1 3 1 0 0 2 1 1 0 0
45894941 45924004 7586 3.142857 3.000000 7586 7583.000000 3.000000 6 4 1 4 2 4 4 2 3 4 1 2 3 2
45934191 45961945 7246 4.714286 4.714286 7246 7241.285645 4.714286 10 4 7 4 3 6 6 3 3 5 6 3 2 4
45972137 45999777 7217 8.214286 7.785714 7217 7209.214355 7.785714 12 14 3 9 5 11 6 8 8 8 10 0 8 7
46010029 46039104 7590 11.714286 11.428572 7590 7578.571289 11.428572 9 17 11 11 5 18 12 16 11 13 14 8 5 10
46049298 46077038 7240 15.071428 15.000000 7240 7225.000000 15.000000 14 14 18 7 16 19 10 10 27 17 16 8 14 20
46087233 46116403 7614 16.928572 16.500000 7614 7597.500000 16.500000 23 18 13 18 12 13 16 16 13 18 17 19 15 20
46138193 46167359 7616 14.071428 13.714286 7616 7602.285645 13.714286 9 11 12 8 12 17 12 16 17 24 16 12 8 18
46177547 46205181 7214 12.357142 12.071428 7214 7201.928711 12.071428 13 15 16 9 11 12 14 9 14 16 16 7 8 9
46215477 46244523 7582 9.428572 9.071428 7582 7572.928711 9.071428 11 8 17 12 3 7 6 13 7 8 12 10 9 4
46254719 46282472 7244 6.357143 6.142857 7244 7237.856934 6.142857 9 9 2 5 5 10 5 2 7 5 11 3 6 7
46292675 46321801 7603 3.500000 3.428571 7603 7599.571289 3.428571 4 2 3 1 5 6 3 4 3 6 1 4 3 3
46330488 46359620 7606 1.285714 1.285714 7606 7604.714355 1.285714 0 1 0 1 0 2 0 1 2 1 5 2 1 2
46369875 46399045 7616 0.785714 0.714286 7616 7615.285645 0.714286 1 0 3 1 0 0 0 0 0 1 1 0 1 2
46407720 46436881 7612 0.214286 0.214286 7612 7611.785645 0.214286 0 1 0 0 0 0 0 0 0 0 0 0 2 0
46447068 46474807 7240 0.142857 0.142857 7240 7239.856934 0.142857 0 1 0 0 0 0 1 0 0 0 0 0 0 0
46485000 46514151 7609 0.000000 0.000000 7609 7609.000000 0.000000 0 0 0 0 0 0 0 0 0 0 0 0 0 0
46522822 46551988 7615 0.000000 0.000000 7615 7615.000000 0.000000 0 0 0 0 0 0 0 0 0 0 0 0 0 0
46562177 46591298 7604 0.000000 0.000000 7604 7604.000000 0.000000 0 0 0 0 0 0 0 0 0 0 0 0 0 0
46651015 46680153 7606 15.142858 14.642858 7606 7591.356934 14.642858 12 16 17 12 9 18 20 11 18 22 11 13 15 11
