27 32
45536527 45564173 7218 16.642857 16.214285 7218 7201.785645 16.214285 23 21 15 10 6 19 14 16 22 24 20 12 16 9
45625318 45654553 7631 0.071429 0.000000 7631 7631.000000 0.000000 0 0 0 0 0 0 0 0 0 0 0 0 0 0
45664716 45692369 7218 0.000000 0.000000 7218 7218.000000 0.000000 0 0 0 0 0 0 0 0 0 0 0 0 0 0
45702569 45731751 7617 0.000000 0.000000 7617 7617.000000 0.000000 0 0 0 0 0 0 0 0 0 0 0 0 0 0
45740432 45769602 7617 0.214286 0.214286 7617 7616.785645 0.214286 1 0 0 0 0 0 0 0 0 0 0 0 1 1
45779788 45808951 7615 0.142857 0.142857 7615 7614.856934 0.142857 0 0 0 0 0 0 0 0 0 1 1 0 0 0
45817734 45846800 7587 0.642857 0.642857 7587 7586.356934 0.642857 0 2 0 0 0 1 1 1 0 1 1 0 1 1
45856995 45884748 7243 1.142857 1.142857 7243 7241.856934 1.142857 0 0 2 0 2 0 2 2 1 0 2 3 1 1
45894941 45924004 7586 2.571429 2.571429 7586 7583.428711 2.571429 4 2 1 2 5 1 1 4 5 3 3 3 0 2
45934191 45961945 7246 5.214286 5.142857 7246 7240.856934 5.142857 6 4 10 6 2 6 2 5 5 5 6 6 5 4
45972137 45999777 7216 8.428572 8.000000 7216 7208.000000 8.000000 9 6 4 5 6 13 9 9 8 14 5 8 8 8
46010029 46039104 7589 13.142858 12.500000 7589 7576.500000 12.500000 11 9 12 7 13 17 11 10 12 15 17 11 14 16
46049298 46077038 7240 15.714286 15.428572 7240 7224.571289 15.428572 16 24 18 10 14 16 24 11 19 12 22 9 11 10
46087233 46116403 7615 16.500000 15.928572 7615 7599.071289 15.928572 17 22 13 16 17 13 15 18 16 20 14 17 10 15
46138193 46167359 7615 17.428572 17.000000 7615 7598.000000 17.000000 19 17 20 11 14 22 13 20 27 18 18 13 17 9
46177547 46205181 7215 13.214286 13.000000 7215 7202.000000 13.000000 13 5 11 11 9 16 11 13 14 23 15 16 12 13
46215477 46244523 7582 9.785714 9.714286 7582 7572.285645 9.714286 10 10 5 10 4 12 9 10 10 16 12 12 6 10
46254719 46282472 7244 6.214286 6.142857 7244 7237.856934 6.142857 5 7 4 6 5 5 11 6 5 6 9 4 9 4
46292675 46321801 7602 3.071429 3.000000 7602 7599.000000 3.000000 5 5 3 1 4 1 1 3 2 4 4 4 3 2
46330488 46359620 7607 1.857143 1.785714 7607 7605.214355 1.785714 2 3 3 2 1 2 0 2 3 0 2 3 0 2
46369875 46399045 7617 1.214286 1.214286 7617 7615.785645 1.214286 0 1 2 1 3 0 0 0 2 0 2 6 0 0
46407720 46436881 7612 0.142857 0.142857 7612 7611.856934 0.142857 0 1 0 0 0 0 0 0 1 0 0 0 0 0
46447068 46474807 7240 0.142857 0.142857 7240 7239.856934 0.142857 0 0 0 0 0 1 0 1 0 0 0 0 0 0
46485000 46514151 7610 0.071429 0.000000 7610 7610.000000 0.000000 0 0 0 0 0 0 0 0 0 0 0 0 0 0
46522822 46551988 7614 0.000000 0.000000 7614 7614.000000 0.000000 0 0 0 0 0 0 0 0 0 0 0 0 0 0
46562177 46591298 7603 0.000000 0.000000 7603 7603.000000 0.000000 0 0 0 0 0 0 0 0 0 0 0 0 0 0
46651015 46680153 7607 16.714285 16.285715 7607 7590.714355 16.285715 19 19 11 18 15 14 15 22 13 21 18 16 12 15
