27 32
45536527 45564173 7218 18.571428 17.928572 7218 7200.071289 17.928572 20 13 21 17 24 12 23 19 21 19 14 17 18 13
45625318 45654553 7631 0.000000 0.000000 7631 7631.000000 0.000000 0 0 0 0 0 0 0 0 0 0 0 0 0 0
45664716 45692369 7217 0.000000 0.000000 7217 7217.000000 0.000000 0 0 0 0 0 0 0 0 0 0 0 0 0 0
45702569 45731751 7618 0.142857 0.071429 7618 7617.928711 0.071429 0 0 0 0 0 0 0 0 0 1 0 0 0 0
45740432 45769602 7616 0.000000 0.000000 7616 7616.000000 0.000000 0 0 0 0 0 0 0 0 0 0 0 0 0 0
45779788 45808951 7614 0.142857 0.142857 7614 7613.856934 0.142857 0 0 0 0 1 0 0 0 0 0 1 0 0 0
45817734 45846800 7587 0.642857 0.571429 7587 7586.428711 0.571429 0 0 0 0 1 1 0 2 1 0 1 1 1 0
45856995 45884748 7244 1.071429 1.000000 7244 7243.000000 1.000000 1 2 1 0 0 1 0 0 4 2 1 1 1 0
45894941 45924004 7587 3.000000 2.785714 7587 7584.214355 2.785714 6 2 0 2 2 0 5 3 3 4 2 4 2 4
45934191 45961945 7246 4.285714 4.214286 7246 7241.785645 4.214286 10 1 5 4 5 1 2 4 5 4 4 4 8 2
45972137 45999777 7217 8.642858 8.500000 7217 7208.500000 8.500000 8 6 5 8 14 8 5 10 13 10 6 12 8 6
46010029 46039104 7589 12.714286 12.428572 7589 7576.571289 12.428572 11 10 10 12 14 16 14 9 12 13 14 17 9 13
46049298 46077038 7240 16.357143 15.857142 7240 7224.143066 15.857142 15 17 17 14 17 16 10 12 27 22 18 11 14 12
46087233 46116403 7614 17.500000 16.928572 7614 7597.071289 16.928572 20 15 16 9 17 16 14 27 20 17 21 18 14 13
46138193 46167359 7616 17.071428 16.785715 7616 7599.214355 16.785715 16 20 14 21 24 20 17 13 14 13 14 14 20 15
46177547 46205181 7214 13.428572 13.000000 7214 7201.000000 13.000000 18 12 8 8 16 11 11 12 14 16 11 12 21 12
46215477 46244523 7582 9.428572 9.142858 7582 7572.856934 9.142858 4 11 8 6 10 13 5 6 9 15 11 12 8 10
46254719 46282472 7244 5.071429 5.000000 7244 7239.000000 5.000000 4 3 8 3 6 3 7 5 6 15 2 2 4 2
46292675 46321801 7603 3.500000 3.428571 7603 7599.571289 3.428571 6 1 3 2 5 4 1 3 4 7 3 4 4 1
46330488 46359620 7606 2.071429 2.071429 7606 7603.928711 2.071429 1 2 5 3 3 1 0 2 3 5 0 3 0 1
46369875 46399045 7616 0.857143 0.857143 7616 7615.143066 0.857143 0 0 0 0 2 1 4 1 1 1 0 2 0 0
46407720 46436881 7612 0.214286 0.214286 7612 7611.785645 0.214286 0 0 0 0 0 0 0 1 2 0 0 0 0 0
46447068 46474807 7240 0.071429 0.071429 7240 7239.928711 0.071429 0 0 0 0 0 0 0 0 0 0 1 0 0 0
46485000 46514151 7609 0.285714 0.285714 7609 7608.714355 0.285714 1 0 0 0 1 1 0 1 0 0 0 0 0 0
46522822 46551988 7615 0.071429 0.071429 7615 7614.928711 0.071429 1 0 0 0 0 0 0 0 0 0 0 0 0 0
46562177 46591298 7604 0.071429 0.071429 7604 7603.928711 0.071429 0 0 0 0 0 0 0 0 1 0 0 0 0 0
46651015 46680153 7606 17.857143 17.071428 7606 7588.928711 17.071428 16 18 14 17 17 20 19 15 22 27 13 18 12 11
