27 32
45536527 45564173 7217 16.357143 15.714286 7217 7201.285645 15.714286 23 15 13 9 15 17 17 12 20 13 22 23 11 10
45625318 45654553 7631 0.000000 0.000000 7631 7631.000000 0.000000 0 0 0 0 0 0 0 0 0 0 0 0 0 0
45664716 45692369 7218 0.071429 0.071429 7218 7217.928711 0.071429 0 0 0 0 0 0 0 1 0 0 0 0 0 0
45702569 45731751 7617 0.214286 0.214286 7617 7616.785645 0.214286 1 0 0 0 1 0 0 0 0 0 0 1 0 0
45740432 45769602 7617 0.142857 0.142857 7617 7616.856934 0.142857 1 0 0 1 0 0 0 0 0 0 0 0 0 0
45779788 45808951 7615 0.285714 0.285714 7615 7614.714355 0.285714 1 0 0 0 1 1 0 0 0 0 1 0 0 0
45817734 45846800 7588 0.785714 0.785714 7588 7587.214355 0.785714 1 1 1 1 1 1 3 0 2 0 0 0 0 0
45856995 45884748 7244 1.142857 1.142857 7244 7242.856934 1.142857 1 1 0 1 1 2 1 2 0 1 2 0 2 2
45894941 45924004 7586 3.142857 3.000000 7586 7583.000000 3.000000 5 5 3 3 3 5 3 3 4 2 2 2 0 2
45934191 45961945 7246 5.071429 4.857143 7246 7241.143066 4.857143 5 6 1 2 5 8 6 4 9 7 6 1 2 6
45972137 45999777 7216 8.857142 8.714286 7216 7207.285645 8.714286 17 11 5 9 6 8 7 12 6 15 11 5 2 8
46010029 46039104 7589 12.714286 12.357142 7589 7576.643066 12.357142 16 12 10 9 6 17 19 6 16 15 12 13 7 15
46049298 46077038 7240 12.285714 11.785714 7240 7228.214355 11.785714 14 15 8 15 7 10 7 16 12 16 10 9 16 10
46087233 46116403 7615 15.785714 15.071428 7615 7599.928711 15.071428 21 10 12 15 14 12 12 18 17 19 18 13 15 15
46138193 46167359 7615 17.428572 17.000000 7615 7598.000000 17.000000 16 18 18 13 15 17 11 21 20 13 18 17 16 25
46177547 46205181 7215 13.071428 12.857142 7215 7202.143066 12.857142 12 21 17 11 15 10 6 21 11 14 9 6 13 14
46215477 46244523 7582 10.357142 10.285714 7582 7571.714355 10.285714 11 11 9 17 12 7 11 7 8 12 11 9 5 14
46254719 46282472 7244 5.571429 5.357143 7244 7238.643066 5.357143 3 5 6 7 5 3 7 3 5 8 9 4 5 5
46292675 46321801 7603 3.642857 3.500000 7603 7599.500000 3.500000 2 1 4 1 7 7 4 3 1 6 2 3 3 5
46330488 46359620 7607 2.000000 1.857143 7607 7605.143066 1.857143 4 2 1 2 0 1 0 6 2 1 3 3 1 0
46369875 46399045 7617 0.571429 0.571429 7617 7616.428711 0.571429 0 1 1 0 1 0 1 1 1 0 2 0 0 0
46407720 46436881 7612 0.214286 0.214286 7612 7611.785645 0.214286 0 0 0 1 0 0 1 0 0 0 0 1 0 0
46447068 46474807 7240 0.071429 0.071429 7240 7239.928711 0.071429 0 0 0 1 0 0 0 0 0 0 0 0 0 0
46485000 46514151 7610 0.214286 0.142857 7610 7609.856934 0.142857 0 0 1 0 0 0 1 0 0 0 0 0 0 0
46522822 46551988 7616 0.000000 0.000000 7616 7616.000000 0.000000 0 0 0 0 0 0 0 0 0 0 0 0 0 0
46562177 46591298 7603 0.000000 0.000000 7603 7603.000000 0.000000 0 0 0 0 0 0 0 0 0 0 0 0 0 0
46651015 46680153 7606 16.214285 15.714286 7606 7590.285645 15.714286 22 17 12 12 17 14 15 14 17 15 19 20 14 12
