27 32
45536527 45564173 7219 14.000000 13.285714 7219 7205.714355 13.285714 20 7 0 0 15 17 18 21 16 18 19 18 6 11
45625318 45654553 7632 0.000000 0.000000 7632 7632.000000 0.000000 0 0 0 0 0 0 0 0 0 0 0 0 0 0
45664716 45692369 7218 0.071429 0.071429 7218 7217.928711 0.071429 0 1 0 0 0 0 0 0 0 0 0 0 0 0
45702569 45731751 7617 0.071429 0.071429 7617 7616.928711 0.071429 0 0 0 0 0 0 0 0 0 1 0 0 0 0
45740432 45769602 7617 0.000000 0.000000 7617 7617.000000 0.000000 0 0 0 0 0 0 0 0 0 0 0 0 0 0
45779788 45808951 7615 0.571429 0.500000 7615 7614.500000 0.500000 0 2 0 0 0 2 0 0 0 0 1 1 0 1
45817734 45846800 7587 0.214286 0.214286 7587 7586.785645 0.214286 0 0 0 0 0 1 0 1 0 0 0 0 0 1
45856995 45884748 7245 0.571429 0.571429 7245 7244.428711 0.571429 0 3 0 0 0 1 1 0 0 1 0 1 1 0
45894941 45924004 7588 2.500000 2.428571 7588 7585.571289 2.428571 3 4 0 0 3 1 1 1 6 3 7 1 1 3
45934191 45961945 7246 4.928571 4.785714 7246 7241.214355 4.785714 4 6 0 0 6 3 2 6 8 5 10 7 4 6
45972137 45999777 7216 7.500000 7.357143 7216 7208.643066 7.357143 10 4 1 0 9 5 9 7 18 10 12 6 6 6
46010029 46039104 7589 10.000000 9.714286 7589 7579.285645 9.714286 14 11 0 0 14 6 11 10 17 10 15 11 11 6
46049298 46077038 7240 14.928572 14.428572 7240 7225.571289 14.428572 20 16 0 0 13 18 16 16 16 20 24 16 12 15
46087233 46116403 7616 14.071428 13.714286 7616 7602.285645 13.714286 15 17 0 0 11 18 19 13 24 20 19 15 13 8
46138193 46167359 7615 14.500000 13.928572 7615 7601.071289 13.928572 23 6 1 0 15 18 6 22 21 18 24 13 18 10
46177547 46205181 7215 11.571428 11.571428 7215 7203.428711 11.571428 14 11 0 0 8 8 8 17 17 28 13 13 13 12
46215477 46244523 7582 8.285714 7.785714 7582 7574.214355 7.785714 8 6 0 0 6 10 10 15 10 13 13 6 4 8
46254719 46282472 7244 5.000000 4.642857 7244 7239.356934 4.642857 6 7 0 0 7 5 3 4 6 9 5 6 2 5
46292675 46321801 7603 2.857143 2.857143 7603 7600.143066 2.857143 1 4 0 0 2 5 0 5 2 5 6 4 3 3
46330488 46359620 7607 1.071429 1.071429 7607 7605.928711 1.071429 2 0 0 0 1 1 2 1 0 2 3 1 0 2
46369875 46399045 7617 0.928571 0.928571 7617 7616.071289 0.928571 1 1 0 0 1 1 0 0 2 2 2 1 0 2
46407720 46436881 7612 0.214286 0.142857 7612 7611.856934 0.142857 1 0 0 0 0 0 1 0 0 0 0 0 0 0
46447068 46474807 7241 0.214286 0.214286 7241 7240.785645 0.214286 2 0 0 0 0 0 0 0 0 1 0 0 0 0
46485000 46514151 7610 0.000000 0.000000 7610 7610.000000 0.000000 0 0 0 0 0 0 0 0 0 0 0 0 0 0
46522822 46551988 7615 0.071429 0.071429 7615 7614.928711 0.071429 1 0 0 0 0 0 0 0 0 0 0 0 0 0
46562177 46591298 7603 0.071429 0.071429 7603 7602.928711 0.071429 0 0 0 0 0 0 0 0 0 1 0 0 0 0
46651015 46680153 7606 16.000000 15.500000 7606 7590.500000 15.500000 12 15 0 0 19 14 23 23 19 20 19 22 14 17
