27 32
45536527 45564173 7218 15.642858 15.285714 7218 7202.714355 15.285714 19 23 18 13 17 21 10 14 16 16 18 12 9 8
45625318 45654553 7631 0.000000 0.000000 7631 7631.000000 0.000000 0 0 0 0 0 0 0 0 0 0 0 0 0 0
45664716 45692369 7218 0.142857 0.071429 7218 7217.928711 0.071429 0 0 0 0 0 0 0 0 1 0 0 0 0 0
45702569 45731751 7617 0.214286 0.071429 7617 7616.928711 0.071429 0 0 0 0 0 0 0 0 0 0 0 0 1 0
45740432 45769602 7617 0.142857 0.071429 7617 7616.928711 0.071429 0 0 0 0 0 0 0 0 0 1 0 0 0 0
45779788 45808951 7615 0.285714 0.285714 7615 7614.714355 0.285714 0 0 1 1 0 0 0 1 1 0 0 0 0 0
45817734 45846800 7588 0.785714 0.785714 7588 7587.214355 0.785714 0 0 0 2 0 0 1 0 1 1 1 1 3 1
45856995 45884748 7244 0.714286 0.642857 7244 7243.356934 0.642857 2 1 0 1 0 0 1 0 0 1 1 1 1 0
45894941 45924004 7586 2.500000 2.428571 7586 7583.571289 2.428571 1 3 6 3 4 3 2 2 3 0 4 1 1 1
45934191 45961945 7246 5.642857 5.428571 7246 7240.571289 5.428571 4 1 11 7 2 6 7 2 4 5 5 8 6 8
45972137 45999777 7216 7.642857 7.428571 7216 7208.571289 7.428571 8 10 4 6 6 8 9 11 4 10 5 8 7 8
46010029 46039104 7589 13.857142 13.357142 7589 7575.643066 13.357142 13 17 18 12 9 18 16 14 12 21 10 7 8 12
46049298 46077038 7240 15.428572 15.000000 7240 7225.000000 15.000000 19 13 19 14 14 12 19 11 18 16 18 13 12 12
46087233 46116403 7615 18.071428 17.357143 7615 7597.643066 17.357143 23 17 12 13 14 26 9 20 18 26 26 15 13 11
46138193 46167359 7615 17.000000 16.285715 7615 7598.714355 16.285715 17 15 8 12 18 23 11 19 25 19 21 11 14 15
46177547 46205181 7215 13.357142 13.071428 7215 7201.928711 13.071428 20 14 11 8 14 17 11 13 27 10 16 8 4 10
46215477 46244523 7582 8.928572 8.714286 7582 7573.285645 8.714286 11 9 3 4 7 17 6 9 13 18 5 7 7 6
46254719 46282472 7244 5.214286 5.142857 7244 7238.856934 5.142857 3 7 3 5 2 6 5 3 6 7 4 5 8 8
46292675 46321801 7603 4.214286 4.071429 7603 7598.928711 4.071429 2 4 5 2 5 4 3 8 5 7 5 2 2 3
46330488 46359620 7607 1.500000 1.428571 7607 7605.571289 1.428571 2 1 3 0 0 2 2 3 2 1 1 1 2 0
46369875 46399045 7617 0.714286 0.642857 7617 7616.356934 0.642857 1 0 1 1 0 2 0 0 0 2 2 0 0 0
46407720 46436881 7612 0.142857 0.142857 7612 7611.856934 0.142857 0 0 0 0 0 0 0 1 0 1 0 0 0 0
46447068 46474807 7240 0.000000 0.000000 7240 7240.000000 0.000000 0 0 0 0 0 0 0 0 0 0 0 0 0 0
46485000 46514151 7610 0.071429 0.071429 7610 7609.928711 0.071429 0 0 0 0 0 0 1 0 0 0 0 0 0 0
46522822 46551988 7616 0.000000 0.000000 7616 7616.000000 0.000000 0 0 0 0 0 0 0 0 0 0 0 0 0 0
46562177 46591298 7603 0.000000 0.000000 7603 7603.000000 0.000000 0 0 0 0 0 0 0 0 0 0 0 0 0 0
46651015 46680153 7606 18.500000 18.142857 7606 7587.856934 18.142857 27 25 16 9 15 17 10 20 26 16 17 22 17 17
