27 32
45536527 45564173 7218 16.785715 16.357143 7218 7201.643066 16.357143 14 20 18 8 18 20 23 18 25 14 17 11 16 7
45625318 45654553 7632 0.071429 0.071429 7632 7631.928711 0.071429 0 1 0 0 0 0 0 0 0 0 0 0 0 0
45664716 45692369 7218 0.000000 0.000000 7218 7218.000000 0.000000 0 0 0 0 0 0 0 0 0 0 0 0 0 0
45702569 45731751 7617 0.071429 0.071429 7617 7616.928711 0.071429 0 0 0 0 0 0 0 0 0 1 0 0 0 0
45740432 45769602 7617 0.071429 0.071429 7617 7616.928711 0.071429 0 0 0 0 1 0 0 0 0 0 0 0 0 0
45779788 45808951 7615 0.000000 0.000000 7615 7615.000000 0.000000 0 0 0 0 0 0 0 0 0 0 0 0 0 0
45817734 45846800 7588 0.714286 0.714286 7588 7587.285645 0.714286 1 0 0 0 1 1 1 1 2 0 1 2 0 0
45856995 45884748 7244 0.785714 0.785714 7244 7243.214355 0.785714 1 1 1 0 1 0 0 1 2 0 2 0 2 0
45894941 45924004 7586 3.000000 2.928571 7586 7583.071289 2.928571 3 5 1 2 0 4 4 3 8 2 4 3 1 1
45934191 45961945 7246 5.357143 5.357143 7246 7240.643066 5.357143 10 3 5 9 3 5 2 6 6 6 2 10 6 2
45972137 45999777 7216 7.785714 7.571429 7216 7208.428711 7.571429 8 5 16 8 6 8 7 9 14 4 6 7 3 5
46010029 46039104 7590 12.071428 11.785714 7590 7578.214355 11.785714 8 10 13 7 7 9 13 15 13 16 11 13 14 16
46049298 46077038 7241 15.000000 14.428572 7241 7226.571289 14.428572 20 13 16 11 19 18 12 22 19 10 12 10 12 8
46087233 46116403 7615 18.000000 17.714285 7615 7597.285645 17.714285 16 17 14 16 18 22 20 17 21 18 19 21 18 11
46138193 46167359 7615 18.357143 17.857143 7615 7597.143066 17.857143 22 12 13 15 21 21 11 23 18 27 27 14 10 16
46177547 46205181 7215 13.285714 12.857142 7215 7202.143066 12.857142 19 14 10 8 15 12 17 13 14 17 13 7 12 9
46215477 46244523 7582 9.642858 9.285714 7582 7572.714355 9.285714 11 10 10 7 5 10 8 8 13 12 10 11 8 7
46254719 46282472 7244 6.714286 6.285714 7244 7237.714355 6.285714 6 3 4 3 8 6 9 7 8 4 6 12 4 8
46292675 46321801 7603 3.428571 3.214286 7603 7599.785645 3.214286 4 3 5 4 2 6 3 1 8 2 1 1 3 2
46330488 46359620 7607 1.714286 1.714286 7607 7605.285645 1.714286 1 1 2 1 4 2 0 4 0 3 4 1 0 1
46369875 46399045 7617 0.857143 0.785714 7617 7616.214355 0.785714 0 0 1 1 1 0 3 0 1 1 0 0 2 1
46407720 46436881 7612 0.357143 0.285714 7612 7611.714355 0.285714 0 0 0 0 0 1 0 0 0 0 1 0 1 1
46447068 46474807 7240 0.142857 0.142857 7240 7239.856934 0.142857 0 0 0 0 0 0 0 1 0 0 0 1 0 0
46485000 46514151 7610 0.071429 0.071429 7610 7609.928711 0.071429 0 1 0 0 0 0 0 0 0 0 0 0 0 0
46522822 46551988 7616 0.071429 0.071429 7616 7615.928711 0.071429 0 0 1 0 0 0 0 0 0 0 0 0 0 0
46562177 46591298 7603 0.000000 0.000000 7603 7603.000000 0.000000 0 0 0 0 0 0 0 0 0 0 0 0 0 0
46651015 46680153 7606 17.500000 16.785715 7606 7589.214355 16.785715 13 15 23 16 18 18 22 17 16 23 12 17 14 11
