27 32
45536527 45564173 7218 16.428572 16.000000 7218 7202.000000 16.000000 14 18 20 25 15 14 21 12 18 17 12 11 15 12
45625318 45654553 7632 0.000000 0.000000 7632 7632.000000 0.000000 0 0 0 0 0 0 0 0 0 0 0 0 0 0
45664716 45692369 7218 0.071429 0.071429 7218 7217.928711 0.071429 0 0 1 0 0 0 0 0 0 0 0 0 0 0
45702569 45731751 7617 0.071429 0.071429 7617 7616.928711 0.071429 0 0 0 0 0 0 0 0 1 0 0 0 0 0
45740432 45769602 7617 0.000000 0.000000 7617 7617.000000 0.000000 0 0 0 0 0 0 0 0 0 0 0 0 0 0
45779788 45808951 7615 0.428571 0.428571 7615 7614.571289 0.428571 0 1 0 0 0 0 1 0 0 1 1 0 2 0
45817734 45846800 7588 0.500000 0.500000 7588 7587.500000 0.500000 0 1 0 0 0 0 1 0 1 0 0 1 2 1
45856995 45884748 7243 1.428571 1.428571 7243 7241.571289 1.428571 4 1 0 0 1 2 0 1 2 5 2 0 1 1
45894941 45924004 7586 2.214286 2.142857 7586 7583.856934 2.142857 2 2 1 1 3 1 0 2 4 3 3 2 4 2
45934191 45961945 7246 5.571429 5.357143 7246 7240.643066 5.357143 10 5 7 3 11 4 3 6 6 3 4 3 6 4
45972137 45999777 7216 7.357143 7.285714 7216 7208.714355 7.285714 11 6 8 5 7 9 6 12 7 10 7 5 5 4
46010029 46039104 7590 11.928572 11.500000 7590 7578.500000 11.500000 12 16 9 6 11 16 6 16 9 11 11 11 11 16
46049298 46077038 7241 15.428572 15.142858 7241 7225.856934 15.142858 14 16 9 17 19 21 17 9 13 18 15 12 12 20
46087233 46116403 7615 17.071428 16.285715 7615 7598.714355 16.285715 21 18 16 15 18 14 14 21 20 20 14 13 5 19
46138193 46167359 7615 17.142857 16.571428 7615 7598.428711 16.571428 20 13 12 10 23 13 9 25 27 23 15 10 19 13
46177547 46205181 7215 12.642858 12.357142 7215 7202.643066 12.357142 16 10 13 11 14 13 8 9 17 7 11 14 13 17
46215477 46244523 7582 10.214286 10.071428 7582 7571.928711 10.071428 14 8 10 10 7 8 11 17 13 9 10 11 9 4
46254719 46282472 7244 6.285714 6.142857 7244 7237.856934 6.142857 7 4 7 6 6 5 5 6 9 6 8 4 5 8
46292675 46321801 7603 3.714286 3.571429 7603 7599.428711 3.571429 4 3 0 3 2 2 3 5 5 11 5 4 2 1
46330488 46359620 7607 1.500000 1.428571 7607 7605.571289 1.428571 2 3 0 0 1 1 0 1 6 1 0 2 1 2
46369875 46399045 7617 0.357143 0.357143 7617 7616.643066 0.357143 0 0 0 0 0 0 1 0 1 0 1 1 1 0
46407720 46436881 7612 0.214286 0.142857 7612 7611.856934 0.142857 1 0 0 0 0 1 0 0 0 0 0 0 0 0
46447068 46474807 7240 0.285714 0.214286 7240 7239.785645 0.214286 0 1 0 0 0 1 0 0 0 1 0 0 0 0
46485000 46514151 7610 0.000000 0.000000 7610 7610.000000 0.000000 0 0 0 0 0 0 0 0 0 0 0 0 0 0
46522822 46551988 7616 0.000000 0.000000 7616 7616.000000 0.000000 0 0 0 0 0 0 0 0 0 0 0 0 0 0
46562177 46591298 7604 0.000000 0.000000 7604 7604.000000 0.000000 0 0 0 0 0 0 0 0 0 0 0 0 0 0
46651015 46680153 7606 17.571428 16.785715 7606 7589.214355 16.785715 28 15 15 15 16 20 13 22 16 13 14 16 16 16
