27 32
45536527 45564173 7218 16.714285 16.000000 7218 7202.000000 16.000000 14 13 15 11 17 14 12 17 18 26 15 26 14 12
45625318 45654553 7632 0.000000 0.000000 7632 7632.000000 0.000000 0 0 0 0 0 0 0 0 0 0 0 0 0 0
45664716 45692369 7218 0.000000 0.000000 7218 7218.000000 0.000000 0 0 0 0 0 0 0 0 0 0 0 0 0 0
45702569 45731751 7617 0.142857 0.142857 7617 7616.856934 0.142857 0 0 0 0 0 0 0 0 1 0 0 0 0 1
45740432 45769602 7617 0.000000 0.000000 7617 7617.000000 0.000000 0 0 0 0 0 0 0 0 0 0 0 0 0 0
45779788 45808951 7615 0.285714 0.285714 7615 7614.714355 0.285714 0 1 0 0 1 0 0 0 1 0 1 0 0 0
45817734 45846800 7588 0.714286 0.642857 7588 7587.356934 0.642857 0 0 0 0 0 1 0 3 1 1 0 1 1 1
45856995 45884748 7243 1.571429 1.500000 7243 7241.500000 1.500000 2 0 3 0 1 1 3 2 1 1 2 2 3 0
45894941 45924004 7586 2.571429 2.571429 7586 7583.428711 2.571429 2 2 0 5 2 1 1 5 4 3 2 4 2 3
45934191 45961945 7246 4.428571 4.428571 7246 7241.571289 4.428571 2 2 5 4 10 7 1 5 7 3 5 4 5 2
45972137 45999777 7216 6.642857 6.500000 7216 7209.500000 6.500000 8 6 5 6 8 7 4 5 5 7 9 8 7 6
46010029 46039104 7590 15.285714 14.928572 7590 7575.071289 14.928572 8 14 7 20 15 15 18 12 12 24 18 24 10 12
46049298 46077038 7241 15.857142 15.357142 7241 7225.643066 15.357142 16 10 14 17 17 21 13 15 16 14 16 25 15 6
46087233 46116403 7615 16.571428 16.000000 7615 7599.000000 16.000000 12 14 15 15 19 16 20 22 17 14 20 12 17 11
46138193 46167359 7615 18.000000 17.785715 7615 7597.214355 17.785715 16 12 16 23 23 23 13 22 15 19 22 16 13 16
46177547 46205181 7215 11.071428 10.714286 7215 7204.285645 10.714286 4 12 10 8 13 13 11 17 11 9 13 13 8 8
46215477 46244523 7582 10.714286 10.642858 7582 7571.356934 10.642858 9 8 8 12 9 15 11 12 15 15 9 11 8 7
46254719 46282472 7244 5.214286 5.000000 7244 7239.000000 5.000000 1 6 4 3 4 8 5 3 7 7 7 7 5 3
46292675 46321801 7603 3.071429 3.000000 7603 7600.000000 3.000000 2 2 2 4 3 3 2 4 5 1 6 1 4 3
46330488 46359620 7607 1.642857 1.571429 7607 7605.428711 1.571429 3 2 1 1 0 1 1 2 3 1 1 3 2 1
46369875 46399045 7617 0.642857 0.642857 7617 7616.356934 0.642857 1 0 0 0 0 0 0 0 3 2 1 1 1 0
46407720 46436881 7612 0.142857 0.142857 7612 7611.856934 0.142857 0 0 0 0 0 0 0 0 0 0 0 0 1 1
46447068 46474807 7240 0.214286 0.214286 7240 7239.785645 0.214286 0 0 0 0 0 0 0 0 0 0 2 0 0 1
46485000 46514151 7610 0.071429 0.071429 7610 7609.928711 0.071429 0 0 0 0 0 0 1 0 0 0 0 0 0 0
46522822 46551988 7616 0.071429 0.071429 7616 7615.928711 0.071429 0 0 0 0 0 0 0 0 0 0 1 0 0 0
46562177 46591298 7604 0.071429 0.000000 7604 7604.000000 0.000000 0 0 0 0 0 0 0 0 0 0 0 0 0 0
46651015 46680153 7606 17.214285 16.571428 7606 7589.428711 16.571428 15 14 16 21 16 21 16 20 14 15 18 19 11 16
