27 32
45536527 45564173 7218 17.214285 16.928572 7218 7201.071289 16.928572 21 12 13 10 24 20 13 18 21 25 11 19 14 16
45625318 45654553 7631 0.071429 0.071429 7631 7630.928711 0.071429 0 0 1 0 0 0 0 0 0 0 0 0 0 0
45664716 45692369 7217 0.000000 0.000000 7217 7217.000000 0.000000 0 0 0 0 0 0 0 0 0 0 0 0 0 0
45702569 45731751 7617 0.142857 0.142857 7617 7616.856934 0.142857 0 0 1 0 0 0 0 0 0 0 1 0 0 0
45740432 45769602 7616 0.000000 0.000000 7616 7616.000000 0.000000 0 0 0 0 0 0 0 0 0 0 0 0 0 0
45779788 45808951 7615 0.500000 0.500000 7615 7614.500000 0.500000 1 0 0 0 0 0 0 1 1 0 0 1 3 0
45817734 45846800 7587 0.714286 0.714286 7587 7586.285645 0.714286 0 0 2 1 0 1 1 3 0 0 0 0 0 2
45856995 45884748 7244 1.571429 1.500000 7244 7242.500000 1.500000 3 2 1 2 2 2 2 1 2 1 1 0 0 2
45894941 45924004 7588 3.142857 2.928571 7588 7585.071289 2.928571 3 2 1 0 5 4 4 6 1 0 7 2 2 4
45934191 45961945 7247 4.428571 4.357143 7247 7242.643066 4.357143 3 9 1 3 5 4 0 7 7 5 6 5 5 1
45972137 45999777 7216 8.142858 8.071428 7216 7207.928711 8.071428 7 6 4 11 7 11 6 10 8 12 9 9 6 7
46010029 46039104 7589 12.428572 12.000000 7589 7577.000000 12.000000 12 17 13 8 18 14 6 14 9 19 9 8 7 14
46049298 46077038 7240 13.214286 12.928572 7240 7227.071289 12.928572 23 6 10 9 9 11 10 14 21 20 8 14 11 15
46087233 46116403 7615 16.785715 16.571428 7615 7598.428711 16.571428 16 17 4 8 19 20 14 21 24 26 21 15 11 16
46138193 46167359 7615 17.571428 17.357143 7615 7597.643066 17.357143 19 16 13 12 21 19 16 14 25 25 21 11 10 21
46177547 46205181 7215 12.428572 12.000000 7215 7203.000000 12.000000 19 10 8 12 14 11 9 9 14 14 11 17 8 12
46215477 46244523 7582 8.857142 8.714286 7582 7573.285645 8.714286 11 9 4 4 11 14 10 10 6 6 11 9 10 7
46254719 46282472 7244 5.285714 5.214286 7244 7238.785645 5.214286 10 5 5 4 3 3 0 8 6 7 4 6 9 3
46292675 46321801 7603 3.285714 3.285714 7603 7599.714355 3.285714 3 0 8 3 0 3 2 6 3 2 3 5 4 4
46330488 46359620 7607 2.357143 2.285714 7607 7604.714355 2.285714 2 1 4 0 5 1 1 2 4 2 1 1 4 4
46369875 46399045 7617 0.785714 0.714286 7617 7616.285645 0.714286 0 2 0 1 3 0 0 0 0 1 1 0 2 0
46407720 46436881 7612 0.285714 0.214286 7612 7611.785645 0.214286 1 0 0 0 0 1 0 0 0 1 0 0 0 0
46447068 46474807 7241 0.214286 0.142857 7241 7240.856934 0.142857 0 0 0 0 0 1 0 0 0 0 0 1 0 0
46485000 46514151 7610 0.214286 0.071429 7610 7609.928711 0.071429 0 0 0 0 0 0 0 0 1 0 0 0 0 0
46522822 46551988 7615 0.142857 0.142857 7615 7614.856934 0.142857 0 0 1 0 0 0 0 0 0 1 0 0 0 0
46562177 46591298 7604 0.000000 0.000000 7604 7604.000000 0.000000 0 0 0 0 0 0 0 0 0 0 0 0 0 0
46651015 46680153 7606 17.214285 16.428572 7606 7589.571289 16.428572 19 15 13 17 8 14 16 13 18 26 29 12 15 15
