27 32
45536527 45564173 7218 17.071428 16.642857 7218 7201.356934 16.642857 10 17 18 19 17 21 12 14 12 18 29 14 14 18
45625318 45654553 7631 0.000000 0.000000 7631 7631.000000 0.000000 0 0 0 0 0 0 0 0 0 0 0 0 0 0
45664716 45692369 7217 0.000000 0.000000 7217 7217.000000 0.000000 0 0 0 0 0 0 0 0 0 0 0 0 0 0
45702569 45731751 7618 0.071429 0.071429 7618 7617.928711 0.071429 0 0 0 0 0 0 0 0 0 0 1 0 0 0
45740432 45769602 7616 0.142857 0.142857 7616 7615.856934 0.142857 0 0 0 0 0 0 0 0 0 1 0 1 0 0
45779788 45808951 7614 0.285714 0.214286 7614 7613.785645 0.214286 0 0 0 0 0 0 1 1 0 0 1 0 0 0
45817734 45846800 7587 0.714286 0.714286 7587 7586.285645 0.714286 1 1 2 0 0 1 2 2 1 0 0 0 0 0
45856995 45884748 7244 1.928571 1.857143 7244 7242.143066 1.857143 1 3 1 2 1 2 0 3 1 0 2 5 3 2
45894941 45924004 7587 2.500000 2.285714 7587 7584.714355 2.285714 3 1 1 2 2 2 2 3 2 7 1 1 3 2
45934191 45961945 7247 4.357143 4.285714 7247 7242.714355 4.285714 4 4 7 4 2 3 6 4 3 3 5 8 3 4
45972137 45999777 7216 6.928571 6.785714 7216 7209.214355 6.785714 7 6 4 7 6 8 6 4 9 7 10 4 8 9
46010029 46039104 7589 10.857142 9.857142 7589 7579.143066 9.857142 14 4 3 16 7 16 9 9 9 14 14 8 7 8
46049298 46077038 7240 13.428572 13.142858 7240 7226.856934 13.142858 11 8 11 12 9 10 15 13 12 13 21 24 11 14
46087233 46116403 7614 18.785715 18.071428 7614 7595.928711 18.071428 15 21 18 20 16 20 17 21 21 21 17 14 15 17
46138193 46167359 7616 15.857142 15.214286 7616 7600.785645 15.214286 22 12 16 17 12 18 18 9 12 10 15 21 12 19
46177547 46205181 7215 12.000000 11.785714 7215 7203.214355 11.785714 14 16 8 10 9 9 7 7 15 13 19 13 15 10
46215477 46244523 7582 8.285714 8.000000 7582 7574.000000 8.000000 7 7 6 7 10 5 5 10 8 8 16 11 6 6
46254719 46282472 7244 6.071429 5.928571 7244 7238.071289 5.928571 5 4 4 3 8 8 7 6 11 3 10 2 7 5
46292675 46321801 7603 3.142857 3.071429 7603 7599.928711 3.071429 2 3 4 5 2 3 3 4 4 2 1 4 2 4
46330488 46359620 7607 1.285714 1.214286 7607 7605.785645 1.214286 3 1 1 0 0 3 3 0 0 2 2 1 1 0
46369875 46399045 7616 0.500000 0.500000 7616 7615.500000 0.500000 0 0 0 0 0 1 2 1 0 2 0 1 0 0
46407720 46436881 7612 0.142857 0.142857 7612 7611.856934 0.142857 0 0 0 0 0 0 0 0 1 1 0 0 0 0
46447068 46474807 7240 0.357143 0.357143 7240 7239.643066 0.357143 0 0 1 0 0 0 0 2 0 0 1 0 1 0
46485000 46514151 7610 0.000000 0.000000 7610 7610.000000 0.000000 0 0 0 0 0 0 0 0 0 0 0 0 0 0
46522822 46551988 7615 0.000000 0.000000 7615 7615.000000 0.000000 0 0 0 0 0 0 0 0 0 0 0 0 0 0
46562177 46591298 7604 0.000000 0.000000 7604 7604.000000 0.000000 0 0 0 0 0 0 0 0 0 0 0 0 0 0
46651015 46680153 7606 17.642857 17.071428 7606 7588.928711 17.071428 30 15 10 18 13 16 18 12 13 7 25 25 18 19
