27 32
45536527 45564173 7218 10.857142 10.357142 7218 7207.643066 10.357142 12 15 12 10 16 11 15 13 16 12 0 1 0 12
45625318 45654553 7632 0.071429 0.000000 7632 7632.000000 0.000000 0 0 0 0 0 0 0 0 0 0 0 0 0 0
45664716 45692369 7218 0.000000 0.000000 7218 7218.000000 0.000000 0 0 0 0 0 0 0 0 0 0 0 0 0 0
45702569 45731751 7618 0.071429 0.071429 7618 7617.928711 0.071429 0 0 0 1 0 0 0 0 0 0 0 0 0 0
45740432 45769602 7617 0.214286 0.214286 7617 7616.785645 0.214286 1 1 0 0 1 0 0 0 0 0 0 0 0 0
45779788 45808951 7615 0.142857 0.142857 7615 7614.856934 0.142857 0 0 0 0 1 0 0 0 0 1 0 0 0 0
45817734 45846800 7588 0.785714 0.714286 7588 7587.285645 0.714286 0 2 3 0 2 0 0 2 0 1 0 0 0 0
45856995 45884748 7243 1.142857 1.142857 7243 7241.856934 1.142857 4 0 0 1 1 1 2 1 1 5 0 0 0 0
45894941 45924004 7586 2.071429 2.000000 7586 7584.000000 2.000000 2 2 4 0 2 1 3 3 3 5 0 0 0 3
45934191 45961945 7246 4.285714 4.214286 7246 7241.785645 4.214286 5 4 4 5 4 9 6 9 2 8 1 0 0 2
45972137 45999777 7216 5.928571 5.714286 7216 7210.285645 5.714286 6 6 3 7 4 10 5 8 13 12 0 0 0 6
46010029 46039104 7590 10.357142 10.142858 7590 7579.856934 10.142858 13 8 8 7 17 12 15 22 11 17 0 0 0 12
46049298 46077038 7241 12.500000 12.071428 7241 7228.928711 12.071428 13 14 17 17 17 12 14 23 13 16 1 0 0 12
46087233 46116403 7615 11.214286 10.857142 7615 7604.143066 10.857142 14 16 12 13 8 13 13 16 9 22 1 0 0 15
46138193 46167359 7615 13.214286 12.785714 7615 7602.214355 12.785714 15 13 16 18 20 19 13 16 21 17 1 0 0 10
46177547 46205181 7215 9.214286 8.928572 7215 7206.071289 8.928572 15 14 6 8 8 14 15 13 10 15 0 0 0 7
46215477 46244523 7582 8.142858 8.000000 7582 7574.000000 8.000000 6 14 7 14 6 13 9 9 12 14 0 1 0 7
46254719 46282472 7244 5.000000 4.928571 7244 7239.071289 4.928571 7 4 4 6 7 7 6 9 9 5 0 0 0 5
46292675 46321801 7603 2.785714 2.714286 7603 7600.285645 2.714286 5 2 2 4 2 3 5 5 1 4 1 0 0 4
46330488 46359620 7607 1.285714 1.285714 7607 7605.714355 1.285714 1 2 2 0 0 1 4 1 1 5 0 0 0 1
46369875 46399045 7617 0.642857 0.642857 7617 7616.356934 0.642857 3 0 1 0 1 0 0 1 1 1 0 0 0 1
46407720 46436881 7612 0.357143 0.357143 7612 7611.643066 0.357143 1 0 0 1 0 0 0 0 0 2 0 0 0 1
46447068 46474807 7240 0.214286 0.142857 7240 7239.856934 0.142857 0 0 0 0 1 0 0 0 0 1 0 0 0 0
46485000 46514151 7609 0.000000 0.000000 7609 7609.000000 0.000000 0 0 0 0 0 0 0 0 0 0 0 0 0 0
46522822 46551988 7616 0.000000 0.000000 7616 7616.000000 0.000000 0 0 0 0 0 0 0 0 0 0 0 0 0 0
46562177 46591298 7604 0.142857 0.000000 7604 7604.000000 0.000000 0 0 0 0 0 0 0 0 0 0 0 0 0 0
46651015 46680153 7606 14.071428 13.857142 7606 7592.143066 13.857142 20 20 12 10 17 14 21 23 18 20 0 1 1 17
