27 32
45536527 45564173 7216 14.928572 14.571428 7216 7201.428711 14.571428 12 15 0 0 13 21 25 14 20 26 14 15 12 17
45625318 45654553 7629 0.000000 0.000000 7629 7629.000000 0.000000 0 0 0 0 0 0 0 0 0 0 0 0 0 0
45664716 45692369 7217 0.000000 0.000000 7217 7217.000000 0.000000 0 0 0 0 0 0 0 0 0 0 0 0 0 0
45702569 45731751 7615 0.000000 0.000000 7615 7615.000000 0.000000 0 0 0 0 0 0 0 0 0 0 0 0 0 0
45740432 45769602 7615 0.071429 0.071429 7615 7614.928711 0.071429 0 0 0 0 0 1 0 0 0 0 0 0 0 0
45779788 45808951 7615 0.571429 0.500000 7615 7614.500000 0.500000 1 0 0 0 0 0 0 2 1 0 1 0 2 0
45817734 45846800 7585 0.214286 0.214286 7585 7584.785645 0.214286 1 0 0 0 0 0 1 0 0 1 0 0 0 0
45856995 45884748 7241 0.928571 0.928571 7241 7240.071289 0.928571 1 0 0 0 1 0 1 1 5 2 1 0 0 1
45894941 45924004 7586 2.142857 2.142857 7586 7583.856934 2.142857 1 1 0 0 3 7 0 3 2 2 5 0 5 1
45934191 45961945 7245 4.428571 4.214286 7245 7240.785645 4.214286 4 6 0 0 4 5 8 3 6 5 5 3 3 7
45972137 45999777 7214 8.000000 7.857143 7214 7206.143066 7.857143 7 8 0 0 8 13 8 16 7 7 16 6 10 4
46010029 46039104 7589 12.857142 12.285714 7589 7576.714355 12.285714 10 15 1 0 18 19 14 12 10 15 17 14 12 15
46049298 46077038 7240 13.642858 13.071428 7240 7226.928711 13.071428 18 16 2 1 13 12 14 19 22 14 19 14 9 10
46087233 46116403 7612 13.642858 13.071428 7612 7598.928711 13.071428 12 11 0 1 17 20 19 21 9 20 18 17 7 11
46138193 46167359 7614 13.642858 13.357142 7614 7600.643066 13.357142 14 15 0 1 19 16 10 16 25 18 12 12 14 15
46177547 46205181 7214 12.642858 12.142858 7214 7201.856934 12.142858 15 19 1 0 14 15 9 17 22 15 8 14 11 10
46215477 46244523 7582 10.571428 10.357142 7582 7571.643066 10.357142 9 13 0 0 18 17 11 10 10 13 10 18 8 8
46254719 46282472 7243 4.785714 4.785714 7243 7238.214355 4.785714 6 4 0 0 7 6 3 7 3 4 6 5 8 8
46292675 46321801 7602 2.928571 2.785714 7602 7599.214355 2.785714 3 3 0 0 2 5 3 4 2 5 4 1 3 4
46330488 46359620 7606 1.285714 1.142857 7606 7604.856934 1.142857 2 1 0 0 1 0 2 3 2 0 1 1 2 1
46369875 46399045 7617 0.500000 0.500000 7617 7616.500000 0.500000 1 0 0 0 2 0 1 0 2 1 0 0 0 0
46407720 46436881 7611 0.285714 0.214286 7611 7610.785645 0.214286 0 0 0 0 0 0 0 0 2 0 0 0 0 1
46447068 46474807 7238 0.071429 0.071429 7238 7237.928711 0.071429 0 0 0 0 1 0 0 0 0 0 0 0 0 0
46485000 46514151 7608 0.071429 0.071429 7608 7607.928711 0.071429 1 0 0 0 0 0 0 0 0 0 0 0 0 0
46522822 46551988 7612 0.000000 0.000000 7612 7612.000000 0.000000 0 0 0 0 0 0 0 0 0 0 0 0 0 0
46562177 46591298 7602 0.000000 0.000000 7602 7602.000000 0.000000 0 0 0 0 0 0 0 0 0 0 0 0 0 0
46651015 46680153 7603 15.214286 15.000000 7603 7588.000000 15.000000 26 14 0 0 20 18 25 9 26 20 15 6 11 20
