27 32
45536527 45564173 7218 17.428572 17.285715 7218 7200.714355 17.285715 25 18 23 15 14 13 11 18 15 22 17 18 11 22
45625318 45654553 7631 0.000000 0.000000 7631 7631.000000 0.000000 0 0 0 0 0 0 0 0 0 0 0 0 0 0
45664716 45692369 7217 0.000000 0.000000 7217 7217.000000 0.000000 0 0 0 0 0 0 0 0 0 0 0 0 0 0
45702569 45731751 7618 0.000000 0.000000 7618 7618.000000 0.000000 0 0 0 0 0 0 0 0 0 0 0 0 0 0
45740432 45769602 7616 0.071429 0.000000 7616 7616.000000 0.000000 0 0 0 0 0 0 0 0 0 0 0 0 0 0
45779788 45808951 7614 0.571429 0.571429 7614 7613.428711 0.571429 0 1 0 0 0 2 0 1 1 1 2 0 0 0
45817734 45846800 7587 0.357143 0.357143 7587 7586.643066 0.357143 1 0 0 0 1 0 0 1 1 0 0 0 1 0
45856995 45884748 7244 1.285714 1.285714 7244 7242.714355 1.285714 2 0 2 2 2 0 0 3 0 3 1 2 1 0
45894941 45924004 7587 3.428571 3.285714 7587 7583.714355 3.285714 5 4 6 3 2 3 3 5 2 3 1 1 4 4
45934191 45961945 7246 6.428571 6.285714 7246 7239.714355 6.285714 7 4 6 5 11 8 5 3 8 6 5 6 7 7
45972137 45999777 7217 9.071428 8.857142 7217 7208.143066 8.857142 8 8 5 8 9 8 7 7 11 16 13 10 5 9
46010029 46039104 7589 13.500000 13.214286 7589 7575.785645 13.214286 15 15 7 16 9 11 11 10 13 15 24 14 14 11
46049298 46077038 7240 16.571428 16.214285 7240 7223.785645 16.214285 16 13 22 17 15 14 16 11 17 24 22 14 11 15
46087233 46116403 7614 17.000000 16.571428 7614 7597.428711 16.571428 14 12 24 10 19 14 16 20 18 17 20 14 17 17
46138193 46167359 7616 16.928572 16.214285 7616 7599.785645 16.214285 14 16 17 15 13 14 17 16 25 16 14 20 15 15
46177547 46205181 7215 12.785714 12.500000 7215 7202.500000 12.500000 18 9 12 5 11 13 13 17 10 23 16 9 11 8
46215477 46244523 7582 10.214286 9.857142 7582 7572.143066 9.857142 9 8 8 8 16 10 6 14 11 12 9 13 6 8
46254719 46282472 7244 5.214286 4.857143 7244 7239.143066 4.857143 6 5 5 3 3 4 1 5 7 7 7 6 4 5
46292675 46321801 7603 2.500000 2.500000 7603 7600.500000 2.500000 2 1 3 3 1 2 5 2 4 2 1 2 2 5
46330488 46359620 7607 1.857143 1.785714 7607 7605.214355 1.785714 1 3 1 1 0 2 1 3 1 4 1 0 3 4
46369875 46399045 7616 1.214286 1.071429 7616 7614.928711 1.071429 0 5 2 2 0 0 0 0 0 1 3 1 0 1
46407720 46436881 7612 0.071429 0.071429 7612 7611.928711 0.071429 0 0 0 0 0 0 0 0 0 1 0 0 0 0
46447068 46474807 7240 0.071429 0.071429 7240 7239.928711 0.071429 0 0 0 0 0 0 0 1 0 0 0 0 0 0
46485000 46514151 7609 0.000000 0.000000 7609 7609.000000 0.000000 0 0 0 0 0 0 0 0 0 0 0 0 0 0
46522822 46551988 7615 0.000000 0.000000 7615 7615.000000 0.000000 0 0 0 0 0 0 0 0 0 0 0 0 0 0
46562177 46591298 7604 0.071429 0.000000 7604 7604.000000 0.000000 0 0 0 0 0 0 0 0 0 0 0 0 0 0
46651015 46680153 7606 17.357143 17.071428 7606 7588.928711 17.071428 14 18 16 20 15 12 17 14 25 25 16 15 16 16
