27 32
45536527 45564173 7218 14.500000 13.928572 7218 7204.071289 13.928572 16 10 14 11 12 17 16 14 19 21 15 13 17 0
45625318 45654553 7632 0.142857 0.071429 7632 7631.928711 0.071429 0 0 0 0 0 0 0 0 0 0 0 0 1 0
45664716 45692369 7218 0.071429 0.000000 7218 7218.000000 0.000000 0 0 0 0 0 0 0 0 0 0 0 0 0 0
45702569 45731751 7618 0.000000 0.000000 7618 7618.000000 0.000000 0 0 0 0 0 0 0 0 0 0 0 0 0 0
45740432 45769602 7616 0.071429 0.071429 7616 7615.928711 0.071429 0 0 0 0 0 0 0 1 0 0 0 0 0 0
45779788 45808951 7615 0.571429 0.500000 7615 7614.500000 0.500000 0 0 1 2 0 0 0 1 2 1 0 0 0 0
45817734 45846800 7587 0.571429 0.571429 7587 7586.428711 0.571429 1 0 1 1 0 1 1 1 0 1 1 0 0 0
45856995 45884748 7244 0.928571 0.928571 7244 7243.071289 0.928571 2 5 0 0 0 0 2 0 0 2 0 0 2 0
45894941 45924004 7586 2.285714 2.071429 7586 7583.928711 2.071429 0 3 1 2 2 0 1 4 5 3 3 1 4 0
45934191 45961945 7246 3.500000 3.500000 7246 7242.500000 3.500000 3 4 6 1 8 3 1 4 7 3 6 2 1 0
45972137 45999777 7217 8.000000 7.857143 7217 7209.143066 7.857143 11 10 7 9 7 12 7 11 11 9 5 9 2 0
46010029 46039104 7590 10.928572 10.428572 7590 7579.571289 10.428572 10 13 10 9 9 7 12 12 17 20 12 7 7 1
46049298 46077038 7241 15.928572 15.428572 7241 7225.571289 15.428572 20 9 14 8 14 23 17 10 16 26 23 19 17 0
46087233 46116403 7614 16.857143 16.428572 7614 7597.571289 16.428572 21 26 12 13 12 14 19 19 22 15 18 17 22 0
46138193 46167359 7615 17.642857 17.214285 7615 7597.785645 17.214285 18 18 21 18 20 19 17 18 16 19 27 14 16 0
46177547 46205181 7215 13.000000 12.642858 7215 7202.356934 12.642858 17 19 19 15 12 11 13 11 13 10 15 6 16 0
46215477 46244523 7582 8.571428 8.071428 7582 7573.928711 8.071428 11 10 10 8 5 6 9 10 11 12 8 4 9 0
46254719 46282472 7244 4.500000 4.357143 7244 7239.643066 4.357143 2 7 3 4 1 6 9 5 2 7 4 6 5 0
46292675 46321801 7603 3.071429 3.000000 7603 7600.000000 3.000000 5 5 4 3 5 2 1 1 5 3 2 4 2 0
46330488 46359620 7606 2.071429 1.928571 7606 7604.071289 1.928571 2 2 1 2 1 2 4 2 7 1 1 1 1 0
46369875 46399045 7616 0.285714 0.285714 7616 7615.714355 0.285714 1 0 0 1 0 0 0 0 0 1 0 0 1 0
46407720 46436881 7612 0.357143 0.357143 7612 7611.643066 0.357143 0 0 0 0 0 1 1 0 1 1 1 0 0 0
46447068 46474807 7240 0.142857 0.142857 7240 7239.856934 0.142857 0 0 0 0 1 0 1 0 0 0 0 0 0 0
46485000 46514151 7609 0.000000 0.000000 7609 7609.000000 0.000000 0 0 0 0 0 0 0 0 0 0 0 0 0 0
46522822 46551988 7616 0.000000 0.000000 7616 7616.000000 0.000000 0 0 0 0 0 0 0 0 0 0 0 0 0 0
46562177 46591298 7604 0.000000 0.000000 7604 7604.000000 0.000000 0 0 0 0 0 0 0 0 0 0 0 0 0 0
46651015 46680153 7606 15.714286 14.857142 7606 7591.143066 14.857142 17 19 13 10 14 17 25 17 17 18 21 11 9 0
