27 32
45536527 45564173 7218 16.500000 16.000000 7218 7202.000000 16.000000 10 14 19 15 13 13 18 24 15 12 21 17 15 18
45625318 45654553 7632 0.071429 0.071429 7632 7631.928711 0.071429 0 0 0 0 0 0 0 0 0 0 1 0 0 0
45664716 45692369 7218 0.000000 0.000000 7218 7218.000000 0.000000 0 0 0 0 0 0 0 0 0 0 0 0 0 0
45702569 45731751 7617 0.071429 0.071429 7617 7616.928711 0.071429 0 0 0 0 0 0 0 0 0 0 0 0 0 1
45740432 45769602 7617 0.142857 0.142857 7617 7616.856934 0.142857 1 0 0 0 1 0 0 0 0 0 0 0 0 0
45779788 45808951 7615 0.500000 0.500000 7615 7614.500000 0.500000 1 0 0 0 0 1 1 0 1 2 0 1 0 0
45817734 45846800 7588 0.642857 0.642857 7588 7587.356934 0.642857 0 1 0 0 0 0 2 1 1 1 1 2 0 0
45856995 45884748 7244 1.071429 1.071429 7244 7242.928711 1.071429 0 1 2 1 1 3 1 1 1 0 0 0 0 4
45894941 45924004 7586 2.000000 1.928571 7586 7584.071289 1.928571 3 2 1 2 1 1 2 0 3 3 1 5 2 1
45934191 45961945 7246 4.928571 4.785714 7246 7241.214355 4.785714 6 5 5 4 2 4 5 7 7 5 2 8 2 5
45972137 45999777 7216 8.928572 8.428572 7216 7207.571289 8.428572 6 8 13 9 8 9 6 11 7 9 12 9 4 7
46010029 46039104 7590 12.714286 12.000000 7590 7578.000000 12.000000 15 14 12 14 12 15 14 17 12 15 10 6 6 6
46049298 46077038 7241 14.214286 14.000000 7241 7227.000000 14.000000 13 19 17 12 8 20 9 14 12 14 13 14 14 17
46087233 46116403 7615 17.571428 17.000000 7615 7598.000000 17.000000 19 14 19 15 22 17 17 11 15 25 17 18 11 18
46138193 46167359 7615 16.214285 15.857142 7615 7599.143066 15.857142 17 21 14 13 12 19 14 25 19 19 14 12 13 10
46177547 46205181 7215 13.357142 13.142858 7215 7201.856934 13.142858 15 14 10 8 11 16 15 15 8 15 15 18 12 12
46215477 46244523 7582 8.928572 8.500000 7582 7573.500000 8.500000 6 9 9 8 10 14 3 6 11 14 9 5 9 6
46254719 46282472 7244 5.500000 5.357143 7244 7238.643066 5.357143 10 6 5 7 3 4 2 6 4 6 6 6 6 4
46292675 46321801 7603 2.785714 2.714286 7603 7600.285645 2.714286 5 2 0 1 0 3 3 3 4 7 1 1 5 3
46330488 46359620 7607 1.214286 1.214286 7607 7605.785645 1.214286 3 1 0 2 1 0 0 2 0 3 1 2 0 2
46369875 46399045 7617 0.714286 0.714286 7617 7616.285645 0.714286 0 1 1 1 0 1 2 0 1 2 0 0 1 0
46407720 46436881 7612 0.214286 0.214286 7612 7611.785645 0.214286 1 1 0 0 0 0 0 0 0 0 0 0 0 1
46447068 46474807 7240 0.357143 0.357143 7240 7239.643066 0.357143 1 0 1 1 1 0 0 0 0 1 0 0 0 0
46485000 46514151 7610 0.071429 0.071429 7610 7609.928711 0.071429 0 0 0 0 0 0 0 0 0 0 0 0 1 0
46522822 46551988 7616 0.000000 0.000000 7616 7616.000000 0.000000 0 0 0 0 0 0 0 0 0 0 0 0 0 0
46562177 46591298 7603 0.071429 0.000000 7603 7603.000000 0.000000 0 0 0 0 0 0 0 0 0 0 0 0 0 0
46651015 46680153 7606 17.428572 16.857143 7606 7589.143066 16.857143 17 20 14 17 16 18 14 23 16 23 17 18 11 12
