27 32
71168348 71197475 54485 107.461540 105.538460 54485 54379.460938 105.538460 131 133 104 99 108 116 127 104 151 133 166 0 0
71261617 71290737 54455 0.153846 0.076923 54455 54454.921875 0.076923 0 0 0 1 0 0 0 0 0 0 0 0 0
71300940 71330116 54580 0.230769 0.076923 54580 54579.921875 0.076923 0 0 0 0 0 0 0 0 1 0 0 0 0
71341748 71370919 54584 0.076923 0.076923 54584 54583.921875 0.076923 0 0 0 0 0 0 0 0 1 0 0 0 0
71381047 71410251 54627 0.692308 0.538462 54627 54626.460938 0.538462 0 1 0 0 0 0 2 2 1 1 0 0 0
71421879 71450994 54488 1.230769 1.076923 54488 54486.921875 1.076923 1 0 4 0 3 1 0 2 0 2 1 0 0
71462666 71490402 51880 2.846154 2.846154 51880 51877.152344 2.846154 4 3 7 3 3 3 3 3 2 5 1 0 0
71502039 71531196 54544 6.615385 6.538462 54544 54537.460938 6.538462 8 6 7 11 7 7 5 7 7 7 13 0 0
71542847 71570478 51681 16.615385 16.230770 51681 51664.769531 16.230770 21 22 18 18 14 19 16 17 22 17 27 0 0
71582127 71609807 51791 32.076923 31.230770 51791 51759.769531 31.230770 44 43 35 39 34 25 32 33 35 44 42 0 0
71621458 71650664 54651 55.230770 53.461540 54651 54597.539062 53.461540 67 64 63 51 54 50 64 54 75 84 69 0 0
71660858 71689920 54380 78.307693 76.769234 54380 54303.230469 76.769234 98 86 70 87 80 82 79 87 101 104 124 0 0
71701588 71729341 51926 96.000000 93.923080 51926 51832.078125 93.923080 119 91 86 93 110 113 129 82 109 137 152 0 0
71741001 71770056 54353 107.153847 105.538460 54353 54247.460938 105.538460 138 125 94 101 112 129 121 102 134 150 166 0 0
71780323 71809396 54387 94.615387 92.230766 54387 54294.769531 92.230766 100 112 101 98 69 125 130 66 124 125 149 0 0
71821071 71848773 51798 72.615387 70.923080 51798 51727.078125 70.923080 92 88 74 69 70 74 87 72 97 93 106 0 0
71861928 71889604 51782 52.076923 50.846153 51782 51731.152344 50.846153 72 70 43 49 54 62 65 44 61 67 74 0 0
71901252 71928885 51683 29.923077 29.769230 51683 51653.230469 29.769230 40 30 29 27 38 32 37 37 40 29 48 0 0
71940539 71969675 54520 14.923077 14.461538 54520 54505.539062 14.461538 20 14 22 16 8 11 10 14 22 22 29 0 0
71979906 72009010 54440 7.076923 6.769231 54440 54433.230469 6.769231 10 11 5 5 8 9 4 12 8 8 8 0 0
72020661 72049870 54641 2.230769 2.076923 54641 54638.921875 2.076923 3 4 2 2 4 3 1 0 3 1 4 0 0
72059977 72089115 54505 1.076923 1.000000 54505 54504.000000 1.000000 2 1 0 5 1 2 1 0 1 0 0 0 0
72100845 72128462 51657 0.461538 0.384615 51657 51656.617188 0.384615 0 1 1 0 1 0 1 0 0 0 1 0 0
72140118 72167878 51926 0.000000 0.000000 51926 51926.000000 0.000000 0 0 0 0 0 0 0 0 0 0 0 0 0
72180973 72208606 51701 0.153846 0.000000 51701 51701.000000 0.000000 0 0 0 0 0 0 0 0 0 0 0 0 0
72220241 72247943 51832 0.000000 0.000000 51832 51832.000000 0.000000 0 0 0 0 0 0 0 0 0 0 0 0 0
72313550 72342636 54389 104.153847 101.615387 54389 54287.382812 101.615387 127 118 98 102 97 107 127 111 126 150 158 0 0
