27 32
71168348 71197475 54490 130.153839 128.384613 54490 54361.617188 128.384613 120 120 119 123 130 127 123 115 92 120 132 182 166
71261617 71290737 54458 0.230769 0.230769 54458 54457.769531 0.230769 0 0 0 0 0 1 0 1 1 0 0 0 0
71300940 71330116 54580 0.000000 0.000000 54580 54580.000000 0.000000 0 0 0 0 0 0 0 0 0 0 0 0 0
71341748 71370919 54587 0.307692 0.230769 54587 54586.769531 0.230769 0 0 0 0 0 1 0 2 0 0 0 0 0
71381047 71410251 54629 0.384615 0.230769 54629 54628.769531 0.230769 0 0 0 0 0 1 0 0 0 0 1 1 0
71421879 71450994 54490 1.461538 1.461538 54490 54488.539062 1.461538 3 1 0 1 1 1 2 4 2 0 0 2 2
71462666 71490402 51882 3.307692 3.076923 51882 51878.921875 3.076923 3 6 2 2 1 4 2 1 3 4 7 0 5
71502039 71531196 54544 7.000000 6.846154 54544 54537.152344 6.846154 1 6 6 2 10 5 11 4 6 12 7 10 9
71542847 71570478 51680 18.769230 18.384615 51680 51661.617188 18.384615 23 12 15 8 17 13 18 15 19 21 34 18 26
71582127 71609807 51791 35.153847 34.615383 51791 51756.382812 34.615383 34 30 30 22 37 28 34 31 35 35 43 48 43
71621458 71650664 54652 67.538460 66.307693 54652 54585.691406 66.307693 62 61 67 57 72 70 60 43 58 70 61 97 84
71660858 71689920 54383 101.000000 98.846153 54383 54284.152344 98.846153 95 98 104 109 109 83 89 88 94 93 94 112 117
71701588 71729341 51928 113.846153 110.769234 51928 51817.230469 110.769234 112 102 104 109 126 107 107 74 93 109 114 147 136
71741001 71770056 54353 126.692307 123.307693 54353 54229.691406 123.307693 89 109 116 148 151 115 135 92 93 110 133 183 129
71780323 71809396 54387 120.153847 117.692307 54387 54269.308594 117.692307 111 110 121 116 116 88 93 101 128 111 128 165 142
71821071 71848773 51799 86.538460 84.307693 51799 51714.691406 84.307693 92 70 69 100 84 72 92 64 66 96 84 121 86
71861928 71889604 51784 60.384617 59.000000 51784 51725.000000 59.000000 59 50 66 57 58 54 56 47 53 47 57 76 87
71901252 71928885 51684 33.769230 33.076923 51684 51650.921875 33.076923 28 25 47 20 37 38 30 29 27 31 43 36 39
71940539 71969675 54520 17.538462 17.000000 54520 54503.000000 17.000000 24 10 13 15 12 13 17 20 17 18 15 28 19
71979906 72009010 54442 7.230769 6.692307 54442 54435.308594 6.692307 7 5 6 4 4 9 2 1 5 14 10 10 10
72020661 72049870 54643 3.615385 3.538461 54643 54639.460938 3.538461 3 1 5 4 1 1 6 1 5 5 4 5 5
72059977 72089115 54509 0.692308 0.615385 54509 54508.382812 0.615385 1 1 0 0 1 2 0 1 1 0 0 1 0
72100845 72128462 51659 0.076923 0.076923 51659 51658.921875 0.076923 0 0 0 1 0 0 0 0 0 0 0 0 0
72140118 72167878 51926 0.307692 0.230769 51926 51925.769531 0.230769 0 0 1 0 0 0 1 0 0 0 0 0 1
72180973 72208606 51703 0.153846 0.153846 51703 51702.847656 0.153846 0 0 0 0 0 0 0 0 0 0 0 1 1
72220241 72247943 51832 0.000000 0.000000 51832 51832.000000 0.000000 0 0 0 0 0 0 0 0 0 0 0 0 0
72313550 72342636 54391 127.384613 124.000000 54391 54267.000000 124.000000 132 104 135 122 144 119 110 82 126 128 121 168 121
