27 32
71168348 71197475 54491 100.000000 97.923080 54491 54393.078125 97.923080 155 115 0 1 1 130 141 116 108 129 139 139 99
71261617 71290737 54458 0.461538 0.230769 54458 54457.769531 0.230769 0 0 0 0 0 0 0 0 0 0 2 1 0
71300940 71330116 54583 0.384615 0.230769 54583 54582.769531 0.230769 1 1 0 0 0 0 1 0 0 0 0 0 0
71341748 71370919 54587 0.384615 0.153846 54587 54586.847656 0.153846 0 0 0 0 0 1 0 0 0 0 0 1 0
71381047 71410251 54631 0.230769 0.153846 54631 54630.847656 0.153846 0 1 0 0 0 0 0 0 0 1 0 0 0
71421879 71450994 54491 0.923077 0.846154 54491 54490.152344 0.846154 2 1 0 0 0 2 0 2 1 1 0 2 0
71462666 71490402 51884 2.461539 2.307692 51884 51881.691406 2.307692 1 2 0 0 0 1 5 1 4 2 3 9 2
71502039 71531196 54546 7.230769 7.076923 54546 54538.921875 7.076923 7 9 0 0 0 12 10 7 9 14 8 10 6
71542847 71570478 51682 13.538462 13.076923 51682 51668.921875 13.076923 15 15 0 0 0 28 12 17 9 22 22 16 14
71582127 71609807 51793 26.692308 26.076923 51793 51766.921875 26.076923 35 30 0 0 0 48 42 18 18 36 37 40 35
71621458 71650664 54655 46.000000 45.384617 54655 54609.617188 45.384617 67 51 0 1 0 55 67 63 48 56 69 53 60
71660858 71689920 54384 68.384613 67.153847 54384 54316.847656 67.153847 94 72 1 0 0 87 86 87 82 99 100 89 76
71701588 71729341 51931 88.307693 86.461540 51931 51844.539062 86.461540 97 109 0 0 1 132 137 120 88 112 108 110 110
71741001 71770056 54355 97.384613 95.307693 54355 54259.691406 95.307693 120 110 0 0 0 128 146 118 113 127 118 138 121
71780323 71809396 54388 89.000000 86.769234 54388 54301.230469 86.769234 118 108 0 0 0 102 115 107 91 120 142 135 90
71821071 71848773 51803 68.692307 67.076920 51803 51735.921875 67.076920 106 90 1 0 1 76 92 64 86 94 101 80 81
71861928 71889604 51787 44.846153 43.615383 51787 51743.382812 43.615383 58 58 0 0 0 51 64 61 45 64 58 54 54
71901252 71928885 51687 25.461538 24.846153 51687 51662.152344 24.846153 33 32 0 0 1 38 35 32 28 30 26 41 27
71940539 71969675 54520 14.307693 13.692307 54520 54506.308594 13.692307 17 9 0 0 0 24 24 13 15 10 27 24 15
71979906 72009010 54442 5.769231 5.538462 54442 54436.460938 5.538462 11 8 0 0 0 9 5 5 4 7 10 8 5
72020661 72049870 54644 3.153846 3.076923 54644 54640.921875 3.076923 4 4 0 0 0 6 4 3 3 3 5 5 3
72059977 72089115 54511 0.692308 0.692308 54511 54510.308594 0.692308 1 0 0 0 0 2 0 3 0 1 1 1 0
72100845 72128462 51662 0.692308 0.307692 51662 51661.691406 0.307692 0 0 0 0 0 0 1 0 0 0 1 2 0
72140118 72167878 51928 0.307692 0.230769 51928 51927.769531 0.230769 0 0 0 0 0 0 0 1 0 0 2 0 0
72180973 72208606 51707 0.076923 0.000000 51707 51707.000000 0.000000 0 0 0 0 0 0 0 0 0 0 0 0 0
72220241 72247943 51834 0.076923 0.076923 51834 51833.921875 0.076923 0 0 0 0 0 0 0 0 1 0 0 0 0
72313550 72342636 54393 97.230766 95.230766 54393 54297.769531 95.230766 139 116 0 0 0 131 136 119 109 129 127 133 99
