27 32
71168348 71197475 54487 104.384613 102.461540 54487 54384.539062 102.461540 128 115 106 91 105 0 0 0 180 170 183 124 130
71261617 71290737 54457 0.076923 0.000000 54457 54457.000000 0.000000 0 0 0 0 0 0 0 0 0 0 0 0 0
71300940 71330116 54580 0.230769 0.153846 54580 54579.847656 0.153846 0 1 0 0 0 0 0 0 1 0 0 0 0
71341748 71370919 54586 0.307692 0.076923 54586 54585.921875 0.076923 0 0 0 0 0 0 0 0 1 0 0 0 0
71381047 71410251 54627 0.230769 0.076923 54627 54626.921875 0.076923 0 0 0 0 0 0 0 0 1 0 0 0 0
71421879 71450994 54490 1.307692 1.076923 54490 54488.921875 1.076923 1 2 1 2 0 0 0 0 3 1 1 1 2
71462666 71490402 51882 2.230769 2.076923 51882 51879.921875 2.076923 4 4 4 1 2 0 0 0 3 5 1 1 2
71502039 71531196 54545 7.076923 7.000000 54545 54538.000000 7.000000 9 16 5 8 9 0 0 0 9 14 6 9 6
71542847 71570478 51680 15.461538 14.846154 51680 51665.152344 14.846154 23 27 18 19 10 0 0 0 18 22 18 24 14
71582127 71609807 51791 28.846153 28.461538 51791 51762.539062 28.461538 47 42 32 29 25 0 0 0 42 40 56 30 27
71621458 71650664 54651 54.153847 53.076923 54651 54597.921875 53.076923 79 63 51 59 52 0 0 0 67 82 110 58 69
71660858 71689920 54380 73.461540 71.923080 54380 54308.078125 71.923080 96 84 60 65 66 0 0 0 117 125 145 104 73
71701588 71729341 51928 87.076920 85.000000 51928 51843.000000 85.000000 97 99 85 75 90 0 0 0 136 144 142 126 111
71741001 71770056 54353 95.769234 93.384613 54353 54259.617188 93.384613 128 102 91 87 93 0 0 0 148 186 150 128 101
71780323 71809396 54388 99.846153 97.923080 54388 54290.078125 97.923080 136 116 96 90 95 0 0 0 146 168 162 136 128
71821071 71848773 51798 72.692307 71.923080 51798 51726.078125 71.923080 91 72 69 66 68 0 0 0 127 123 138 102 79
71861928 71889604 51784 48.384617 47.153847 51784 51736.847656 47.153847 79 51 45 58 41 0 0 0 66 82 86 48 57
71901252 71928885 51684 29.153847 28.384615 51684 51655.617188 28.384615 46 40 33 24 40 0 0 0 36 41 38 47 24
71940539 71969675 54520 15.461538 15.307693 54520 54504.691406 15.307693 31 22 19 15 12 0 0 0 12 24 33 12 19
71979906 72009010 54441 6.615385 6.461538 54441 54434.539062 6.461538 12 11 9 10 5 0 0 0 9 7 7 5 9
72020661 72049870 54642 1.769231 1.769231 54642 54640.230469 1.769231 5 5 2 3 3 0 0 0 0 1 1 0 3
72059977 72089115 54509 0.923077 0.923077 54509 54508.078125 0.923077 2 4 1 1 1 0 0 0 1 1 0 1 0
72100845 72128462 51658 0.307692 0.230769 51658 51657.769531 0.230769 0 1 1 0 0 0 0 0 0 0 1 0 0
72140118 72167878 51926 0.153846 0.076923 51926 51925.921875 0.076923 0 0 0 0 0 0 0 0 0 1 0 0 0
72180973 72208606 51703 0.307692 0.307692 51703 51702.691406 0.307692 0 0 0 1 1 0 0 0 0 0 0 0 2
72220241 72247943 51832 0.076923 0.000000 51832 51832.000000 0.000000 0 0 0 0 0 0 0 0 0 0 0 0 0
72313550 72342636 54390 98.615387 96.384613 54390 54293.617188 96.384613 131 99 104 95 99 0 0 0 159 163 160 130 113
