27 32
71168348 71197475 54486 57.000000 55.923077 54486 54430.078125 55.923077 1 0 135 142 134 109 107 98 1 0 0 0 0
71261617 71290737 54456 0.384615 0.307692 54456 54455.691406 0.307692 0 0 0 1 1 0 0 2 0 0 0 0 0
71300940 71330116 54580 0.076923 0.076923 54580 54579.921875 0.076923 0 0 1 0 0 0 0 0 0 0 0 0 0
71341748 71370919 54586 0.153846 0.076923 54586 54585.921875 0.076923 0 0 1 0 0 0 0 0 0 0 0 0 0
71381047 71410251 54627 0.153846 0.076923 54627 54626.921875 0.076923 0 0 1 0 0 0 0 0 0 0 0 0 0
71421879 71450994 54490 0.230769 0.230769 54490 54489.769531 0.230769 0 0 1 0 1 0 0 1 0 0 0 0 0
71462666 71490402 51881 1.076923 1.076923 51881 51879.921875 1.076923 0 0 1 1 1 3 3 5 0 0 0 0 0
71502039 71531196 54545 2.076923 1.923077 54545 54543.078125 1.923077 0 0 4 3 2 7 6 3 0 0 0 0 0
71542847 71570478 51680 8.230769 8.000000 51680 51672.000000 8.000000 0 0 19 15 17 17 18 18 0 0 0 0 0
71582127 71609807 51791 15.923077 15.307693 51791 51775.691406 15.307693 0 0 29 32 39 34 34 31 0 0 0 0 0
71621458 71650664 54651 28.076923 27.538462 54651 54623.460938 27.538462 0 1 52 68 69 56 61 51 0 0 0 0 0
71660858 71689920 54380 42.846153 41.615383 54380 54338.382812 41.615383 0 0 115 111 87 70 92 66 0 0 0 0 0
71701588 71729341 51928 52.000000 50.692307 51928 51877.308594 50.692307 0 0 124 135 125 89 106 79 0 0 1 0 0
71741001 71770056 54353 61.769230 60.538460 54353 54292.460938 60.538460 0 0 136 149 142 122 134 103 0 1 0 0 0
71780323 71809396 54388 52.384617 51.076923 54388 54336.921875 51.076923 0 0 120 104 127 104 119 90 0 0 0 0 0
71821071 71848773 51798 39.846153 38.615383 51798 51759.382812 38.615383 0 0 93 105 88 68 82 64 1 1 0 0 0
71861928 71889604 51784 29.076923 28.615385 51784 51755.382812 28.615385 0 0 60 67 66 65 68 46 0 0 0 0 0
71901252 71928885 51684 12.384615 12.153846 51684 51671.847656 12.153846 0 0 28 22 24 21 30 33 0 0 0 0 0
71940539 71969675 54520 8.230769 7.538462 54520 54512.460938 7.538462 0 0 8 14 18 16 23 19 0 0 0 0 0
71979906 72009010 54441 2.461539 2.307692 54441 54438.691406 2.307692 0 0 8 4 4 7 4 3 0 0 0 0 0
72020661 72049870 54642 1.846154 1.692308 54642 54640.308594 1.692308 0 0 1 2 3 1 8 7 0 0 0 0 0
72059977 72089115 54508 0.384615 0.230769 54508 54507.769531 0.230769 0 0 1 2 0 0 0 0 0 0 0 0 0
72100845 72128462 51658 0.153846 0.153846 51658 51657.847656 0.153846 0 0 0 0 0 1 1 0 0 0 0 0 0
72140118 72167878 51926 0.230769 0.153846 51926 51925.847656 0.153846 0 0 1 0 1 0 0 0 0 0 0 0 0
72180973 72208606 51703 0.153846 0.000000 51703 51703.000000 0.000000 0 0 0 0 0 0 0 0 0 0 0 0 0
72220241 72247943 51832 0.000000 0.000000 51832 51832.000000 0.000000 0 0 0 0 0 0 0 0 0 0 0 0 0
72313550 72342636 54390 56.923077 55.615383 54390 54334.382812 55.615383 0 0 144 143 131 106 100 98 0 1 0 0 0
