27 32
71168348 71197475 54486 97.153847 95.384613 54486 54390.617188 95.384613 166 132 92 86 88 0 0 0 131 121 148 143 133
71261617 71290737 54455 0.153846 0.000000 54455 54455.000000 0.000000 0 0 0 0 0 0 0 0 0 0 0 0 0
71300940 71330116 54580 0.000000 0.000000 54580 54580.000000 0.000000 0 0 0 0 0 0 0 0 0 0 0 0 0
71341748 71370919 54584 0.153846 0.153846 54584 54583.847656 0.153846 1 0 0 0 1 0 0 0 0 0 0 0 0
71381047 71410251 54627 0.307692 0.307692 54627 54626.691406 0.307692 1 0 0 1 0 0 0 0 1 0 1 0 0
71421879 71450994 54489 1.384615 1.076923 54489 54487.921875 1.076923 0 0 1 1 0 0 0 0 4 5 0 2 1
71462666 71490402 51880 2.384615 2.307692 51880 51877.691406 2.307692 3 5 1 4 3 0 0 0 2 3 2 5 2
71502039 71531196 54544 7.230769 7.153846 54544 54536.847656 7.153846 11 5 8 6 6 1 0 0 10 15 12 11 8
71542847 71570478 51681 11.230769 10.923077 51681 51670.078125 10.923077 21 15 13 9 6 0 0 0 7 10 21 24 16
71582127 71609807 51791 27.846153 27.076923 51791 51763.921875 27.076923 40 36 18 32 32 0 0 0 37 50 35 33 39
71621458 71650664 54652 50.538460 49.692307 54652 54602.308594 49.692307 83 72 40 47 49 0 1 0 67 71 93 69 54
71660858 71689920 54380 69.692307 67.461540 54380 54312.539062 67.461540 101 90 60 73 81 0 0 0 85 112 105 92 78
71701588 71729341 51928 82.846153 80.923080 51928 51847.078125 80.923080 130 124 70 79 93 0 0 0 108 120 115 109 104
71741001 71770056 54353 92.000000 90.923080 54353 54262.078125 90.923080 152 132 86 115 89 0 0 0 123 135 124 116 110
71780323 71809396 54387 84.615387 82.230766 54387 54304.769531 82.230766 153 111 88 79 96 0 0 0 95 113 128 105 101
71821071 71848773 51798 65.230766 63.461540 51798 51734.539062 63.461540 112 91 48 68 58 0 0 0 72 74 122 85 95
71861928 71889604 51783 45.846153 45.000000 51783 51738.000000 45.000000 55 64 54 42 56 0 0 0 58 65 63 71 57
71901252 71928885 51684 26.461538 25.692308 51684 51658.308594 25.692308 47 37 28 26 28 0 0 0 26 37 45 34 26
71940539 71969675 54520 14.923077 14.461538 54520 54505.539062 14.461538 12 24 12 19 18 0 1 0 19 26 24 20 13
71979906 72009010 54442 6.538462 6.230769 54442 54435.769531 6.230769 12 8 6 3 8 0 0 0 12 7 7 9 9
72020661 72049870 54640 3.153846 2.846154 54640 54637.152344 2.846154 3 5 2 2 4 0 0 0 3 5 4 5 4
72059977 72089115 54507 0.846154 0.769231 54507 54506.230469 0.769231 1 1 2 0 1 0 0 0 1 0 2 0 2
72100845 72128462 51657 0.307692 0.307692 51657 51656.691406 0.307692 0 0 2 1 0 1 0 0 0 0 0 0 0
72140118 72167878 51926 0.230769 0.076923 51926 51925.921875 0.076923 0 0 0 0 1 0 0 0 0 0 0 0 0
72180973 72208606 51703 0.461538 0.153846 51703 51702.847656 0.153846 0 0 0 0 1 0 1 0 0 0 0 0 0
72220241 72247943 51832 0.076923 0.076923 51832 51831.921875 0.076923 0 1 0 0 0 0 0 0 0 0 0 0 0
72313550 72342636 54389 94.846153 93.538460 54389 54295.460938 93.538460 133 123 90 111 98 0 0 0 104 139 156 134 128
