27 32
71168348 71197475 54489 118.230766 115.153847 54489 54373.847656 115.153847 122 103 98 92 102 121 105 74 127 147 163 123 120
71261617 71290737 54457 0.230769 0.153846 54457 54456.847656 0.153846 0 0 0 0 0 0 0 0 0 1 1 0 0
71300940 71330116 54580 0.000000 0.000000 54580 54580.000000 0.000000 0 0 0 0 0 0 0 0 0 0 0 0 0
71341748 71370919 54587 0.461538 0.384615 54587 54586.617188 0.384615 1 1 0 0 0 0 0 0 0 2 0 0 1
71381047 71410251 54628 0.923077 0.769231 54628 54627.230469 0.769231 1 1 0 0 0 1 0 0 1 2 0 1 3
71421879 71450994 54490 1.384615 1.307692 54490 54488.691406 1.307692 2 2 1 0 1 2 0 0 2 5 0 1 1
71462666 71490402 51882 3.692308 3.538461 51882 51878.460938 3.538461 5 5 1 2 3 3 3 5 2 7 4 3 3
71502039 71531196 54545 7.000000 6.538462 54545 54538.460938 6.538462 9 6 1 7 7 6 9 10 5 4 6 8 7
71542847 71570478 51680 15.846154 15.076923 51680 51664.921875 15.076923 20 15 20 11 11 24 15 8 18 20 13 12 9
71582127 71609807 51792 34.307693 33.538460 51792 51758.460938 33.538460 36 36 27 23 19 26 43 26 43 48 36 34 39
71621458 71650664 54651 60.307693 59.153847 54651 54591.847656 59.153847 71 54 49 45 54 65 64 52 57 50 73 72 63
71660858 71689920 54382 85.846153 84.000000 54382 54298.000000 84.000000 78 95 66 66 81 86 60 69 91 101 109 96 94
71701588 71729341 51928 100.846153 99.000000 51928 51829.000000 99.000000 106 100 86 72 93 92 93 85 120 131 126 86 97
71741001 71770056 54353 114.384613 111.384613 54353 54241.617188 111.384613 114 104 90 82 102 92 97 85 144 155 132 118 133
71780323 71809396 54388 107.384613 104.846153 54388 54283.152344 104.846153 99 95 87 88 82 110 112 89 109 135 117 128 112
71821071 71848773 51798 81.307693 79.384613 51798 51718.617188 79.384613 88 69 71 66 59 89 74 65 80 91 103 96 81
71861928 71889604 51784 56.384617 55.153847 51784 51728.847656 55.153847 59 46 39 36 61 62 55 37 59 61 77 68 57
71901252 71928885 51684 33.307693 32.846153 51684 51651.152344 32.846153 44 26 30 25 22 35 23 29 34 43 43 43 30
71940539 71969675 54520 18.846153 17.846153 54520 54502.152344 17.846153 26 21 12 20 15 12 16 15 15 22 24 18 16
71979906 72009010 54442 7.461538 7.307693 54442 54434.691406 7.307693 7 4 3 4 6 7 8 10 8 12 10 9 7
72020661 72049870 54642 3.307692 3.153846 54642 54638.847656 3.153846 3 4 3 2 2 2 6 4 3 5 3 2 2
72059977 72089115 54509 1.615385 1.384615 54509 54507.617188 1.384615 2 3 0 1 1 1 1 2 2 2 2 1 0
72100845 72128462 51658 0.538462 0.461538 51658 51657.539062 0.461538 0 0 0 0 0 1 0 1 1 0 0 2 1
72140118 72167878 51926 0.076923 0.000000 51926 51926.000000 0.000000 0 0 0 0 0 0 0 0 0 0 0 0 0
72180973 72208606 51703 0.076923 0.000000 51703 51703.000000 0.000000 0 0 0 0 0 0 0 0 0 0 0 0 0
72220241 72247943 51832 0.538462 0.230769 51832 51831.769531 0.230769 0 0 1 0 0 1 0 0 0 0 1 0 0
72313550 72342636 54391 114.846153 112.461540 54391 54278.539062 112.461540 106 115 91 83 96 102 112 92 130 154 141 127 113
