27 32
71168348 71197475 54491 115.923080 112.923080 54491 54378.078125 112.923080 168 133 107 110 94 116 125 123 144 159 189 0 0
71261617 71290737 54460 0.153846 0.076923 54460 54459.921875 0.076923 0 0 0 1 0 0 0 0 0 0 0 0 0
71300940 71330116 54586 0.076923 0.000000 54586 54586.000000 0.000000 0 0 0 0 0 0 0 0 0 0 0 0 0
71341748 71370919 54589 0.230769 0.076923 54589 54588.921875 0.076923 1 0 0 0 0 0 0 0 0 0 0 0 0
71381047 71410251 54631 0.461538 0.307692 54631 54630.691406 0.307692 0 0 0 0 0 0 1 2 0 0 1 0 0
71421879 71450994 54493 0.769231 0.769231 54493 54492.230469 0.769231 1 0 0 0 1 2 0 1 2 2 1 0 0
71462666 71490402 51887 2.692308 2.692308 51887 51884.308594 2.692308 6 0 1 3 3 6 4 3 2 1 6 0 0
71502039 71531196 54550 8.769231 8.384615 54550 54541.617188 8.384615 7 8 14 7 7 16 9 10 6 13 12 0 0
71542847 71570478 51687 15.846154 15.538462 51687 51671.460938 15.538462 18 12 24 17 13 23 27 13 15 20 20 0 0
71582127 71609807 51796 31.461538 30.846153 51796 51765.152344 30.846153 43 33 31 20 35 40 33 33 44 41 48 0 0
71621458 71650664 54655 59.538460 58.153847 54655 54596.847656 58.153847 54 69 65 48 61 82 69 47 72 101 88 0 0
71660858 71689920 54386 86.307693 84.384613 54386 54301.617188 84.384613 100 82 72 75 86 93 108 81 123 138 139 0 0
71701588 71729341 51932 99.692307 97.846153 51932 51834.152344 97.846153 105 110 103 95 90 116 119 90 136 134 174 0 0
71741001 71770056 54358 114.076920 112.538460 54358 54245.460938 112.538460 144 125 96 80 94 112 140 119 139 201 213 0 0
71780323 71809396 54390 101.615387 99.307693 54390 54290.691406 99.307693 128 128 75 83 100 98 102 119 146 157 155 0 0
71821071 71848773 51805 79.923080 78.153847 51805 51726.847656 78.153847 93 90 63 90 68 79 97 87 112 112 125 0 0
71861928 71889604 51787 53.769230 52.692307 51787 51734.308594 52.692307 72 60 49 51 53 60 57 42 70 89 82 0 0
71901252 71928885 51689 28.076923 27.307692 51689 51661.691406 27.307692 34 23 31 24 30 34 25 23 38 46 47 0 0
71940539 71969675 54525 16.692308 16.307692 54525 54508.691406 16.307692 17 19 9 15 16 20 18 19 24 33 22 0 0
71979906 72009010 54446 7.615385 7.461538 54446 54438.539062 7.461538 8 9 7 4 7 6 10 8 15 13 10 0 0
72020661 72049870 54647 3.076923 2.923077 54647 54644.078125 2.923077 3 1 6 4 2 3 3 2 4 4 6 0 0
72059977 72089115 54511 0.769231 0.769231 54511 54510.230469 0.769231 0 2 0 0 1 4 0 0 1 1 1 0 0
72100845 72128462 51664 0.384615 0.384615 51664 51663.617188 0.384615 1 0 0 0 0 0 2 0 0 1 1 0 0
72140118 72167878 51932 0.230769 0.153846 51932 51931.847656 0.153846 0 0 0 0 0 0 0 0 1 0 1 0 0
72180973 72208606 51708 0.461538 0.230769 51708 51707.769531 0.230769 1 1 0 0 0 0 1 0 0 0 0 0 0
72220241 72247943 51835 0.307692 0.153846 51835 51834.847656 0.153846 1 0 0 0 0 1 0 0 0 0 0 0 0
72313550 72342636 54396 110.846153 108.615387 54396 54287.382812 108.615387 124 115 104 107 121 116 147 99 161 161 157 0 0
