27 32
71168348 71197475 54486 120.846153 118.615387 54486 54367.382812 118.615387 133 117 117 123 117 124 143 111 119 115 118 106 99
71261617 71290737 54456 0.153846 0.076923 54456 54455.921875 0.076923 0 0 0 0 0 0 0 0 1 0 0 0 0
71300940 71330116 54580 0.230769 0.076923 54580 54579.921875 0.076923 1 0 0 0 0 0 0 0 0 0 0 0 0
71341748 71370919 54586 0.153846 0.153846 54586 54585.847656 0.153846 1 0 0 0 0 0 0 0 0 0 1 0 0
71381047 71410251 54627 0.384615 0.384615 54627 54626.617188 0.384615 0 0 0 0 1 0 0 0 1 1 1 0 1
71421879 71450994 54489 1.538462 1.230769 54489 54487.769531 1.230769 2 0 2 0 1 2 1 4 2 0 0 2 0
71462666 71490402 51880 2.769231 2.538461 51880 51877.460938 2.538461 3 3 3 1 3 3 1 2 1 5 2 3 3
71502039 71531196 54545 7.230769 6.769231 54545 54538.230469 6.769231 5 4 7 3 8 5 10 4 6 6 10 11 9
71542847 71570478 51680 15.769231 15.384615 51680 51664.617188 15.384615 26 9 11 11 18 21 21 12 11 21 15 9 15
71582127 71609807 51791 34.384617 33.000000 51791 51758.000000 33.000000 44 41 27 21 43 27 38 31 24 40 29 33 31
71621458 71650664 54651 60.923077 59.846153 54651 54591.152344 59.846153 70 70 61 46 56 50 70 65 51 65 46 67 61
71660858 71689920 54380 88.769234 86.692307 54380 54293.308594 86.692307 112 83 80 92 89 94 89 83 82 80 98 72 73
71701588 71729341 51928 106.692307 105.153847 51928 51822.847656 105.153847 135 115 85 84 96 121 117 106 82 117 117 110 82
71741001 71770056 54353 124.384613 121.153847 54353 54231.847656 121.153847 151 135 99 98 121 128 138 102 107 123 130 126 117
71780323 71809396 54388 108.692307 106.230766 54388 54281.769531 106.230766 120 120 118 99 98 93 114 102 96 121 99 112 89
71821071 71848773 51798 83.615387 81.230766 51798 51716.769531 81.230766 95 102 82 78 72 80 88 58 66 79 86 86 84
71861928 71889604 51784 54.923077 53.307693 51784 51730.691406 53.307693 50 55 45 49 60 56 67 38 53 59 53 50 58
71901252 71928885 51684 32.615383 31.846153 51684 51652.152344 31.846153 50 33 26 27 32 31 29 31 35 36 32 29 23
71940539 71969675 54520 19.846153 19.461538 54520 54500.539062 19.461538 25 15 14 26 21 17 15 18 21 21 20 21 19
71979906 72009010 54442 8.461538 8.153846 54442 54433.847656 8.153846 5 10 5 11 6 9 9 6 10 10 12 5 8
72020661 72049870 54642 3.000000 3.000000 54642 54639.000000 3.000000 0 4 7 2 2 3 5 1 2 3 4 5 1
72059977 72089115 54507 1.076923 0.923077 54507 54506.078125 0.923077 1 0 0 0 1 0 2 3 1 1 2 1 0
72100845 72128462 51658 0.615385 0.615385 51658 51657.382812 0.615385 0 0 0 0 1 0 0 1 2 2 0 2 0
72140118 72167878 51926 0.153846 0.153846 51926 51925.847656 0.153846 0 0 0 0 1 0 0 0 1 0 0 0 0
72180973 72208606 51703 0.230769 0.076923 51703 51702.921875 0.076923 0 0 0 0 0 0 0 0 0 0 0 1 0
72220241 72247943 51832 0.384615 0.153846 51832 51831.847656 0.153846 0 0 0 0 0 1 0 1 0 0 0 0 0
72313550 72342636 54390 117.230766 114.461540 54390 54275.539062 114.461540 139 121 110 94 105 114 114 110 91 122 125 137 106
