27 32
71168348 71197475 54491 126.230766 124.384613 54491 54366.617188 124.384613 166 134 80 95 108 115 121 126 133 146 129 146 118
71261617 71290737 54458 0.230769 0.076923 54458 54457.921875 0.076923 0 0 0 0 0 0 0 1 0 0 0 0 0
71300940 71330116 54581 0.230769 0.230769 54581 54580.769531 0.230769 0 0 0 1 0 0 1 0 0 0 1 0 0
71341748 71370919 54586 0.615385 0.461538 54586 54585.539062 0.461538 0 1 0 0 0 1 0 0 0 2 1 0 1
71381047 71410251 54630 0.538462 0.538462 54630 54629.460938 0.538462 1 0 2 0 1 0 1 0 0 0 0 1 1
71421879 71450994 54489 1.384615 1.230769 54489 54487.769531 1.230769 4 1 1 0 1 2 1 0 1 1 0 2 2
71462666 71490402 51883 2.923077 2.769231 51883 51880.230469 2.769231 7 2 2 2 4 0 4 3 1 1 1 6 3
71502039 71531196 54545 7.923077 7.615385 54545 54537.382812 7.615385 8 7 8 6 7 7 7 4 9 7 13 12 4
71542847 71570478 51680 17.615385 17.461538 51680 51662.539062 17.461538 19 17 14 11 13 15 18 19 20 18 26 12 25
71582127 71609807 51792 39.000000 38.000000 51792 51754.000000 38.000000 39 42 31 29 37 37 33 28 46 57 45 36 34
71621458 71650664 54654 63.461540 62.307693 54654 54591.691406 62.307693 61 71 55 61 65 60 70 43 66 67 63 71 57
71660858 71689920 54383 94.153847 92.000000 54383 54291.000000 92.000000 114 92 74 75 73 97 85 71 108 102 107 119 79
71701588 71729341 51929 114.923080 112.846153 51929 51816.152344 112.846153 148 131 94 86 88 112 125 92 102 110 136 136 107
71741001 71770056 54354 129.384613 127.307693 54354 54226.691406 127.307693 169 146 90 104 99 112 137 113 142 148 134 127 134
71780323 71809396 54387 117.692307 115.384613 54387 54271.617188 115.384613 151 149 93 86 95 97 128 82 117 116 115 142 129
71821071 71848773 51800 89.692307 87.461540 51800 51712.539062 87.461540 102 114 75 69 74 89 81 65 89 102 102 81 94
71861928 71889604 51786 60.153847 58.846153 51786 51727.152344 58.846153 78 74 55 35 54 55 56 54 52 64 70 63 55
71901252 71928885 51685 36.461540 35.230770 51685 51649.769531 35.230770 49 41 30 28 28 33 33 33 25 37 46 49 26
71940539 71969675 54520 17.384615 17.000000 54520 54503.000000 17.000000 19 19 17 16 13 18 15 15 19 25 18 16 11
71979906 72009010 54442 8.692307 8.615385 54442 54433.382812 8.615385 13 4 5 6 10 11 13 8 14 12 4 5 7
72020661 72049870 54643 3.076923 2.846154 54643 54640.152344 2.846154 1 4 4 0 1 1 3 1 8 6 3 4 1
72059977 72089115 54511 1.076923 1.000000 54511 54510.000000 1.000000 2 0 3 0 0 2 2 1 0 2 0 0 1
72100845 72128462 51660 0.615385 0.615385 51660 51659.382812 0.615385 0 0 0 1 1 1 0 1 1 0 1 2 0
72140118 72167878 51928 0.384615 0.384615 51928 51927.617188 0.384615 0 1 0 0 0 0 2 0 1 0 1 0 0
72180973 72208606 51704 0.307692 0.230769 51704 51703.769531 0.230769 1 0 0 0 0 0 0 0 0 1 1 0 0
72220241 72247943 51835 0.153846 0.000000 51835 51835.000000 0.000000 0 0 0 0 0 0 0 0 0 0 0 0 0
72313550 72342636 54391 123.230766 121.000000 54391 54270.000000 121.000000 172 145 102 82 93 101 122 106 115 139 141 152 103
