27 32
71168348 71197475 54491 127.615387 125.230766 54491 54365.769531 125.230766 122 109 105 121 132 120 142 101 132 127 139 158 120
71261617 71290737 54460 0.153846 0.153846 54460 54459.847656 0.153846 0 0 0 0 0 1 0 0 0 1 0 0 0
71300940 71330116 54586 0.153846 0.076923 54586 54585.921875 0.076923 0 0 0 0 0 0 1 0 0 0 0 0 0
71341748 71370919 54589 0.230769 0.076923 54589 54588.921875 0.076923 0 0 0 0 0 0 0 0 0 0 1 0 0
71381047 71410251 54632 0.538462 0.384615 54632 54631.617188 0.384615 0 1 0 0 1 0 0 0 0 1 1 0 1
71421879 71450994 54493 0.923077 0.769231 54493 54492.230469 0.769231 0 2 0 0 2 1 1 1 1 0 1 1 0
71462666 71490402 51886 2.846154 2.538461 51886 51883.460938 2.538461 2 1 1 2 5 4 4 3 2 2 3 3 1
71502039 71531196 54549 8.000000 7.769231 54549 54541.230469 7.769231 14 10 6 6 9 1 9 9 5 5 11 8 8
71542847 71570478 51685 18.384615 18.230770 51685 51666.769531 18.230770 23 18 15 21 16 13 16 17 21 16 32 15 14
71582127 71609807 51795 34.307693 33.461540 51795 51761.539062 33.461540 27 33 30 23 38 35 35 33 26 47 33 40 35
71621458 71650664 54655 62.615383 60.923077 54655 54594.078125 60.923077 63 52 47 62 63 65 66 63 38 66 76 75 56
71660858 71689920 54386 94.307693 92.076920 54386 54293.921875 92.076920 86 77 80 77 103 106 113 79 83 102 106 109 76
71701588 71729341 51932 111.384613 108.384613 51932 51823.617188 108.384613 97 95 103 104 109 104 132 102 101 118 116 125 103
71741001 71770056 54357 130.384613 127.615387 54357 54229.382812 127.615387 111 99 106 113 142 134 155 122 117 153 135 142 130
71780323 71809396 54390 117.692307 115.615387 54390 54274.382812 115.615387 115 119 118 112 115 114 116 106 94 115 142 119 118
71821071 71848773 51804 90.307693 88.615387 51804 51715.382812 88.615387 94 72 84 97 74 96 102 77 88 96 99 86 87
71861928 71889604 51787 59.461540 58.153847 51787 51728.847656 58.153847 53 44 59 47 70 61 45 59 62 72 67 63 54
71901252 71928885 51688 35.923077 35.230770 51688 51652.769531 35.230770 30 28 26 30 35 39 36 29 40 38 40 38 49
71940539 71969675 54525 18.538462 18.000000 54525 54507.000000 18.000000 18 18 12 13 13 16 18 16 27 13 26 22 22
71979906 72009010 54445 7.846154 7.615385 54445 54437.382812 7.615385 4 6 14 8 9 4 11 1 10 10 6 6 10
72020661 72049870 54644 2.076923 2.000000 54644 54642.000000 2.000000 0 2 1 2 3 1 2 2 3 0 2 3 5
72059977 72089115 54511 1.076923 1.076923 54511 54509.921875 1.076923 1 1 0 0 1 0 2 2 1 1 0 3 2
72100845 72128462 51664 0.307692 0.230769 51664 51663.769531 0.230769 0 0 0 0 0 0 0 0 0 1 2 0 0
72140118 72167878 51932 0.153846 0.076923 51932 51931.921875 0.076923 0 0 0 0 0 0 0 0 0 0 0 0 1
72180973 72208606 51708 0.230769 0.153846 51708 51707.847656 0.153846 0 0 0 0 0 0 1 0 1 0 0 0 0
72220241 72247943 51835 0.153846 0.076923 51835 51834.921875 0.076923 0 0 0 0 0 0 0 0 0 0 0 0 1
72313550 72342636 54396 129.307693 126.461540 54396 54269.539062 126.461540 122 113 104 109 134 143 147 110 118 122 147 131 144
