27 32
71168348 71197475 54492 86.692307 84.692307 54492 54407.308594 84.692307 116 114 102 100 92 124 122 95 0 2 0 137 97
71261617 71290737 54460 0.230769 0.076923 54460 54459.921875 0.076923 0 0 0 0 0 0 1 0 0 0 0 0 0
71300940 71330116 54586 0.230769 0.076923 54586 54585.921875 0.076923 0 0 0 0 0 0 0 0 0 1 0 0 0
71341748 71370919 54589 0.153846 0.153846 54589 54588.847656 0.153846 0 0 0 0 0 0 0 0 0 2 0 0 0
71381047 71410251 54632 0.615385 0.307692 54632 54631.691406 0.307692 0 0 1 1 0 0 0 0 0 0 1 0 1
71421879 71450994 54493 0.923077 0.769231 54493 54492.230469 0.769231 1 0 0 0 3 1 1 1 0 1 0 2 0
71462666 71490402 51886 1.461538 1.461538 51886 51884.539062 1.461538 1 2 0 0 0 3 1 6 0 1 0 4 1
71502039 71531196 54549 6.923077 6.461538 54549 54542.539062 6.461538 5 9 8 11 5 11 9 8 0 0 0 12 6
71542847 71570478 51685 12.923077 12.307693 51685 51672.691406 12.307693 15 19 16 13 12 19 19 21 0 2 0 17 7
71582127 71609807 51795 25.230770 25.000000 51795 51770.000000 25.000000 37 40 23 31 39 31 36 28 0 0 0 27 33
71621458 71650664 54655 46.230770 45.692307 54655 54609.308594 45.692307 66 76 54 53 47 58 76 51 0 0 0 59 54
71660858 71689920 54386 65.307693 64.153847 54386 54321.847656 64.153847 101 79 83 86 76 81 105 80 0 0 0 71 72
71701588 71729341 51932 76.461540 74.923080 51932 51857.078125 74.923080 107 91 85 81 95 93 106 114 2 0 0 111 89
71741001 71770056 54357 86.769234 85.076920 54357 54271.921875 85.076920 129 102 92 87 101 124 124 104 0 0 1 145 97
71780323 71809396 54390 84.615387 83.000000 54390 54307.000000 83.000000 126 95 106 96 90 123 112 92 2 0 2 141 94
71821071 71848773 51804 66.230766 64.153847 51804 51739.847656 64.153847 100 98 64 71 102 93 92 61 0 0 0 79 74
71861928 71889604 51787 45.307693 44.076923 51787 51742.921875 44.076923 48 77 42 62 46 46 78 55 0 3 0 64 52
71901252 71928885 51688 25.000000 24.769230 51688 51663.230469 24.769230 34 29 42 36 31 28 27 38 0 0 0 29 28
71940539 71969675 54525 13.076923 12.846154 54525 54512.152344 12.846154 12 28 14 11 20 23 21 12 0 0 0 13 13
71979906 72009010 54445 5.923077 5.615385 54445 54439.382812 5.615385 8 5 6 6 5 10 12 7 0 0 1 7 6
72020661 72049870 54644 2.076923 2.076923 54644 54641.921875 2.076923 4 2 1 1 1 5 5 5 0 0 0 1 2
72059977 72089115 54511 0.461538 0.384615 54511 54510.617188 0.384615 0 0 0 0 1 2 1 1 0 0 0 0 0
72100845 72128462 51663 0.307692 0.230769 51663 51662.769531 0.230769 0 1 0 1 0 0 0 0 0 0 0 1 0
72140118 72167878 51931 0.076923 0.076923 51931 51930.921875 0.076923 0 0 0 0 0 0 0 0 0 0 0 0 1
72180973 72208606 51708 0.230769 0.076923 51708 51707.921875 0.076923 1 0 0 0 0 0 0 0 0 0 0 0 0
72220241 72247943 51835 0.384615 0.230769 51835 51834.769531 0.230769 0 0 0 0 0 0 0 0 0 1 1 1 0
72313550 72342636 54396 87.615387 85.307693 54396 54310.691406 85.307693 144 107 109 94 105 99 121 91 0 1 0 144 94
