27 32
71168348 71197475 54491 116.769234 114.153847 54491 54376.847656 114.153847 152 116 96 102 96 110 115 107 117 112 122 121 118
71261617 71290737 54458 0.153846 0.076923 54458 54457.921875 0.076923 0 0 0 0 0 1 0 0 0 0 0 0 0
71300940 71330116 54581 0.307692 0.307692 54581 54580.691406 0.307692 0 0 0 0 0 1 0 0 1 0 0 0 2
71341748 71370919 54586 0.384615 0.307692 54586 54585.691406 0.307692 1 0 0 1 0 0 1 0 0 0 1 0 0
71381047 71410251 54631 0.538462 0.461538 54631 54630.539062 0.461538 1 1 1 0 1 0 0 0 0 0 1 0 1
71421879 71450994 54489 1.076923 0.846154 54489 54488.152344 0.846154 1 0 1 2 1 0 0 0 3 1 1 1 0
71462666 71490402 51884 3.769231 3.538461 51884 51880.460938 3.538461 8 1 2 3 1 4 6 2 2 3 5 7 2
71502039 71531196 54546 8.230769 7.846154 54546 54538.152344 7.846154 10 6 12 5 10 8 5 5 8 14 8 7 4
71542847 71570478 51682 17.846153 17.076923 51682 51664.921875 17.076923 23 16 16 21 12 14 14 19 18 16 23 16 14
71582127 71609807 51792 33.307693 32.692307 51792 51759.308594 32.692307 38 34 23 31 28 24 40 22 38 34 46 35 32
71621458 71650664 54654 59.307693 58.307693 54654 54595.691406 58.307693 89 66 42 55 61 43 77 47 58 47 61 58 54
71660858 71689920 54383 94.000000 92.307693 54383 54290.691406 92.307693 105 101 79 78 82 93 99 91 89 87 106 104 86
71701588 71729341 51930 106.230766 104.538460 51930 51825.460938 104.538460 133 107 74 85 90 111 109 98 102 119 118 112 101
71741001 71770056 54354 117.076920 114.538460 54354 54239.460938 114.538460 136 122 82 109 101 128 137 108 97 120 146 117 86
71780323 71809396 54387 110.000000 108.076920 54387 54278.921875 108.076920 130 114 97 95 89 114 122 104 100 113 114 114 99
71821071 71848773 51802 79.230766 77.692307 51802 51724.308594 77.692307 90 76 74 57 83 79 92 69 71 68 101 83 67
71861928 71889604 51786 60.000000 58.230770 51786 51727.769531 58.230770 71 76 49 52 45 52 71 44 52 61 67 63 54
71901252 71928885 51684 33.307693 32.307693 51684 51651.691406 32.307693 43 45 26 32 37 28 32 33 25 37 37 25 20
71940539 71969675 54520 19.461538 19.307692 54520 54500.691406 19.307692 18 25 24 12 21 21 15 19 20 19 28 13 16
71979906 72009010 54442 7.769231 7.461538 54442 54434.539062 7.461538 8 4 3 6 11 5 8 7 8 12 10 5 10
72020661 72049870 54644 3.076923 3.000000 54644 54641.000000 3.000000 0 3 1 2 3 0 4 2 3 8 5 3 5
72059977 72089115 54511 0.923077 0.769231 54511 54510.230469 0.769231 1 0 0 1 0 2 0 1 0 1 1 1 2
72100845 72128462 51660 0.461538 0.384615 51660 51659.617188 0.384615 1 0 0 1 0 0 0 1 1 1 0 0 0
72140118 72167878 51928 0.000000 0.000000 51928 51928.000000 0.000000 0 0 0 0 0 0 0 0 0 0 0 0 0
72180973 72208606 51705 0.230769 0.153846 51705 51704.847656 0.153846 0 0 0 1 0 0 0 0 0 0 0 0 1
72220241 72247943 51835 0.076923 0.076923 51835 51834.921875 0.076923 0 0 0 0 0 0 0 0 0 1 0 0 0
72313550 72342636 54392 119.692307 117.230766 54392 54274.769531 117.230766 150 131 103 100 112 136 118 98 97 116 133 122 108
