27 32
71168348 71197475 54486 94.153847 92.153847 54486 54393.847656 92.153847 130 133 97 98 103 0 0 0 129 133 134 117 124
71261617 71290737 54456 0.076923 0.000000 54456 54456.000000 0.000000 0 0 0 0 0 0 0 0 0 0 0 0 0
71300940 71330116 54580 0.230769 0.153846 54580 54579.847656 0.153846 1 0 0 0 1 0 0 0 0 0 0 0 0
71341748 71370919 54586 0.384615 0.230769 54586 54585.769531 0.230769 1 0 0 1 0 0 0 0 0 0 0 1 0
71381047 71410251 54627 0.538462 0.307692 54627 54626.691406 0.307692 0 1 0 0 0 1 0 0 0 2 0 0 0
71421879 71450994 54490 1.076923 0.846154 54490 54489.152344 0.846154 1 2 0 0 1 0 0 0 2 1 0 0 4
71462666 71490402 51881 2.307692 2.307692 51881 51878.691406 2.307692 2 2 3 0 3 0 0 0 2 5 4 7 2
71502039 71531196 54545 7.076923 6.923077 54545 54538.078125 6.923077 12 9 1 7 6 0 0 0 9 5 11 13 17
71542847 71570478 51680 13.230769 12.461538 51680 51667.539062 12.461538 18 9 10 12 9 0 0 0 20 16 17 29 22
71582127 71609807 51791 30.461538 29.846153 51791 51761.152344 29.846153 36 40 35 32 36 0 0 0 37 51 42 39 40
71621458 71650664 54651 51.692307 50.153847 54651 54600.847656 50.153847 61 53 61 52 54 0 1 0 61 68 90 82 69
71660858 71689920 54380 77.769234 76.000000 54380 54304.000000 76.000000 102 93 97 63 90 0 0 0 94 108 125 121 95
71701588 71729341 51928 84.769234 83.461540 51928 51844.539062 83.461540 122 97 82 93 92 0 0 0 117 127 153 112 90
71741001 71770056 54353 91.076920 89.692307 54353 54263.308594 89.692307 141 106 94 84 103 0 0 0 121 145 138 124 110
71780323 71809396 54388 91.307693 89.923080 54388 54298.078125 89.923080 133 81 98 96 111 0 0 1 136 129 161 124 99
71821071 71848773 51798 65.461540 64.538460 51798 51733.460938 64.538460 86 94 70 55 62 0 0 0 83 99 118 85 87
71861928 71889604 51784 50.000000 48.615383 51784 51735.382812 48.615383 64 63 57 44 59 1 1 0 66 72 63 73 69
71901252 71928885 51684 27.769230 27.307692 51684 51656.691406 27.307692 36 35 32 30 31 0 0 0 39 40 40 36 36
71940539 71969675 54520 13.538462 13.384615 54520 54506.617188 13.384615 16 14 16 15 12 1 0 0 17 21 21 21 20
71979906 72009010 54441 6.384615 6.153846 54441 54434.847656 6.153846 7 7 8 7 5 0 0 0 7 6 14 12 7
72020661 72049870 54642 2.307692 2.153846 54642 54639.847656 2.153846 4 4 3 1 1 0 1 0 1 6 1 2 4
72059977 72089115 54508 1.153846 1.076923 54508 54506.921875 1.076923 3 1 1 0 0 0 0 0 1 1 1 3 3
72100845 72128462 51658 0.846154 0.615385 51658 51657.382812 0.615385 1 0 0 1 0 0 0 0 0 1 0 2 3
72140118 72167878 51926 0.153846 0.153846 51926 51925.847656 0.153846 1 0 0 0 0 0 0 0 0 0 0 1 0
72180973 72208606 51703 0.307692 0.076923 51703 51702.921875 0.076923 1 0 0 0 0 0 0 0 0 0 0 0 0
72220241 72247943 51832 0.307692 0.153846 51832 51831.847656 0.153846 0 0 0 0 1 0 0 0 1 0 0 0 0
72313550 72342636 54390 93.846153 91.923080 54390 54298.078125 91.923080 131 109 106 110 115 0 0 1 122 108 150 135 108
