27 32
71168348 71197475 54486 133.461533 130.615387 54486 54355.382812 130.615387 111 120 113 112 141 107 122 92 134 157 164 170 155
71261617 71290737 54456 0.615385 0.153846 54456 54455.847656 0.153846 0 0 0 0 0 0 0 0 0 0 1 0 1
71300940 71330116 54580 0.153846 0.153846 54580 54579.847656 0.153846 0 0 0 0 0 0 1 0 0 0 0 1 0
71341748 71370919 54586 0.230769 0.153846 54586 54585.847656 0.153846 1 0 0 0 0 0 0 1 0 0 0 0 0
71381047 71410251 54627 0.307692 0.307692 54627 54626.691406 0.307692 0 2 0 0 0 0 0 0 0 2 0 0 0
71421879 71450994 54490 1.076923 1.000000 54490 54489.000000 1.000000 2 1 0 1 0 0 2 1 2 0 1 1 2
71462666 71490402 51881 3.384615 3.307692 51881 51877.691406 3.307692 3 6 3 3 1 1 7 2 0 2 7 2 6
71502039 71531196 54545 8.615385 8.230769 54545 54536.769531 8.230769 8 11 16 8 10 4 8 8 8 5 6 10 5
71542847 71570478 51680 18.307692 17.769230 51680 51662.230469 17.769230 15 15 20 21 18 16 15 10 21 25 17 18 20
71582127 71609807 51791 40.153847 39.307693 51791 51751.691406 39.307693 52 30 37 35 51 28 35 23 48 38 39 53 42
71621458 71650664 54651 65.076920 64.000000 54651 54587.000000 64.000000 56 52 64 58 66 62 61 36 65 70 87 92 63
71660858 71689920 54380 92.230766 90.384613 54380 54289.617188 90.384613 63 85 84 75 75 92 88 61 106 95 121 117 113
71701588 71729341 51928 112.384613 110.076920 51928 51817.921875 110.076920 110 95 99 97 125 84 100 104 99 104 130 146 138
71741001 71770056 54353 122.692307 120.076920 54353 54232.921875 120.076920 113 123 117 94 121 105 112 93 125 146 125 134 153
71780323 71809396 54388 119.461540 117.076920 54388 54270.921875 117.076920 93 104 104 127 125 79 113 98 115 137 145 159 123
71821071 71848773 51798 89.000000 86.230766 51798 51711.769531 86.230766 95 64 75 86 83 70 76 60 98 94 107 115 98
71861928 71889604 51784 59.615383 58.769230 51784 51725.230469 58.769230 56 46 53 54 65 49 40 56 64 62 77 78 64
71901252 71928885 51684 34.769230 33.923077 51684 51650.078125 33.923077 31 28 26 39 38 28 33 32 39 33 34 41 39
71940539 71969675 54520 17.076923 16.846153 54520 54503.152344 16.846153 16 14 21 11 18 16 16 11 21 15 19 19 22
71979906 72009010 54441 7.846154 7.461538 54441 54433.539062 7.461538 9 12 9 5 6 5 6 1 7 5 14 10 8
72020661 72049870 54642 3.615385 3.230769 54642 54638.769531 3.230769 2 6 4 1 5 2 1 0 2 1 9 6 3
72059977 72089115 54509 0.923077 0.846154 54509 54508.152344 0.846154 2 0 0 0 2 1 1 0 1 0 1 2 1
72100845 72128462 51658 0.538462 0.538462 51658 51657.460938 0.538462 0 0 1 1 1 0 1 0 2 0 0 1 0
72140118 72167878 51926 0.076923 0.076923 51926 51925.921875 0.076923 0 1 0 0 0 0 0 0 0 0 0 0 0
72180973 72208606 51703 0.230769 0.153846 51703 51702.847656 0.153846 0 0 0 0 1 0 0 0 0 0 1 0 0
72220241 72247943 51832 0.384615 0.230769 51832 51831.769531 0.230769 2 0 0 0 0 0 1 0 0 0 0 0 0
72313550 72342636 54390 129.538467 126.846153 54390 54263.152344 126.846153 121 114 132 106 126 127 106 98 119 123 156 179 142
