27 32
71168348 71197475 54488 93.846153 91.384613 54488 54396.617188 91.384613 163 138 102 86 97 120 128 105 0 0 0 144 105
71261617 71290737 54457 0.153846 0.153846 54457 54456.847656 0.153846 0 0 1 0 1 0 0 0 0 0 0 0 0
71300940 71330116 54580 0.153846 0.076923 54580 54579.921875 0.076923 0 1 0 0 0 0 0 0 0 0 0 0 0
71341748 71370919 54586 0.230769 0.230769 54586 54585.769531 0.230769 0 0 0 0 1 0 0 0 0 0 0 0 2
71381047 71410251 54627 0.384615 0.384615 54627 54626.617188 0.384615 0 1 0 1 1 0 1 0 0 0 0 0 1
71421879 71450994 54490 0.923077 0.769231 54490 54489.230469 0.769231 2 0 2 1 2 0 0 1 0 0 0 2 0
71462666 71490402 51882 2.461539 2.384615 51882 51879.617188 2.384615 1 0 3 3 2 5 2 4 0 0 0 3 8
71502039 71531196 54545 6.307693 5.846154 54545 54539.152344 5.846154 7 11 8 6 10 6 5 4 0 0 0 10 9
71542847 71570478 51680 12.769231 12.538462 51680 51667.460938 12.538462 19 21 15 15 17 19 19 10 0 0 1 11 16
71582127 71609807 51792 28.461538 27.615385 51792 51764.382812 27.615385 50 42 24 30 30 36 36 34 0 0 0 28 49
71621458 71650664 54651 51.153847 50.000000 54651 54601.000000 50.000000 79 73 49 61 72 68 71 64 0 0 0 60 53
71660858 71689920 54381 68.923080 67.230766 54381 54313.769531 67.230766 115 93 88 69 78 84 95 79 0 0 0 100 73
71701588 71729341 51928 80.769234 77.923080 51928 51850.078125 77.923080 122 117 78 98 101 89 134 89 1 0 0 104 80
71741001 71770056 54352 95.153847 93.000000 54352 54259.000000 93.000000 149 149 125 106 100 132 130 107 0 1 0 123 87
71780323 71809396 54388 88.230766 85.692307 54388 54302.308594 85.692307 157 127 96 93 101 95 136 93 0 0 1 117 98
71821071 71848773 51798 67.153847 65.769234 51798 51732.230469 65.769234 111 99 62 87 76 76 105 79 1 2 0 89 68
71861928 71889604 51784 44.230770 43.615383 51784 51740.382812 43.615383 79 64 50 38 50 63 64 43 0 0 0 57 59
71901252 71928885 51684 25.692308 24.692308 51684 51659.308594 24.692308 33 39 27 25 30 24 37 32 0 0 0 38 36
71940539 71969675 54520 13.692307 13.384615 54520 54506.617188 13.384615 22 19 18 8 16 17 17 25 0 0 0 15 17
71979906 72009010 54441 5.769231 5.538462 54441 54435.460938 5.538462 10 6 3 3 6 11 10 7 0 0 0 11 5
72020661 72049870 54642 2.230769 2.153846 54642 54639.847656 2.153846 1 3 3 4 1 1 2 6 1 0 1 1 4
72059977 72089115 54509 1.307692 1.307692 54509 54507.691406 1.307692 3 4 1 1 0 0 2 1 1 0 0 3 1
72100845 72128462 51658 0.384615 0.307692 51658 51657.691406 0.307692 0 1 1 0 0 1 0 0 0 0 0 1 0
72140118 72167878 51927 0.230769 0.230769 51927 51926.769531 0.230769 0 0 0 0 0 0 1 0 0 0 0 0 2
72180973 72208606 51703 0.000000 0.000000 51703 51703.000000 0.000000 0 0 0 0 0 0 0 0 0 0 0 0 0
72220241 72247943 51832 0.230769 0.000000 51832 51832.000000 0.000000 0 0 0 0 0 0 0 0 0 0 0 0 0
72313550 72342636 54391 87.230766 86.153847 54391 54304.847656 86.153847 142 112 105 105 95 110 109 100 0 1 1 126 114
