27 32
71168348 71197475 54486 82.384613 80.923080 54486 54405.078125 80.923080 0 1 116 111 109 98 116 86 138 137 140 0 0
71261617 71290737 54456 0.230769 0.000000 54456 54456.000000 0.000000 0 0 0 0 0 0 0 0 0 0 0 0 0
71300940 71330116 54580 0.153846 0.153846 54580 54579.847656 0.153846 1 0 0 0 0 0 0 1 0 0 0 0 0
71341748 71370919 54585 0.538462 0.307692 54585 54584.691406 0.307692 0 0 0 0 0 0 1 0 1 1 1 0 0
71381047 71410251 54627 0.307692 0.230769 54627 54626.769531 0.230769 0 0 0 0 0 0 2 0 0 0 1 0 0
71421879 71450994 54489 0.769231 0.692308 54489 54488.308594 0.692308 0 0 0 1 0 0 2 2 1 2 1 0 0
71462666 71490402 51880 2.846154 2.538461 51880 51877.460938 2.538461 0 0 1 5 3 3 3 4 6 3 5 0 0
71502039 71531196 54544 5.846154 5.615385 54544 54538.382812 5.615385 0 0 12 4 5 15 7 5 2 13 9 1 0
71542847 71570478 51681 13.307693 12.923077 51681 51668.078125 12.923077 0 1 18 19 18 14 28 14 17 23 16 0 0
71582127 71609807 51791 22.153847 21.384615 51791 51769.617188 21.384615 0 1 34 23 31 33 31 26 28 34 37 0 0
71621458 71650664 54651 44.769230 43.615383 54651 54607.382812 43.615383 0 0 51 55 61 72 56 50 58 62 102 0 0
71660858 71689920 54380 64.307693 62.769230 54380 54317.230469 62.769230 0 1 80 92 67 100 85 86 91 97 117 0 0
71701588 71729341 51928 76.153847 74.461540 51928 51853.539062 74.461540 0 0 98 91 107 122 87 95 113 108 146 0 1
71741001 71770056 54353 83.692307 81.615387 54353 54271.382812 81.615387 0 0 107 118 111 118 115 106 114 123 149 0 0
71780323 71809396 54388 82.384613 80.692307 54388 54307.308594 80.692307 0 0 107 97 118 94 104 81 133 155 159 0 1
71821071 71848773 51798 59.769230 58.461540 51798 51739.539062 58.461540 0 0 75 79 69 78 82 76 95 98 108 0 0
71861928 71889604 51783 41.615383 40.000000 51783 51743.000000 40.000000 0 0 60 41 57 57 54 48 59 76 68 0 0
71901252 71928885 51684 23.923077 23.000000 51684 51661.000000 23.000000 0 0 32 35 35 22 37 26 40 43 28 1 0
71940539 71969675 54520 10.538462 10.307693 54520 54509.691406 10.307693 1 0 11 12 22 17 15 14 12 15 15 0 0
71979906 72009010 54442 5.230769 5.153846 54442 54436.847656 5.153846 0 0 4 3 9 12 11 6 8 8 6 0 0
72020661 72049870 54640 1.615385 1.384615 54640 54638.617188 1.384615 0 0 2 0 2 1 2 2 1 5 3 0 0
72059977 72089115 54507 0.769231 0.538462 54507 54506.460938 0.538462 0 0 1 1 0 1 1 0 0 2 1 0 0
72100845 72128462 51657 0.307692 0.307692 51657 51656.691406 0.307692 0 0 0 1 0 1 2 0 0 0 0 0 0
72140118 72167878 51926 0.076923 0.076923 51926 51925.921875 0.076923 0 0 0 0 0 0 0 0 0 1 0 0 0
72180973 72208606 51703 0.461538 0.153846 51703 51702.847656 0.153846 0 0 0 0 0 0 0 0 1 1 0 0 0
72220241 72247943 51832 0.000000 0.000000 51832 51832.000000 0.000000 0 0 0 0 0 0 0 0 0 0 0 0 0
72313550 72342636 54389 84.230766 82.000000 54389 54307.000000 82.000000 0 1 119 102 103 106 120 111 114 140 150 0 0
