27 32
71168348 71197475 54484 121.307693 118.307693 54484 54365.691406 118.307693 141 114 110 104 131 101 109 102 103 161 123 124 115
71261617 71290737 54453 0.000000 0.000000 54453 54453.000000 0.000000 0 0 0 0 0 0 0 0 0 0 0 0 0
71300940 71330116 54580 0.307692 0.000000 54580 54580.000000 0.000000 0 0 0 0 0 0 0 0 0 0 0 0 0
71341748 71370919 54583 0.461538 0.153846 54583 54582.847656 0.153846 0 0 0 0 1 0 0 0 0 0 1 0 0
71381047 71410251 54625 0.769231 0.538462 54625 54624.460938 0.538462 0 0 2 0 1 0 2 0 1 0 1 0 0
71421879 71450994 54486 1.461538 1.461538 54486 54484.539062 1.461538 1 4 0 2 1 1 1 0 2 1 3 3 0
71462666 71490402 51879 3.076923 3.076923 51879 51875.921875 3.076923 1 4 4 2 3 7 2 3 2 4 3 4 1
71502039 71531196 54543 6.538462 6.153846 54543 54536.847656 6.153846 9 4 4 6 6 8 5 6 2 6 8 11 5
71542847 71570478 51681 16.538462 16.230770 51681 51664.769531 16.230770 19 16 15 17 9 14 20 8 18 15 20 22 18
71582127 71609807 51790 34.769230 34.000000 51790 51756.000000 34.000000 38 36 26 38 39 36 28 17 31 44 35 33 41
71621458 71650664 54649 61.384617 60.307693 54649 54588.691406 60.307693 72 63 57 42 58 55 54 45 64 72 65 87 50
71660858 71689920 54380 90.769234 89.230766 54380 54290.769531 89.230766 107 89 79 79 84 83 71 70 106 94 109 103 86
71701588 71729341 51926 100.461540 98.538460 51926 51827.460938 98.538460 119 99 94 83 93 75 108 76 106 116 107 111 94
71741001 71770056 54352 119.692307 117.307693 54352 54234.691406 117.307693 132 125 132 113 125 87 125 89 107 142 128 109 111
71780323 71809396 54383 116.846153 114.307693 54383 54268.691406 114.307693 133 116 116 90 102 108 103 93 105 120 131 137 132
71821071 71848773 51798 86.615387 84.307693 51798 51713.691406 84.307693 91 76 73 72 70 64 81 63 84 127 95 107 93
71861928 71889604 51781 56.692307 55.307693 51781 51725.691406 55.307693 54 61 46 48 54 40 43 43 40 68 84 64 74
71901252 71928885 51683 30.769230 30.307692 51683 51652.691406 30.307692 28 29 33 21 30 33 26 23 28 35 50 31 27
71940539 71969675 54518 16.461538 16.000000 54518 54502.000000 16.000000 13 18 12 9 13 13 21 12 16 28 19 17 17
71979906 72009010 54440 7.076923 6.692307 54440 54433.308594 6.692307 4 9 7 9 7 9 6 2 5 11 7 8 3
72020661 72049870 54640 3.153846 2.846154 54640 54637.152344 2.846154 1 5 2 1 4 1 2 4 3 4 5 3 2
72059977 72089115 54504 1.769231 1.538462 54504 54502.460938 1.538462 0 0 1 2 1 1 0 2 1 4 5 2 1
72100845 72128462 51657 0.307692 0.230769 51657 51656.769531 0.230769 1 0 0 1 0 0 0 0 0 0 0 1 0
72140118 72167878 51925 0.230769 0.153846 51925 51924.847656 0.153846 0 0 0 1 0 0 0 0 0 1 0 0 0
72180973 72208606 51702 0.307692 0.153846 51702 51701.847656 0.153846 0 0 0 0 0 0 1 0 0 1 0 0 0
72220241 72247943 51829 0.230769 0.153846 51829 51828.847656 0.153846 0 0 1 0 0 0 1 0 0 0 0 0 0
72313550 72342636 54390 122.846153 120.923080 54390 54269.078125 120.923080 143 131 110 93 116 102 111 87 133 122 146 146 132
