27 32
71168348 71197475 54490 99.384613 97.384613 54490 54392.617188 97.384613 144 93 106 103 132 0 0 0 122 150 155 142 119
71261617 71290737 54458 0.076923 0.000000 54458 54458.000000 0.000000 0 0 0 0 0 0 0 0 0 0 0 0 0
71300940 71330116 54581 0.230769 0.076923 54581 54580.921875 0.076923 0 0 0 0 1 0 0 0 0 0 0 0 0
71341748 71370919 54587 0.384615 0.384615 54587 54586.617188 0.384615 0 0 0 0 0 0 0 0 1 1 2 0 1
71381047 71410251 54629 0.692308 0.538462 54629 54628.460938 0.538462 2 0 1 0 0 0 0 0 0 1 2 1 0
71421879 71450994 54490 1.384615 1.230769 54490 54488.769531 1.230769 0 1 1 4 1 0 0 0 1 3 2 2 1
71462666 71490402 51882 3.307692 3.153846 51882 51878.847656 3.153846 6 6 6 3 4 0 0 0 2 3 7 1 3
71502039 71531196 54544 8.000000 7.846154 54544 54536.152344 7.846154 10 5 8 6 8 0 0 0 22 10 15 12 6
71542847 71570478 51680 16.153847 15.846154 51680 51664.152344 15.846154 17 18 12 11 17 0 0 0 18 33 39 20 21
71582127 71609807 51791 28.230770 27.076923 51791 51763.921875 27.076923 24 31 33 27 26 0 0 0 44 49 54 27 37
71621458 71650664 54654 50.615383 49.769230 54654 54604.230469 49.769230 50 59 68 55 55 0 0 0 65 80 95 66 54
71660858 71689920 54383 72.692307 71.384613 54383 54311.617188 71.384613 101 67 87 69 81 0 0 0 79 119 119 120 86
71701588 71729341 51928 85.846153 83.307693 51928 51844.691406 83.307693 105 101 93 96 104 0 0 0 113 128 141 118 84
71741001 71770056 54353 90.692307 89.000000 54353 54264.000000 89.000000 104 107 88 114 101 0 0 0 115 140 166 123 99
71780323 71809396 54387 89.923080 88.230766 54387 54298.769531 88.230766 113 94 100 111 112 0 0 0 111 125 144 123 114
71821071 71848773 51799 70.230766 68.615387 51799 51730.382812 68.615387 82 88 83 87 73 0 0 0 88 105 97 101 88
71861928 71889604 51784 47.692307 46.769230 51784 51737.230469 46.769230 64 57 45 59 40 0 0 0 55 76 91 61 60
71901252 71928885 51684 29.000000 28.384615 51684 51655.617188 28.384615 38 36 25 24 26 0 0 0 33 41 63 46 37
71940539 71969675 54520 14.000000 13.769231 54520 54506.230469 13.769231 20 17 15 12 18 0 0 0 18 16 23 21 19
71979906 72009010 54442 6.000000 5.923077 54442 54436.078125 5.923077 9 7 5 6 4 0 0 0 9 14 6 6 11
72020661 72049870 54643 3.615385 3.615385 54643 54639.382812 3.615385 7 5 4 5 8 0 0 0 3 3 4 7 1
72059977 72089115 54509 1.307692 1.230769 54509 54507.769531 1.230769 2 2 2 1 1 0 0 0 2 2 3 0 1
72100845 72128462 51659 0.538462 0.461538 51659 51658.539062 0.461538 0 1 0 0 1 0 0 0 0 2 1 1 0
72140118 72167878 51927 0.153846 0.076923 51927 51926.921875 0.076923 0 0 0 0 0 0 0 0 0 1 0 0 0
72180973 72208606 51703 0.153846 0.153846 51703 51702.847656 0.153846 0 0 0 0 0 0 0 0 0 0 1 0 1
72220241 72247943 51833 0.076923 0.076923 51833 51832.921875 0.076923 0 0 0 1 0 0 0 0 0 0 0 0 0
72313550 72342636 54391 96.307693 94.153847 54391 54296.847656 94.153847 101 116 123 121 111 0 0 0 137 136 142 127 110
