27 32
71168348 71197475 54491 118.692307 116.384613 54491 54374.617188 116.384613 118 116 105 88 102 129 156 106 114 127 112 133 107
71261617 71290737 54458 0.307692 0.153846 54458 54457.847656 0.153846 0 1 0 0 0 0 0 1 0 0 0 0 0
71300940 71330116 54583 0.461538 0.384615 54583 54582.617188 0.384615 0 0 0 0 1 2 0 0 0 1 1 0 0
71341748 71370919 54586 0.384615 0.230769 54586 54585.769531 0.230769 0 1 0 0 0 0 1 0 0 0 0 0 1
71381047 71410251 54631 0.230769 0.230769 54631 54630.769531 0.230769 0 1 1 0 0 0 0 0 0 1 0 0 0
71421879 71450994 54490 1.153846 1.076923 54490 54488.921875 1.076923 1 1 0 2 2 0 2 2 0 1 1 0 2
71462666 71490402 51884 2.153846 2.076923 51884 51881.921875 2.076923 2 4 1 1 1 0 1 2 1 3 6 2 3
71502039 71531196 54546 9.230769 8.923077 54546 54537.078125 8.923077 10 6 7 3 5 14 10 7 12 10 10 14 8
71542847 71570478 51682 17.153847 16.769230 51682 51665.230469 16.769230 16 19 11 14 17 13 16 13 14 18 28 25 14
71582127 71609807 51793 36.846153 36.307693 51793 51756.691406 36.307693 32 35 27 31 31 40 28 32 37 32 40 62 45
71621458 71650664 54654 64.230766 63.153847 54654 54590.847656 63.153847 83 57 53 61 55 63 62 64 59 68 69 77 50
71660858 71689920 54383 92.076920 89.769234 54383 54293.230469 89.769234 93 98 68 69 91 90 106 63 86 92 99 108 104
71701588 71729341 51931 101.000000 98.923080 51931 51832.078125 98.923080 96 90 77 82 81 89 132 96 92 119 131 99 102
71741001 71770056 54354 120.461540 117.846153 54354 54236.152344 117.846153 122 103 94 87 100 120 155 111 137 130 139 120 114
71780323 71809396 54387 111.923080 109.846153 54387 54277.152344 109.846153 117 96 97 81 100 123 143 108 99 90 124 129 121
71821071 71848773 51803 85.307693 83.307693 51803 51719.691406 83.307693 79 89 72 76 63 101 88 67 81 87 102 94 84
71861928 71889604 51786 54.153847 52.846153 51786 51733.152344 52.846153 54 46 45 47 43 42 48 40 65 71 68 53 65
71901252 71928885 51687 34.230770 33.461540 51687 51653.539062 33.461540 26 32 34 22 29 39 36 37 31 40 40 34 35
71940539 71969675 54520 17.000000 16.538462 54520 54503.460938 16.538462 18 12 15 10 9 13 25 19 19 22 15 23 15
71979906 72009010 54442 7.538462 7.230769 54442 54434.769531 7.230769 4 9 7 5 5 8 8 8 9 12 4 8 7
72020661 72049870 54644 2.461539 2.230769 54644 54641.769531 2.230769 0 4 2 2 3 2 2 0 1 5 3 3 2
72059977 72089115 54511 1.230769 1.076923 54511 54509.921875 1.076923 1 0 1 2 0 1 1 2 0 4 1 0 1
72100845 72128462 51660 0.615385 0.461538 51660 51659.539062 0.461538 0 1 0 0 2 0 0 0 0 0 2 1 0
72140118 72167878 51928 0.230769 0.230769 51928 51927.769531 0.230769 0 1 1 1 0 0 0 0 0 0 0 0 0
72180973 72208606 51707 0.153846 0.153846 51707 51706.847656 0.153846 0 0 0 0 2 0 0 0 0 0 0 0 0
72220241 72247943 51834 0.230769 0.153846 51834 51833.847656 0.153846 1 0 0 0 0 0 0 0 0 0 1 0 0
72313550 72342636 54392 119.538460 117.538460 54392 54274.460938 117.538460 119 120 89 105 98 121 147 110 111 118 119 150 121
