27 32
71168348 71197475 54487 120.384613 118.538460 54487 54368.460938 118.538460 0 0 113 123 143 143 148 126 158 166 186 133 102
71261617 71290737 54457 0.692308 0.230769 54457 54456.769531 0.230769 0 0 0 1 0 1 0 0 0 0 1 0 0
71300940 71330116 54580 0.307692 0.230769 54580 54579.769531 0.230769 0 0 1 0 0 0 1 0 0 0 0 1 0
71341748 71370919 54586 0.230769 0.153846 54586 54585.847656 0.153846 0 0 0 0 0 0 1 0 1 0 0 0 0
71381047 71410251 54627 0.538462 0.461538 54627 54626.539062 0.461538 0 0 0 0 0 2 1 1 1 1 0 0 0
71421879 71450994 54490 1.307692 1.153846 54490 54488.847656 1.153846 0 0 2 1 2 2 1 0 3 0 1 2 1
71462666 71490402 51882 2.307692 2.153846 51882 51879.847656 2.153846 0 0 0 1 5 1 2 4 6 2 2 1 4
71502039 71531196 54545 8.461538 8.153846 54545 54536.847656 8.153846 0 0 9 6 10 5 8 7 12 11 13 15 10
71542847 71570478 51680 16.230770 15.769231 51680 51664.230469 15.769231 0 0 19 8 24 13 14 25 19 25 26 18 14
71582127 71609807 51792 34.615383 34.076923 51792 51757.921875 34.076923 0 0 34 34 29 49 54 39 29 69 44 35 27
71621458 71650664 54651 59.923077 58.153847 54651 54592.847656 58.153847 0 0 47 51 73 69 74 80 67 83 105 61 46
71660858 71689920 54380 87.923080 86.076920 54380 54293.921875 86.076920 0 0 68 99 92 116 114 98 127 114 117 100 74
71701588 71729341 51928 98.923080 97.230766 51928 51830.769531 97.230766 0 0 101 91 98 126 127 111 100 128 165 109 108
71741001 71770056 54352 114.769234 113.000000 54352 54239.000000 113.000000 0 0 127 139 134 136 159 112 135 158 169 92 108
71780323 71809396 54388 107.769234 105.461540 54388 54282.539062 105.461540 0 0 109 94 126 140 152 119 120 122 182 113 94
71821071 71848773 51798 82.153847 80.230766 51798 51717.769531 80.230766 0 0 92 73 87 109 106 75 98 121 140 81 61
71861928 71889604 51784 56.307693 54.923077 51784 51729.078125 54.923077 0 0 43 55 51 73 75 67 68 73 88 55 66
71901252 71928885 51684 33.615383 32.692307 51684 51651.308594 32.692307 0 0 37 30 30 28 44 32 43 35 59 43 44
71940539 71969675 54520 14.230769 14.076923 54520 54505.921875 14.076923 0 0 16 15 9 19 19 14 15 16 20 24 16
71979906 72009010 54441 7.000000 6.846154 54441 54434.152344 6.846154 0 0 11 7 3 8 8 6 6 9 8 11 12
72020661 72049870 54642 3.538461 3.230769 54642 54638.769531 3.230769 0 0 2 1 2 2 3 3 4 5 5 9 6
72059977 72089115 54509 0.692308 0.692308 54509 54508.308594 0.692308 0 0 0 0 0 2 1 1 1 3 0 0 1
72100845 72128462 51658 0.230769 0.153846 51658 51657.847656 0.153846 0 0 1 0 0 0 0 0 0 0 0 0 1
72140118 72167878 51927 0.461538 0.307692 51927 51926.691406 0.307692 0 0 0 0 0 0 1 0 0 1 1 0 1
72180973 72208606 51703 0.230769 0.153846 51703 51702.847656 0.153846 0 0 0 0 1 1 0 0 0 0 0 0 0
72220241 72247943 51832 0.153846 0.076923 51832 51831.921875 0.076923 0 0 0 0 0 0 0 1 0 0 0 0 0
72313550 72342636 54390 117.384613 115.230766 54390 54274.769531 115.230766 0 0 118 113 121 151 158 130 124 155 185 128 115
