27 32
71168348 71197475 54486 94.615387 92.461540 54486 54393.539062 92.461540 105 103 0 0 1 122 131 117 106 162 123 119 113
71261617 71290737 54456 0.307692 0.153846 54456 54455.847656 0.153846 0 0 0 0 0 2 0 0 0 0 0 0 0
71300940 71330116 54580 0.000000 0.000000 54580 54580.000000 0.000000 0 0 0 0 0 0 0 0 0 0 0 0 0
71341748 71370919 54586 0.153846 0.000000 54586 54586.000000 0.000000 0 0 0 0 0 0 0 0 0 0 0 0 0
71381047 71410251 54627 0.538462 0.307692 54627 54626.691406 0.307692 1 0 0 0 0 0 0 1 0 0 1 0 1
71421879 71450994 54489 1.230769 0.923077 54489 54488.078125 0.923077 0 1 0 0 0 1 0 2 1 2 3 2 0
71462666 71490402 51880 2.384615 2.230769 51880 51877.769531 2.230769 4 4 0 0 0 0 0 3 5 1 5 5 2
71502039 71531196 54544 7.692307 7.538462 54544 54536.460938 7.538462 11 5 0 0 0 8 11 12 11 17 11 9 3
71542847 71570478 51680 15.461538 15.307693 51680 51664.691406 15.307693 24 23 0 0 0 17 21 17 18 21 20 17 21
71582127 71609807 51791 29.384615 28.384615 51791 51762.617188 28.384615 33 36 0 0 0 45 43 33 27 29 47 44 32
71621458 71650664 54651 50.923077 49.538460 54651 54601.460938 49.538460 68 64 0 0 0 70 73 52 64 76 75 56 46
71660858 71689920 54380 70.384613 68.615387 54380 54311.382812 68.615387 91 77 0 0 0 87 116 81 78 106 95 87 74
71701588 71729341 51928 93.692307 92.230766 51928 51835.769531 92.230766 107 105 0 0 0 125 135 114 116 137 152 108 100
71741001 71770056 54353 101.461540 99.461540 54353 54253.539062 99.461540 115 117 0 0 1 147 137 123 114 144 185 120 90
71780323 71809396 54388 91.923080 89.615387 54388 54298.382812 89.615387 113 94 0 0 0 121 126 92 129 138 145 110 97
71821071 71848773 51798 70.153847 68.923080 51798 51729.078125 68.923080 83 88 0 0 0 109 89 74 81 104 105 90 73
71861928 71889604 51784 48.692307 47.538460 51784 51736.460938 47.538460 68 55 0 0 0 64 71 53 59 69 65 53 61
71901252 71928885 51684 27.076923 26.461538 51684 51657.539062 26.461538 40 23 0 0 0 36 37 35 29 38 35 47 24
71940539 71969675 54520 16.307692 16.153847 54520 54503.847656 16.153847 19 18 0 1 0 21 28 15 20 27 21 15 25
71979906 72009010 54442 6.384615 6.153846 54442 54435.847656 6.153846 4 8 0 0 0 11 10 6 8 7 11 6 9
72020661 72049870 54642 2.538461 2.384615 54642 54639.617188 2.384615 1 6 0 0 0 4 3 2 3 2 3 6 1
72059977 72089115 54507 0.615385 0.538462 54507 54506.460938 0.538462 1 0 0 0 0 3 0 0 0 1 0 1 1
72100845 72128462 51658 0.538462 0.538462 51658 51657.460938 0.538462 0 1 0 0 0 0 0 0 1 1 3 1 0
72140118 72167878 51926 0.076923 0.076923 51926 51925.921875 0.076923 0 0 0 0 0 0 1 0 0 0 0 0 0
72180973 72208606 51703 0.153846 0.076923 51703 51702.921875 0.076923 1 0 0 0 0 0 0 0 0 0 0 0 0
72220241 72247943 51832 0.000000 0.000000 51832 51832.000000 0.000000 0 0 0 0 0 0 0 0 0 0 0 0 0
72313550 72342636 54390 101.384613 99.076920 54390 54290.921875 99.076920 124 120 0 0 0 150 132 129 128 122 154 116 113
