27 32
71168348 71197475 54488 123.153847 119.769234 54488 54368.230469 119.769234 137 94 98 98 98 126 112 101 150 156 153 123 111
71261617 71290737 54457 0.230769 0.076923 54457 54456.921875 0.076923 0 0 0 0 0 0 0 0 0 0 0 1 0
71300940 71330116 54580 0.384615 0.307692 54580 54579.691406 0.307692 1 0 0 0 1 0 0 0 0 1 1 0 0
71341748 71370919 54586 0.307692 0.230769 54586 54585.769531 0.230769 0 1 0 0 0 0 0 0 0 2 0 0 0
71381047 71410251 54628 0.461538 0.384615 54628 54627.617188 0.384615 0 0 0 0 1 0 2 0 1 0 1 0 0
71421879 71450994 54490 1.000000 0.769231 54490 54489.230469 0.769231 2 1 2 1 0 1 0 0 0 2 0 0 1
71462666 71490402 51882 3.461539 3.307692 51882 51878.691406 3.307692 3 0 4 3 5 4 1 6 3 2 2 4 6
71502039 71531196 54545 8.461538 8.384615 54545 54536.617188 8.384615 6 11 8 4 10 13 9 6 12 8 8 8 6
71542847 71570478 51680 17.538462 16.923077 51680 51663.078125 16.923077 11 14 16 15 18 16 22 14 17 14 22 23 18
71582127 71609807 51792 35.461540 34.923077 51792 51757.078125 34.923077 36 35 40 30 32 45 24 26 28 43 41 38 36
71621458 71650664 54651 61.230770 59.769230 54651 54591.230469 59.769230 63 63 57 56 48 56 54 49 66 77 81 52 55
71660858 71689920 54382 88.769234 86.846153 54382 54295.152344 86.846153 91 87 71 71 85 75 80 68 85 116 121 95 84
71701588 71729341 51929 108.461540 105.923080 51929 51823.078125 105.923080 109 94 109 75 102 83 105 74 99 145 160 110 112
71741001 71770056 54353 121.230766 118.461540 54353 54234.539062 118.461540 121 131 84 97 99 120 122 95 141 146 178 106 100
71780323 71809396 54388 109.384613 106.769234 54388 54281.230469 106.769234 106 99 86 86 82 122 88 81 106 149 142 117 124
71821071 71848773 51798 84.384613 83.384613 51798 51714.617188 83.384613 90 64 62 64 71 87 84 76 93 114 116 92 71
71861928 71889604 51784 61.000000 58.923077 51784 51725.078125 58.923077 69 57 44 40 68 46 45 47 59 84 78 64 65
71901252 71928885 51684 34.384617 33.769230 51684 51650.230469 33.769230 43 27 23 16 25 41 38 28 24 43 40 47 44
71940539 71969675 54520 16.692308 16.230770 54520 54503.769531 16.230770 16 15 14 13 12 9 17 14 17 16 15 29 24
71979906 72009010 54442 7.538462 7.153846 54442 54434.847656 7.153846 5 7 7 5 8 7 4 10 7 9 8 6 10
72020661 72049870 54642 2.923077 2.615385 54642 54639.382812 2.615385 2 5 1 2 2 4 5 0 2 2 4 3 2
72059977 72089115 54509 0.923077 0.769231 54509 54508.230469 0.769231 1 1 2 1 0 0 0 2 1 1 0 0 1
72100845 72128462 51658 1.076923 0.769231 51658 51657.230469 0.769231 2 0 1 0 3 0 1 0 0 0 1 1 1
72140118 72167878 51926 0.230769 0.076923 51926 51925.921875 0.076923 0 0 1 0 0 0 0 0 0 0 0 0 0
72180973 72208606 51703 0.461538 0.307692 51703 51702.691406 0.307692 0 0 1 0 1 0 0 1 0 0 1 0 0
72220241 72247943 51832 0.076923 0.076923 51832 51831.921875 0.076923 0 0 0 0 0 0 0 0 0 1 0 0 0
72313550 72342636 54391 120.307693 118.000000 54391 54273.000000 118.000000 147 121 74 90 111 108 97 93 136 160 154 121 122
