27 32
71168348 71197475 54485 126.384613 123.846153 54485 54361.152344 123.846153 129 109 113 109 114 147 142 143 115 114 145 128 102
71261617 71290737 54455 0.230769 0.076923 54455 54454.921875 0.076923 1 0 0 0 0 0 0 0 0 0 0 0 0
71300940 71330116 54579 0.384615 0.076923 54579 54578.921875 0.076923 0 0 0 0 0 0 0 0 0 0 1 0 0
71341748 71370919 54584 0.461538 0.153846 54584 54583.847656 0.153846 0 0 0 0 0 1 0 0 0 0 1 0 0
71381047 71410251 54627 0.615385 0.461538 54627 54626.539062 0.461538 0 0 0 1 0 0 0 1 0 2 0 2 0
71421879 71450994 54489 1.230769 1.000000 54489 54488.000000 1.000000 0 0 1 0 3 2 0 2 0 0 1 2 2
71462666 71490402 51880 3.307692 2.923077 51880 51877.078125 2.923077 2 4 3 4 2 4 1 2 4 4 4 3 1
71502039 71531196 54544 8.076923 7.769231 54544 54536.230469 7.769231 8 6 8 4 9 8 12 13 4 4 9 7 9
71542847 71570478 51681 16.923077 16.307692 51681 51664.691406 16.307692 17 20 16 14 10 20 14 17 14 12 17 22 19
71582127 71609807 51791 36.615383 35.769230 51791 51755.230469 35.769230 41 31 30 34 35 30 53 39 39 35 32 36 30
71621458 71650664 54651 63.615383 61.692307 54651 54589.308594 61.692307 58 63 52 58 49 86 78 65 45 55 75 63 55
71660858 71689920 54380 94.538460 92.076920 54380 54287.921875 92.076920 96 74 78 83 85 120 117 92 78 84 107 96 87
71701588 71729341 51927 110.769234 108.000000 51927 51819.000000 108.000000 96 87 88 118 112 124 153 111 96 110 103 102 104
71741001 71770056 54353 123.692307 121.846153 54353 54231.152344 121.846153 137 98 103 116 113 115 159 144 97 141 127 128 106
71780323 71809396 54387 121.769234 119.615387 54387 54267.382812 119.615387 123 124 108 101 84 143 138 113 105 123 128 139 126
71821071 71848773 51798 87.384613 85.384613 51798 51712.617188 85.384613 86 78 91 62 81 90 97 112 82 90 86 85 70
71861928 71889604 51782 63.307693 61.923077 51782 51720.078125 61.923077 60 60 57 47 54 83 71 58 48 59 87 66 55
71901252 71928885 51684 34.461540 33.615383 51684 51650.382812 33.615383 38 32 40 17 35 36 50 25 24 32 36 32 40
71940539 71969675 54520 18.076923 17.461538 54520 54502.539062 17.461538 16 18 10 22 11 19 17 19 18 16 18 20 23
71979906 72009010 54440 6.923077 6.692307 54440 54433.308594 6.692307 8 7 7 5 5 8 7 7 6 9 7 5 6
72020661 72049870 54641 2.384615 2.307692 54641 54638.691406 2.307692 5 1 1 0 1 5 2 2 2 4 2 4 1
72059977 72089115 54505 1.153846 1.076923 54505 54503.921875 1.076923 0 0 0 0 2 3 0 0 0 1 2 3 3
72100845 72128462 51657 0.615385 0.538462 51657 51656.460938 0.538462 0 0 1 0 1 0 1 0 2 0 1 1 0
72140118 72167878 51926 0.153846 0.000000 51926 51926.000000 0.000000 0 0 0 0 0 0 0 0 0 0 0 0 0
72180973 72208606 51701 0.384615 0.076923 51701 51700.921875 0.076923 0 0 0 0 1 0 0 0 0 0 0 0 0
72220241 72247943 51832 0.000000 0.000000 51832 51832.000000 0.000000 0 0 0 0 0 0 0 0 0 0 0 0 0
72313550 72342636 54389 129.615387 126.923080 54389 54262.078125 126.923080 146 87 119 110 97 175 158 120 107 117 132 143 139
