27 32
71168348 71197475 54491 124.153847 122.076920 54491 54368.921875 122.076920 164 146 121 85 113 118 125 96 103 123 144 131 118
71261617 71290737 54458 0.230769 0.153846 54458 54457.847656 0.153846 1 0 0 0 0 0 1 0 0 0 0 0 0
71300940 71330116 54584 0.153846 0.153846 54584 54583.847656 0.153846 0 0 0 0 0 1 0 1 0 0 0 0 0
71341748 71370919 54587 0.461538 0.384615 54587 54586.617188 0.384615 1 0 0 0 0 0 1 1 0 0 1 1 0
71381047 71410251 54631 0.538462 0.461538 54631 54630.539062 0.461538 0 0 0 0 0 0 1 1 1 1 2 0 0
71421879 71450994 54491 1.076923 1.076923 54491 54489.921875 1.076923 0 3 0 0 1 2 1 1 3 0 1 1 1
71462666 71490402 51884 3.076923 3.000000 51884 51881.000000 3.000000 3 4 3 3 1 2 4 3 5 3 3 1 4
71502039 71531196 54546 7.615385 7.230769 54546 54538.769531 7.230769 8 8 4 7 6 8 4 6 5 9 11 13 5
71542847 71570478 51683 16.000000 15.307693 51683 51667.691406 15.307693 17 15 17 13 13 15 18 14 9 20 19 16 13
71582127 71609807 51794 36.076923 35.384617 51794 51758.617188 35.384617 36 27 35 33 38 31 35 34 29 55 43 36 28
71621458 71650664 54655 61.153847 59.923077 54655 54595.078125 59.923077 71 67 45 48 61 57 65 51 42 69 73 78 52
71660858 71689920 54384 88.307693 87.076920 54384 54296.921875 87.076920 110 91 82 63 68 89 98 64 108 85 94 105 75
71701588 71729341 51931 106.846153 104.769234 51931 51826.230469 104.769234 146 107 84 76 101 105 80 81 102 121 130 116 113
71741001 71770056 54355 122.461540 119.384613 54355 54235.617188 119.384613 152 112 109 102 110 106 102 85 118 133 136 171 116
71780323 71809396 54389 113.692307 110.384613 54389 54278.617188 110.384613 111 123 95 97 93 91 116 82 130 105 153 132 107
71821071 71848773 51802 85.615387 83.538460 51802 51718.460938 83.538460 87 96 71 69 60 65 77 68 109 96 88 109 91
71861928 71889604 51787 53.153847 51.692307 51787 51735.308594 51.692307 59 50 42 57 55 48 51 31 46 48 73 66 46
71901252 71928885 51687 35.153847 34.230770 51687 51652.769531 34.230770 48 41 27 28 22 26 30 27 36 48 48 38 26
71940539 71969675 54520 16.769230 16.384615 54520 54503.617188 16.384615 24 18 12 13 17 16 15 21 12 21 15 12 17
71979906 72009010 54442 6.615385 6.384615 54442 54435.617188 6.384615 13 4 4 4 6 8 7 4 6 3 6 9 9
72020661 72049870 54644 2.923077 2.769231 54644 54641.230469 2.769231 2 0 0 2 2 3 5 3 3 7 2 5 2
72059977 72089115 54511 0.923077 0.846154 54511 54510.152344 0.846154 3 0 0 0 1 0 1 0 3 1 0 1 1
72100845 72128462 51662 0.461538 0.461538 51662 51661.539062 0.461538 1 0 0 0 0 0 1 1 1 0 1 1 0
72140118 72167878 51928 0.230769 0.230769 51928 51927.769531 0.230769 1 0 0 0 1 1 0 0 0 0 0 0 0
72180973 72208606 51708 0.153846 0.153846 51708 51707.847656 0.153846 0 0 0 0 0 0 0 0 0 0 0 2 0
72220241 72247943 51834 0.076923 0.000000 51834 51834.000000 0.000000 0 0 0 0 0 0 0 0 0 0 0 0 0
72313550 72342636 54393 118.769234 116.384613 54393 54276.617188 116.384613 128 129 94 96 123 117 106 79 117 142 136 127 119
