27 32
71168348 71197475 54489 95.307693 93.153847 54489 54395.847656 93.153847 143 112 0 1 0 115 122 80 104 146 127 125 136
71261617 71290737 54457 0.307692 0.153846 54457 54456.847656 0.153846 0 0 0 0 0 0 0 0 2 0 0 0 0
71300940 71330116 54580 0.230769 0.153846 54580 54579.847656 0.153846 0 0 0 0 0 0 0 0 1 0 0 1 0
71341748 71370919 54587 0.384615 0.230769 54587 54586.769531 0.230769 0 0 0 0 0 0 1 0 2 0 0 0 0
71381047 71410251 54628 0.769231 0.769231 54628 54627.230469 0.769231 0 1 0 0 0 1 0 1 2 2 1 0 2
71421879 71450994 54490 1.076923 0.923077 54490 54489.078125 0.923077 0 0 0 0 0 0 2 1 2 4 1 2 0
71462666 71490402 51882 1.692308 1.538462 51882 51880.460938 1.538462 1 1 0 0 0 3 1 2 1 1 2 5 3
71502039 71531196 54544 5.230769 5.230769 54544 54538.769531 5.230769 10 8 0 0 0 3 7 2 8 6 9 9 6
71542847 71570478 51680 13.461538 13.153846 51680 51666.847656 13.153846 19 12 0 0 0 18 18 9 15 18 23 27 12
71582127 71609807 51791 28.384615 27.461538 51791 51763.539062 27.461538 32 29 0 0 0 37 44 40 40 32 37 37 29
71621458 71650664 54652 48.153847 47.230770 54652 54604.769531 47.230770 59 58 0 0 0 55 71 67 58 73 69 58 46
71660858 71689920 54383 71.384613 69.769234 54383 54313.230469 69.769234 92 82 0 0 0 81 112 69 98 99 92 95 87
71701588 71729341 51928 81.153847 79.692307 51928 51848.308594 79.692307 104 84 0 1 0 105 105 92 98 111 114 124 98
71741001 71770056 54353 91.846153 89.769234 54353 54263.230469 89.769234 112 117 0 0 0 116 113 90 116 118 138 134 113
71780323 71809396 54387 89.307693 87.000000 54387 54300.000000 87.000000 104 119 0 0 0 131 117 87 135 111 97 128 102
71821071 71848773 51798 65.384613 64.000000 51798 51734.000000 64.000000 87 64 0 1 0 72 87 84 71 85 93 106 82
71861928 71889604 51784 47.000000 46.153847 51784 51737.847656 46.153847 65 44 0 0 0 64 57 55 51 64 78 57 65
71901252 71928885 51684 27.384615 26.846153 51684 51657.152344 26.846153 39 33 0 0 0 29 39 36 26 39 42 38 28
71940539 71969675 54520 14.384615 14.000000 54520 54506.000000 14.000000 18 13 0 0 0 13 15 18 17 20 22 26 20
71979906 72009010 54442 6.000000 5.769231 54442 54436.230469 5.769231 9 9 0 0 0 8 8 2 6 7 12 8 6
72020661 72049870 54643 2.153846 2.076923 54643 54640.921875 2.076923 3 1 0 0 0 3 2 0 4 4 3 4 3
72059977 72089115 54509 1.000000 0.769231 54509 54508.230469 0.769231 2 1 0 0 0 1 1 1 0 1 1 2 0
72100845 72128462 51659 0.153846 0.153846 51659 51658.847656 0.153846 0 0 0 0 0 0 0 0 1 0 1 0 0
72140118 72167878 51926 0.307692 0.307692 51926 51925.691406 0.307692 1 0 0 0 0 0 2 0 0 0 0 0 1
72180973 72208606 51703 0.307692 0.230769 51703 51702.769531 0.230769 0 0 0 0 0 0 1 0 0 0 2 0 0
72220241 72247943 51832 0.384615 0.153846 51832 51831.847656 0.153846 0 0 0 0 0 0 0 0 0 0 0 2 0
72313550 72342636 54391 91.461540 89.615387 54391 54301.382812 89.615387 117 105 0 0 0 102 117 94 109 134 155 132 100
