2018.07.31 08:51:10.160,Scan triggered MANUALLY from Panel with mode Forced Enable =  FALSE
2018.07.31 08:51:10.203,Configuration used for Scan: DEFAULT

2018.07.31 08:51:10.219,HpFT0,HpFT1,HpFT2,HpFT3,HpNT0,HpNT1,HpNT2,HpNT3,HmFT0,HmFT1,HmFT2,HmFT3,HmNT0,HmNT1,HmNT2,HmNT3
2018.07.31 08:51:10.233,#channels,v0,v1,i0,i1,rUp,rDwn,triptime,vMaxSoftValue,vMon,iMon,DIP(telescope+instLumi)
2018.07.31 08:51:10.248,16,1,0,1,0,0,0,0,0,1,1,1
2018.07.31 08:51:10.434,#1,100,100,100,100,100,100,100,100,100,100,100,100,100,100,100,100,200,200,200,200,200,200,200,200,200,200,200,200,200,200,200,200,799.97998046875,799.96997070313,800.11999511719,799.96997070313,800.05999755859,800.08001708984,800.02001953125,799.90997314453,500.11999511719,800.16998291016,800.21002197266,800.07000732422,500.04998779297,800.04998779297,800.13000488281,800.19000244141,47.10599899292,41.611999511719,44.701999664307,40.411998748779,50.090000152588,46.801998138428,54.962001800537,42.757999420166,44.944000244141,48.310001373291,40.965999603271,51.900001525879,108.71199798584,45.481998443604,47.068000793457,47.478000640869,3675,2489,3094,2545,3215,3794,3443,3621,1554,3528,3241,3823,0,3289,1440,2651,7.2773036956787
2018.07.31 08:51:20.036,#M,621.96002197266,621.71002197266,623.15002441406,622.82000732422,623.07000732422,624.13000488281,624.38000488281,625.25,325.45001220703,626.59002685547,626.83001708984,627.71002197266,327.95001220703,627.80999755859,629.25,629.28997802734,40.069999694824,34.618000030518,37.265998840332,33.833999633789,41.832000732422,37.194000244141,46.051998138428,36.826000213623,30.885999679565,39.069999694824,33.909999847412,42.352001190186,37.900001525879,36.958000183105,40.175998687744,39.13399887085,3568,2455,2968,2460,3152,3801,3381,3415,1378,3490,3148,3794,0,3136,1520,2556,7.1880798339844
2018.07.31 08:51:30.037,#M,372.51000976563,372.05999755859,373.95001220703,373.54998779297,373.5299987793,374.23001098633,374.95999145508,375.57000732422,100.26000213623,377.20001220703,377.2200012207,378.05999755859,99.709999084473,358.88000488281,360.38000488281,360.73999023438,30.829999923706,27.156000137329,29.062000274658,26.370000839233,32,29.215999603271,34.737998962402,29.233999252319,14.055999755859,29.931999206543,27.104000091553,32.493999481201,15.295999526978,29.398000717163,30.534000396729,30.274000167847,3342,2071,2562,2097,2929,3550,3104,2823,277,3233,2975,3342,0,2901,1798,1931,6.5062518119812
2018.07.31 08:51:40.039,#M,123.05000305176,122.19000244141,124.33000183105,122.7200012207,124.15000152588,124.30999755859,125.84999847412,125.95999908447,100.19999694824,108.20999908447,108.69999694824,109.06999969482,99.76000213623,109.33000183105,110.80999755859,111.33999633789,13.770000457764,14.043999671936,13.887999534607,13.881999969482,13.784000396729,14.034000396729,13.864000320435,14.977999687195,14.567999839783,11.805999755859,11.894000053406,11.763999938965,15.979999542236,11.986000061035,11.965999603271,12.187999725342,640,430,428,972,914,812,775,165,323,159,569,239,0,392,196,243,1.1931955814362
2018.07.31 08:51:50.043,#M,99.419998168945,99.51000213623,99.660003662109,99.839996337891,99.75,99.709999084473,99.73999786377,99.709999084473,100.30999755859,99.809997558594,99.720001220703,99.629997253418,99.75,99.73999786377,99.809997558594,99.73999786377,12.824000358582,12.836000442505,12.727999687195,12.623999595642,12.800000190735,12.798000335693,12.824000358582,13.25,15.145999908447,12.284000396729,12.229999542236,12.307999610901,16.555999755859,12.368000030518,12.336000442505,12.4359998703,556,373,307,883,916,630,596,119,349,74,455,152,0,229,114,146,0.98475748300552
2018.07.31 08:52:00.033,#M,99.519996643066,99.48999786377,99.660003662109,99.910003662109,99.660003662109,99.940002441406,99.76000213623,99.660003662109,100.20999908447,99.779998779297,99.699996948242,99.669998168945,99.800003051758,99.790000915527,99.75,99.800003051758,12.949999809265,12.942000389099,12.85000038147,12.765999794006,12.918000221252,12.904000282288,12.961999893188,13.347999572754,15.295999526978,12.432000160217,12.352000236511,12.449999809265,16.70599937439,12.5,12.46399974823,12.552000045776,589,429,336,980,899,744,594,115,320,88,482,178,0,278,147,182,1.0205974578857
2018.07.31 08:52:10.041,#M,99.589996337891,99.480003356934,99.669998168945,99.779998779297,99.690002441406,99.980003356934,99.769996643066,99.660003662109,100.37000274658,99.819999694824,99.720001220703,99.680000305176,99.860000610352,99.73999786377,99.73999786377,99.839996337891,13.062000274658,13.031999588013,12.960000038147,12.887999534607,13.026000022888,12.989999771118,13.076000213623,13.432000160217,15.338000297546,12.539999961853,12.454000473022,12.565999984741,16.753999710083,12.605999946594,12.578000068665,12.652000427246,564,401,357,987,953,758,658,138,335,92,512,180,0,268,130,206,1.0758051872253
2018.07.31 08:52:20.041,#M,99.589996337891,99.5,99.669998168945,99.809997558594,99.690002441406,100.01999664307,99.75,99.660003662109,100.5299987793,99.830001831055,99.73999786377,99.660003662109,99.849998474121,99.73999786377,99.76000213623,99.889999389648,13.135999679565,13.092000007629,13.026000022888,12.939999580383,13.102000236511,13.057999610901,13.152000427246,13.484000205994,15.368000030518,12.619999885559,12.520000457764,12.642000198364,16.775999069214,12.684000015259,12.654000282288,12.720000267029,588,406,325,946,948,780,689,151,336,121,496,197,0,266,134,204,1.0478477478027
2018.07.31 08:52:30.037,#M,99.599998474121,99.5,99.709999084473,99.790000915527,99.690002441406,99.849998474121,99.779998779297,99.669998168945,100.08000183105,99.809997558594,99.730003356934,99.680000305176,99.860000610352,99.76000213623,99.75,99.839996337891,13.189999580383,13.130000114441,13.078000068665,12.986000061035,13.154000282288,13.097999572754,13.208000183105,13.520000457764,15.380000114441,12.675999641418,12.569999694824,12.706000328064,16.790000915527,12.74199962616,12.710000038147,12.774000167847,646,410,348,941,950,754,698,140,352,101,447,200,0,264,145,204,1.0753265619278
2018.07.31 08:52:40.036,#M,99.589996337891,99.51000213623,99.769996643066,99.480003356934,99.680000305176,99.839996337891,99.779998779297,99.709999084473,100.31999969482,99.839996337891,99.75,99.699996948242,99.860000610352,99.819999694824,99.76000213623,99.910003662109,13.22200012207,13.159999847412,13.112000465393,13.029999732971,13.189999580383,13.112000465393,13.25,13.543999671936,15.383999824524,12.710000038147,12.602000236511,12.746000289917,16.798000335693,12.77799987793,12.755999565125,12.807999610901,601,395,337,933,943,824,704,128,323,110,489,224,0,309,150,191,1.0910748243332
2018.07.31 08:52:40.230,#2,150,150,150,150,150,150,150,150,150,150,150,150,150,150,150,150,200,200,200,200,200,200,200,200,200,200,200,200,200,200,200,200,99.589996337891,99.51000213623,99.769996643066,99.480003356934,99.680000305176,99.839996337891,99.779998779297,99.709999084473,100.31999969482,99.839996337891,99.75,99.699996948242,99.860000610352,99.819999694824,99.76000213623,99.910003662109,13.22200012207,13.159999847412,13.112000465393,13.029999732971,13.189999580383,13.112000465393,13.25,13.543999671936,15.383999824524,12.710000038147,12.602000236511,12.746000289917,16.798000335693,12.77799987793,12.755999565125,12.807999610901,653,451,355,1034,974,823,708,147,332,112,567,208,0,303,144,183,1.0910748243332
2018.07.31 08:52:50.042,#M,149.69000244141,149.88999938965,149.96000671387,148.89999389648,149.75,149.5299987793,149.80000305176,149.83000183105,149.83999633789,149.92999267578,150.02000427246,149.86999511719,149.78999328613,149.91000366211,149.57000732422,149.83999633789,18.934000015259,18.909999847412,18.878000259399,18.611999511719,18.908000946045,18.742000579834,19.063999176025,19.441999435425,22.148000717163,18.388000488281,18.194000244141,18.525999069214,24.45599937439,18.511999130249,18.454000473022,18.715999603271,1076,543,1112,1053,766,1204,1246,1067,278,718,628,1035,0,1027,313,873,2.1718230247498
2018.07.31 08:53:00.042,#M,149.61999511719,149.86000061035,149.86999511719,149.86000061035,149.61000061035,149.69999694824,149.88000488281,149.80000305176,150.11000061035,149.92999267578,150.11999511719,150.11999511719,149.88000488281,149.83999633789,149.78999328613,149.91999816895,18.771999359131,18.766000747681,18.708000183105,18.5,18.738000869751,18.586000442505,18.864000320435,19.290000915527,21.92200088501,18.214000701904,18.07799911499,18.337999343872,24.32200050354,18.332000732422,18.270000457764,18.524000167847,1076,534,1133,1060,692,1199,1251,1088,285,725,645,1101,0,958,322,867,2.170001745224
2018.07.31 08:53:10.042,#M,149.61999511719,149.75,149.92999267578,149.85000610352,149.64999389648,149.61000061035,149.91000366211,149.88999938965,150.11000061035,149.85000610352,150.13999938965,150.07000732422,149.83999633789,149.82000732422,149.83999633789,149.92999267578,18.607999801636,18.618000030518,18.534000396729,18.329999923706,18.576000213623,18.459999084473,18.701999664307,19.167999267578,21.819999694824,18.040000915527,17.916000366211,18.156000137329,24.20599937439,18.166000366211,18.096000671387,18.332000732422,1090,575,1120,1021,756,1207,1267,1042,304,661,730,1055,0,989,317,894,2.1540818214417
2018.07.31 08:53:20.029,#M,149.63999938965,149.75,149.99000549316,150.08999633789,149.66000366211,149.74000549316,149.9700012207,149.88000488281,150.10000610352,149.83999633789,150.33000183105,150.05999755859,149.78999328613,149.86999511719,149.86000061035,149.94000244141,18.497999191284,18.513999938965,18.42200088501,18.263999938965,18.454000473022,18.351999282837,18.554000854492,19.059999465942,21.733999252319,17.903999328613,17.79400062561,18.010000228882,24.121999740601,18.034000396729,17.959999084473,18.181999206543,1115,553,1130,1013,756,1174,1261,1051,287,674,692,1079,0,953,359,844,2.1714866161346
2018.07.31 08:53:30.035,#M,149.69000244141,149.80999755859,149.89999389648,149.7200012207,149.75999450684,149.74000549316,150.05999755859,149.91999816895,149.88000488281,149.91999816895,150.25,150.05999755859,149.74000549316,149.78999328613,149.86999511719,149.94999694824,18.412000656128,18.447999954224,18.333999633789,18.186000823975,18.374000549316,18.288000106812,18.458000183105,18.993999481201,21.686000823975,17.813999176025,17.700000762939,17.909999847412,24.065999984741,17.941999435425,17.864000320435,18.07799911499,1103,536,1149,1047,732,1231,1195,1031,304,691,639,1030,0,939,372,835,2.1299560070038
2018.07.31 08:53:40.039,#M,149.67999267578,149.80999755859,149.91999816895,149.91999816895,149.74000549316,149.64999389648,150.10000610352,149.97999572754,149.80999755859,149.83000183105,150.13999938965,150,149.80000305176,149.85000610352,149.88000488281,149.94999694824,18.360000610352,18.402000427246,18.280000686646,18.17200088501,18.318000793457,18.236000061035,18.393999099731,18.950000762939,21.653999328613,17.746000289917,17.645999908447,17.837999343872,24.02799987793,17.881999969482,17.79400062561,18.007999420166,1155,568,1176,1015,742,1168,1292,1066,314,695,656,1084,0,960,387,803,2.1566185951233
2018.07.31 08:53:45.208,#3,200,200,200,200,200,200,200,200,200,200,200,200,200,200,200,200,200,200,200,200,200,200,200,200,200,200,200,200,200,200,200,200,149.66000366211,149.80000305176,149.92999267578,149.94999694824,149.71000671387,149.61999511719,150.05000305176,149.94000244141,149.86000061035,149.83999633789,150.16999816895,150.08000183105,149.85000610352,149.82000732422,149.88000488281,149.97999572754,18.341999053955,18.381999969482,18.266000747681,18.145999908447,18.304000854492,18.214000701904,18.371999740601,18.936000823975,21.656000137329,17.725999832153,17.625999450684,17.813999176025,24.017999649048,17.864000320435,17.774000167847,17.988000869751,1086,544,1078,1036,703,1216,1233,1032,315,672,686,1033,0,958,354,832,2.1378276348114
2018.07.31 08:53:55.033,#M,199.44000244141,199.63999938965,199.75,199.82000732422,200.11999511719,199.69999694824,199.96000671387,200.17999267578,199.61000061035,199.7200012207,200,199.74000549316,199.94000244141,200.05000305176,199.69000244141,199.94999694824,24.252000808716,23.239999771118,23.95599937439,22.813999176025,24.256000518799,23.781999588013,24.548000335693,24.059999465942,26.497999191284,23.590000152588,22.951999664307,23.983999252319,31.29400062561,23.684000015259,23.79400062561,23.826000213623,837,512,905,618,1319,790,1027,988,920,834,1027,829,0,726,399,549,1.9585287570953
2018.07.31 08:54:05.040,#M,199.63000488281,199.69999694824,199.85000610352,199.86999511719,199.94999694824,199.69999694824,199.94000244141,199.97999572754,199.92999267578,199.74000549316,199.9700012207,199.77000427246,200.00999450684,199.85000610352,199.91999816895,199.92999267578,24.068000793457,23.170000076294,23.805999755859,22.732000350952,24.059999465942,23.631999969482,24.290000915527,23.986000061035,26.431999206543,23.416000366211,22.823999404907,23.738000869751,31.20599937439,23.493999481201,23.565999984741,23.606000900269,799,562,930,625,1291,827,1044,999,909,795,972,864,0,731,353,616,1.9403655529022
2018.07.31 08:54:15.033,#M,199.63000488281,199.67999267578,199.78999328613,199.72999572754,199.99000549316,199.63000488281,199.97999572754,199.99000549316,199.83999633789,199.82000732422,199.91999816895,199.75999450684,199.92999267578,199.83999633789,199.86000061035,199.83999633789,23.902000427246,23.096000671387,23.676000595093,22.687999725342,23.903999328613,23.520000457764,24.090000152588,23.916000366211,26.416000366211,23.242000579834,22.714000701904,23.521999359131,31.121999740601,23.336000442505,23.368000030518,23.441999435425,781,554,875,615,1263,829,1022,1012,799,784,942,812,0,679,426,608,1.9159759283066
2018.07.31 08:54:25.034,#M,199.69000244141,199.66000366211,199.80000305176,199.67999267578,200.00999450684,199.60000610352,200.07000732422,199.92999267578,199.75999450684,199.86999511719,199.88000488281,199.75999450684,199.97999572754,199.86000061035,199.85000610352,199.82000732422,23.781999588013,23.045999526978,23.579999923706,22.631999969482,23.760000228882,23.420000076294,23.941999435425,23.860000610352,26.430000305176,23.107999801636,22.628000259399,23.356000900269,31.059999465942,23.211999893188,23.209999084473,23.305999755859,797,541,895,594,1189,822,1013,942,817,820,939,782,0,745,352,664,1.9106123447418
2018.07.31 08:54:35.045,#M,199.63000488281,199.66000366211,199.80999755859,199.74000549316,200.08000183105,199.63999938965,200.08000183105,199.96000671387,199.78999328613,199.89999389648,199.86999511719,199.80000305176,199.94000244141,199.86000061035,199.83999633789,199.88999938965,23.691999435425,23,23.503999710083,22.593999862671,23.666000366211,23.346000671387,23.82799911499,23.815999984741,26.406000137329,23.020000457764,22.562000274658,23.246000289917,31.021999359131,23.124000549316,23.107999801636,23.214000701904,804,534,929,630,1254,835,1003,972,804,808,909,823,0,699,314,547,1.9047374725342
2018.07.31 08:54:45.035,#M,199.60000610352,199.67999267578,199.83999633789,199.71000671387,200.05999755859,199.63999938965,200.00999450684,199.94999694824,199.86999511719,199.88999938965,199.86000061035,199.82000732422,199.97999572754,199.80999755859,199.88999938965,199.88999938965,23.629999160767,22.969999313354,23.450000762939,22.565999984741,23.601999282837,23.299999237061,23.753999710083,23.785999298096,26.379999160767,22.951999664307,22.513999938965,23.167999267578,30.997999191284,23.062000274658,23.034000396729,23.153999328613,818,609,909,603,1203,808,932,1012,780,709,885,799,0,706,375,609,1.8903307914734
2018.07.31 08:54:51.217,#4,250,250,250,250,250,250,250,250,250,250,250,250,250,250,250,250,200,200,200,200,200,200,200,200,200,200,200,200,200,200,200,200,199.61000061035,199.67999267578,199.83000183105,199.57000732422,200.05000305176,199.66000366211,200.02000427246,199.9700012207,199.83000183105,199.94999694824,199.83000183105,199.80999755859,199.94000244141,199.86000061035,199.91999816895,199.88000488281,23.596000671387,22.958000183105,23.423999786377,22.554000854492,23.568000793457,23.275999069214,23.715999603271,23.774000167847,26.402000427246,22.92200088501,22.493999481201,23.135999679565,30.989999771118,23.035999298096,23,23.124000549316,829,543,923,586,1245,844,1016,1023,843,727,911,794,0,707,344,625,1.9143213033676
2018.07.31 08:55:01.030,#M,249.58999633789,249.83000183105,249.94000244141,249.55999755859,249.71000671387,249.77000427246,249.7200012207,249.71000671387,249.94999694824,249.91999816895,249.71000671387,249.71000671387,249.78999328613,249.80000305176,249.85000610352,250.05999755859,27.974000930786,25.159999847412,26.725999832153,24.52799987793,28.469999313354,26.582000732422,29.579999923706,26.351999282837,28.459999084473,27.124000549316,25.128000259399,28.606000900269,35.029998779297,26.770000457764,27.836000442505,27.271999359131,2273,1211,1756,1402,2506,2187,2317,1053,1289,2555,2418,1808,0,2027,1139,596,4.295060634613
2018.07.31 08:55:11.033,#M,249.49000549316,249.75,249.86999511719,249.63999938965,249.69000244141,249.63999938965,249.72999572754,249.69000244141,249.88999938965,249.91999816895,249.74000549316,249.72999572754,249.89999389648,249.89999389648,249.86999511719,249.88000488281,27.909999847412,25.096000671387,26.673999786377,24.483999252319,28.370000839233,26.538000106812,29.381999969482,26.318000793457,28.42799949646,27.07200050354,25.093999862671,28.47200012207,34.987998962402,26.704000473022,27.729999542236,27.148000717163,2165,1214,1836,1363,2569,2106,2292,1030,1184,2567,2301,1712,0,1941,1071,584,4.2596673965454
2018.07.31 08:55:21.040,#M,249.55000305176,249.75,249.80000305176,249.66000366211,249.7200012207,249.69000244141,249.78999328613,249.69999694824,249.91999816895,249.9700012207,249.80000305176,249.71000671387,249.88999938965,249.83000183105,249.89999389648,249.88999938965,27.837999343872,25.076000213623,26.629999160767,24.459999084473,28.285999298096,26.502000808716,29.238000869751,26.291999816895,28.416000366211,27.007999420166,25.062000274658,28.351999282837,34.945999145508,26.64999961853,27.639999389648,27.045999526978,2163,1142,1778,1408,2581,1991,2280,956,1285,2564,2302,1609,0,1908,1105,592,4.1203203201294
2018.07.31 08:55:31.034,#M,249.58000183105,249.58000183105,249.80000305176,249.63999938965,249.72999572754,249.69000244141,249.80000305176,249.72999572754,249.88000488281,249.94000244141,249.82000732422,249.7200012207,249.88000488281,249.83999633789,249.89999389648,249.88999938965,27.785999298096,25.052000045776,26.593999862671,24.447999954224,28.211999893188,26.468000411987,29.121999740601,26.267999649048,28.406000137329,26.954000473022,25.034000396729,28.253999710083,34.909999847412,26.604000091553,27.563999176025,26.968000411987,2170,1232,1822,1285,2624,1917,2267,1014,1218,2528,2330,1598,0,1858,1050,587,4.1190438270569
2018.07.31 08:55:41.039,#M,249.55000305176,249.75999450684,249.85000610352,249.69999694824,249.74000549316,249.71000671387,249.80999755859,249.7799987793,249.91999816895,249.88999938965,249.85000610352,249.71000671387,249.88999938965,249.78999328613,249.89999389648,249.89999389648,27.75,25.030000686646,26.569999694824,24.430000305176,28.166000366211,26.444000244141,29.04400062561,26.253999710083,28.393999099731,26.92200088501,25.010000228882,28.181999206543,34.88399887085,26.57200050354,27.513999938965,26.917999267578,2102,1143,1782,1309,2561,1967,2314,979,1245,2470,2320,1613,0,1856,1040,541,4.1106839179993
2018.07.31 08:55:51.039,#M,249.55000305176,249.75,249.75,249.66000366211,249.75999450684,249.72999572754,249.80999755859,249.7799987793,249.91000366211,249.91000366211,249.83999633789,249.69999694824,249.91999816895,249.82000732422,249.89999389648,249.89999389648,27.724000930786,25.024000167847,26.555999755859,24.423999786377,28.134000778198,26.430000305176,28.996000289917,26.239999771118,28.388000488281,26.902000427246,24.992000579834,28.135999679565,34.863998413086,26.549999237061,27.474000930786,26.879999160767,2068,1196,1730,1368,2499,1962,2218,997,1177,2557,2387,1567,0,1801,1020,510,4.0668687820435
2018.07.31 08:55:57.213,#5,300,300,300,300,300,300,300,300,300,300,300,300,300,300,300,300,200,200,200,200,200,200,200,200,200,200,200,200,200,200,200,200,249.57000732422,249.78999328613,249.7799987793,249.61000061035,249.75,249.75,249.78999328613,249.72999572754,249.96000671387,249.94000244141,249.85000610352,249.72999572754,249.91000366211,249.80999755859,249.88999938965,249.88999938965,27.718000411987,25.017999649048,26.548000335693,24.42200088501,28.121999740601,26.42799949646,28.974000930786,26.236000061035,28.385999679565,26.884000778198,24.983999252319,28.118000030518,34.85599899292,26.538000106812,27.454000473022,26.861999511719,2058,1221,1685,1310,2649,1872,2364,1022,1181,2441,2357,1510,0,1834,1013,457,4.0329837799072
2018.07.31 08:56:07.043,#M,299.60000610352,299.67999267578,299.70999145508,299.7200012207,299.73999023438,299.73999023438,299.91000366211,299.75,299.98999023438,299.92999267578,299.82998657227,299.86999511719,300.01998901367,300.16000366211,299.9700012207,299.9700012207,29.756000518799,26.32200050354,28.115999221802,25.663999557495,30.625999450684,28.068000793457,32.729999542236,27.871999740601,30.492000579834,28.798000335693,26.347999572754,30.993999481201,37.214000701904,28.315999984741,29.813999176025,29.329999923706,3047,1765,2419,1839,2826,3242,2862,2394,1362,3016,2669,3012,0,2636,1838,1423,5.9052820205688
2018.07.31 08:56:17.036,#M,299.67001342773,299.73001098633,299.75,299.63000488281,299.76000976563,299.79000854492,299.82998657227,299.69000244141,299.9700012207,299.94000244141,299.82998657227,299.7799987793,299.73999023438,299.83999633789,299.94000244141,299.92001342773,29.738000869751,26.304000854492,28.106000900269,25.639999389648,30.60000038147,28.054000854492,32.686000823975,27.857999801636,30.478000640869,28.770000457764,26.32200050354,30.947999954224,37.194000244141,28.295999526978,29.771999359131,29.299999237061,3124,1678,2407,1827,2778,3244,2880,2185,1350,2987,2708,2954,0,2566,1825,1350,-1
2018.07.31 08:56:27.037,#M,299.60000610352,299.73001098633,299.75,299.70999145508,299.7799987793,299.79998779297,299.79000854492,299.70999145508,299.9700012207,299.91000366211,299.83999633789,299.76000976563,299.82998657227,299.82000732422,299.94000244141,299.92999267578,29.718000411987,26.29400062561,28.093999862671,25.628000259399,30.568000793457,28.035999298096,32.64400100708,27.843999862671,30.465999603271,28.746000289917,26.308000564575,30.92200088501,37.175998687744,28.27799987793,29.75,29.271999359131,1476,869,1163,919,1430,1629,1482,1178,716,1441,1325,1568,0,1270,926,658,5.8528070449829
2018.07.31 08:56:37.030,#M,299.54998779297,299.70999145508,299.76998901367,299.70999145508,299.79998779297,299.80999755859,299.79000854492,299.69000244141,299.98001098633,299.89999389648,299.82998657227,299.79000854492,299.86999511719,299.85998535156,299.94000244141,299.92999267578,29.700000762939,26.285999298096,28.079999923706,25.615999221802,30.552000045776,28.025999069214,32.610000610352,27.840000152588,30.461999893188,28.732000350952,26.299999237061,30.903999328613,37.161998748779,28.260000228882,29.729999542236,29.253999710083,3004,1740,2442,1836,2976,3257,2799,2237,1386,2993,2617,3017,0,2600,1805,1344,5.8240242004395
2018.07.31 08:56:47.040,#M,299.54000854492,299.73001098633,299.75,299.69000244141,299.7799987793,299.79000854492,299.7799987793,299.7200012207,299.98001098633,299.98999023438,299.85998535156,299.80999755859,299.79998779297,299.83999633789,299.95001220703,299.94000244141,29.687999725342,26.281999588013,28.068000793457,25.611999511719,30.54400062561,28.025999069214,32.588001251221,27.840000152588,30.459999084473,28.725999832153,26.298000335693,30.881999969482,37.159999847412,28.256000518799,29.72200012207,29.242000579834,2010,1174,1587,1224,1934,2143,1862,1483,919,2028,1836,2030,0,1758,1227,901,-1
2018.07.31 08:56:57.031,#M,299.58999633789,299.75,299.75,299.67999267578,299.79998779297,299.82998657227,299.76998901367,299.70001220703,299.95999145508,299.98001098633,299.85998535156,299.86999511719,299.79998779297,299.83999633789,299.92999267578,299.95001220703,29.691999435425,26.275999069214,28.07200050354,25.614000320435,30.540000915527,28.021999359131,32.576000213623,27.837999343872,30.459999084473,28.72200012207,26.291999816895,30.871999740601,37.158000946045,28.256000518799,29.70599937439,29.236000061035,3013,1698,2334,1778,2945,3171,2808,2261,1370,3070,2743,2949,0,2566,1832,1392,5.8996057510376
2018.07.31 08:57:01.208,#6,325,325,325,325,325,325,325,325,325,325,325,325,325,325,325,325,200,200,200,200,200,200,200,200,200,200,200,200,200,200,200,200,299.54998779297,299.76998901367,299.73999023438,299.67999267578,299.80999755859,299.82000732422,299.75,299.7200012207,299.98001098633,299.98999023438,299.86999511719,299.83999633789,299.79998779297,299.82998657227,299.91000366211,299.95001220703,29.691999435425,26.275999069214,28.073999404907,25.615999221802,30.538000106812,28.024000167847,32.576000213623,27.840000152588,30.459999084473,28.729999542236,26.290000915527,30.874000549316,37.15599822998,28.256000518799,29.704000473022,29.233999252319,3092,1718,2373,1781,2764,3073,2841,2264,1375,3107,2723,3025,0,2606,1805,1331,5.9043846130371
2018.07.31 08:57:11.040,#M,324.69000244141,324.79000854492,324.7799987793,324.70001220703,325.07000732422,324.76998901367,324.82000732422,324.79000854492,324.83999633789,325.08999633789,324.85000610352,324.86999511719,324.92001342773,324.82000732422,324.92999267578,324.79998779297,30.42799949646,26.851999282837,28.718000411987,26.163999557495,31.365999221802,28.691999435425,33.709999084473,28.555999755859,31.483999252319,29.417999267578,26.854000091553,31.752000808716,38.169998168945,28.941999435425,30.493999481201,30.024000167847,2156,1318,1664,1359,1970,2252,1975,1798,923,2094,1871,2122,0,1814,1209,1143,-1
2018.07.31 08:57:21.039,#M,324.7200012207,324.76000976563,324.73999023438,324.76000976563,324.80999755859,324.75,324.79998779297,324.76998901367,324.92001342773,324.98999023438,324.82998657227,324.83999633789,325,324.92001342773,324.91000366211,324.89999389648,30.416000366211,26.843999862671,28.708000183105,26.148000717163,31.354000091553,28.680000305176,33.686000823975,28.548000335693,31.475999832153,29.417999267578,26.840000152588,31.743999481201,38.159999847412,28.923999786377,30.468000411987,30.013999938965,3255,1961,2458,1992,3006,3459,3011,2663,1436,3204,2913,3183,0,2736,1857,1764,6.3106384277344
2018.07.31 08:57:31.040,#M,324.69000244141,324.76998901367,324.73001098633,324.79000854492,324.79000854492,324.76000976563,324.82000732422,324.76998901367,324.91000366211,324.98001098633,324.85000610352,324.85000610352,324.94000244141,324.91000366211,324.89999389648,324.94000244141,30.403999328613,26.843999862671,28.697999954224,26.143999099731,31.346000671387,28.67799949646,33.67200088501,28.548000335693,31.475999832153,29.403999328613,26.836000442505,31.738000869751,38.152000427246,28.912000656128,30.458000183105,30.006000518799,2373,1356,1877,1426,2193,2617,2268,1945,1058,2411,2126,2414,0,2019,1362,1271,6.215883731842
2018.07.31 08:57:36.100,#0,800,800,800,800,800,800,800,800,500,800,800,800,500,800,800,800,200,200,200,200,200,200,200,200,200,200,200,200,200,200,200,200,324.69000244141,324.76000976563,324.75,324.73999023438,324.82000732422,324.76000976563,324.80999755859,324.76000976563,324.92001342773,324.95001220703,324.85998535156,324.85998535156,324.94000244141,324.88000488281,324.89001464844,324.95001220703,30.402000427246,26.837999343872,28.691999435425,26.142000198364,31.343999862671,28.673999786377,33.669998168945,28.548000335693,31.475999832153,29.403999328613,26.833999633789,31.738000869751,38.152000427246,28.908000946045,30.454000473022,30.003999710083,3158,1900,2411,2071,2952,3338,3033,2696,1422,3181,2751,3154,0,2672,1778,1679,6.2220754623413

2018.07.31 08:57:36.122,SCAN Finished with result INTERRUPTED : ENABLE LOST WHILE ONGOING BY FORCED STOP ;
