2018.10.04 11:19:13.982,Scan triggered MANUALLY from Panel with mode Forced Enable =  FALSE
2018.10.04 11:19:14.022,Configuration used for Scan: DEFAULT

2018.10.04 11:19:14.037,HpFT0,HpFT1,HpFT2,HpFT3,HpNT0,HpNT1,HpNT2,HpNT3,HmFT0,HmFT1,HmFT2,HmFT3,HmNT0,HmNT1,HmNT2,HmNT3
2018.10.04 11:19:14.051,#channels,v0,v1,i0,i1,rUp,rDwn,triptime,vMaxSoftValue,vMon,iMon,DIP(telescope+instLumi)
2018.10.04 11:19:14.066,16,1,0,1,0,0,0,0,0,1,1,1
2018.10.04 11:19:14.233,#1,100,100,100,100,100,100,100,100,100,100,100,100,100,100,100,100,200,200,200,200,200,200,200,200,200,200,200,200,200,200,200,200,799.94000244141,799.94000244141,800.09997558594,800.03002929688,800.09002685547,800.15002441406,800.05999755859,799.91998291016,500.14999389648,800.21002197266,800.22998046875,800.09997558594,500.11999511719,800.13000488281,800.14001464844,800.15997314453,116.03600311279,121.65000152588,110.26599884033,112.34200286865,129.34599304199,108.55599975586,131.05799865723,107.03199768066,94.877998352051,127.88400268555,108.46199798584,160.99200439453,162.24000549316,105.10199737549,127.83399963379,122.69599914551,4344503,3397660,3827298,3442188,3683045,4556185,4113839,4383908,2488776,4212630,3894853,4433380,14238,3973684,4364772,3572178,9366.58984375
2018.10.04 11:19:24.026,#M,599.21997070313,600.15002441406,600.35998535156,601.21997070313,601.59002685547,602.59002685547,602.90002441406,603.70001220703,300.2799987793,601.47998046875,601.65997314453,602.61999511719,302.58999633789,603.88000488281,604.10998535156,605.38000488281,83.736000061035,78.641998291016,81.263999938965,74.81600189209,87.709999084473,79.080001831055,91.589996337891,76.164001464844,51.212001800537,85.781997680664,77.680000305176,95.164001464844,65.849998474121,82.139999389648,86.751998901367,88.241996765137,4269153,3317463,3766952,3408202,3643256,4522052,4055852,4276972,2115842,4171429,3845901,4387398,12975,3910671,4282936,3489727,9237.431640625
2018.10.04 11:19:34.031,#M,349.85998535156,350.51998901367,351.01000976563,351.32998657227,352.05999755859,352.64001464844,353.30999755859,353.86999511719,100.40000152588,351.73999023438,352.04998779297,352.92999267578,99.849998474121,354.04998779297,354.51000976563,355.98001098633,48.299999237061,46.939998626709,48.431999206543,46.287998199463,50.301998138428,46.526000976563,52.740001678467,46.602001190186,13.659999847412,49.830001831055,45.562000274658,54.102001190186,15.352000236511,48.923999786377,50.450000762939,56.251998901367,2055743,1441472,1987171,2097991,2353583,2990065,2414780,1814391,65514,2786814,2358302,2731186,2083,1917151,1858861,1338428,5192.8110351563
2018.10.04 11:19:44.028,#M,102.30999755859,102.5,103.08000183105,102.55999755859,103.33000183105,105.55999755859,104.55000305176,104.75,100.93000030518,103.70999908447,103.81999969482,104.09999847412,99.699996948242,105.19000244141,105.40000152588,99.809997558594,7.1960000991821,7.2779998779297,6.960000038147,6.7140002250671,7.3480000495911,7.2080001831055,7.8280000686646,7.0079998970032,15.635999679565,7.4660000801086,6.3340001106262,7.3359999656677,17.607999801636,6.7760000228882,7.1799998283386,8.9399995803833,10671,48022,11213,156838,97086,97884,69086,16207,160611,21460,33737,12643,2865,12386,13967,14915,-1
2018.10.04 11:19:54.030,#M,99.48999786377,99.51000213623,99.980003356934,98.73999786377,99.629997253418,100.16000366211,99.669998168945,99.639999389648,100.33000183105,99.819999694824,99.709999084473,99.709999084473,99.790000915527,99.699996948242,99.800003051758,99.879997253418,8.1960000991821,8.1000003814697,7.9279999732971,7.539999961853,8.2220001220703,7.9640002250671,8.6879997253418,7.7760000228882,15.784000396729,8.3400001525879,7.2800002098083,8.3800001144409,17.815999984741,7.7560000419617,8.1260004043579,9.5480003356934,2360,7671,1964,33987,13187,15585,10971,2939,223000,3023,4457,1582,3321,1531,1968,1565,12.877396583557
2018.10.04 11:20:04.031,#M,99.599998474121,99.51000213623,99.769996643066,99.449996948242,99.660003662109,100.44999694824,99.76000213623,99.709999084473,100.43000030518,99.779998779297,99.690002441406,99.680000305176,99.809997558594,99.779998779297,99.779998779297,99.819999694824,8.289999961853,8.1859998703003,8.0220003128052,7.6220002174377,8.3079996109009,8.0319995880127,8.7740001678467,7.8740000724792,15.802000045776,8.4359998703003,7.3720002174377,8.4720001220703,17.826000213623,7.8499999046326,8.2220001220703,9.6099996566772,2640,8830,2185,39658,14751,18223,12821,3252,224173,3425,5248,1805,3306,1764,2195,1790,15.17600440979
2018.10.04 11:20:14.025,#M,99.589996337891,99.540000915527,99.76000213623,99.720001220703,99.639999389648,100.20999908447,99.800003051758,99.720001220703,100.12999725342,99.769996643066,99.690002441406,99.699996948242,99.830001831055,99.76000213623,99.76000213623,99.860000610352,8.3579998016357,8.25,8.0979995727539,7.6900000572205,8.3739995956421,8.0939998626709,8.8380002975464,7.938000202179,15.807999610901,8.4980001449585,7.441999912262,8.53600025177,17.82200050354,7.9120001792908,8.28600025177,9.6440000534058,2824,9520,2419,42507,15677,20293,13371,3418,226726,3703,5606,2044,3292,1880,2439,1984,16.293285369873
2018.10.04 11:20:24.025,#M,99.580001831055,99.540000915527,99.800003051758,99.940002441406,99.639999389648,100.15000152588,99.800003051758,99.75,100.18000030518,99.819999694824,99.730003356934,99.690002441406,99.830001831055,99.809997558594,99.809997558594,99.940002441406,8.4040002822876,8.293999671936,8.1440000534058,7.75,8.4160003662109,8.1280002593994,8.8800001144409,7.981999874115,15.802000045776,8.539999961853,7.4840002059937,8.5780000686646,17.815999984741,7.960000038147,8.3339996337891,9.6540002822876,3025,9657,2574,44819,16578,20863,14337,3544,228164,3808,6206,2130,3345,2008,2415,2060,17.076194763184
2018.10.04 11:20:34.027,#M,99.610000610352,99.550003051758,99.730003356934,99.889999389648,99.650001525879,100.45999908447,99.800003051758,99.709999084473,100.12999725342,99.860000610352,99.709999084473,99.699996948242,99.800003051758,99.800003051758,99.779998779297,99.889999389648,8.4359998703003,8.3240003585815,8.1800003051758,7.771999835968,8.4460000991821,8.1540002822876,8.9079999923706,8.0139999389648,15.795999526978,8.5659999847412,7.5159997940063,8.6099996566772,17.813999176025,7.9899997711182,8.3640003204346,9.6599998474121,3022,10298,2634,46291,16948,22093,14585,3716,229262,3962,6316,2157,3293,2051,2490,2101,17.780002593994
2018.10.04 11:20:43.182,#2,150,150,150,150,150,150,150,150,150,150,150,150,150,150,150,150,200,200,200,200,200,200,200,200,200,200,200,200,200,200,200,200,99.599998474121,99.550003051758,99.73999786377,99.930000305176,99.650001525879,100.25,99.800003051758,99.73999786377,99.98999786377,99.790000915527,99.720001220703,99.720001220703,99.870002746582,99.809997558594,99.779998779297,99.870002746582,8.4580001831055,8.3420000076294,8.1960000991821,7.8099999427795,8.4659996032715,8.173999786377,8.923999786377,8.0340003967285,15.795999526978,8.5819997787476,7.5339999198914,8.6280002593994,17.813999176025,8.0100002288818,8.3859996795654,9.6660003662109,3196,9982,2640,47645,17217,23156,15358,3746,230834,3886,6472,2220,3369,2117,2703,2241,18.118127822876
2018.10.04 11:20:53.033,#M,149.5,149.88999938965,149.86000061035,151.02000427246,149.83999633789,149.63000488281,150.61999511719,150.88999938965,150.89999389648,149.99000549316,150.05999755859,149.41999816895,150.46000671387,149.97999572754,149.75,149.80000305176,15.413999557495,15.123999595642,15.067999839783,14.522000312805,15.541999816895,14.795999526978,16.319999694824,14.557999610901,24.304000854492,15.635999679565,14.095999717712,15.904000282288,27.903999328613,14.751999855042,15.545999526978,17.708000183105,263176,284252,253240,832929,644485,1001235,659460,207003,592040,252855,342198,172554,4927,204094,201434,210703,1008.7066040039
2018.10.04 11:21:03.026,#M,149.63999938965,149.82000732422,149.94999694824,149.58000183105,150.05000305176,149.61000061035,150.52000427246,150.63999938965,149.94999694824,149.96000671387,150.2799987793,149.63999938965,150.75,149.89999389648,149.83000183105,150.0299987793,15.227999687195,14.965999603271,14.885999679565,14.201999664307,15.359999656677,14.645999908447,16.093999862671,14.376000404358,24.131999969482,15.416000366211,13.871999740601,15.614000320435,27.823999404907,14.486000061035,15.274000167847,17.483999252319,213526,260350,208984,778367,585244,916885,588035,167088,589367,212184,299175,139018,5038,159664,158348,167501,862.58258056641
2018.10.04 11:21:13.025,#M,149.74000549316,149.83000183105,150.0299987793,149.89999389648,150.19000244141,149.66000366211,150.61999511719,150.63000488281,149.9700012207,149.97999572754,150.17999267578,149.80000305176,150.72999572754,149.88000488281,149.82000732422,149.88000488281,15.003999710083,14.78600025177,14.678000450134,14.083999633789,15.147999763489,14.461999893188,15.852000236511,14.196000099182,24.055999755859,15.199999809265,13.663999557495,15.352000236511,27.766000747681,14.244000434875,15.034000396729,17.256000518799,180981,236979,178219,733615,539432,837130,532502,146626,585192,182498,265395,115750,4989,129505,129023,141843,773.34362792969
2018.10.04 11:21:23.027,#M,149.72999572754,149.7799987793,150.0299987793,149.69000244141,150.25,149.77000427246,150.69999694824,150.41999816895,150.08999633789,149.99000549316,150.13000488281,149.86999511719,150.63999938965,149.94000244141,149.78999328613,149.96000671387,14.812000274658,14.640000343323,14.501999855042,13.873999595642,14.970000267029,14.307999610901,15.64999961853,14.038000106812,23.979999542236,15.026000022888,13.47200012207,15.121999740601,27.724000930786,14.031999588013,14.821999549866,17.054000854492,159622,222331,155628,700820,503693,774693,489276,130733,584449,162506,244075,102496,4900,113614,114210,124520,717.44879150391
2018.10.04 11:21:33.034,#M,149.64999389648,149.88000488281,150.14999389648,149.85000610352,150.24000549316,149.67999267578,150.69999694824,150.42999267578,149.94999694824,149.94000244141,150.19000244141,149.89999389648,150.58000183105,149.91999816895,149.85000610352,150.00999450684,14.668000221252,14.526000022888,14.371999740601,13.77799987793,14.836000442505,14.175999641418,15.496000289917,13.916000366211,23.931999206543,14.887999534607,13.326000213623,14.942000389099,27.690000534058,13.868000030518,14.656000137329,16.898000717163,140632,215787,141118,663634,479834,722297,454693,114559,583137,149007,228475,91571,4979,104259,102329,110008,667.78295898438
2018.10.04 11:21:43.033,#M,149.66000366211,149.88000488281,150.05999755859,149.55000305176,150.46000671387,149.71000671387,150.71000671387,150.41999816895,149.74000549316,149.91000366211,149.96000671387,149.94999694824,150.4700012207,150,149.88000488281,150.05999755859,14.562000274658,14.434000015259,14.270000457764,13.680000305176,14.736000061035,14.079999923706,15.378000259399,13.821999549866,23.930000305176,14.765999794006,13.208000183105,14.810000419617,27.670000076294,13.74199962616,14.531999588013,16.775999069214,130742,208421,130146,649041,454607,679143,428995,108486,581499,139271,212581,84097,4899,97513,93838,102545,633.65063476563
2018.10.04 11:21:48.176,#3,200,200,200,200,200,200,200,200,200,200,200,200,200,200,200,200,200,200,200,200,200,200,200,200,200,200,200,200,200,200,200,200,149.67999267578,149.86999511719,149.9700012207,149.58000183105,150.39999389648,149.72999572754,150.72999572754,150.49000549316,149.66000366211,149.88999938965,150.03999328613,149.96000671387,150.55000305176,149.96000671387,149.88000488281,150.07000732422,14.52799987793,14.404000282288,14.234000205994,13.647999763489,14.701999664307,14.045999526978,15.340000152588,13.789999961853,23.931999206543,14.736000061035,13.178000450134,14.763999938965,27.659999847412,13.697999954224,14.486000061035,16.728000640869,126421,204710,125863,640484,451784,674674,423071,106513,582997,135926,209603,79612,4868,93054,91409,99224,616.27630615234
2018.10.04 11:21:58.035,#M,199.57000732422,199.55000305176,199.69999694824,199.38999938965,199.96000671387,199.69000244141,199.88999938965,200.16999816895,199.92999267578,199.64999389648,199.80000305176,199.75999450684,199.83999633789,199.86000061035,199.86999511719,199.92999267578,22.954000473022,22.482000350952,22.79400062561,21.697999954224,23.408000946045,22.195999145508,24.611999511719,21.736000061035,33.147998809814,23.940000534058,21.719999313354,24.333999633789,39.504001617432,22.635999679565,23.659999847412,26.770000457764,1048459,621905,1036695,960825,1025439,1434413,1347435,972450,1127322,823191,761294,913648,8013,932844,1171585,970264,2463.6220703125
2018.10.04 11:22:08.026,#M,199.60000610352,199.61000061035,199.80000305176,199.82000732422,199.85000610352,199.69999694824,199.92999267578,200.13000488281,200.21000671387,199.89999389648,199.91000366211,199.7200012207,199.86000061035,199.82000732422,199.80000305176,199.94000244141,22.719999313354,22.326000213623,22.565999984741,21.488000869751,23.191999435425,21.95599937439,24.315999984741,21.530000686646,33.049999237061,23.690000534058,21.47200012207,24.076000213623,39.431999206543,22.361999511719,23.420000076294,26.502000808716,999306,605020,977809,982251,1039114,1465897,1343100,879749,1113257,787966,737434,845428,7868,856640,1042553,901606,2379.5026855469
2018.10.04 11:22:18.034,#M,199.61999511719,199.58999633789,199.7799987793,199.63999938965,199.97999572754,199.67999267578,199.91999816895,200.11999511719,200.30999755859,199.88000488281,199.85000610352,199.77000427246,199.86999511719,199.7799987793,199.91000366211,199.86999511719,22.496000289917,22.186000823975,22.379999160767,21.340000152588,23.025999069214,21.757999420166,24.07799911499,21.356000900269,32.984001159668,23.489999771118,21.275999069214,23.805999755859,39.386001586914,22.131999969482,23.201999664307,26.263999938965,948751,591481,936219,994034,1044652,1471696,1331781,823881,1107477,767082,729408,802142,7709,814634,961846,854422,2308.4321289063
2018.10.04 11:22:28.033,#M,199.61999511719,199.61999511719,199.75,199.7200012207,199.99000549316,199.67999267578,200,200.13000488281,199.99000549316,199.86000061035,199.88999938965,199.71000671387,199.89999389648,199.80999755859,199.89999389648,199.88999938965,22.298000335693,22.054000854492,22.215999603271,21.195999145508,22.875999450684,21.569999694824,23.865999221802,21.195999145508,32.987998962402,23.308000564575,21.097999572754,23.524000167847,39.349998474121,21.92200088501,23.034000396729,26.048000335693,911034,583528,901078,1004885,1041863,1479560,1314784,768062,1102905,744775,717936,759127,7707,770662,896557,813614,2243.5659179688
2018.10.04 11:22:38.024,#M,199.61000061035,199.63000488281,199.75,199.75999450684,199.9700012207,199.69000244141,200.0299987793,200.16999816895,200,199.86999511719,199.92999267578,199.77000427246,199.91000366211,199.82000732422,199.91999816895,199.92999267578,22.139999389648,21.947999954224,22.086000442505,21.082000732422,22.753999710083,21.423999786377,23.697999954224,21.076000213623,32.959999084473,23.173999786377,20.95599937439,23.354000091553,39.32799911499,21.760000228882,22.913999557495,25.884000778198,887238,573792,871727,1010327,1042775,1481858,1302171,735740,1100480,726343,696225,724547,7786,746729,843835,776548,2194.3933105469
2018.10.04 11:22:48.032,#M,199.61999511719,199.61000061035,199.80999755859,199.75,199.99000549316,199.69999694824,200.00999450684,200.2200012207,200.10000610352,199.96000671387,199.91999816895,199.80000305176,199.94999694824,199.85000610352,199.94000244141,199.88000488281,22.017999649048,21.860000610352,21.988000869751,20.996000289917,22.645999908447,21.305999755859,23.563999176025,20.975999832153,32.970001220703,23.059999465942,20.856000900269,23.236000061035,39.305999755859,21.639999389648,22.82200050354,25.75,868814,573091,850945,1016025,1042350,1483067,1295140,717552,1095527,717400,687741,701603,7754,722467,819853,758231,2157.9016113281
2018.10.04 11:22:54.183,#4,250,250,250,250,250,250,250,250,250,250,250,250,250,250,250,250,200,200,200,200,200,200,200,200,200,200,200,200,200,200,200,200,199.61000061035,199.63000488281,199.80000305176,199.63000488281,200,199.66999816895,200.00999450684,200.21000671387,200.03999328613,199.92999267578,199.89999389648,199.7799987793,199.91999816895,199.86000061035,199.94999694824,199.85000610352,21.95599937439,21.813999176025,21.940000534058,20.950000762939,22.591999053955,21.247999191284,23.506000518799,20.923999786377,32.970001220703,23.013999938965,20.812000274658,23.186000823975,39.296001434326,21.583999633789,22.77799987793,25.684000015259,848934,559558,842074,1020864,1040460,1479187,1290634,701593,1093316,711413,685944,683773,7702,708487,798003,741640,2136.0065917969
2018.10.04 11:23:04.029,#M,249.63000488281,249.55000305176,249.71000671387,249.72999572754,249.63999938965,249.61999511719,249.75,249.80000305176,249.91000366211,250.17999267578,249.9700012207,249.69000244141,249.88999938965,249.91000366211,250.11000061035,249.96000671387,31.441999435425,31.025999069214,31.663999557495,30.242000579834,32.506000518799,30.697999954224,33.872001647949,29.809999465942,42.276000976563,32.973999023438,29.92799949646,33.590000152588,51.821998596191,31.114000320435,32.965999603271,36.293998718262,1032860,749731,1004757,960021,1067547,1457103,1231538,1244221,1619577,1326502,961229,1113980,10167,939399,1366326,954045,2703.04296875
2018.10.04 11:23:14.031,#M,249.5299987793,249.69000244141,249.80999755859,249.7200012207,249.74000549316,249.72999572754,249.77000427246,249.67999267578,250.10000610352,249.80000305176,249.80999755859,249.7200012207,249.80000305176,249.86999511719,249.92999267578,249.80999755859,31.256000518799,30.926000595093,31.545999526978,30.128000259399,32.341999053955,30.77799987793,33.90599822998,29.836000442505,42.201999664307,32.849998474121,29.781999588013,33.39400100708,51.773998260498,30.902000427246,32.768001556396,36.166000366211,1034989,735085,1017523,937891,1038739,1406029,1225621,1252357,1610960,1245653,926597,1090090,10330,941836,1388467,971361,2669.130859375
2018.10.04 11:23:24.031,#M,249.5299987793,249.67999267578,249.7799987793,249.63000488281,249.80000305176,249.75999450684,249.77000427246,249.71000671387,250,249.88999938965,249.83999633789,249.72999572754,249.83999633789,249.80000305176,249.92999267578,249.83999633789,31.104000091553,30.826000213623,31.447999954224,30.021999359131,32.203998565674,30.64999961853,33.852001190186,29.85000038147,42.194000244141,32.759998321533,29.531999588013,33.290000915527,51.751998901367,30.742000579834,32.597999572754,36.054000854492,1037257,729866,1026160,925477,1022183,1381532,1224286,1251178,1603686,1201380,911875,1076136,10170,944147,1398114,978273,2651.1633300781
2018.10.04 11:23:34.027,#M,249.55000305176,249.75999450684,249.78999328613,249.69000244141,249.78999328613,249.7200012207,249.77000427246,249.71000671387,249.96000671387,249.94999694824,249.86000061035,249.74000549316,249.86000061035,249.80000305176,249.94999694824,249.86999511719,30.968000411987,30.725999832153,31.341999053955,29.926000595093,32.076000213623,30.493999481201,33.743999481201,29.766000747681,42.180000305176,32.625999450684,29.305999755859,33.192001342773,51.737998962402,30.591999053955,32.450000762939,35.93399810791,1040998,721430,1032649,920972,1008711,1367912,1228649,1252602,1596881,1179575,900882,1070157,10081,945740,1405082,987595,2643.9858398438
2018.10.04 11:23:44.032,#M,249.58000183105,249.74000549316,249.78999328613,249.72999572754,249.78999328613,249.69000244141,249.75999450684,249.72999572754,249.97999572754,249.92999267578,249.85000610352,249.75999450684,249.86000061035,249.7799987793,249.91000366211,249.91000366211,30.860000610352,30.635999679565,31.253999710083,29.847999572754,31.979999542236,30.356000900269,33.63399887085,29.670000076294,42.173999786377,32.515998840332,29.17200088501,33.104000091553,51.740001678467,30.478000640869,32.32799911499,35.835998535156,1046108,717998,1042227,916644,999563,1357868,1230482,1251250,1601781,1157339,894179,1067907,10065,943417,1406017,988741,2635.5014648438
2018.10.04 11:23:54.032,#M,249.61000061035,249.7799987793,249.77000427246,249.66999816895,249.80000305176,249.71000671387,249.78999328613,249.72999572754,249.92999267578,249.92999267578,249.86000061035,249.74000549316,249.86999511719,249.82000732422,249.96000671387,249.91999816895,30.774000167847,30.559999465942,31.181999206543,29.784000396729,31.906000137329,30.233999252319,33.532001495361,29.582000732422,42.166000366211,32.425998687744,29.082000732422,33.034000396729,51.740001678467,30.385999679565,32.228000640869,35.590000152588,1049168,715329,1044636,911893,994976,1346185,1230928,1246699,1598058,1141589,885754,1066199,10064,946826,1408532,993840,2629.7834472656
2018.10.04 11:24:00.196,#5,300,300,300,300,300,300,300,300,300,300,300,300,300,300,300,300,200,200,200,200,200,200,200,200,200,200,200,200,200,200,200,200,249.61999511719,249.61000061035,249.7799987793,249.66000366211,249.78999328613,249.7200012207,249.78999328613,249.74000549316,249.91999816895,249.99000549316,249.88999938965,249.74000549316,249.86999511719,249.82000732422,249.99000549316,249.92999267578,30.729999542236,30.525999069214,30.993999481201,29.753999710083,31.865999221802,30.17200088501,33.481998443604,29.535999298096,42.166000366211,32.39400100708,29.038000106812,32.998001098633,51.745998382568,30.341999053955,32.187999725342,35.515998840332,1049310,715824,1043344,911408,996781,1346325,1231930,1244296,1601348,1135082,883466,1064856,10119,947826,1406026,994394,2629.0932617188
2018.10.04 11:24:10.030,#M,299.58999633789,299.70999145508,299.63000488281,299.7200012207,300.01998901367,299.98001098633,299.82000732422,299.85000610352,300.0299987793,299.73001098633,299.79000854492,299.83999633789,299.91000366211,300.04998779297,299.92999267578,299.89999389648,40.335998535156,39.583999633789,40.636001586914,38.908000946045,41.759998321533,39.049999237061,43.714000701904,38.296001434326,50.944000244141,42.206001281738,37.824001312256,43.428001403809,64.599998474121,39.973999023438,42.034000396729,45.372001647949,1423041,989008,1293892,1476510,1739877,2324871,1715632,1280441,2012619,2165921,1550706,1851367,12580,1212550,1262640,943621,3717.6206054688
2018.10.04 11:24:20.027,#M,299.58999633789,299.70999145508,299.66000366211,299.67999267578,299.80999755859,299.85998535156,299.79000854492,299.7200012207,300.08999633789,300.01998901367,299.69000244141,299.86999511719,299.83999633789,299.79998779297,299.98001098633,299.94000244141,40.166000366211,39.450000762939,40.47200012207,38.84400177002,41.613998413086,38.953998565674,43.551998138428,38.240001678467,50.937999725342,42.138000488281,37.67200088501,43.236000061035,64.613998413086,39.787998199463,41.860000610352,45.291999816895,1386571,964731,1256720,1434404,1708609,2258647,1671936,1263504,2003136,2121078,1497441,1795827,12484,1173536,1249577,932085,3621.6010742188
2018.10.04 11:24:30.030,#M,299.60998535156,299.7200012207,299.73001098633,299.73001098633,299.85000610352,299.82000732422,299.79000854492,299.70999145508,300.0299987793,299.9700012207,299.79998779297,299.85000610352,299.85000610352,299.80999755859,299.94000244141,299.94000244141,40.02799987793,39.346000671387,40.346000671387,38.751998901367,41.484001159668,38.860000610352,43.428001403809,38.187999725342,50.936000823975,42.034000396729,37.554000854492,43.096000671387,64.660003662109,39.63399887085,41.701999664307,45.237998962402,1360428,957584,1226735,1410668,1673831,2224819,1643446,1249420,2003051,2090259,1461088,1777033,12482,1154189,1245859,925571,3556.658203125
2018.10.04 11:24:40.033,#M,299.60998535156,299.7200012207,299.7200012207,299.76000976563,299.83999633789,299.83999633789,299.76000976563,299.76000976563,300.0299987793,300,299.82000732422,299.85000610352,299.85000610352,299.85998535156,299.98001098633,299.92001342773,39.891998291016,39.237998962402,40.023998260498,38.669998168945,41.369998931885,38.75,43.32799911499,38.108001708984,50.936000823975,41.944000244141,37.450000762939,42.979999542236,64.694000244141,39.515998840332,41.574001312256,45.178001403809,1339856,952262,1220193,1394425,1654623,2194607,1623327,1247325,2004517,2063487,1444325,1747770,12496,1143875,1241800,921045,3520.6108398438
2018.10.04 11:24:50.038,#M,299.60000610352,299.7200012207,299.79000854492,299.76000976563,299.82998657227,299.85000610352,299.7799987793,299.75,300.10998535156,300,299.80999755859,299.85000610352,299.83999633789,299.85000610352,299.98001098633,299.92001342773,39.807998657227,39.161998748779,39.759998321533,38.618000030518,41.290000915527,38.664001464844,43.270000457764,38.035999298096,50.944000244141,41.847999572754,37.377998352051,42.771999359131,64.725997924805,39.444000244141,41.486000061035,45.139999389648,1326274,938026,1208692,1377999,1638952,2176773,1605600,1238714,2001421,2053320,1441376,1749109,12300,1131496,1238375,918718,3495.8610839844
2018.10.04 11:25:00.029,#M,299.66000366211,299.73001098633,299.75,299.7799987793,299.82000732422,299.83999633789,299.80999755859,299.7799987793,300.01998901367,300.07998657227,299.82998657227,299.85000610352,299.83999633789,299.85998535156,299.9700012207,299.92999267578,39.743999481201,39.111999511719,39.659999847412,38.576000213623,41.236000061035,38.596000671387,43.217998504639,37.970001220703,50.950000762939,41.782001495361,37.326000213623,42.391998291016,64.732002258301,39.391998291016,41.425998687744,45.122001647949,1309234,933854,1204586,1370559,1630159,2151791,1596283,1236191,1994874,2034197,1420274,1731603,12230,1118108,1232429,912491,3474.1535644531
2018.10.04 11:25:06.179,#6,325,325,325,325,325,325,325,325,325,325,325,325,325,325,325,325,200,200,200,200,200,200,200,200,200,200,200,200,200,200,200,200,299.64001464844,299.73999023438,299.75,299.79998779297,299.83999633789,299.88000488281,299.79000854492,299.76000976563,300.01000976563,300.04998779297,299.79998779297,299.85998535156,299.85000610352,299.88000488281,299.95001220703,299.95001220703,39.712001800537,39.090000152588,39.625999450684,38.554000854492,41.214000701904,38.557998657227,43.195999145508,37.937999725342,50.958000183105,41.736000061035,37.301998138428,42.296001434326,64.732002258301,39.368000030518,41.402000427246,45.118000030518,1308906,930185,1190819,1367051,1624773,2143687,1588197,1233518,1996942,2034628,1405101,1723350,12153,1117016,1233569,913336,3456.8505859375
2018.10.04 11:25:16.028,#M,324.76998901367,324.89999389648,324.98001098633,324.45999145508,324.73001098633,324.92999267578,324.7200012207,324.76000976563,324.95999145508,324.88000488281,324.85998535156,324.89001464844,324.98999023438,324.79998779297,324.85000610352,324.86999511719,44.408000946045,43.456001281738,44.257999420166,43.021999359131,46.041999816895,42.776000976563,48.299999237061,42.145999908447,54.914001464844,46.515998840332,41.568000793457,47.305999755859,71.204002380371,44.080001831055,46.186000823975,50.083999633789,1708675,1162960,1635635,1747427,2039781,2666330,2053270,1469423,2184668,2464632,1899618,2300724,13502,1481331,1417212,1059223,4363.8466796875
2018.10.04 11:25:26.029,#M,324.75,324.69000244141,324.76998901367,324.70001220703,324.76998901367,324.7799987793,324.83999633789,324.79998779297,325.04998779297,325.0299987793,324.86999511719,324.92999267578,325,324.92999267578,324.91000366211,324.83999633789,44.34400177002,43.414001464844,44.195999145508,42.964000701904,45.981998443604,42.686000823975,48.214000701904,42.082000732422,54.916000366211,46.520000457764,41.518001556396,47.231998443604,71.251998901367,43.981998443604,46.10599899292,50.063999176025,1682330,1140997,1610015,1723302,2028922,2644183,2033232,1456474,2183283,2440492,1872653,2279147,13348,1456251,1406780,1045210,4309.74609375
2018.10.04 11:25:36.024,#M,324.7200012207,324.69000244141,324.75,324.69000244141,324.85000610352,324.82000732422,324.85998535156,324.79998779297,325.01998901367,324.9700012207,324.89999389648,324.91000366211,324.95001220703,324.95999145508,324.92001342773,324.85000610352,44.282001495361,43.349998474121,44.141998291016,42.903999328613,45.919998168945,42.576000213623,48.147998809814,42.021999359131,54.914001464844,46.506000518799,41.458000183105,47.159999847412,71.283996582031,43.914001464844,46.032001495361,50.020000457764,1679629,1141446,1595823,1723110,2015243,2634857,2028097,1445918,2184074,2440743,1855813,2265569,13665,1444667,1394684,1038492,4289.0659179688
2018.10.04 11:25:46.032,#M,324.73001098633,324.69000244141,324.85998535156,324.75,324.76998901367,324.79000854492,324.86999511719,324.82000732422,324.95001220703,324.98999023438,324.88000488281,324.86999511719,324.95999145508,324.94000244141,324.92999267578,324.89001464844,44.231998443604,43.301998138428,44.076000213623,42.504001617432,45.861999511719,42.490001678467,48.090000152588,41.973999023438,54.917999267578,46.479999542236,41.416000366211,47.099998474121,71.305999755859,43.86600112915,45.967998504639,49.978000640869,1664032,1135784,1587872,1720095,2013755,2627727,2007582,1445486,2184939,2430363,1847396,2251071,13510,1433937,1397763,1034172,4273.3569335938
2018.10.04 11:25:56.031,#M,324.76000976563,324.73001098633,324.86999511719,324.70001220703,324.82998657227,324.80999755859,324.86999511719,324.82998657227,325.01998901367,325.04998779297,324.86999511719,324.85998535156,324.92999267578,324.91000366211,324.92001342773,324.89001464844,44.192001342773,43.265998840332,44.041999816895,42.330001831055,45.824001312256,42.423999786377,48.054000854492,41.928001403809,54.917999267578,46.450000762939,41.380001068115,47.057998657227,71.304000854492,43.818000793457,45.919998168945,49.956001281738,1668502,1133299,1586547,1723774,2009279,2631795,2002871,1438034,2185788,2427167,1852181,2256377,13718,1427960,1394206,1038166,4265.4008789063
2018.10.04 11:26:06.027,#M,324.76000976563,324.75,324.70999145508,324.75,324.82998657227,324.79000854492,324.86999511719,324.82000732422,325,325.07998657227,324.88000488281,324.85000610352,324.92001342773,324.85998535156,324.95999145508,324.83999633789,44.153999328613,43.236000061035,44.018001556396,42.270000457764,45.790000915527,42.377998352051,48.021999359131,41.888000488281,54.916000366211,46.411998748779,41.349998474121,47.023998260498,71.293998718262,43.798000335693,45.889999389648,49.944000244141,1667955,1130064,1584464,1724646,2009328,2625782,1999987,1432983,2184783,2423851,1848113,2246553,13410,1432465,1391883,1036391,4258.9028320313
2018.10.04 11:26:09.189,#7,350,350,350,350,350,350,350,350,350,350,350,350,350,350,350,350,200,200,200,200,200,200,200,200,200,200,200,200,200,200,200,200,324.73999023438,324.76998901367,324.7799987793,324.76000976563,324.82000732422,324.79998779297,324.86999511719,324.80999755859,325.01998901367,325.0299987793,324.89001464844,324.85000610352,324.92001342773,324.85998535156,324.94000244141,324.80999755859,44.150001525879,43.231998443604,44.004001617432,42.265998840332,45.784000396729,42.372001647949,48.018001556396,41.881999969482,54.914001464844,46.400001525879,41.34400177002,47.018001556396,71.290000915527,43.796001434326,45.88399887085,49.939998626709,1661430,1132330,1588743,1723716,2011884,2629987,2011434,1435955,2191859,2425009,1846639,2250182,13568,1430482,1387398,1032401,4257.3959960938
2018.10.04 11:26:19.026,#M,349.86999511719,349.76000976563,350.2200012207,349.85998535156,349.91000366211,349.95001220703,349.82000732422,349.88000488281,349.98999023438,350.20999145508,349.94000244141,349.7200012207,349.95001220703,350.04000854492,349.76000976563,349.89999389648,48.787998199463,47.555999755859,48.585998535156,46.481998443604,50.57799911499,46.611999511719,53.015998840332,46.015998840332,59.071998596191,51.111999511719,45.534000396729,52.026000976563,78.36799621582,48.363998413086,50.61600112915,54.810001373291,2094257,1443823,2035073,2090780,2337092,3023740,2417129,1820527,2314141,2766797,2318133,2713061,14530,1879437,1790179,1306676,5174.6108398438
2018.10.04 11:26:29.033,#M,349.7799987793,349.7799987793,349.76998901367,349.73999023438,349.89999389648,349.79998779297,349.79998779297,349.73999023438,350.14999389648,349.98999023438,349.86999511719,349.88000488281,349.92999267578,349.85998535156,350.08999633789,349.89001464844,48.720001220703,47.498001098633,48.501998901367,46.436000823975,50.515998840332,46.479999542236,52.919998168945,45.925998687744,58.751998901367,50.939998626709,45.486000061035,51.93399810791,78.412002563477,48.251998901367,50.549999237061,54.757999420166,2090974,1433801,2017157,2079740,2325602,3007009,2408113,1806360,2312139,2772686,2302034,2704411,14376,1868708,1772932,1292971,5153.4877929688
2018.10.04 11:26:39.030,#M,349.76000976563,349.76000976563,349.79000854492,349.70999145508,349.95999145508,349.82998657227,349.79998779297,349.80999755859,350.17001342773,350.04998779297,349.86999511719,349.85998535156,349.92001342773,349.88000488281,350.01998901367,349.89999389648,48.667999267578,47.442001342773,48.448001861572,46.368000030518,50.464000701904,46.389999389648,52.847999572754,45.868000030518,58.740001678467,50.439998626709,45.431999206543,51.872001647949,78.473999023438,48.175998687744,50.476001739502,54.715999603271,2067386,1426347,2017804,2075231,2324319,3002659,2397878,1802639,2309349,2767603,2282728,2691704,14604,1862435,1762768,1287732,5128.5366210938
2018.10.04 11:26:49.032,#M,349.7200012207,349.80999755859,349.80999755859,349.73001098633,349.95001220703,349.82998657227,349.79000854492,349.79000854492,350.14999389648,350.0299987793,349.89001464844,349.88000488281,349.9700012207,349.82000732422,349.98999023438,349.88000488281,48.636001586914,47.40599822998,48.40599822998,46.32799911499,50.419998168945,46.326000213623,52.785999298096,45.832000732422,58.726001739502,50.285999298096,45.389999389648,51.821998596191,78.517997741699,48.200000762939,50.430000305176,54.681999206543,2062420,1401524,2003619,2057144,2315920,2986539,2387052,1785363,2296850,2745562,2289180,2679693,14313,1838285,1751926,1263706,5098.2509765625
2018.10.04 11:26:59.024,#M,349.70999145508,349.80999755859,349.83999633789,349.70001220703,349.95999145508,349.80999755859,349.79998779297,349.82998657227,350.2200012207,350.0299987793,349.89999389648,349.88000488281,349.9700012207,349.79998779297,349.98999023438,349.86999511719,48.604000091553,47.375999450684,48.375999450684,46.284000396729,50.38399887085,46.291999816895,52.743999481201,45.804000854492,58.731998443604,50.215999603271,45.358001708984,51.804000854492,78.547996520996,48.203998565674,50.389999389648,54.647998809814,2054044,1408859,1999345,2050576,2306269,2978628,2383011,1794247,2299320,2744146,2257181,2674154,14350,1828679,1756309,1268874,5086.9072265625
2018.10.04 11:27:09.034,#M,349.76000976563,349.79000854492,349.80999755859,349.70999145508,349.98001098633,349.86999511719,349.79000854492,349.82000732422,350.10000610352,350.07000732422,349.89999389648,349.83999633789,349.94000244141,349.86999511719,349.98999023438,349.89001464844,48.574001312256,47.354000091553,48.352001190186,46.256000518799,50.361999511719,46.273998260498,52.720001220703,45.787998199463,58.784000396729,50.178001403809,45.335998535156,51.785999298096,78.564002990723,48.195999145508,50.361999511719,54.618000030518,2051661,1394807,1997787,2057675,2308204,2982348,2374251,1790349,2301520,2742913,2263966,2673649,14412,1831368,1752797,1266512,5083.1337890625
2018.10.04 11:27:13.183,#8,375,375,375,375,375,375,375,375,375,375,375,375,375,375,375,375,200,200,200,200,200,200,200,200,200,200,200,200,200,200,200,200,349.73999023438,349.80999755859,349.79998779297,349.73999023438,349.95999145508,349.88000488281,349.79000854492,349.7799987793,350.17001342773,350.05999755859,349.89999389648,349.88000488281,349.95001220703,349.88000488281,350,349.88000488281,48.56600189209,47.347999572754,48.349998474121,46.243999481201,50.349998474121,46.270000457764,52.715999603271,45.785999298096,58.686000823975,50.173999786377,45.32799911499,51.773998260498,78.561996459961,48.189998626709,50.35599899292,54.611999511719,2049231,1399882,1997626,2052502,2306753,2976204,2380395,1788620,2299176,2744986,2253697,2677096,14195,1829102,1746420,1268571,5080.7514648438
2018.10.04 11:27:23.026,#M,374.70999145508,374.64001464844,374.73999023438,374.91000366211,374.73001098633,374.58999633789,374.64999389648,374.88000488281,374.94000244141,375,374.82998657227,374.91000366211,374.94000244141,374.94000244141,374.94000244141,375.01998901367,53.130001068115,51.532001495361,52.832000732422,50.333999633789,55.069999694824,50.462001800537,57.686000823975,49.833999633789,62.745998382568,54.793998718262,49.414001464844,56.729999542236,87.96199798584,52.708000183105,54.995998382568,59.335998535156,2486450,1774982,2356539,2421538,2571835,3265289,2690010,2205331,2366063,3019839,2658585,3037480,14284,2291634,2229137,1640570,5935.1958007813
2018.10.04 11:27:33.034,#M,374.67999267578,374.69000244141,374.67999267578,374.76000976563,374.7799987793,374.85000610352,374.86999511719,374.7799987793,374.92001342773,374.98999023438,374.91000366211,374.85998535156,374.89999389648,374.92001342773,374.95001220703,374.89001464844,53.06600189209,51.5,52.813999176025,50.307998657227,55.037998199463,50.377998352051,57.599998474121,49.784000396729,62.748001098633,54.689998626709,49.372001647949,56.687999725342,87.996002197266,52.661998748779,54.953998565674,59.299999237061,2480854,1770585,2363020,2419788,2563349,3261063,2689435,2186893,2366919,3010835,2651527,3031378,14104,2279005,2214495,1641299,5920.0004882813
2018.10.04 11:27:43.028,#M,374.75,374.70001220703,374.7200012207,374.82000732422,374.83999633789,374.92999267578,374.82998657227,374.76000976563,374.94000244141,374.98001098633,374.89999389648,374.85998535156,374.86999511719,374.9700012207,374.98999023438,374.89999389648,53.035999298096,51.467998504639,52.773998260498,50.27799987793,54.998001098633,50.296001434326,57.479999542236,49.731998443604,62.765998840332,54.647998809814,49.332000732422,56.659999847412,88.040000915527,52.60599899292,54.903999328613,59.287998199463,2460311,1769831,2350253,2405460,2556290,3255936,2681659,2187572,2362869,3003601,2651684,3029348,14189,2259028,2213390,1626023,5900.8208007813
2018.10.04 11:27:53.027,#M,374.73999023438,374.75,374.70999145508,374.73999023438,374.82000732422,374.86999511719,374.85000610352,374.76000976563,374.9700012207,375.0299987793,374.89001464844,374.85000610352,374.86999511719,374.92001342773,375,374.91000366211,53.009998321533,51.448001861572,52.75,50.110000610352,54.967998504639,50.226001739502,57.402000427246,49.703998565674,62.782001495361,54.613998413086,49.304000854492,56.63399887085,88.080001831055,52.569999694824,54.868000030518,59.290000915527,2461369,1759294,2342152,2416628,2548880,3250239,2672690,2194741,2366979,2998522,2645351,3023935,14200,2252173,2204514,1616186,5895.2119140625
2018.10.04 11:28:03.032,#M,374.73001098633,374.7200012207,374.69000244141,374.7200012207,374.82000732422,374.83999633789,374.86999511719,374.73999023438,375,374.95001220703,374.88000488281,374.88000488281,374.88000488281,374.92999267578,374.98001098633,374.89999389648,52.993999481201,51.43399810791,52.737998962402,49.641998291016,54.951999664307,50.181999206543,57.368000030518,49.689998626709,62.751998901367,54.602001190186,49.290000915527,56.61600112915,88.103996276855,52.551998138428,54.833999633789,59.301998138428,2465076,1759293,2345230,2413648,2548350,3245792,2676129,2187817,2359485,2997489,2637785,3014550,14094,2253001,2200574,1615405,5882.275390625
2018.10.04 11:28:13.033,#M,374.73999023438,374.76000976563,374.75,374.70001220703,374.83999633789,374.92999267578,374.85998535156,374.76000976563,375.01000976563,374.92999267578,374.89001464844,374.88000488281,374.88000488281,374.95001220703,374.98999023438,374.94000244141,52.981998443604,51.428001403809,52.72200012207,49.518001556396,54.948001861572,50.152000427246,57.360000610352,49.675998687744,62.757999420166,54.571998596191,49.273998260498,56.576000213623,88.124000549316,52.543998718262,54.807998657227,59.307998657227,2452061,1750551,2339593,2410030,2551712,3241056,2670480,2174397,2361476,2996177,2638319,3013797,14462,2248623,2201892,1609455,5883.0908203125
2018.10.04 11:28:17.183,#9,400,400,400,400,400,400,400,400,400,400,400,400,400,400,400,400,200,200,200,200,200,200,200,200,200,200,200,200,200,200,200,200,374.73001098633,374.73001098633,374.75,374.70999145508,374.80999755859,374.98001098633,374.85000610352,374.76000976563,375,374.95001220703,374.89999389648,374.86999511719,374.85998535156,374.95999145508,374.98999023438,374.95001220703,52.978000640869,51.425998687744,52.72200012207,49.493999481201,54.948001861572,50.150001525879,57.361999511719,49.673999786377,62.757999420166,54.562000274658,49.268001556396,56.543998718262,88.13200378418,52.537998199463,54.804000854492,59.312000274658,2447184,1751934,2343380,2412260,2550146,3240666,2671692,2182856,2361767,2997437,2633745,3016198,14225,2252284,2194911,1603029,5877.5610351563
2018.10.04 11:28:27.030,#M,399.80999755859,399.76000976563,399.7200012207,399.75,399.83999633789,399.9700012207,399.80999755859,399.75,399.85998535156,400.04000854492,399.9700012207,399.79000854492,399.9700012207,399.9700012207,400.07000732422,399.94000244141,57.464000701904,55.34400177002,57.048000335693,53.029998779297,59.661998748779,54.251998901367,62.208000183105,53.52799987793,66.977996826172,59.07799911499,53.11600112915,61.291999816895,100.30599975586,56.819999694824,59.335998535156,63.860000610352,2867678,2238745,2687457,2800872,2832452,3490127,2946071,2559924,2395523,3262184,2985001,3346732,14340,2724959,2667256,2101550,6734.86328125
2018.10.04 11:28:37.026,#M,399.73999023438,399.79000854492,399.76000976563,399.88000488281,399.91000366211,399.86999511719,399.79998779297,399.76998901367,399.89999389648,400.0299987793,399.95001220703,399.86999511719,399.95999145508,399.9700012207,399.98001098633,399.88000488281,57.409999847412,55.330001831055,57.020000457764,53.018001556396,59.636001586914,54.217998504639,62.141998291016,53.492000579834,67.005996704102,58.995998382568,53.091999053955,61.279998779297,100.31800079346,56.790000915527,59.298000335693,63.849998474121,2855915,2233290,2672504,2796440,2821260,3491151,2940594,2552024,2395407,3250240,2977614,3337822,14253,2710668,2655202,2087707,6707.83203125
2018.10.04 11:28:47.026,#M,399.76998901367,399.76998901367,399.76000976563,399.85000610352,399.92999267578,399.88000488281,399.80999755859,399.7799987793,399.91000366211,400.01998901367,399.95001220703,399.85998535156,399.92999267578,399.95999145508,400,399.86999511719,57.403999328613,55.319999694824,57.007999420166,53.006000518799,59.611999511719,54.18399810791,62.082000732422,53.476001739502,67.013999938965,58.945999145508,53.07799911499,61.245998382568,100.34600067139,56.770000457764,59.265998840332,63.841999053955,2854130,2224488,2669859,2789705,2815222,3478242,2939171,2535782,2394886,3248122,2966199,3333816,14143,2697667,2644162,2070342,6694.03125
2018.10.04 11:28:57.031,#M,399.7799987793,399.76998901367,399.7799987793,399.85000610352,399.95999145508,399.92999267578,399.82000732422,399.82000732422,399.86999511719,400.0299987793,399.95001220703,399.86999511719,399.92999267578,399.94000244141,400.0299987793,399.89999389648,57.403999328613,55.31600189209,56.998001098633,52.995998382568,59.60599899292,54.147998809814,62.02799987793,53.462001800537,67.03800201416,58.917999267578,53.071998596191,61.257999420166,100.37400054932,56.759998321533,59.237998962402,63.840000152588,2847390,2216150,2667013,2784786,2819003,3476287,2926518,2530386,2396751,3243803,2957869,3328074,14123,2701988,2655507,2061479,6683.5478515625
2018.10.04 11:29:07.028,#M,399.76998901367,399.76998901367,399.79000854492,399.83999633789,399.95001220703,399.89001464844,399.82000732422,399.82000732422,399.89001464844,400.04000854492,399.92999267578,399.91000366211,399.92999267578,399.95001220703,400.0299987793,399.91000366211,57.395999908447,55.313999176025,56.992000579834,52.990001678467,59.596000671387,54.124000549316,62.004001617432,53.458000183105,67.059997558594,58.92200088501,53.068000793457,61.270000457764,100.40599822998,56.762001037598,59.231998443604,63.852001190186,2847611,2212655,2665796,2779185,2811814,3472829,2930376,2539408,2394911,3239593,2960182,3329835,14277,2689236,2642369,2054997,6678.4609375
2018.10.04 11:29:17.032,#M,399.76998901367,399.76000976563,399.7799987793,399.79998779297,399.91000366211,399.89999389648,399.82998657227,399.82998657227,399.94000244141,400.01998901367,399.92999267578,399.89001464844,399.92001342773,399.94000244141,400.04998779297,399.92999267578,57.400001525879,55.313999176025,56.981998443604,52.978000640869,59.591999053955,54.111999511719,62.006000518799,53.451999664307,67.061996459961,58.92200088501,53.071998596191,61.270000457764,100.42400360107,56.762001037598,59.234001159668,63.869998931885,2845802,2222211,2663961,2782776,2812374,3472029,2929558,2520234,2393519,3238214,2964947,3334389,14353,2686437,2643450,2071028,6674.6650390625
2018.10.04 11:29:21.180,#10,425,425,425,425,425,425,425,425,425,425,425,425,425,425,425,425,200,200,200,200,200,200,200,200,200,200,200,200,200,200,200,200,399.75,399.73001098633,399.76998901367,399.83999633789,399.89999389648,399.88000488281,399.82998657227,399.82998657227,399.92999267578,400.04000854492,399.92999267578,399.91000366211,399.92001342773,399.94000244141,400.04998779297,399.94000244141,57.400001525879,55.313999176025,56.978000640869,52.976001739502,59.585998535156,54.102001190186,62.001998901367,53.448001861572,67.073997497559,58.916000366211,53.071998596191,61.268001556396,100.42800140381,56.759998321533,59.231998443604,63.875999450684,2846274,2216598,2663950,2783012,2816626,3473072,2930023,2532904,2395093,3241849,2959422,3332402,14215,2702526,2650349,2059033,6678.0258789063
2018.10.04 11:29:31.034,#M,424.73999023438,424.76998901367,424.73001098633,424.7200012207,424.76000976563,424.98001098633,424.85998535156,424.80999755859,425.19000244141,425.17001342773,424.98001098633,424.83999633789,425.08999633789,425.01998901367,425.05999755859,424.83999633789,61.549999237061,58.583999633789,60.734001159668,55.875999450684,64.080001831055,57.833999633789,66.713996887207,56.762001037598,71.477996826172,63.096000671387,56.417999267578,65.615997314453,115.06400299072,60.571998596191,63.520000457764,68.192001342773,3284577,2673857,3067579,3056320,3154031,3748406,3259593,2892904,2418510,3541868,3292335,3702844,13992,3176260,3125564,2615851,7547.4711914063
2018.10.04 11:29:41.021,#M,424.7200012207,424.7799987793,424.76000976563,424.7200012207,424.82000732422,424.89001464844,424.82998657227,424.75,425.10000610352,425.0299987793,424.9700012207,424.83999633789,424.95001220703,424.95001220703,424.98999023438,424.89001464844,61.507999420166,58.57799911499,60.715999603271,55.854000091553,64.047996520996,57.799999237061,66.685997009277,56.737998962402,71.482002258301,63.062000274658,56.403999328613,65.603996276855,115.06600189209,60.560001373291,63.495998382568,68.185997009277,3264632,2662986,3050039,3052472,3145951,3739129,3248909,2871589,2416224,3536884,3286851,3691310,13928,3165663,3109035,2608995,7521.0786132813
2018.10.04 11:29:51.034,#M,424.70999145508,424.75,424.79000854492,424.7200012207,424.82000732422,424.89001464844,424.82998657227,424.76998901367,425.10998535156,425.04998779297,424.98001098633,424.86999511719,424.95999145508,424.95999145508,424.9700012207,424.89001464844,61.304000854492,58.377998352051,60.512001037598,55.65599822998,63.821998596191,57.57799911499,66.456001281738,56.521999359131,71.246002197266,62.813999176025,56.17200088501,65.358001708984,114.94999694824,60.333999633789,63.245998382568,67.980003356934,256877,211827,244808,252972,259032,295869,254245,204356,182183,292933,272133,303144,16,255675,245272,211831,1454.0306396484
2018.10.04 11:29:52.454,#0,800,800,800,800,800,800,800,800,500,800,800,800,500,800,800,800,200,200,200,200,200,200,200,200,200,200,200,200,200,200,200,200,424.70999145508,424.76998901367,424.7799987793,424.7200012207,424.82998657227,424.89999389648,424.88000488281,424.79998779297,425.10998535156,425.04998779297,424.98999023438,424.85998535156,424.95001220703,424.95001220703,424.98001098633,424.92999267578,61.131999969482,58.209999084473,60.341999053955,55.487998962402,63.63399887085,57.400001525879,66.263999938965,56.349998474121,71.129997253418,62.701999664307,56.062000274658,65.244003295898,114.88999938965,60.226001739502,63.130001068115,67.877998352051,231570,191011,220509,228805,234541,267510,228889,183568,164030,263285,245439,274390,21,230873,220504,192457,633.81903076172

2018.10.04 11:29:52.478,SCAN Finished with result INTERRUPTED : ENABLE LOST WHILE ONGOING ;
