27
30753982 31059938 84854 110933 16256 0 0.000000
31059939 31365895 83818 115070 17746 65 298344.467000
31365896 31671852 85064 118510 17886 210 955687.331300
31671853 31977809 85036 116529 17358 210 938282.226600
31977810 32283766 85064 115641 17483 210 932804.100200
32283767 32589734 85078 115234 17014 210 924837.827400
32589735 32895681 85106 114027 16807 210 914729.985700
32895682 33201638 84812 112412 16290 210 906488.568800
33201639 33507595 84966 104372 14508 210 825736.010890
33507596 33813552 85092 81078 10321 210 642780.047630
33813553 34119509 84854 117481 17765 210 950154.239500
34119510 34425477 85022 123572 19133 210 990092.845800
34425478 34731423 84924 122706 19386 210 988274.436400
34731424 35037381 84882 122136 19131 210 986351.877200
35037382 35343338 84896 121890 19178 210 984158.049000
35343339 35649295 84854 121173 18954 210 982565.769600
35649296 35955252 85078 122554 18887 211 985513.229800
35955253 36261210 85148 121727 18646 210 978963.941400
36261211 36567166 84686 120558 18567 210 977036.967200
36567167 36873123 84896 120995 18617 210 974927.528100
36873124 37179090 84966 120576 18563 210 974351.449500
37179091 37485047 84980 121518 18226 210 973519.782300
37485048 37790994 84980 120567 18518 209 965952.290000
37790995 38096951 85232 120139 18494 210 968162.430400
38096952 38402918 84896 119237 18455 210 966331.874700
38402919 38708865 84896 119881 18389 210 964489.339900
38708866 39014822 85008 119376 18437 210 962866.199200
