70
84539560 84845516 85876 74846 11527 0 0.000000
84845517 85151473 85624 74986 11535 0 0.000000
85151474 85457430 85344 75228 11535 0 0.000000
85457431 85763387 85778 74992 11615 0 0.000000
85763388 86069344 85624 74586 11206 0 0.000000
86069345 86375301 85610 47845 6147 0 0.000000
86375302 86681258 85736 71714 10924 153 458329.960200
86681259 86987215 85498 73590 11088 210 626840.267800
86987216 87293172 85470 73526 10821 210 624364.405700
87293173 87599129 85652 73012 10822 210 622424.828600
87599130 87905085 85652 73134 10843 210 620888.343700
87905086 88211043 85680 73019 10956 210 618788.078400
88211044 88517000 85680 72571 10714 210 616737.208900
88517001 88822957 85722 72011 10678 209 612363.784000
88822958 89128914 85708 72389 10617 210 615202.004300
89128915 89434870 85554 72363 10655 210 613997.377100
89434871 89740827 85750 72723 10724 210 611902.428500
89740828 90046785 85624 71155 10360 210 609407.107800
90046786 90352742 85694 71765 10489 210 607342.791100
90352743 90658699 85568 71152 10391 210 605707.097000
90658700 90964655 85680 71550 10364 210 604530.374400
90964656 91270613 85554 71157 10343 211 607282.355900
91270614 91576570 85568 71124 10178 209 599948.135900
91576571 91882526 85582 70216 10149 210 600684.140600
91882527 92188483 85750 69794 10150 210 598127.091100
92188484 92494440 85680 70327 10033 210 596636.288900
92494441 92800397 85652 69289 10132 210 594836.164500
92800398 93106354 85624 69802 9947 210 593253.210700
93106355 93412312 85596 69656 9931 210 591942.634800
93412313 93718268 85498 69376 9755 210 590925.811000
93718269 94024226 85470 68971 9713 210 589434.440200
94024227 94330183 85540 69238 9740 210 588259.106900
94330184 94636139 85456 68788 9733 210 586842.133100
94636140 94942096 85274 68747 9664 210 586563.019900
94942097 95248054 85414 68460 9804 210 586356.035600
95248055 95554011 85624 68459 9834 210 584454.442000
95554012 95859968 85526 68672 9688 210 582349.038600
95859969 96165925 85638 68138 9693 210 581350.301500
96165926 96471882 85638 68184 9681 210 580959.234600
96471883 96777839 85666 68335 9634 210 579855.074000
96777840 97083796 85652 68280 9637 210 578369.609500
97083797 97389753 85554 67204 9295 210 576504.147300
97389754 97695710 85680 67587 9329 210 575584.808600
97695711 98001667 85792 67823 9432 210 575582.223800
98001668 98307624 85554 67636 9423 210 573836.110900
98307625 98613581 85512 67164 9271 210 572809.530900
98613582 98919538 85694 67824 9482 210 571886.098000
98919539 99225495 85596 67402 9258 210 570397.131200
99225496 99531452 85610 66619 9149 210 568817.030400
99531453 99837409 85778 67221 9205 210 566971.557700
99837410 100143366 85736 66363 9037 210 565355.126200
100143367 100449323 85596 67409 9144 210 564488.810200
100449324 100755280 85568 65454 8932 210 562910.306900
100755281 101061237 85568 66420 8832 210 561038.122100
101061238 101367194 85442 65997 9141 210 559365.906000
101367195 101673151 85610 65713 8969 210 558406.308700
101673152 101979108 85624 66154 8913 210 557154.713600
101979109 102285065 85596 65215 8791 210 555691.447500
102285066 102591022 85442 65383 8650 210 554503.826100
102591023 102896979 85540 65501 8686 210 553891.096600
102896980 103202936 85736 64869 8539 2 5281.312100
103202937 103508893 85624 65522 8888 0 0.000000
103508894 103814850 85582 65034 8530 0 0.000000
103814851 104120806 85708 64754 8652 0 0.000000
104120807 104426763 85610 64429 8900 0 0.000000
104426764 104732720 85624 64639 8631 0 0.000000
104732721 105038677 85764 65279 8513 0 0.000000
105038678 105344634 85288 64216 8576 0 0.000000
105344635 105650591 85554 64218 8508 0 0.000000
105650592 105956548 85190 64275 8678 0 0.000000
