42 881
69906156 69968076 18522 64 3 42 433.033417
69971718 70034730 18522 138 8 43 1006.792603
70038737 70101749 18536 312 12 43 2132.236917
70105392 70168404 18536 559 31 43 4229.965324
70172047 70234695 15456 958 36 43 7835.280080
70238702 70300986 15456 1566 90 43 14178.979390
70305357 70368369 18508 3344 234 44 25123.170210
70372376 70434660 18522 5310 492 43 39710.062680
70439395 70500950 18508 7585 945 42 56614.930000
70505321 70567969 18564 9431 1251 42 71687.660800
70571612 70635717 18536 10082 1566 44 82672.677200
70638995 70700915 18550 9765 1503 43 76989.416300
70706014 70767206 18494 8055 998 42 62006.544600
70771941 70833861 18522 5865 586 43 45529.892100
70838596 70900516 15470 3206 243 43 29252.317450
70905251 70966806 15428 1881 124 42 16678.118850
70971905 71033461 15456 1018 51 42 9184.970150
71038560 71099752 15456 506 24 41 4703.151599
71104851 71166407 18550 369 23 42 2429.335379
71171506 71233426 18536 161 8 42 1164.582874
71238525 71299352 18550 64 6 42 518.938654
76808398 76871411 18494 61 5 43 419.730245
76875053 76938066 18438 141 11 43 944.657485
76942072 77004721 18508 287 15 42 1948.103882
77008727 77070647 18466 593 19 42 3937.733262
77075018 77137666 18508 1088 61 42 7490.121280
77142401 77203593 18522 1971 110 42 13717.034310
77208692 77270612 15428 2750 202 43 24351.887700
77275347 77336538 15428 4153 440 42 38375.868290
77341273 77403558 15428 6086 719 43 56698.124500
77407928 77469848 15414 7759 1005 42 69473.978500
77474219 77537596 18522 10165 1566 43 77552.282700
77541238 77603158 18494 9274 1341 42 71560.225600
77607893 77667628 18494 7736 946 41 57128.140200
77673820 77735739 18522 5723 521 43 42517.704530
77740839 77801666 18508 3519 262 42 26095.312360
77807129 77869049 18536 1968 120 43 15428.059290
77873784 77935340 18550 1148 70 42 8366.284820
77940075 78000538 18480 551 35 41 4250.730852
78006366 78068285 15400 262 16 42 2133.821350
78073385 78135305 15414 111 4 42 979.664139
78139675 78201960 15442 53 3 43 439.234642
