21
69906156 69968076 18522 64 3 42 433.033417
69971718 70034730 18522 138 8 43 1006.792603
70038737 70101749 18536 312 12 43 2132.236917
70105392 70168404 18536 559 31 43 4229.965324
70172047 70234695 15456 958 36 43 7835.280080
70238702 70300986 15456 1566 90 43 14178.979390
70305357 70368369 18508 3344 234 44 25123.170210
70372376 70434660 18522 5310 492 43 39710.062680
70439395 70500950 18508 7585 945 42 56614.930000
70505321 70567969 18564 9431 1251 42 71687.660800
70571612 70635717 18536 10082 1566 44 82672.677200
70638995 70700915 18550 9765 1503 43 76989.416300
70706014 70767206 18494 8055 998 42 62006.544600
70771941 70833861 18522 5865 586 43 45529.892100
70838596 70900516 15470 3206 243 43 29252.317450
70905251 70966806 15428 1881 124 42 16678.118850
70971905 71033461 15456 1018 51 42 9184.970150
71038560 71099752 15456 506 24 41 4703.151599
71104851 71166407 18550 369 23 42 2429.335379
71171506 71233426 18536 161 8 42 1164.582874
71238525 71299352 18550 64 6 42 518.938654
