58 74
63933985 64239930 3906 5499 553 210 34507.617730
64239931 64545887 3892 5608 575 210 34206.635470
64545888 64851844 3892 5484 503 210 33938.283330
64851845 65157801 3920 5474 538 210 33700.320550
65157802 65463768 3892 5527 565 210 33466.895620
65463769 65769715 3920 5303 502 210 33278.287690
65769716 66075672 3892 5664 542 210 33037.275010
66993544 67299500 3892 4857 447 210 32310.669730
67299501 67605457 3906 4989 489 210 32131.311010
67605458 67911414 3920 5339 526 210 31922.663390
67911415 68217370 3906 5238 499 210 31774.857270
68217371 68523328 3906 4963 469 210 31618.750820
68523329 68829284 3878 4888 440 210 31458.693940
68829285 69135241 3892 5095 490 210 31321.416980
69135242 69441199 3920 5192 476 210 31166.220820
69441200 69747155 3892 5087 491 210 31008.386360
69747156 70053112 3906 4979 453 210 30868.732510
70053113 70359069 3892 4765 435 210 30754.973310
70359070 70665026 3920 5468 460 210 30617.301470
70665027 70970983 3864 5071 439 210 30496.959180
70970984 71276940 3920 4681 425 210 30373.796880
71276941 71582897 3920 4933 426 210 30242.601820
71582898 71888855 3878 4914 448 210 30140.946510
71888856 72194812 3892 5103 472 210 30023.074600
72194813 72500769 3906 5125 500 210 29907.954990
72500770 72806726 3920 4899 429 210 29804.326620
72806727 73112683 3906 5131 445 210 29697.111620
73112684 73418650 3850 4811 444 210 29583.158010
73418651 73724597 3906 4917 465 210 29460.010020
73724598 74030554 3920 4767 434 210 29354.630550
74030555 74336511 3906 5019 478 210 29268.082370
74336512 74642468 3906 4515 393 210 29170.986800
74642469 74948425 3892 4725 408 210 29066.493680
74948426 75254382 3920 4953 417 210 28972.871350
75254383 75560339 3906 5388 478 210 28870.504380
75560340 75866297 3920 4838 444 210 28777.657930
75866298 76172254 3920 4892 434 210 28674.560810
76172255 76478211 3920 4777 456 210 28559.714110
76478212 76784168 3906 4832 417 210 28472.009060
76784169 77090125 3906 4692 427 210 28380.687180
77090126 77396082 3920 5024 448 210 28297.455930
77396083 77702050 3906 4792 409 210 28203.122160
77702051 78007996 3920 4654 425 210 28113.543220
78007997 78313953 3920 4954 453 210 28031.969170
78313954 78619910 3864 4692 374 210 27943.785670
78619911 78925867 3892 4857 435 210 27856.140630
78925868 79231824 3864 4809 417 210 27783.568740
79231825 79537782 3878 5222 485 210 27756.605270
79537783 79843738 3920 4914 433 210 27675.843560
79843739 80149695 3878 5020 410 210 27606.239480
80149696 80455652 3906 5067 479 210 27523.856280
80455653 80761609 3906 4683 389 210 27440.007650
80761610 81067566 3920 4695 425 210 27403.495860
81067567 81373524 3892 4823 441 210 27347.556670
81373525 81679480 3878 4773 386 210 27268.964390
81679481 81985437 3892 4646 395 210 27185.761790
81985438 82291394 3906 4627 420 210 27121.584440
82291395 82597351 3920 5012 460 210 27062.403010
