21
76808398 76871411 18494 61 5 43 419.730245
76875053 76938066 18438 141 11 43 944.657485
76942072 77004721 18508 287 15 42 1948.103882
77008727 77070647 18466 593 19 42 3937.733262
77075018 77137666 18508 1088 61 42 7490.121280
77142401 77203593 18522 1971 110 42 13717.034310
77208692 77270612 15428 2750 202 43 24351.887700
77275347 77336538 15428 4153 440 42 38375.868290
77341273 77403558 15428 6086 719 43 56698.124500
77407928 77469848 15414 7759 1005 42 69473.978500
77474219 77537596 18522 10165 1566 43 77552.282700
77541238 77603158 18494 9274 1341 42 71560.225600
77607893 77667628 18494 7736 946 41 57128.140200
77673820 77735739 18522 5723 521 43 42517.704530
77740839 77801666 18508 3519 262 42 26095.312360
77807129 77869049 18536 1968 120 43 15428.059290
77873784 77935340 18550 1148 70 42 8366.284820
77940075 78000538 18480 551 35 41 4250.730852
78006366 78068285 15400 262 16 42 2133.821350
78073385 78135305 15414 111 4 42 979.664139
78139675 78201960 15442 53 3 43 439.234642
