115
17107948 17414180 48552 3948 924 0 0.000000
17414181 17720127 47138 3813 941 0 0.000000
17720128 18026094 46032 3736 1001 0 0.000000
18026095 18332041 47740 3866 1019 0 0.000000
18332042 18637998 22190 4977 1008 0 0.000000
18637999 18943955 3920 6184 1027 0 0.000000
18943956 19249912 3920 6591 1160 0 0.000000
19249913 19555869 3766 6782 1274 134 96674.598680
19555870 19861826 3878 6836 1301 210 151147.804060
19861827 20167793 3892 7068 1315 210 150684.202990
20167794 20473750 3920 7096 1314 210 150418.951420
20473751 20779697 3836 6973 1333 210 149751.801260
20779698 21085654 3920 6312 1109 210 131155.576870
21085655 21391611 3906 5316 847 210 110634.641607
21391612 21697568 3920 5494 993 210 111466.848225
21697569 22003525 3906 6726 1316 210 148434.391960
22003526 22309482 3920 6925 1320 210 148280.402330
22309483 22615449 3920 7164 1415 210 147836.224270
22615450 22921396 3892 6654 1195 210 147383.658440
22921397 23227353 3920 6473 1250 210 147059.864110
23227354 23533310 3878 6847 1256 210 146642.311300
23533311 23839267 3892 6931 1330 211 147133.364390
23839268 24145224 3920 6835 1214 210 146241.264060
24145225 24451181 3920 6921 1261 210 145866.298750
24451182 24757138 3906 7044 1293 210 145387.877350
24757139 25063095 3920 6802 1253 210 144977.021810
25063096 25369052 3892 6815 1294 210 144758.336070
25369053 25675008 3920 6687 1147 210 144437.994990
25675009 25980965 3906 6641 1137 209 143455.613750
25980966 26286933 3920 6819 1195 210 143624.034820
26286934 26592879 3920 6871 1238 210 143227.480810
26592880 26898836 3906 6926 1244 210 143036.521010
26898837 27204793 3906 6705 1220 210 142789.335380
27204794 27510750 3906 6744 1186 210 142517.963330
27510751 27816707 3920 6676 1198 210 142241.765900
27816708 28122664 3878 6850 1273 210 141901.834000
28122665 28428621 3920 6455 1213 210 141635.795260
28428622 28734578 3920 6604 1167 210 141494.993820
28734579 29040535 3920 6557 1193 210 141221.285680
29040536 29346492 3892 6599 1170 210 140992.914510
29346493 29652449 3906 6558 1227 210 140706.100030
29652450 29958406 3850 6673 1137 210 140454.931830
29958407 30264363 3906 6680 1242 210 140202.692160
30264364 30570320 3864 6753 1110 210 139819.625850
30570321 30876277 3892 5830 1003 210 118869.203739
30876278 31182234 3920 4793 749 211 95052.503677
31182235 31488191 3920 5622 999 210 116366.372842
31488192 31794148 3920 6473 1113 210 138488.254070
31794149 32100105 3892 6681 1063 210 138105.071340
32100106 32406072 3920 6803 1130 210 137817.563220
32406073 32712019 3892 6453 1183 210 137518.694490
32712020 33017976 3906 6355 1135 209 136631.182400
33017977 33323933 3892 6503 1087 210 137050.392060
33323934 33629890 3920 6487 1198 210 136786.028030
33629891 33935847 3920 6602 1142 210 136521.391170
33935848 34241804 3920 6523 1040 210 136318.610090
34241805 34547761 3920 6374 1079 210 136082.419160
34547762 34853718 3920 6548 1107 210 135694.418470
34853719 35159675 3920 6512 1078 210 135347.994600
35159676 35465632 3892 6804 1152 210 135174.996760
35465633 35826224 2450 4006 669 127 81588.335710
35826225 36263305 14 1 0 0 0.000000
36263306 36634825 14 1 0 0 0.000000
36634826 37563623 28 2 0 0 0.000000
37563624 38252027 42 3 0 0 0.000000
38252028 38601693 14 1 0 0 0.000000
38601694 39322879 28 2 0 0 0.000000
39322880 39639764 70 5 2 0 0.000000
39639765 39978503 84 6 1 0 0.000000
39978504 40284460 280 20 1 0 0.000000
40284461 40590418 574 43 5 0 0.000000
40590419 40896376 504 36 1 0 0.000000
40896377 41202333 504 38 2 0 0.000000
41202334 41508301 532 41 5 0 0.000000
41508302 41814249 462 37 5 0 0.000000
41814250 42120217 490 37 3 0 0.000000
42120218 42426164 518 43 1 0 0.000000
42426165 45737062 462 35 3 0 0.000000
45737063 47856911 14 1 0 0 0.000000
47856912 50544966 14 1 0 0 0.000000
50544967 50916486 56 4 0 0 0.000000
50916487 51222443 56 4 0 0 0.000000
51222444 51528400 42 3 0 0 0.000000
51528401 51888993 70 5 0 0 0.000000
51888994 52260513 28 2 0 0 0.000000
52260514 52719450 56 4 0 0 0.000000
52719451 53025408 56 4 0 0 0.000000
53025409 53342292 56 4 0 0 0.000000
53342293 53670104 56 4 1 0 0.000000
53670105 53986989 56 4 0 0 0.000000
53986990 54391300 56 4 0 0 0.000000
54391301 54740956 56 4 0 0 0.000000
54740957 55090622 84 6 0 0 0.000000
55090623 55429371 70 5 0 0 0.000000
55429372 55746245 140 12 0 0 0.000000
55746246 56052203 448 32 1 0 0.000000
56052204 56358160 462 34 6 0 0.000000
56358161 56664118 476 38 2 0 0.000000
56664119 56970076 490 36 2 0 0.000000
56970077 57276033 700 54 0 0 0.000000
57276034 58128344 196 15 1 0 0.000000
58128345 58434302 210 15 1 0 0.000000
58434303 58740259 462 37 3 0 0.000000
58740260 59046217 1106 85 10 0 0.000000
59046218 59352175 3472 263 19 0 0.000000
59352176 59658132 4872 374 33 0 0.000000
59658133 59964090 6636 495 53 0 0.000000
59964091 60270047 6636 501 39 0 0.000000
60270048 60576005 7644 578 42 0 0.000000
60576006 60881963 7266 553 45 0 0.000000
60881964 61187920 9184 707 107 0 0.000000
61187921 61493877 17052 1391 319 0 0.000000
61493878 61799834 21014 1751 506 0 0.000000
61799835 62105791 25858 2251 728 0 0.000000
62105792 62117041 2002 170 53 0 0.000000
