29 2232
11117972 11423928 86380 119331 8771 210 884681.875500
11423929 11729885 86268 121419 9336 210 909098.018900
11729886 12035842 86170 124056 9579 210 925256.749400
12035843 12341799 86156 124022 9628 210 922444.347500
12341800 12647756 86408 123853 9581 210 919291.384200
12647757 12953713 86170 123262 9442 210 916960.655600
12953714 13259670 86016 123091 9325 210 914743.906500
13259671 13565627 86422 122899 9382 211 916966.753600
14177542 14483498 85848 121052 9125 210 906806.416200
14483499 14789455 85624 120497 9153 210 903892.950900
14789456 15095412 86366 122056 9221 210 901285.439400
15095413 15401369 86100 120729 9095 210 898908.316900
15401370 15707326 85834 120197 9006 210 896207.161900
15707327 16013283 86576 120629 8914 210 893141.887200
16013284 16319240 86520 119863 8877 210 891061.282600
16319241 16625197 86170 119266 8856 210 889098.801600
16625198 16931154 86492 118767 8954 210 887691.282500
16931155 17237112 86464 118462 8857 210 885903.127500
17237113 17543068 86366 118982 8780 210 883822.795800
17543069 17849026 86366 118227 8903 210 882297.603100
17849027 18154982 86184 118138 8844 209 876694.711100
18154983 18460940 86282 117380 8873 210 878715.226600
18460941 18766897 86198 118139 8777 210 877227.219500
18766898 19072853 86408 118128 8807 210 876518.572700
19072854 19378811 86548 117862 8714 210 875409.594500
19378812 19684768 86226 117358 8682 210 873553.521100
19684769 19990725 86324 117950 8825 210 871529.092700
19990726 20296682 86380 117051 8639 210 869637.252500
20296683 20602638 86254 117070 8494 210 867801.201600
