21 733
79047602 79353559 89670 38687 3278 210 316572.976600
79353560 79659515 89768 38253 3427 202 303902.861500
79659516 79965472 89390 38472 3371 210 315225.344900
79965473 80271429 89306 37980 3353 210 314122.287200
80271430 80577386 89544 38298 3444 210 312995.241900
80577387 80883343 89600 37628 3286 210 311794.757300
80883344 81189300 89292 38002 3277 210 310684.091900
81189301 81495258 89180 37731 3317 210 310022.985700
81495259 81801214 89264 37746 3187 210 309465.956700
81801215 82107172 89292 36829 3062 210 305255.341400
83025043 83330999 89082 36706 2919 210 297955.400600
83331000 83636956 89418 35917 3078 209 296353.124700
83636957 83942913 89180 36117 3046 210 296759.258000
83942914 84248870 89404 35947 2981 210 295666.440400
84248871 84554827 89250 35695 3013 210 294986.004900
84554828 84860784 89460 36011 2921 210 294403.398800
84860785 85166741 89376 35386 2893 210 293460.811700
85166742 85472698 89558 35958 2946 210 292579.661600
85472699 85778655 89348 35298 2899 210 291692.207300
85778656 86084612 89544 34955 2949 210 290864.282800
86084613 86390569 89348 34947 2872 210 289717.820800
