72
85289768 85589768 592769 250674 50403 279513 21564 285071 16006 267638 33439
85589769 85889769 592791 251794 49967 280499 21262 286044 15717 268646 33115
85889770 86189771 592765 210331 40186 233633 16884 238135 12382 224109 26408
86189772 86489772 592798 184357 33611 203767 14201 207588 10380 195887 22081
86489773 86789773 592780 247890 49096 276320 20666 281803 15183 264718 32268
86789774 87089775 592773 247510 48750 275586 20674 281124 15136 264111 32149
87089776 87389776 592807 246630 48493 274491 20632 279912 15211 263208 31915
87389777 87689777 592772 246907 48033 274629 20311 280018 14922 263203 31737
87689778 87989778 592787 245391 48278 273329 20340 278659 15010 261965 31704
87989779 88289779 592764 244485 47824 272006 20303 277454 14855 260798 31511
88289780 88589780 592785 243620 47856 271206 20270 276552 14924 260034 31442
88589781 88889781 592769 244199 47377 271484 20092 276818 14758 260228 31348
88889782 89189782 592768 243792 47162 271117 19837 276432 14522 260111 30843
89189783 89489783 592740 242885 47386 270441 19830 275650 14621 259144 31127
89489784 89789784 592784 242310 46429 269266 19473 274431 14308 258247 30492
89789785 90089785 592776 241358 46667 268430 19595 273647 14378 257277 30748
90089786 90389786 592752 240475 45890 267134 19231 272319 14046 256292 30073
90389787 90689787 592797 240196 45984 266701 19479 272032 14148 255936 30244
90689788 90989788 592766 238548 46071 265223 19396 270400 14219 254428 30191
90989789 91289789 592787 239452 46091 266220 19323 271365 14178 255249 30294
91289790 91589791 592738 239364 45948 266074 19238 271292 14020 255179 30133
91589792 91889793 592790 238093 45667 264822 18938 269872 13888 253960 29800
91889794 92189794 592751 236893 44810 263007 18696 268062 13641 252405 29298
92189795 92489795 592752 235827 44979 261888 18918 266890 13916 251201 29605
92489796 92789796 592796 235732 44288 261524 18496 266596 13424 250987 29033
92789797 93089797 592773 234886 44285 260632 18539 265589 13582 250211 28960
93089798 93389798 592799 235975 44211 261825 18361 266765 13421 251340 28846
93389799 93689799 592727 235292 44076 261064 18304 266086 13282 250612 28756
93689800 93989800 592764 234620 43950 260291 18279 265220 13350 249968 28602
93989801 94289801 592768 233795 43933 259506 18222 264396 13332 249030 28698
94289802 94589802 592790 232761 43995 258284 18472 263362 13394 248062 28694
94589803 94889804 592778 232863 43238 257983 18118 262900 13201 247904 28197
94889805 95189805 592760 233136 43087 258254 17969 263130 13093 248072 28151
95189806 95489806 592789 231663 43694 257317 18040 262167 13190 246803 28554
95489807 95789807 592771 231600 43333 256980 17953 261784 13149 246589 28344
95789808 96089808 592804 230786 42933 255859 17860 260758 12961 245575 28144
96089809 96389809 592759 231309 43363 256603 18069 261520 13152 246297 28375
96389810 96689811 592797 231342 42430 256047 17725 260900 12872 246039 27733
96689812 96989812 592755 230000 42681 255027 17654 259838 12843 244714 27967
96989813 97289813 592802 229776 42096 254432 17440 259293 12579 244390 27482
97289814 97589815 592778 228462 41955 253076 17341 257855 12562 243094 27323
97589816 97889816 592791 228257 42274 253033 17498 257888 12643 242954 27577
97889817 98189817 592792 228011 41947 252668 17290 257260 12698 242683 27275
98189818 98489818 592761 227807 41771 252642 16936 257399 12179 242454 27124
98489819 98789819 592778 227302 41397 251504 17195 256221 12478 241518 27181
98789820 99089820 592756 226821 41324 251083 17062 255911 12234 241204 26941
99089821 99389821 592796 226492 41563 251111 16944 255782 12273 241324 26731
99389822 99689822 592757 226511 41120 250580 17051 255353 12278 240772 26859
99689823 99989824 592805 224759 40677 248580 16856 253198 12238 238984 26452
99989825 100289825 592767 224900 41256 249098 17058 253721 12435 239316 26840
100289826 100589826 592800 224177 40496 248304 16369 252782 11891 238592 26081
100589827 100889827 592791 222032 39842 245535 16339 250052 11822 236066 25808
100889828 101189828 592763 222352 40094 246085 16361 250525 11921 236472 25974
101189829 101489829 592806 222063 40053 245695 16421 250273 11843 236242 25874
101489830 101789830 592733 221633 39845 245241 16237 249691 11787 235743 25735
101789831 102089831 592760 221975 39673 245409 16239 249795 11853 235768 25880
102089832 102389832 592725 220342 39422 243723 16041 248123 11641 234378 25386
102389833 102689834 592788 220144 39434 243440 16138 247897 11681 233943 25635
102689835 102989835 592782 219702 39076 242818 15960 247173 11605 233487 25291
102989836 103289836 592796 217218 38187 239742 15663 244149 11256 230661 24744
103289837 103589839 592751 219782 38901 242922 15761 247369 11314 233540 25143
103589840 103889840 592774 219270 39295 242675 15890 247139 11426 233211 25354
103889841 104189845 592771 219150 38932 242193 15889 246653 11429 232894 25188
104189846 104489846 592776 218756 38992 241766 15982 246275 11473 232514 25234
104489847 104789847 592760 218522 38256 241375 15403 245702 11076 232090 24688
104789848 105089848 592754 218071 38455 240871 15655 245295 11231 231565 24961
105089849 105389849 592794 216934 38756 239829 15861 244262 11428 230562 25128
105389850 105689850 592783 217228 38453 240090 15591 244466 11215 230907 24774
105689851 105989852 592791 217074 38165 239752 15487 244007 11232 230551 24688
105989853 106289853 592787 178967 31540 197627 12880 201235 9272 190119 20388
106289854 106589854 592767 0 0 0 0 0 0 0 0
106589855 106637328 93797 0 0 0 0 0 0 0 0
