76
83313603 83621688 106120 16 10
83621689 83927645 85638 20 7
83927646 84233602 85736 19 11
84233603 84539559 85694 30717 4487
84539560 84845516 85876 74846 11527
84845517 85151473 85624 74986 11535
85151474 85457430 85344 75228 11535
85457431 85763387 85778 74992 11615
85763388 86069344 85624 74586 11206
86069345 86375301 85610 47845 6147
86375302 86681258 85736 71714 10924
86681259 86987215 85498 73590 11088
86987216 87293172 85470 73526 10821
87293173 87599129 85652 73012 10822
87599130 87905085 85652 73134 10843
87905086 88211043 85680 73019 10956
88211044 88517000 85680 72571 10714
88517001 88822957 85722 72011 10678
88822958 89128914 85708 72389 10617
89128915 89434870 85554 72363 10655
89434871 89740827 85750 72723 10724
89740828 90046785 85624 71155 10360
90046786 90352742 85694 71765 10489
90352743 90658699 85568 71152 10391
90658700 90964655 85680 71550 10364
90964656 91270613 85554 71157 10343
91270614 91576570 85568 71124 10178
91576571 91882526 85582 70216 10149
91882527 92188483 85750 69794 10150
92188484 92494440 85680 70327 10033
92494441 92800397 85652 69289 10132
92800398 93106354 85624 69802 9947
93106355 93412312 85596 69656 9931
93412313 93718268 85498 69376 9755
93718269 94024226 85470 68971 9713
94024227 94330183 85540 69238 9740
94330184 94636139 85456 68788 9733
94636140 94942096 85274 68747 9664
94942097 95248054 85414 68460 9804
95248055 95554011 85624 68459 9834
95554012 95859968 85526 68672 9688
95859969 96165925 85638 68138 9693
96165926 96471882 85638 68184 9681
96471883 96777839 85666 68335 9634
96777840 97083796 85652 68280 9637
97083797 97389753 85554 67204 9295
97389754 97695710 85680 67587 9329
97695711 98001667 85792 67823 9432
98001668 98307624 85554 67636 9423
98307625 98613581 85512 67164 9271
98613582 98919538 85694 67824 9482
98919539 99225495 85596 67402 9258
99225496 99531452 85610 66619 9149
99531453 99837409 85778 67221 9205
99837410 100143366 85736 66363 9037
100143367 100449323 85596 67409 9144
100449324 100755280 85568 65454 8932
100755281 101061237 85568 66420 8832
101061238 101367194 85442 65997 9141
101367195 101673151 85610 65713 8969
101673152 101979108 85624 66154 8913
101979109 102285065 85596 65215 8791
102285066 102591022 85442 65383 8650
102591023 102896979 85540 65501 8686
102896980 103202936 85736 64869 8539
103202937 103508893 85624 65522 8888
103508894 103814850 85582 65034 8530
103814851 104120806 85708 64754 8652
104120807 104426763 85610 64429 8900
104426764 104732720 85624 64639 8631
104732721 105038677 85764 65279 8513
105038678 105344634 85288 64216 8576
105344635 105650591 85554 64218 8508
105650592 105956548 85190 64275 8678
105956549 106262505 85568 61776 8134
106262506 106568463 85750 0 0
14
0 396010 68178
1 349857 24559
2 332020 54852
3 282748 29038
4 318200 35746
5 340722 42504
6 383300 45991
7 395136 71462
8 279388 45227
9 304197 50972
10 364120 55017
11 420241 66512
12 385636 51328
13 347467 52067
