84
24886069 25192025 87864 24480 2175
25192026 25497982 87206 24794 2150
25497983 25803939 87766 25289 2309
25803940 26109896 88032 24666 2089
26109897 26415853 87934 25549 2309
26415854 26721810 87794 24382 2173
26721811 27027767 87780 20253 1744
27027768 27333724 87962 16374 1277
27333725 27639681 87668 20502 1708
27639682 27945638 87794 24508 2124
27945639 28251594 87556 24154 2149
28251595 28557551 87850 23837 2028
28557552 28863508 87738 23721 2059
28863509 29169465 87598 24314 2011
29169466 29475422 87584 23540 1954
29475423 29781379 87934 23566 1960
29781380 30087336 87920 23982 1999
30087337 30393293 87934 23578 2043
30393294 30699250 87976 23662 1978
30699251 31005207 87556 23205 2027
31005208 31311164 87346 23700 1999
31311165 31617121 87948 23392 1900
31617122 31923078 88046 23798 1935
31923079 32229035 87976 23672 2013
32229036 32534992 87976 23298 1914
32534993 32840949 87864 23163 1907
32840950 33146906 87990 22921 1956
33146907 33452863 87836 22810 1899
33452864 33758820 87850 22460 1798
33758821 34064776 88060 23090 1867
34064777 34370733 87808 23099 1819
34370734 34676690 87584 22828 1856
34676691 34982647 87724 23209 1811
34982648 35288604 87920 22718 1787
35288605 35594561 87892 22531 1851
35594562 35900518 87836 22671 1893
35900519 36206475 87934 22608 1810
36206476 36512432 87892 22821 1836
36512433 36818389 87780 22406 1787
36818390 37124346 87752 22198 1827
37124347 37430303 87780 21894 1799
37430304 37736260 87388 22325 1718
37736261 38042217 87794 22294 1732
38042218 38348174 87822 22046 1722
38348175 38654131 87864 21919 1690
38654132 38960088 87752 22466 1737
38960089 39266046 88004 22315 1791
39266047 39572002 87850 22041 1717
39572003 39877969 87850 22058 1741
39877970 40183916 87794 21954 1719
40183917 40489873 87976 21955 1731
40489874 40795830 87850 21878 1707
40795831 41101788 88046 21791 1651
41101789 41407744 87920 21590 1730
41407745 41713701 87766 21712 1621
41713702 42019659 87808 21736 1604
42019660 42325616 87822 21628 1618
42325617 42631573 87962 21665 1666
42631574 42937530 88074 21874 1696
42937531 43243487 88116 21600 1621
43243488 43549444 87850 21556 1614
43549445 43855401 87850 21874 1631
43855402 44161358 87738 21634 1593
44161359 44467315 88018 21282 1629
44467316 44773272 87850 21072 1638
44773273 45079229 88018 20926 1579
45079230 45385186 87892 20852 1601
45385187 45691143 87822 20926 1558
45691144 45997100 88116 20684 1461
45997101 46303057 87864 20414 1545
46303058 46609014 87878 20544 1468
46609015 46914971 87990 20189 1481
46914972 47220928 87836 20380 1499
47220929 47526885 87612 20589 1522
47526886 47832842 87654 20293 1446
47832843 48138799 88046 20073 1441
48138800 48444756 88032 19848 1499
48444757 48750713 87864 15444 1047
48750714 49056669 87668 14357 910
49056670 49362627 87766 17060 1080
49362628 49668584 87682 20120 1375
49668585 49974540 87780 19516 1387
49974541 50280498 88200 19682 1415
50280499 50586454 88046 19522 1394
