115
17107948 17414180 48552 3948 924
17414181 17720127 47138 3813 941
17720128 18026094 46032 3736 1001
18026095 18332041 47740 3866 1019
18332042 18637998 22190 4977 1008
18637999 18943955 3920 6184 1027
18943956 19249912 3920 6591 1160
19249913 19555869 3766 6782 1274
19555870 19861826 3878 6836 1301
19861827 20167793 3892 7068 1315
20167794 20473750 3920 7096 1314
20473751 20779697 3836 6973 1333
20779698 21085654 3920 6312 1109
21085655 21391611 3906 5316 847
21391612 21697568 3920 5494 993
21697569 22003525 3906 6726 1316
22003526 22309482 3920 6925 1320
22309483 22615449 3920 7164 1415
22615450 22921396 3892 6654 1195
22921397 23227353 3920 6473 1250
23227354 23533310 3878 6847 1256
23533311 23839267 3892 6931 1330
23839268 24145224 3920 6835 1214
24145225 24451181 3920 6921 1261
24451182 24757138 3906 7044 1293
24757139 25063095 3920 6802 1253
25063096 25369052 3892 6815 1294
25369053 25675008 3920 6687 1147
25675009 25980965 3906 6641 1137
25980966 26286933 3920 6819 1195
26286934 26592879 3920 6871 1238
26592880 26898836 3906 6926 1244
26898837 27204793 3906 6705 1220
27204794 27510750 3906 6744 1186
27510751 27816707 3920 6676 1198
27816708 28122664 3878 6850 1273
28122665 28428621 3920 6455 1213
28428622 28734578 3920 6604 1167
28734579 29040535 3920 6557 1193
29040536 29346492 3892 6599 1170
29346493 29652449 3906 6558 1227
29652450 29958406 3850 6673 1137
29958407 30264363 3906 6680 1242
30264364 30570320 3864 6753 1110
30570321 30876277 3892 5830 1003
30876278 31182234 3920 4793 749
31182235 31488191 3920 5622 999
31488192 31794148 3920 6473 1113
31794149 32100105 3892 6681 1063
32100106 32406072 3920 6803 1130
32406073 32712019 3892 6453 1183
32712020 33017976 3906 6355 1135
33017977 33323933 3892 6503 1087
33323934 33629890 3920 6487 1198
33629891 33935847 3920 6602 1142
33935848 34241804 3920 6523 1040
34241805 34547761 3920 6374 1079
34547762 34853718 3920 6548 1107
34853719 35159675 3920 6512 1078
35159676 35465632 3892 6804 1152
35465633 35826224 2450 4006 669
35826225 36263305 14 1 0
36263306 36634825 14 1 0
36634826 37563623 28 2 0
37563624 38252027 42 3 0
38252028 38601693 14 1 0
38601694 39322879 28 2 0
39322880 39639764 70 5 2
39639765 39978503 84 6 1
39978504 40284460 280 20 1
40284461 40590418 574 43 5
40590419 40896376 504 36 1
40896377 41202333 504 38 2
41202334 41508301 532 41 5
41508302 41814249 462 37 5
41814250 42120217 490 37 3
42120218 42426164 518 43 1
42426165 45737062 462 35 3
45737063 47856911 14 1 0
47856912 50544966 14 1 0
50544967 50916486 56 4 0
50916487 51222443 56 4 0
51222444 51528400 42 3 0
51528401 51888993 70 5 0
51888994 52260513 28 2 0
52260514 52719450 56 4 0
52719451 53025408 56 4 0
53025409 53342292 56 4 0
53342293 53670104 56 4 1
53670105 53986989 56 4 0
53986990 54391300 56 4 0
54391301 54740956 56 4 0
54740957 55090622 84 6 0
55090623 55429371 70 5 0
55429372 55746245 140 12 0
55746246 56052203 448 32 1
56052204 56358160 462 34 6
56358161 56664118 476 38 2
56664119 56970076 490 36 2
56970077 57276033 700 54 0
57276034 58128344 196 15 1
58128345 58434302 210 15 1
58434303 58740259 462 37 3
58740260 59046217 1106 85 10
59046218 59352175 3472 263 19
59352176 59658132 4872 374 33
59658133 59964090 6636 495 53
59964091 60270047 6636 501 39
60270048 60576005 7644 578 42
60576006 60881963 7266 553 45
60881964 61187920 9184 707 107
61187921 61493877 17052 1391 319
61493878 61799834 21014 1751 506
61799835 62105791 25858 2251 728
62105792 62117041 2002 170 53
14
0 31291 6751
1 28981 2515
2 26737 5430
3 22970 3048
4 24658 3980
5 26888 4286
6 29919 4857
7 30299 6789
8 22875 4748
9 25750 5404
10 31360 6416
11 34068 6833
12 31918 5313
13 28384 5817
