275
66148905 66456610 101696 23 23
66456611 66762577 84994 8 12
66762578 67068524 84854 9 11
67068525 67374481 84980 15658 2323
67374482 67680438 84826 91400 14380
67680439 67986395 85176 92487 14379
67986396 68292351 84966 92630 14627
68292352 68598309 84952 92093 14388
68598310 68904265 84910 92168 14310
68904266 69210223 84910 91240 14184
69210224 69516179 84854 92074 14105
69516180 69822136 84896 90838 13951
69822137 70128093 84994 90898 13871
70128094 70434050 85106 90335 13597
70434051 70740007 84952 90315 13751
70740008 71045964 85008 90844 13941
71045965 71351921 84868 90241 13578
71351922 71657878 84882 89994 13532
71657879 71963835 84854 89249 13478
71963836 72269792 85120 89215 13360
72269793 72575749 84924 89293 13189
72575750 72881705 84980 88827 13335
72881706 73187662 85050 87971 13200
73187663 73493619 85148 88801 13126
73493620 73799576 85162 88712 13323
73799577 74105533 85106 88810 13292
74105534 74411490 85036 88236 13419
74411491 74717447 84994 87391 12942
74717448 75023403 84882 88331 13197
75023404 75329360 85036 88360 12951
75329361 75635317 84980 87271 13037
75635318 75941274 84798 87428 12644
75941275 76247231 84980 87602 12904
76247232 76553187 85036 87453 12588
76553188 76859144 85092 86404 12728
76859145 77165101 85134 86413 12566
77165102 77471058 84938 86104 12490
77471059 77777015 85162 86332 12517
77777016 78082971 85008 86140 12325
78082972 78388928 84910 85796 12437
78388929 78694895 84868 85295 12308
78694896 79000842 84700 85461 12300
79000843 79306799 85106 86277 12204
79306800 79612756 84896 84294 12173
79612757 79918713 84868 84460 12328
79918714 80224670 84994 85165 12123
80224671 80530627 84518 83645 12215
80530628 80836583 85162 84502 12043
80836584 81142540 85288 84486 12109
81142541 81448497 84966 84531 11987
81448498 81754454 84644 83446 11794
81754455 82060411 85008 83411 11859
82060412 82366368 85022 84209 11776
82366369 82672325 85162 83892 11704
82672326 82978281 85106 83144 11686
82978282 83284238 85022 83396 11847
83284239 83590195 84938 83343 11809
83590196 83896152 85148 83164 11755
83896153 84202109 85008 82608 11732
84202110 84508066 84966 83122 11696
84508067 84814024 85092 81981 11477
84814025 85119980 85008 82404 11636
85119981 85425937 85022 82066 11401
85425938 85731894 84882 81536 11504
85731895 86037851 84966 81642 11287
86037852 86343808 84882 81252 11497
86343809 86649765 85078 81584 11255
86649766 86955722 84616 80313 11204
86955723 87261679 85190 82078 11323
87261680 87567636 84826 80572 11236
87567637 87873593 84854 80327 11037
87873594 88179551 84924 80861 10883
88179552 88485508 84924 79979 10993
88485509 88791465 84938 80045 10907
88791466 89097422 84966 80547 11016
89097423 89403379 84924 79809 10908
89403380 89709336 84994 79959 10969
89709337 90015293 84812 79388 10572
90015294 90321250 84938 79186 10593
90321251 90627207 84924 79570 10770
90627208 90933164 85008 78993 10624
90933165 91239121 84938 79054 10719
91239122 91545079 85148 79283 10699
91545080 91851036 85064 78613 10517
91851037 92156993 85106 78802 10619
92156994 92462950 84924 78582 10542
92462951 92768907 84966 77798 10416
92768908 93074864 84854 77676 10481
93074865 93380821 85050 77992 10542
93380822 93686778 84994 78478 10473
93686779 93992735 85148 77988 10415
93992736 94298692 85022 77262 10230
94298693 94604649 85036 77024 10346
94604650 94910606 84770 77002 10122
94910607 95216563 84924 76990 10311
95216564 95522520 85064 76509 10272
95522521 95828477 84994 76823 10128
95828478 96134434 85120 76079 9998
96134435 96440391 85008 76230 10041
96440392 96746358 84896 76078 9942
96746359 97052305 84770 75460 9868
97052306 97358261 85288 76439 10049
97358262 97664218 84980 76345 9892
97664219 97970175 84938 75573 9892
97970176 98276132 84868 75382 9786
98276133 98582089 84966 75044 9746
98582090 98888046 84868 74705 9806
98888047 99194003 85022 74983 9865
99194004 99499960 84980 75385 9710
99499961 99805917 84966 74405 9568
99805918 100111874 85022 74616 9344
100111875 100417830 85106 74222 9576
100417831 100723787 84994 74425 9523
100723788 101029744 85008 74612 9667
101029745 101335701 84966 74006 9631
101335702 101641658 84994 73699 9567
101641659 101947615 84756 72949 9446
101947616 102253572 84994 74193 9507
102253573 102559529 85274 73597 9241
102559530 102865486 85050 73211 9306
102865487 103171443 84868 73074 9542
103171444 103477399 84938 73294 9160
103477400 103783356 85078 73238 9299
103783357 104089313 85232 72446 9290
104089314 104395270 84994 73090 9279
104395271 104701227 84826 72723 9265
104701228 105007184 85162 73103 9105
105007185 105313142 85120 72434 9195
105313143 105619098 84980 71394 8959
105619099 105925055 85064 54234 6377
105925056 106231023 84994 60038 7331
106231024 106536969 84952 71769 9140
106536970 106842926 84994 71851 9012
106842927 107148883 84826 72048 8881
107148884 107454840 85120 72430 9198
107454841 107760797 85148 71787 9038
107760798 108066754 84896 70942 8928
108066755 108372711 84812 71992 8920
108372712 108678669 85050 71118 8886
108678670 108984625 85232 71709 8845
108984626 109290582 84756 70956 8692
109290583 109596539 84854 70722 8683
109596540 109902496 84980 71011 8833
109902497 110208453 84924 70419 8855
110208454 110514410 84966 70618 8676
110514411 110820367 85106 70217 8684
110820368 111126324 85176 70175 8792
111126325 111432281 84938 69659 8596
111432282 111738239 84826 69649 8588
111738240 112044195 85050 69990 8742
112044196 112350153 85064 69636 8557
112350154 112656120 85148 69611 8469
112656121 112962067 85190 69565 8446
112962068 113268024 85218 69458 8350
113268025 113573981 85162 68674 8435
113573982 113879938 84938 68638 8356
113879939 114185895 84924 68744 8288
114185896 114491852 85036 68691 8298
114491853 114797809 84826 68900 8300
114797810 115103766 84952 68396 8316
115103767 115409723 85078 68387 8268
115409724 115715691 84840 68629 8233
115715692 116021647 85050 68913 8204
116021648 116327594 84812 67891 8169
116327595 116633551 84840 68080 8288
116633552 116939508 85106 67900 8183
116939509 117245466 84924 67747 8059
117245467 117551422 85022 68124 8101
117551423 117857379 84686 67110 8081
117857380 118163336 85162 67822 8041
118163337 118469293 84994 67392 7987
118469294 118775250 85232 66932 7925
118775251 119081207 84966 66964 7871
119081208 119387164 84742 67699 7951
119387165 119693121 85036 66797 8048
119693122 119999078 85036 67428 7794
119999079 120305035 84854 66881 7971
120305036 120610992 85218 66549 7768
120610993 120916948 84882 66535 7810
120916949 121222905 84826 66312 7789
121222906 121528862 85120 65830 7698
121528863 121834819 84854 65668 7704
121834820 122140776 84728 65602 7750
122140777 122446733 84980 66176 7628
122446734 122752690 84910 65626 7700
122752691 123058647 84868 65487 7598
123058648 123364604 85204 65373 7581
123364605 123670561 84966 65254 7524
123670562 123976518 84938 65574 7585
123976519 124282475 85064 65354 7562
124282476 124588432 85120 65932 7771
124588433 124894389 84924 65526 7526
124894390 125200346 84896 65217 7550
125200347 125506313 84952 64991 7480
125506314 125812260 84826 64563 7303
125812261 126118216 84994 65143 7517
126118217 126424174 84686 64723 7383
126424175 126730130 84812 64866 7524
126730131 127036087 85022 64841 7471
127036088 127342045 85106 64317 7496
127342046 127648002 85134 64275 7506
127648003 127953959 84896 64055 7226
127953960 128259915 84868 64433 7316
128259916 128565872 85036 64195 7390
128565873 128871829 84994 63057 7481
128871830 129177786 85134 63384 7354
129177787 129483743 85008 63512 7211
129483744 129789700 85120 63361 7220
129789701 130095657 85036 63048 7169
130095658 130401614 85022 62793 7035
130401615 130707571 84910 63231 7071
130707572 131013528 84966 62771 7208
131013529 131319486 84854 62822 7127
131319487 131625442 84812 62618 7227
131625443 131931399 84896 62284 7034
131931400 132237357 84840 62623 7061
132237358 132543314 85134 62865 7070
132543315 132849281 84910 62285 6904
132849282 133155238 84994 62522 7037
133155239 133461185 84882 62325 6909
133461186 133767142 85092 62096 6995
133767143 134073099 84952 62091 6952
134073100 134379056 85120 62177 6768
134379057 134685013 84672 47577 4967
134685014 134990970 85022 48927 5207
134990971 135296927 85008 61489 6888
135296928 135602884 85078 61318 6707
135602885 135908841 85064 61570 6891
135908842 136214797 85134 61168 6696
136214798 136520754 85078 61032 6691
136520755 136826711 85008 60836 6883
136826712 137132668 84980 61067 6781
137132669 137438625 85036 61490 6888
137438626 137744582 84966 60959 6753
137744583 138050539 85260 60800 6689
138050540 138356496 85120 60726 6803
138356497 138662453 84882 61134 6615
138662454 138968410 84910 60670 6469
138968411 139274367 84700 59603 6643
139274368 139580324 84840 60383 6768
139580325 139886281 84938 60165 6614
139886282 140192238 85064 59851 6652
140192239 140498195 85078 60190 6661
140498196 140804152 84868 59793 6517
140804153 141110109 84952 59669 6461
141110110 141416066 85218 59876 6479
141416067 141722023 85078 59182 6486
141722024 142027980 85036 59440 6347
142027981 142333937 85050 58994 6411
142333938 142639894 85078 59294 6458
142639895 142945851 85190 60014 6425
142945852 143251808 85008 58704 6458
143251809 143557765 84826 58855 6376
143557766 143863722 84896 58644 6282
143863723 144169679 85022 58766 6320
144169680 144475636 84854 58380 6193
144475637 144781593 84994 58553 6217
144781594 145087550 84994 58674 6374
145087551 145393507 85134 58632 6287
145393508 145699464 85008 57962 6286
145699465 146005421 85050 58314 6261
146005422 146311378 85036 58063 6113
146311379 146617335 84910 57464 6185
146617336 146923291 85134 58613 6088
146923292 147229248 84994 58123 6111
147229249 147535205 85218 57962 6074
147535206 147841162 84952 57642 6203
147841163 148147119 84924 57673 6153
148147120 148453076 85190 57040 6152
148453077 148759033 85022 57322 6068
148759034 149064990 84980 57296 6103
149064991 149370957 84882 39649 4060
149370958 149676903 84924 49864 5061
149676904 149982860 85134 49016 5154
149982861 150288818 81942 0 0
14
0 1586734 244325
1 1381843 87101
2 1310602 199253
3 1119879 103091
4 1238935 131041
5 1344892 150038
6 1508878 164705
7 1569994 254538
8 1112970 163866
9 1243446 189775
10 1442692 192165
11 1669876 237591
12 1540185 183981
13 1377774 191082
