70
61791656 62098231 15134 76 30
62098232 62404188 14784 65 42
62404189 62710146 14728 80 45
62710147 63016102 15722 76 39
63016103 63322060 8932 2042 195
63322061 63628016 3864 4462 399
63628017 63933984 3780 5065 525
63933985 64239930 3906 5048 525
64239931 64545887 3892 5147 529
64545888 64851844 3892 4994 467
64851845 65157801 3920 4977 503
65157802 65463768 3892 5065 522
65463769 65769715 3920 4818 475
65769716 66075672 3892 5174 500
66075673 66381629 3990 3987 353
66381630 66687586 4214 3426 279
66687587 66993543 4144 4216 391
66993544 67299500 3892 4401 418
67299501 67605457 3906 4527 456
67605458 67911414 3920 4858 494
67911415 68217370 3906 4748 471
68217371 68523328 3906 4492 434
68523329 68829284 3878 4403 410
68829285 69135241 3892 4657 457
69135242 69441199 3920 4718 448
69441200 69747155 3892 4651 460
69747156 70053112 3906 4546 415
70053113 70359069 3892 4282 397
70359070 70665026 3920 5001 416
70665027 70970983 3864 4628 413
70970984 71276940 3920 4244 387
71276941 71582897 3920 4467 399
71582898 71888855 3878 4461 418
71888856 72194812 3892 4666 445
72194813 72500769 3906 4684 462
72500770 72806726 3920 4446 396
72806727 73112683 3906 4653 425
73112684 73418650 3850 4372 415
73418651 73724597 3906 4483 432
73724598 74030554 3920 4300 399
74030555 74336511 3906 4590 441
74336512 74642468 3906 4082 364
74642469 74948425 3892 4270 376
74948426 75254382 3920 4521 381
75254383 75560339 3906 4941 451
75560340 75866297 3920 4391 415
75866298 76172254 3920 4431 401
76172255 76478211 3920 4319 430
76478212 76784168 3906 4366 392
76784169 77090125 3906 4262 387
77090126 77396082 3920 4574 419
77396083 77702050 3906 4340 374
77702051 78007996 3920 4208 385
78007997 78313953 3920 4514 417
78313954 78619910 3864 4259 348
78619911 78925867 3892 4414 409
78925868 79231824 3864 4358 390
79231825 79537782 3878 4780 456
79537783 79843738 3920 4471 408
79843739 80149695 3878 4572 378
80149696 80455652 3906 4625 438
80455653 80761609 3906 4238 371
80761610 81067566 3920 4233 399
81067567 81373524 3892 4378 415
81373525 81679480 3878 4341 368
81679481 81985437 3892 4218 370
81985438 82291394 3906 4225 398
82291395 82597351 3920 4558 432
82597352 116274477 294 296 28
116274478 116788049 56 0 0
