33
10506057 10812013 86282 125629 9768
10812014 11117971 83510 115558 8604
11117972 11423928 86380 119331 8771
11423929 11729885 86268 121419 9336
11729886 12035842 86170 124056 9579
12035843 12341799 86156 124022 9628
12341800 12647756 86408 123853 9581
12647757 12953713 86170 123262 9442
12953714 13259670 86016 123091 9325
13259671 13565627 86422 122899 9382
13565628 13871584 86226 112631 8061
13871585 14177541 86380 84890 5696
14177542 14483498 85848 121052 9125
14483499 14789455 85624 120497 9153
14789456 15095412 86366 122056 9221
15095413 15401369 86100 120729 9095
15401370 15707326 85834 120197 9006
15707327 16013283 86576 120629 8914
16013284 16319240 86520 119863 8877
16319241 16625197 86170 119266 8856
16625198 16931154 86492 118767 8954
16931155 17237112 86464 118462 8857
17237113 17543068 86366 118982 8780
17543069 17849026 86366 118227 8903
17849027 18154982 86184 118138 8844
18154983 18460940 86282 117380 8873
18460941 18766897 86198 118139 8777
18766898 19072853 86408 118128 8807
19072854 19378811 86548 117862 8714
19378812 19684768 86226 117358 8682
19684769 19990725 86324 117950 8825
19990726 20296682 86380 117051 8639
20296683 20602638 86254 117070 8494
