27
30753982 31059938 84854 110933 16256
31059939 31365895 83818 115070 17746
31365896 31671852 85064 118510 17886
31671853 31977809 85036 116529 17358
31977810 32283766 85064 115641 17483
32283767 32589734 85078 115234 17014
32589735 32895681 85106 114027 16807
32895682 33201638 84812 112412 16290
33201639 33507595 84966 104372 14508
33507596 33813552 85092 81078 10321
33813553 34119509 84854 117481 17765
34119510 34425477 85022 123572 19133
34425478 34731423 84924 122706 19386
34731424 35037381 84882 122136 19131
35037382 35343338 84896 121890 19178
35343339 35649295 84854 121173 18954
35649296 35955252 85078 122554 18887
35955253 36261210 85148 121727 18646
36261211 36567166 84686 120558 18567
36567167 36873123 84896 120995 18617
36873124 37179090 84966 120576 18563
37179091 37485047 84980 121518 18226
37485048 37790994 84980 120567 18518
37790995 38096951 85232 120139 18494
38096952 38402918 84896 119237 18455
38402919 38708865 84896 119881 18389
38708866 39014822 85008 119376 18437
