82
61791656 62098231 15134 1214 67
62098232 62404188 14784 1190 78
62404189 62710146 14728 1204 81
62710147 63016102 15722 1273 78
63016103 63322060 8932 2767 220
63322061 63628016 3864 4886 427
63628017 63933984 3780 5532 565
63933985 64239930 3906 5499 553
64239931 64545887 3892 5608 575
64545888 64851844 3892 5484 503
64851845 65157801 3920 5474 538
65157802 65463768 3892 5527 565
65463769 65769715 3920 5303 502
65769716 66075672 3892 5664 542
66075673 66381629 3990 4426 376
66381630 66687586 4214 3872 305
66687587 66993543 4144 4677 406
66993544 67299500 3892 4857 447
67299501 67605457 3906 4989 489
67605458 67911414 3920 5339 526
67911415 68217370 3906 5238 499
68217371 68523328 3906 4963 469
68523329 68829284 3878 4888 440
68829285 69135241 3892 5095 490
69135242 69441199 3920 5192 476
69441200 69747155 3892 5087 491
69747156 70053112 3906 4979 453
70053113 70359069 3892 4765 435
70359070 70665026 3920 5468 460
70665027 70970983 3864 5071 439
70970984 71276940 3920 4681 425
71276941 71582897 3920 4933 426
71582898 71888855 3878 4914 448
71888856 72194812 3892 5103 472
72194813 72500769 3906 5125 500
72500770 72806726 3920 4899 429
72806727 73112683 3906 5131 445
73112684 73418650 3850 4811 444
73418651 73724597 3906 4917 465
73724598 74030554 3920 4767 434
74030555 74336511 3906 5019 478
74336512 74642468 3906 4515 393
74642469 74948425 3892 4725 408
74948426 75254382 3920 4953 417
75254383 75560339 3906 5388 478
75560340 75866297 3920 4838 444
75866298 76172254 3920 4892 434
76172255 76478211 3920 4777 456
76478212 76784168 3906 4832 417
76784169 77090125 3906 4692 427
77090126 77396082 3920 5024 448
77396083 77702050 3906 4792 409
77702051 78007996 3920 4654 425
78007997 78313953 3920 4954 453
78313954 78619910 3864 4692 374
78619911 78925867 3892 4857 435
78925868 79231824 3864 4809 417
79231825 79537782 3878 5222 485
79537783 79843738 3920 4914 433
79843739 80149695 3878 5020 410
80149696 80455652 3906 5067 479
80455653 80761609 3906 4683 389
80761610 81067566 3920 4695 425
81067567 81373524 3892 4823 441
81373525 81679480 3878 4773 386
81679481 81985437 3892 4646 395
81985438 82291394 3906 4627 420
82291395 82597351 3920 5012 460
82597352 116274477 294 328 29
116274478 116788048 56 4 0
116788049 117094005 364 28 0
117094006 117399962 378 29 0
117399963 117705920 588 44 0
117705921 118011877 1106 83 4
118011878 118317835 1274 93 0
118317836 118623793 1890 143 1
118623794 118929750 1806 134 0
118929751 119235707 2030 149 1
119235708 119541665 3094 234 5
119541666 119847622 6062 465 21
119847623 120153578 10640 853 44
120153579 120361513 15162 1210 75
14
0 26208 2803
1 23467 974
2 22414 2130
3 16794 1089
4 21281 1304
5 22806 1723
6 25025 1938
7 26306 2957
8 19108 1865
9 20796 2277
10 23675 2800
11 27557 2929
12 25484 2226
13 23583 2184
