21
76808398 76871411 18494 61 5
76875053 76938066 18438 141 11
76942072 77004721 18508 287 15
77008727 77070647 18466 593 19
77075018 77137666 18508 1088 61
77142401 77203593 18522 1971 110
77208692 77270612 15428 2750 202
77275347 77336538 15428 4153 440
77341273 77403558 15428 6086 719
77407928 77469848 15414 7759 1005
77474219 77537596 18522 10165 1566
77541238 77603158 18494 9274 1341
77607893 77667628 18494 7736 946
77673820 77735739 18522 5723 521
77740839 77801666 18508 3519 262
77807129 77869049 18536 1968 120
77873784 77935340 18550 1148 70
77940075 78000538 18480 551 35
78006366 78068285 15400 262 16
78073385 78135305 15414 111 4
78139675 78201960 15442 53 3
14
0 5270 689
1 4785 277
2 4479 598
3 3797 307
4 4170 387
5 4392 438
6 5067 479
7 5321 763
8 3744 522
9 4262 617
10 4841 598
11 5596 685
12 5014 574
13 4661 537
