27 32
28804455 28833630 7616 10.142858 9.642858 7616 7606.356934 9.642858 0 0 16 11 14 17 6 18 21 14 0 0 0 18
28894812 28922470 7221 0.000000 0.000000 7221 7221.000000 0.000000 0 0 0 0 0 0 0 0 0 0 0 0 0 0
28932659 28961832 7615 0.000000 0.000000 7615 7615.000000 0.000000 0 0 0 0 0 0 0 0 0 0 0 0 0 0
28972047 28999731 7226 0.000000 0.000000 7226 7226.000000 0.000000 0 0 0 0 0 0 0 0 0 0 0 0 0 0
29009827 29039021 7620 0.000000 0.000000 7620 7620.000000 0.000000 0 0 0 0 0 0 0 0 0 0 0 0 0 0
29049191 29076905 7232 0.071429 0.071429 7232 7231.928711 0.071429 0 0 0 0 0 0 0 0 0 1 0 0 0 0
29087096 29116267 7617 0.500000 0.357143 7617 7616.643066 0.357143 0 0 0 1 0 1 1 0 2 0 0 0 0 0
29124943 29154115 7615 0.857143 0.857143 7615 7614.143066 0.857143 0 0 3 1 0 0 1 0 3 1 0 0 0 3
29164315 29193494 7617 2.142857 2.071429 7617 7614.928711 2.071429 0 0 5 2 3 4 4 6 3 1 1 0 0 0
29202181 29231351 7614 4.000000 3.785714 7614 7610.214355 3.785714 0 0 6 6 7 10 4 5 6 5 0 0 0 4
29241554 29269220 7223 5.642857 5.571429 7223 7217.428711 5.571429 0 0 5 10 7 11 11 7 15 7 0 0 0 5
29279409 29308559 7612 9.000000 8.571428 7612 7603.428711 8.571428 0 0 13 11 15 17 12 11 19 14 0 0 0 8
29318768 29346434 7223 8.500000 8.214286 7223 7214.785645 8.214286 0 0 12 8 15 12 13 14 18 11 0 0 0 12
29356635 29385801 7613 11.928572 11.357142 7613 7601.643066 11.357142 0 0 15 14 21 15 13 25 20 22 0 0 0 14
29395993 29423659 7221 8.071428 7.714286 7221 7213.285645 7.714286 0 0 15 8 6 18 10 19 15 9 0 0 0 8
29433857 29461504 7218 7.285714 7.000000 7218 7211.000000 7.000000 0 0 10 12 10 8 13 16 7 13 0 0 1 8
29471696 29500884 7621 5.428571 5.285714 7621 7615.714355 5.285714 0 0 6 4 11 5 18 8 9 3 0 0 0 10
29511071 29538737 7223 3.428571 3.285714 7223 7219.714355 3.285714 0 0 4 7 4 5 4 9 5 5 0 0 0 3
29548968 29578039 7589 2.500000 2.357143 7589 7586.643066 2.357143 0 0 1 4 3 4 5 4 6 3 0 1 0 2
29588258 29615989 7238 0.642857 0.500000 7238 7237.500000 0.500000 0 0 1 2 1 1 0 0 1 0 0 0 0 1
29626196 29655352 7611 0.285714 0.285714 7611 7610.714355 0.285714 0 0 0 1 1 2 0 0 0 0 0 0 0 0
29664022 29693215 7622 0.142857 0.142857 7622 7621.856934 0.142857 0 0 0 1 0 1 0 0 0 0 0 0 0 0
29703413 29732496 7593 0.142857 0.071429 7593 7592.928711 0.071429 0 0 0 0 0 0 1 0 0 0 0 0 0 0
29741279 29770448 7614 0.000000 0.000000 7614 7614.000000 0.000000 0 0 0 0 0 0 0 0 0 0 0 0 0 0
29780548 29808234 7226 0.000000 0.000000 7226 7226.000000 0.000000 0 0 0 0 0 0 0 0 0 0 0 0 0 0
29818435 29847607 7615 0.000000 0.000000 7615 7615.000000 0.000000 0 0 0 0 0 0 0 0 0 0 0 0 0 0
29907350 29936519 7614 12.142858 11.714286 7614 7602.285645 11.714286 0 0 21 8 16 25 17 22 27 10 1 0 0 17
