27 32
28804455 28833630 7616 15.500000 15.000000 7616 7601.000000 15.000000 14 19 9 17 13 18 11 18 15 21 19 14 7 15
28894812 28922470 7221 0.000000 0.000000 7221 7221.000000 0.000000 0 0 0 0 0 0 0 0 0 0 0 0 0 0
28932659 28961832 7616 0.000000 0.000000 7616 7616.000000 0.000000 0 0 0 0 0 0 0 0 0 0 0 0 0 0
28972047 28999731 7225 0.000000 0.000000 7225 7225.000000 0.000000 0 0 0 0 0 0 0 0 0 0 0 0 0 0
29009827 29039021 7621 0.071429 0.071429 7621 7620.928711 0.071429 0 0 0 0 1 0 0 0 0 0 0 0 0 0
29049191 29076905 7233 0.214286 0.214286 7233 7232.785645 0.214286 0 0 1 0 1 0 0 0 0 0 0 0 0 1
29087096 29116267 7617 0.357143 0.285714 7617 7616.714355 0.285714 1 0 0 2 0 0 0 0 1 0 0 0 0 0
29124943 29154115 7615 1.142857 1.142857 7615 7613.856934 1.142857 2 1 0 0 2 1 1 0 1 3 2 1 1 1
29164315 29193494 7617 3.071429 2.928571 7617 7614.071289 2.928571 3 1 3 3 4 3 1 4 3 7 2 1 2 4
29202181 29231351 7615 5.000000 4.857143 7615 7610.143066 4.857143 4 3 8 3 8 7 7 6 3 8 2 1 4 4
29241554 29269220 7223 7.285714 7.142857 7223 7215.856934 7.142857 6 5 7 3 10 6 10 8 11 6 11 7 4 6
29279409 29308559 7611 12.785714 12.500000 7611 7598.500000 12.500000 15 6 13 17 13 16 11 14 18 16 8 16 6 6
29318768 29346434 7223 15.000000 14.642858 7223 7208.356934 14.642858 13 18 18 21 11 11 7 17 16 19 18 6 13 17
29356635 29385801 7614 14.785714 14.285714 7614 7599.714355 14.285714 11 19 11 13 10 16 18 8 23 20 10 15 7 19
29395993 29423659 7221 14.357142 13.928572 7221 7207.071289 13.928572 20 14 10 13 10 12 10 16 22 15 16 9 12 16
29433857 29461504 7219 13.428572 13.071428 7219 7205.928711 13.071428 14 8 15 9 15 13 13 19 18 14 14 9 8 14
29471696 29500884 7621 8.214286 7.857143 7621 7613.143066 7.857143 3 13 8 6 9 13 4 12 7 12 5 6 7 5
29511071 29538737 7224 5.000000 4.928571 7224 7219.071289 4.928571 8 6 3 7 0 4 4 5 6 7 5 5 5 4
29548968 29578039 7588 3.642857 3.428571 7588 7584.571289 3.428571 6 4 3 6 3 5 3 2 2 3 3 2 4 2
29588258 29615989 7239 1.285714 1.214286 7239 7237.785645 1.214286 2 2 0 2 1 1 2 0 5 1 0 1 0 0
29626196 29655352 7611 0.142857 0.142857 7611 7610.856934 0.142857 0 0 0 1 0 0 0 0 1 0 0 0 0 0
29664022 29693215 7623 0.142857 0.142857 7623 7622.856934 0.142857 0 0 0 1 0 0 0 0 0 0 1 0 0 0
29703413 29732496 7594 0.142857 0.142857 7594 7593.856934 0.142857 0 0 0 0 0 0 0 1 0 1 0 0 0 0
29741279 29770448 7614 0.071429 0.071429 7614 7613.928711 0.071429 0 0 0 0 0 0 0 0 1 0 0 0 0 0
29780548 29808234 7226 0.142857 0.000000 7226 7226.000000 0.000000 0 0 0 0 0 0 0 0 0 0 0 0 0 0
29818435 29847607 7615 0.071429 0.000000 7615 7615.000000 0.000000 0 0 0 0 0 0 0 0 0 0 0 0 0 0
29907350 29936519 7615 15.357142 14.785714 7615 7600.214355 14.785714 13 16 15 13 19 15 14 14 23 15 13 18 9 10
