27 32
28804455 28833630 7616 15.857142 15.142858 7616 7600.856934 15.142858 15 11 10 15 13 18 15 17 18 14 16 21 13 16
28894812 28922470 7221 0.071429 0.071429 7221 7220.928711 0.071429 0 0 0 0 0 0 0 0 0 0 0 1 0 0
28932659 28961832 7615 0.142857 0.071429 7615 7614.928711 0.071429 0 0 0 1 0 0 0 0 0 0 0 0 0 0
28972047 28999731 7226 0.000000 0.000000 7226 7226.000000 0.000000 0 0 0 0 0 0 0 0 0 0 0 0 0 0
29009827 29039021 7620 0.285714 0.285714 7620 7619.714355 0.285714 0 0 0 0 0 0 0 0 0 2 1 0 1 0
29049191 29076905 7232 0.285714 0.285714 7232 7231.714355 0.285714 0 0 0 1 0 0 0 1 1 0 0 1 0 0
29087096 29116267 7617 0.214286 0.142857 7617 7616.856934 0.142857 1 0 0 0 0 0 0 0 0 0 1 0 0 0
29124943 29154115 7615 1.571429 1.571429 7615 7613.428711 1.571429 4 3 0 4 3 1 1 1 1 0 0 3 0 1
29164315 29193494 7617 2.142857 2.071429 7617 7614.928711 2.071429 2 3 4 1 3 3 1 1 2 1 2 2 4 0
29202181 29231351 7614 5.785714 5.571429 7614 7608.428711 5.571429 3 7 5 3 7 6 7 3 8 11 4 3 7 4
29241554 29269220 7223 8.000000 7.714286 7223 7215.285645 7.714286 15 7 6 4 7 12 7 2 13 9 6 8 10 2
29279409 29308559 7612 13.571428 13.000000 7612 7599.000000 13.000000 13 11 6 17 17 12 9 15 14 20 16 11 14 7
29318768 29346434 7223 16.000000 15.428572 7223 7207.571289 15.428572 19 9 16 15 18 16 18 15 17 18 17 16 11 11
29356635 29385801 7613 16.642857 16.285715 7613 7596.714355 16.285715 24 21 16 13 21 17 13 14 16 17 13 16 16 11
29395993 29423659 7221 13.142858 12.785714 7221 7208.214355 12.785714 14 14 18 10 11 15 8 14 12 12 15 10 10 16
29433857 29461504 7218 10.357142 9.785714 7218 7208.214355 9.785714 14 9 16 10 8 10 8 7 15 8 9 10 6 7
29471696 29500884 7621 9.285714 8.785714 7621 7612.214355 8.785714 10 12 5 7 6 14 7 11 15 12 6 7 7 4
29511071 29538737 7223 5.928571 5.785714 7223 7217.214355 5.785714 3 8 5 1 7 6 3 10 6 10 6 6 4 6
29548968 29578039 7589 2.142857 2.071429 7589 7586.928711 2.071429 1 6 1 2 4 2 0 1 1 4 3 0 3 1
29588258 29615989 7238 1.142857 1.071429 7238 7236.928711 1.071429 2 0 2 2 2 1 1 1 0 0 2 1 1 0
29626196 29655352 7611 0.785714 0.714286 7611 7610.285645 0.714286 1 1 2 1 0 2 1 0 1 0 0 0 0 1
29664022 29693215 7622 0.142857 0.071429 7622 7621.928711 0.071429 0 0 0 0 1 0 0 0 0 0 0 0 0 0
29703413 29732496 7593 0.142857 0.071429 7593 7592.928711 0.071429 0 0 0 0 0 1 0 0 0 0 0 0 0 0
29741279 29770448 7614 0.071429 0.071429 7614 7613.928711 0.071429 0 0 0 0 0 0 0 0 1 0 0 0 0 0
29780548 29808234 7226 0.000000 0.000000 7226 7226.000000 0.000000 0 0 0 0 0 0 0 0 0 0 0 0 0 0
29818435 29847607 7615 0.071429 0.000000 7615 7615.000000 0.000000 0 0 0 0 0 0 0 0 0 0 0 0 0 0
29907350 29936519 7614 16.428572 16.142857 7614 7597.856934 16.142857 23 12 18 13 14 14 14 16 30 16 17 13 13 13
