27 32
28804455 28833630 7616 17.857143 17.357143 7616 7598.643066 17.357143 20 24 17 13 22 23 13 18 13 22 19 16 11 12
28894812 28922470 7221 0.000000 0.000000 7221 7221.000000 0.000000 0 0 0 0 0 0 0 0 0 0 0 0 0 0
28932659 28961832 7615 0.000000 0.000000 7615 7615.000000 0.000000 0 0 0 0 0 0 0 0 0 0 0 0 0 0
28972047 28999731 7226 0.000000 0.000000 7226 7226.000000 0.000000 0 0 0 0 0 0 0 0 0 0 0 0 0 0
29009827 29039021 7621 0.071429 0.000000 7621 7621.000000 0.000000 0 0 0 0 0 0 0 0 0 0 0 0 0 0
29049191 29076905 7233 0.214286 0.214286 7233 7232.785645 0.214286 1 0 0 0 0 0 1 0 1 0 0 0 0 0
29087096 29116267 7616 0.571429 0.428571 7616 7615.571289 0.428571 1 1 0 0 1 0 2 0 0 1 0 0 0 0
29124943 29154115 7615 1.285714 1.285714 7615 7613.714355 1.285714 3 2 2 2 1 1 0 0 0 2 1 1 1 2
29164315 29193494 7617 3.500000 3.428571 7617 7613.571289 3.428571 5 3 2 3 4 3 3 2 4 4 9 1 3 2
29202181 29231351 7615 6.500000 6.357143 7615 7608.643066 6.357143 7 7 3 10 6 6 5 7 5 7 8 6 5 7
29241554 29269220 7223 9.357142 9.071428 7223 7213.928711 9.071428 8 10 12 9 7 12 12 9 11 6 17 3 3 8
29279409 29308559 7611 12.285714 11.857142 7611 7599.143066 11.857142 15 13 16 10 12 13 15 10 7 11 13 11 8 12
29318768 29346434 7223 15.785714 15.142858 7223 7207.856934 15.142858 18 20 23 13 13 13 8 20 12 21 17 15 8 11
29356635 29385801 7613 18.214285 17.857143 7613 7595.143066 17.857143 25 17 18 21 10 15 18 18 16 30 18 15 18 11
29395993 29423659 7221 14.214286 13.928572 7221 7207.071289 13.928572 8 15 17 13 18 13 10 16 14 19 20 9 11 12
29433857 29461504 7218 11.785714 11.285714 7218 7206.714355 11.285714 17 10 12 7 11 14 10 10 8 14 20 8 11 6
29471696 29500884 7622 9.142858 8.928572 7622 7613.071289 8.928572 9 20 7 3 9 7 13 6 12 7 11 6 6 9
29511071 29538737 7223 4.000000 3.857143 7223 7219.143066 3.857143 2 3 4 8 5 4 5 4 1 2 5 6 3 2
29548968 29578039 7588 3.071429 3.071429 7588 7584.928711 3.071429 7 3 2 3 2 7 4 0 1 3 3 2 2 4
29588258 29615989 7238 1.142857 1.142857 7238 7236.856934 1.142857 1 1 2 2 1 0 2 0 4 2 0 0 0 1
29626196 29655352 7611 0.571429 0.571429 7611 7610.428711 0.571429 0 0 1 1 0 0 1 1 1 0 2 0 0 1
29664022 29693215 7623 0.142857 0.142857 7623 7622.856934 0.142857 0 0 0 0 1 0 0 0 0 0 0 1 0 0
29703413 29732496 7594 0.071429 0.071429 7594 7593.928711 0.071429 0 0 0 0 0 0 0 0 0 1 0 0 0 0
29741279 29770448 7615 0.000000 0.000000 7615 7615.000000 0.000000 0 0 0 0 0 0 0 0 0 0 0 0 0 0
29780548 29808234 7226 0.000000 0.000000 7226 7226.000000 0.000000 0 0 0 0 0 0 0 0 0 0 0 0 0 0
29818435 29847607 7613 0.000000 0.000000 7613 7613.000000 0.000000 0 0 0 0 0 0 0 0 0 0 0 0 0 0
29907350 29936519 7614 19.142857 18.642857 7614 7595.356934 18.642857 16 13 12 29 9 17 21 23 29 23 23 19 9 18
