27 32
28804455 28833630 7615 18.142857 17.428572 7615 7597.571289 17.428572 29 15 18 13 24 18 10 16 19 21 21 21 19 0
28894812 28922470 7219 0.000000 0.000000 7219 7219.000000 0.000000 0 0 0 0 0 0 0 0 0 0 0 0 0 0
28932659 28961832 7614 0.000000 0.000000 7614 7614.000000 0.000000 0 0 0 0 0 0 0 0 0 0 0 0 0 0
28972047 28999731 7223 0.071429 0.000000 7223 7223.000000 0.000000 0 0 0 0 0 0 0 0 0 0 0 0 0 0
29009827 29039021 7618 0.071429 0.071429 7618 7617.928711 0.071429 0 0 0 0 0 0 0 0 0 1 0 0 0 0
29049191 29076905 7233 0.000000 0.000000 7233 7233.000000 0.000000 0 0 0 0 0 0 0 0 0 0 0 0 0 0
29087096 29116267 7614 0.571429 0.428571 7614 7613.571289 0.428571 0 1 0 0 1 1 0 0 0 1 1 0 1 0
29124943 29154115 7613 1.571429 1.500000 7613 7611.500000 1.500000 2 2 0 0 4 1 2 5 1 1 1 1 1 0
29164315 29193494 7615 2.500000 2.500000 7615 7612.500000 2.500000 2 5 3 2 3 3 3 2 2 3 4 1 2 0
29202181 29231351 7612 5.357143 5.214286 7612 7606.785645 5.214286 5 5 9 7 4 4 7 8 7 5 6 4 2 0
29241554 29269220 7222 7.642857 7.428571 7222 7214.571289 7.428571 9 4 8 8 10 8 7 7 7 10 11 8 7 0
29279409 29308559 7609 12.500000 12.071428 7609 7596.928711 12.071428 9 8 11 10 10 21 14 17 13 17 10 16 13 0
29318768 29346434 7222 13.285714 13.000000 7222 7209.000000 13.000000 12 7 13 10 26 15 14 10 18 17 15 9 16 0
29356635 29385801 7612 16.428572 15.571428 7612 7596.428711 15.571428 11 20 13 12 19 19 20 22 13 15 21 9 24 0
29395993 29423659 7219 12.714286 12.357142 7219 7206.643066 12.357142 16 20 14 12 13 15 13 11 15 12 11 11 9 1
29433857 29461504 7217 10.857142 10.357142 7217 7206.643066 10.357142 10 14 8 8 11 10 10 16 15 14 6 14 9 0
29471696 29500884 7621 10.071428 10.071428 7621 7610.928711 10.071428 5 6 9 15 9 13 13 14 14 18 2 11 12 0
29511071 29538737 7221 4.642857 4.500000 7221 7216.500000 4.500000 5 8 1 5 2 4 4 0 7 9 7 4 7 0
29548968 29578039 7586 2.714286 2.714286 7586 7583.285645 2.714286 3 3 4 3 3 1 5 0 8 3 2 1 2 0
29588258 29615989 7236 1.071429 1.071429 7236 7234.928711 1.071429 1 1 0 1 1 3 1 4 0 0 0 2 1 0
29626196 29655352 7606 0.571429 0.571429 7606 7605.428711 0.571429 0 1 0 0 0 0 1 0 2 2 0 1 0 1
29664022 29693215 7622 0.142857 0.142857 7622 7621.856934 0.142857 0 0 0 0 0 0 1 1 0 0 0 0 0 0
29703413 29732496 7592 0.142857 0.142857 7592 7591.856934 0.142857 0 0 0 0 0 0 0 1 0 0 0 1 0 0
29741279 29770448 7613 0.000000 0.000000 7613 7613.000000 0.000000 0 0 0 0 0 0 0 0 0 0 0 0 0 0
29780548 29808234 7226 0.000000 0.000000 7226 7226.000000 0.000000 0 0 0 0 0 0 0 0 0 0 0 0 0 0
29818435 29847607 7611 0.000000 0.000000 7611 7611.000000 0.000000 0 0 0 0 0 0 0 0 0 0 0 0 0 0
29907350 29936519 7612 17.428572 16.642857 7612 7595.356934 16.642857 24 18 12 10 19 18 24 28 19 21 12 9 19 0
