27 32
28804455 28833630 7615 17.571428 17.071428 7615 7597.928711 17.071428 20 15 13 17 16 18 17 20 22 16 12 13 18 22
28894812 28922470 7221 0.000000 0.000000 7221 7221.000000 0.000000 0 0 0 0 0 0 0 0 0 0 0 0 0 0
28932659 28961832 7615 0.000000 0.000000 7615 7615.000000 0.000000 0 0 0 0 0 0 0 0 0 0 0 0 0 0
28972047 28999731 7226 0.071429 0.000000 7226 7226.000000 0.000000 0 0 0 0 0 0 0 0 0 0 0 0 0 0
29009827 29039021 7621 0.071429 0.071429 7621 7620.928711 0.071429 0 0 0 1 0 0 0 0 0 0 0 0 0 0
29049191 29076905 7233 0.428571 0.428571 7233 7232.571289 0.428571 3 0 0 0 1 0 0 1 0 0 0 1 0 0
29087096 29116267 7617 0.357143 0.357143 7617 7616.643066 0.357143 0 2 0 0 0 0 1 0 0 0 0 0 1 1
29124943 29154115 7615 0.785714 0.785714 7615 7614.214355 0.785714 0 0 0 1 0 1 1 0 2 1 3 1 1 0
29164315 29193494 7616 2.857143 2.785714 7616 7613.214355 2.785714 6 2 1 4 2 3 2 4 2 6 2 1 3 1
29202181 29231351 7614 5.285714 5.285714 7614 7608.714355 5.285714 9 8 5 5 5 3 6 3 7 7 7 2 4 3
29241554 29269220 7223 8.571428 8.357142 7223 7214.643066 8.357142 10 7 9 9 5 8 10 11 7 8 10 10 7 6
29279409 29308559 7611 12.714286 12.285714 7611 7598.714355 12.285714 18 10 12 14 9 9 7 10 16 15 18 9 15 10
29318768 29346434 7223 14.000000 13.714286 7223 7209.285645 13.714286 19 16 6 17 16 9 7 16 9 20 18 16 10 13
29356635 29385801 7613 15.714286 15.500000 7613 7597.500000 15.500000 20 20 10 15 19 15 10 14 18 14 17 16 15 14
29395993 29423659 7221 13.214286 12.785714 7221 7208.214355 12.785714 8 25 11 13 10 10 14 13 12 17 11 10 12 13
29433857 29461504 7218 12.000000 11.928572 7218 7206.071289 11.928572 12 18 8 13 7 16 9 10 14 11 14 13 12 10
29471696 29500884 7621 7.928571 7.857143 7621 7613.143066 7.857143 12 8 16 3 5 7 6 4 11 6 9 9 9 5
29511071 29538737 7223 4.642857 4.214286 7223 7218.785645 4.214286 6 2 7 4 2 3 4 5 5 6 4 4 3 4
29548968 29578039 7589 3.642857 3.571429 7589 7585.428711 3.571429 5 6 4 4 1 2 2 3 2 1 8 3 3 6
29588258 29615989 7238 1.214286 1.142857 7238 7236.856934 1.142857 3 1 0 1 0 3 1 1 1 2 1 0 1 1
29626196 29655352 7611 0.285714 0.285714 7611 7610.714355 0.285714 0 0 1 1 0 0 0 0 0 0 0 1 1 0
29664022 29693215 7622 0.500000 0.428571 7622 7621.571289 0.428571 0 0 0 0 1 0 0 1 0 0 1 0 2 1
29703413 29732496 7593 0.000000 0.000000 7593 7593.000000 0.000000 0 0 0 0 0 0 0 0 0 0 0 0 0 0
29741279 29770448 7614 0.000000 0.000000 7614 7614.000000 0.000000 0 0 0 0 0 0 0 0 0 0 0 0 0 0
29780548 29808234 7227 0.000000 0.000000 7227 7227.000000 0.000000 0 0 0 0 0 0 0 0 0 0 0 0 0 0
29818435 29847607 7615 0.000000 0.000000 7615 7615.000000 0.000000 0 0 0 0 0 0 0 0 0 0 0 0 0 0
29907350 29936519 7614 17.142857 16.500000 7614 7597.500000 16.500000 21 16 17 20 6 18 19 19 14 13 24 14 17 13
