27 32
28804455 28833630 7615 17.428572 17.142857 7615 7597.856934 17.142857 24 22 12 14 21 21 19 15 19 17 13 22 11 10
28894812 28922470 7221 0.000000 0.000000 7221 7221.000000 0.000000 0 0 0 0 0 0 0 0 0 0 0 0 0 0
28932659 28961832 7615 0.000000 0.000000 7615 7615.000000 0.000000 0 0 0 0 0 0 0 0 0 0 0 0 0 0
28972047 28999731 7226 0.000000 0.000000 7226 7226.000000 0.000000 0 0 0 0 0 0 0 0 0 0 0 0 0 0
29009827 29039021 7621 0.285714 0.285714 7621 7620.714355 0.285714 0 0 0 1 2 1 0 0 0 0 0 0 0 0
29049191 29076905 7233 0.642857 0.642857 7233 7232.356934 0.642857 0 1 0 0 0 1 0 1 3 1 0 1 1 0
29087096 29116267 7617 0.571429 0.571429 7617 7616.428711 0.571429 1 1 1 0 1 0 0 0 0 2 0 1 1 0
29124943 29154115 7615 1.357143 1.285714 7615 7613.714355 1.285714 2 2 1 0 1 2 0 2 1 2 1 3 0 1
29164315 29193494 7616 2.785714 2.785714 7616 7613.214355 2.785714 4 1 3 2 3 3 2 3 4 4 4 0 5 1
29202181 29231351 7614 5.500000 5.500000 7614 7608.500000 5.500000 7 6 4 4 11 0 1 7 11 11 8 2 2 3
29241554 29269220 7223 8.357142 8.285714 7223 7214.714355 8.285714 13 7 1 5 10 9 10 11 9 10 8 10 9 4
29279409 29308559 7611 13.214286 12.928572 7611 7598.071289 12.928572 11 15 6 8 18 18 12 9 16 26 6 13 14 9
29318768 29346434 7223 14.357142 13.928572 7223 7209.071289 13.928572 14 20 10 9 6 16 8 15 14 15 11 23 22 12
29356635 29385801 7613 18.285715 17.285715 7613 7595.714355 17.285715 24 17 10 13 12 8 26 18 27 20 21 16 17 13
29395993 29423659 7221 13.357142 12.714286 7221 7208.285645 12.714286 13 19 8 11 15 12 10 10 12 14 12 21 11 10
29433857 29461504 7218 12.857142 12.500000 7218 7205.500000 12.500000 21 8 9 4 13 9 13 17 15 22 10 16 13 5
29471696 29500884 7621 7.571429 7.500000 7621 7613.500000 7.500000 9 5 4 5 5 8 4 6 14 12 11 12 8 2
29511071 29538737 7223 4.000000 3.857143 7223 7219.143066 3.857143 2 3 1 4 3 5 5 4 4 3 5 5 4 6
29548968 29578039 7589 3.214286 3.071429 7589 7585.928711 3.071429 4 5 7 1 2 3 3 2 1 3 2 3 5 2
29588258 29615989 7238 0.785714 0.642857 7238 7237.356934 0.642857 2 0 0 0 2 0 0 2 1 0 0 1 0 1
29626196 29655352 7611 0.857143 0.857143 7611 7610.143066 0.857143 1 0 2 0 2 0 0 0 2 2 1 1 0 1
29664022 29693215 7622 0.142857 0.142857 7622 7621.856934 0.142857 0 0 1 0 0 0 0 0 0 0 0 0 0 1
29703413 29732496 7594 0.000000 0.000000 7594 7594.000000 0.000000 0 0 0 0 0 0 0 0 0 0 0 0 0 0
29741279 29770448 7614 0.071429 0.071429 7614 7613.928711 0.071429 0 0 0 0 0 0 0 0 0 1 0 0 0 0
29780548 29808234 7227 0.000000 0.000000 7227 7227.000000 0.000000 0 0 0 0 0 0 0 0 0 0 0 0 0 0
29818435 29847607 7615 0.000000 0.000000 7615 7615.000000 0.000000 0 0 0 0 0 0 0 0 0 0 0 0 0 0
29907350 29936519 7614 15.142858 14.928572 7614 7599.071289 14.928572 10 20 14 7 9 17 8 14 27 25 12 14 17 15
