27 32
28804455 28833630 7616 19.642857 19.285715 7616 7596.714355 19.285715 12 28 22 27 15 28 14 15 27 26 16 13 16 11
28894812 28922470 7221 0.071429 0.000000 7221 7221.000000 0.000000 0 0 0 0 0 0 0 0 0 0 0 0 0 0
28932659 28961832 7615 0.000000 0.000000 7615 7615.000000 0.000000 0 0 0 0 0 0 0 0 0 0 0 0 0 0
28972047 28999731 7225 0.000000 0.000000 7225 7225.000000 0.000000 0 0 0 0 0 0 0 0 0 0 0 0 0 0
29009827 29039021 7621 0.214286 0.214286 7621 7620.785645 0.214286 0 0 0 0 1 0 1 1 0 0 0 0 0 0
29049191 29076905 7233 0.214286 0.214286 7233 7232.785645 0.214286 0 0 0 1 1 0 0 1 0 0 0 0 0 0
29087096 29116267 7616 0.642857 0.642857 7616 7615.356934 0.642857 0 0 1 1 2 0 1 0 0 2 1 0 1 0
29124943 29154115 7615 1.714286 1.642857 7615 7613.356934 1.642857 4 0 1 2 1 1 4 1 3 1 2 1 2 0
29164315 29193494 7617 3.142857 3.071429 7617 7613.928711 3.071429 3 2 5 3 6 1 2 4 5 5 2 0 2 3
29202181 29231351 7615 5.000000 4.857143 7615 7610.143066 4.857143 8 4 6 3 3 2 3 8 6 8 6 4 4 3
29241554 29269220 7223 9.285714 9.000000 7223 7214.000000 9.000000 15 6 5 4 10 14 9 5 10 11 15 8 9 5
29279409 29308559 7611 13.857142 13.571428 7611 7597.428711 13.571428 21 21 13 7 9 10 17 18 9 18 15 12 11 9
29318768 29346434 7223 14.857142 14.285714 7223 7208.714355 14.285714 15 8 16 13 9 12 16 20 17 30 15 7 15 7
29356635 29385801 7614 19.214285 18.571428 7614 7595.428711 18.571428 18 21 16 19 28 20 23 13 18 17 20 14 12 21
29395993 29423659 7221 14.500000 14.142858 7221 7206.856934 14.142858 17 16 14 10 13 21 10 12 17 18 11 13 11 15
29433857 29461504 7218 12.428572 12.071428 7218 7205.928711 12.071428 11 12 13 14 10 10 11 14 19 7 12 16 11 9
29471696 29500884 7622 7.285714 7.071429 7622 7614.928711 7.071429 8 7 7 1 11 13 6 3 7 11 6 9 3 7
29511071 29538737 7223 4.357143 4.000000 7223 7219.000000 4.000000 6 6 4 4 3 3 6 5 4 6 5 2 0 2
29548968 29578039 7588 3.071429 3.071429 7588 7584.928711 3.071429 3 3 2 5 5 5 3 1 3 5 3 2 0 3
29588258 29615989 7238 0.714286 0.714286 7238 7237.285645 0.714286 2 2 0 0 0 1 2 0 1 0 1 0 0 1
29626196 29655352 7611 0.357143 0.357143 7611 7610.643066 0.357143 1 0 0 1 0 0 2 0 1 0 0 0 0 0
29664022 29693215 7623 0.214286 0.214286 7623 7622.785645 0.214286 0 0 0 1 0 1 0 0 1 0 0 0 0 0
29703413 29732496 7594 0.071429 0.071429 7594 7593.928711 0.071429 0 0 0 0 0 0 0 0 1 0 0 0 0 0
29741279 29770448 7614 0.071429 0.071429 7614 7613.928711 0.071429 0 0 0 0 0 0 0 0 1 0 0 0 0 0
29780548 29808234 7226 0.071429 0.000000 7226 7226.000000 0.000000 0 0 0 0 0 0 0 0 0 0 0 0 0 0
29818435 29847607 7615 0.000000 0.000000 7615 7615.000000 0.000000 0 0 0 0 0 0 0 0 0 0 0 0 0 0
29907350 29936519 7614 17.357143 17.142857 7614 7596.856934 17.142857 16 18 14 15 19 23 12 18 21 23 19 15 13 14
