27 32
28804455 28833630 7616 10.071428 9.714286 7616 7606.285645 9.714286 23 15 18 15 0 0 0 0 0 1 23 15 14 12
28894812 28922470 7221 0.000000 0.000000 7221 7221.000000 0.000000 0 0 0 0 0 0 0 0 0 0 0 0 0 0
28932659 28961832 7616 0.071429 0.000000 7616 7616.000000 0.000000 0 0 0 0 0 0 0 0 0 0 0 0 0 0
28972047 28999731 7226 0.000000 0.000000 7226 7226.000000 0.000000 0 0 0 0 0 0 0 0 0 0 0 0 0 0
29009827 29039021 7621 0.000000 0.000000 7621 7621.000000 0.000000 0 0 0 0 0 0 0 0 0 0 0 0 0 0
29049191 29076905 7233 0.071429 0.071429 7233 7232.928711 0.071429 0 0 0 0 0 1 0 0 0 0 0 0 0 0
29087096 29116267 7617 0.500000 0.428571 7617 7616.571289 0.428571 2 0 0 1 0 0 0 0 0 0 1 1 1 0
29124943 29154115 7615 0.571429 0.500000 7615 7614.500000 0.500000 1 1 2 2 0 0 0 0 0 0 1 0 0 0
29164315 29193494 7617 2.142857 2.071429 7617 7614.928711 2.071429 5 4 0 4 0 0 0 0 0 0 5 7 3 1
29202181 29231351 7614 3.571429 3.571429 7614 7610.428711 3.571429 4 6 1 5 0 0 0 0 0 0 13 3 12 6
29241554 29269220 7223 4.857143 4.642857 7223 7218.356934 4.642857 12 7 7 6 0 0 0 0 0 0 8 9 6 10
29279409 29308559 7611 7.000000 6.857143 7611 7604.143066 6.857143 16 19 12 6 0 0 0 0 0 0 13 11 11 8
29318768 29346434 7223 8.142858 8.000000 7223 7215.000000 8.000000 9 19 11 12 0 0 0 0 0 0 20 15 18 8
29356635 29385801 7614 9.357142 9.285714 7614 7604.714355 9.285714 18 15 10 20 0 0 0 0 0 0 21 11 17 18
29395993 29423659 7221 8.928572 8.642858 7221 7212.356934 8.642858 14 18 17 12 0 1 0 0 0 0 16 13 11 19
29433857 29461504 7218 6.500000 6.214286 7218 7211.785645 6.214286 12 12 7 4 0 0 0 0 0 1 19 12 12 8
29471696 29500884 7621 5.214286 5.142857 7621 7615.856934 5.142857 11 11 3 5 0 0 0 0 0 0 13 10 5 14
29511071 29538737 7223 2.000000 2.000000 7223 7221.000000 2.000000 3 7 3 2 0 0 0 0 0 0 5 4 2 2
29548968 29578039 7588 2.571429 2.500000 7588 7585.500000 2.500000 2 5 4 3 0 0 0 0 0 0 6 3 6 6
29588258 29615989 7238 0.928571 0.928571 7238 7237.071289 0.928571 2 1 1 0 0 0 0 0 0 0 2 1 4 2
29626196 29655352 7610 0.142857 0.142857 7610 7609.856934 0.142857 0 0 0 0 0 0 0 0 0 0 0 2 0 0
29664022 29693215 7623 0.071429 0.071429 7623 7622.928711 0.071429 0 0 0 0 0 0 0 0 0 0 1 0 0 0
29703413 29732496 7594 0.071429 0.071429 7594 7593.928711 0.071429 0 0 0 0 0 0 0 0 0 0 0 0 0 1
29741279 29770448 7614 0.000000 0.000000 7614 7614.000000 0.000000 0 0 0 0 0 0 0 0 0 0 0 0 0 0
29780548 29808234 7226 0.000000 0.000000 7226 7226.000000 0.000000 0 0 0 0 0 0 0 0 0 0 0 0 0 0
29818435 29847607 7615 0.000000 0.000000 7615 7615.000000 0.000000 0 0 0 0 0 0 0 0 0 0 0 0 0 0
29907350 29936519 7614 9.857142 9.785714 7614 7604.214355 9.785714 20 15 16 17 1 0 0 0 0 0 21 14 23 10
