27 32
28804455 28833630 7615 6.714286 6.571429 7615 7608.428711 6.571429 17 13 0 1 0 0 0 2 0 1 15 22 14 7
28894812 28922470 7221 0.000000 0.000000 7221 7221.000000 0.000000 0 0 0 0 0 0 0 0 0 0 0 0 0 0
28932659 28961832 7616 0.000000 0.000000 7616 7616.000000 0.000000 0 0 0 0 0 0 0 0 0 0 0 0 0 0
28972047 28999731 7226 0.000000 0.000000 7226 7226.000000 0.000000 0 0 0 0 0 0 0 0 0 0 0 0 0 0
29009827 29039021 7621 0.000000 0.000000 7621 7621.000000 0.000000 0 0 0 0 0 0 0 0 0 0 0 0 0 0
29049191 29076905 7234 0.000000 0.000000 7234 7234.000000 0.000000 0 0 0 0 0 0 0 0 0 0 0 0 0 0
29087096 29116267 7617 0.357143 0.357143 7617 7616.643066 0.357143 0 1 0 0 0 0 0 0 0 0 3 0 0 1
29124943 29154115 7615 0.571429 0.571429 7615 7614.428711 0.571429 1 2 0 0 0 0 0 0 0 0 0 2 1 2
29164315 29193494 7617 1.428571 1.428571 7617 7615.571289 1.428571 2 4 0 0 0 0 0 0 0 0 1 6 3 4
29202181 29231351 7614 4.071429 3.857143 7614 7610.143066 3.857143 6 13 0 0 0 1 0 0 0 0 7 12 11 4
29241554 29269220 7224 4.142857 4.142857 7224 7219.856934 4.142857 10 12 1 0 0 0 0 0 0 0 8 10 8 9
29279409 29308559 7611 5.785714 5.714286 7611 7605.285645 5.714286 19 12 0 0 0 0 1 0 0 0 9 16 13 10
29318768 29346434 7224 7.071429 7.000000 7224 7217.000000 7.000000 15 16 0 1 1 0 0 0 1 1 19 14 18 12
29356635 29385801 7613 7.357143 7.142857 7613 7605.856934 7.142857 16 20 0 0 0 0 0 0 0 0 14 25 12 13
29395993 29423659 7221 7.500000 7.357143 7221 7213.643066 7.357143 14 18 0 0 0 0 0 0 0 0 24 15 19 13
29433857 29461504 7218 5.285714 5.000000 7218 7213.000000 5.000000 15 6 0 0 0 0 0 0 1 0 15 16 11 6
29471696 29500884 7621 4.071429 3.642857 7621 7617.356934 3.642857 12 10 0 0 0 0 0 0 0 0 11 6 6 6
29511071 29538737 7223 2.357143 2.357143 7223 7220.643066 2.357143 3 4 0 0 0 0 0 0 0 0 7 9 7 3
29548968 29578039 7589 1.071429 1.071429 7589 7587.928711 1.071429 3 3 0 0 0 0 0 0 0 0 2 3 3 1
29588258 29615989 7238 0.571429 0.571429 7238 7237.428711 0.571429 2 2 0 0 0 0 0 0 0 0 2 1 0 1
29626196 29655352 7611 0.571429 0.571429 7611 7610.428711 0.571429 1 1 1 1 0 0 0 0 0 0 1 1 0 2
29664022 29693215 7622 0.000000 0.000000 7622 7622.000000 0.000000 0 0 0 0 0 0 0 0 0 0 0 0 0 0
29703413 29732496 7594 0.000000 0.000000 7594 7594.000000 0.000000 0 0 0 0 0 0 0 0 0 0 0 0 0 0
29741279 29770448 7614 0.000000 0.000000 7614 7614.000000 0.000000 0 0 0 0 0 0 0 0 0 0 0 0 0 0
29780548 29808234 7227 0.000000 0.000000 7227 7227.000000 0.000000 0 0 0 0 0 0 0 0 0 0 0 0 0 0
29818435 29847607 7615 0.000000 0.000000 7615 7615.000000 0.000000 0 0 0 0 0 0 0 0 0 0 0 0 0 0
29907350 29936519 7614 8.142858 7.642857 7614 7606.356934 7.642857 20 22 0 0 0 0 0 0 1 1 14 8 24 17
