27 32
28804455 28833630 7616 17.214285 16.714285 7616 7599.285645 16.714285 16 20 19 12 22 18 20 16 13 22 12 10 18 16
28894812 28922470 7221 0.000000 0.000000 7221 7221.000000 0.000000 0 0 0 0 0 0 0 0 0 0 0 0 0 0
28932659 28961832 7616 0.000000 0.000000 7616 7616.000000 0.000000 0 0 0 0 0 0 0 0 0 0 0 0 0 0
28972047 28999731 7225 0.000000 0.000000 7225 7225.000000 0.000000 0 0 0 0 0 0 0 0 0 0 0 0 0 0
29009827 29039021 7621 0.214286 0.214286 7621 7620.785645 0.214286 0 1 0 0 1 0 0 0 1 0 0 0 0 0
29049191 29076905 7233 0.142857 0.142857 7233 7232.856934 0.142857 0 0 0 0 1 0 0 0 0 0 0 0 1 0
29087096 29116267 7617 0.428571 0.428571 7617 7616.571289 0.428571 0 1 0 1 1 0 0 2 0 0 0 1 0 0
29124943 29154115 7615 1.428571 1.428571 7615 7613.571289 1.428571 0 2 0 3 1 3 2 0 2 0 1 2 2 2
29164315 29193494 7617 2.857143 2.785714 7617 7614.214355 2.785714 1 7 2 1 1 2 2 1 4 7 5 2 3 1
29202181 29231351 7615 5.785714 5.642857 7615 7609.356934 5.642857 4 6 9 2 5 7 5 6 9 4 3 8 7 4
29241554 29269220 7223 10.357142 10.142858 7223 7212.856934 10.142858 9 13 14 7 7 10 8 13 11 15 12 7 5 11
29279409 29308559 7611 13.142858 12.571428 7611 7598.428711 12.571428 12 11 13 9 12 16 10 7 15 15 17 14 17 8
29318768 29346434 7223 15.000000 14.285714 7223 7208.714355 14.285714 10 16 13 15 11 15 11 15 15 18 8 19 22 12
29356635 29385801 7614 18.857143 18.428572 7614 7595.571289 18.428572 26 17 13 21 13 17 15 15 23 24 22 21 20 11
29395993 29423659 7221 15.500000 15.285714 7221 7205.714355 15.285714 17 9 10 19 11 18 15 23 11 22 21 9 11 18
29433857 29461504 7219 10.428572 10.285714 7219 7208.714355 10.285714 10 7 11 7 6 15 13 5 12 18 10 11 13 6
29471696 29500884 7621 9.357142 9.214286 7621 7611.785645 9.214286 6 9 10 7 8 7 7 11 13 14 15 9 7 6
29511071 29538737 7224 5.071429 4.785714 7224 7219.214355 4.785714 3 1 2 4 8 14 5 5 8 4 8 4 0 1
29548968 29578039 7588 2.928571 2.714286 7588 7585.285645 2.714286 3 1 1 1 3 2 3 1 3 4 5 4 5 2
29588258 29615989 7239 1.928571 1.928571 7239 7237.071289 1.928571 2 3 3 3 1 4 1 0 1 1 3 3 2 0
29626196 29655352 7611 0.714286 0.642857 7611 7610.356934 0.642857 0 0 3 2 0 0 0 0 0 3 0 0 0 1
29664022 29693215 7623 0.357143 0.357143 7623 7622.643066 0.357143 0 1 2 1 0 0 0 0 0 0 0 0 0 1
29703413 29732496 7594 0.000000 0.000000 7594 7594.000000 0.000000 0 0 0 0 0 0 0 0 0 0 0 0 0 0
29741279 29770448 7614 0.142857 0.142857 7614 7613.856934 0.142857 0 0 0 0 2 0 0 0 0 0 0 0 0 0
29780548 29808234 7226 0.000000 0.000000 7226 7226.000000 0.000000 0 0 0 0 0 0 0 0 0 0 0 0 0 0
29818435 29847607 7615 0.000000 0.000000 7615 7615.000000 0.000000 0 0 0 0 0 0 0 0 0 0 0 0 0 0
29907350 29936519 7615 17.642857 17.428572 7615 7597.571289 17.428572 15 27 17 12 19 16 12 18 21 18 21 18 18 12
