27 32
28804455 28833630 7616 13.071428 13.071428 7616 7602.928711 13.071428 14 15 0 0 8 25 13 12 26 17 16 14 10 13
28894812 28922470 7221 0.000000 0.000000 7221 7221.000000 0.000000 0 0 0 0 0 0 0 0 0 0 0 0 0 0
28932659 28961832 7615 0.071429 0.071429 7615 7614.928711 0.071429 0 0 0 0 0 0 0 0 1 0 0 0 0 0
28972047 28999731 7226 0.071429 0.071429 7226 7225.928711 0.071429 0 0 0 0 0 0 0 1 0 0 0 0 0 0
29009827 29039021 7621 0.000000 0.000000 7621 7621.000000 0.000000 0 0 0 0 0 0 0 0 0 0 0 0 0 0
29049191 29076905 7232 0.071429 0.071429 7232 7231.928711 0.071429 0 0 0 0 0 0 0 0 0 1 0 0 0 0
29087096 29116267 7617 0.642857 0.642857 7617 7616.356934 0.642857 2 1 0 0 0 0 1 2 1 1 0 0 1 0
29124943 29154115 7615 1.428571 1.428571 7615 7613.571289 1.428571 2 2 0 0 0 1 0 3 3 1 2 5 1 0
29164315 29193494 7617 1.571429 1.428571 7617 7615.571289 1.428571 2 2 0 0 2 1 3 2 4 3 0 1 0 0
29202181 29231351 7614 5.785714 5.714286 7614 7608.285645 5.714286 6 2 0 0 12 9 3 6 10 10 10 4 5 3
29241554 29269220 7223 6.642857 6.500000 7223 7216.500000 6.500000 6 10 0 0 8 13 10 7 4 11 7 5 5 5
29279409 29308559 7611 12.285714 12.285714 7611 7598.714355 12.285714 10 17 0 0 15 16 17 13 14 12 17 12 15 14
29318768 29346434 7223 14.857142 14.571428 7223 7208.428711 14.571428 11 12 0 0 18 16 18 24 23 25 18 16 10 13
29356635 29385801 7614 13.285714 12.642858 7614 7601.356934 12.642858 20 12 0 0 14 14 13 12 26 11 8 16 15 16
29395993 29423659 7221 13.500000 13.071428 7221 7207.928711 13.071428 12 16 0 1 25 13 12 23 18 16 13 11 11 12
29433857 29461504 7218 10.428572 10.357142 7218 7207.643066 10.357142 19 10 0 0 16 14 11 9 10 17 10 14 8 7
29471696 29500884 7621 7.714286 7.500000 7621 7613.500000 7.500000 10 7 0 0 8 8 8 12 7 18 9 4 8 6
29511071 29538737 7223 3.714286 3.571429 7223 7219.428711 3.571429 2 5 0 0 6 3 3 5 7 4 4 2 5 4
29548968 29578039 7588 1.857143 1.785714 7588 7586.214355 1.785714 2 0 0 0 1 0 7 5 1 1 3 3 1 1
29588258 29615989 7238 1.285714 1.142857 7238 7236.856934 1.142857 1 3 0 0 1 0 1 1 1 4 0 2 1 1
29626196 29655352 7610 0.357143 0.285714 7610 7609.714355 0.285714 0 0 0 0 0 1 0 1 0 1 0 1 0 0
29664022 29693215 7623 0.285714 0.285714 7623 7622.714355 0.285714 0 0 0 0 1 0 0 2 1 0 0 0 0 0
29703413 29732496 7594 0.071429 0.071429 7594 7593.928711 0.071429 1 0 0 0 0 0 0 0 0 0 0 0 0 0
29741279 29770448 7614 0.000000 0.000000 7614 7614.000000 0.000000 0 0 0 0 0 0 0 0 0 0 0 0 0 0
29780548 29808234 7226 0.000000 0.000000 7226 7226.000000 0.000000 0 0 0 0 0 0 0 0 0 0 0 0 0 0
29818435 29847607 7616 0.000000 0.000000 7616 7616.000000 0.000000 0 0 0 0 0 0 0 0 0 0 0 0 0 0
29907350 29936519 7614 15.285714 14.571428 7614 7599.428711 14.571428 26 17 1 0 12 22 17 15 19 24 15 15 13 8
