27 32
28804455 28833630 7616 17.071428 16.714285 7616 7599.285645 16.714285 13 16 15 20 16 17 17 14 21 18 25 20 6 16
28894812 28922470 7221 0.071429 0.000000 7221 7221.000000 0.000000 0 0 0 0 0 0 0 0 0 0 0 0 0 0
28932659 28961832 7616 0.000000 0.000000 7616 7616.000000 0.000000 0 0 0 0 0 0 0 0 0 0 0 0 0 0
28972047 28999731 7225 0.000000 0.000000 7225 7225.000000 0.000000 0 0 0 0 0 0 0 0 0 0 0 0 0 0
29009827 29039021 7621 0.000000 0.000000 7621 7621.000000 0.000000 0 0 0 0 0 0 0 0 0 0 0 0 0 0
29049191 29076905 7233 0.214286 0.214286 7233 7232.785645 0.214286 0 0 1 0 0 0 1 0 0 0 0 0 1 0
29087096 29116267 7617 0.571429 0.571429 7617 7616.428711 0.571429 2 0 2 0 0 1 0 1 1 0 0 1 0 0
29124943 29154115 7615 1.142857 1.142857 7615 7613.856934 1.142857 1 1 0 1 2 1 2 2 3 0 1 1 0 1
29164315 29193494 7617 3.000000 2.928571 7617 7614.071289 2.928571 1 4 1 2 3 4 2 5 3 4 1 8 2 1
29202181 29231351 7615 6.071429 5.642857 7615 7609.356934 5.642857 4 2 5 4 7 6 5 4 5 11 8 4 7 7
29241554 29269220 7223 8.714286 8.428572 7223 7214.571289 8.428572 9 9 4 6 7 12 14 8 9 9 9 10 6 6
29279409 29308559 7611 12.642858 12.285714 7611 7598.714355 12.285714 15 18 12 7 7 12 15 11 18 13 15 5 11 13
29318768 29346434 7223 14.500000 14.071428 7223 7208.928711 14.071428 8 11 12 11 16 18 13 14 17 25 15 13 10 14
29356635 29385801 7614 18.000000 17.500000 7614 7596.500000 17.500000 16 27 14 8 12 20 19 22 34 15 13 12 13 20
29395993 29423659 7221 14.214286 13.857142 7221 7207.143066 13.857142 12 9 11 14 13 20 13 12 26 14 19 11 4 16
29433857 29461504 7219 11.571428 11.142858 7219 7207.856934 11.142858 13 14 8 8 10 12 14 10 17 7 11 13 10 9
29471696 29500884 7621 9.214286 8.785714 7621 7612.214355 8.785714 14 7 6 5 9 15 5 8 11 8 8 11 8 8
29511071 29538737 7224 5.428571 5.428571 7224 7218.571289 5.428571 6 7 7 5 3 8 5 9 5 8 3 2 2 6
29548968 29578039 7588 2.142857 2.071429 7588 7585.928711 2.071429 5 3 1 3 0 1 3 1 1 5 3 3 0 0
29588258 29615989 7239 1.500000 1.500000 7239 7237.500000 1.500000 1 2 0 1 1 1 0 3 1 1 3 1 1 5
29626196 29655352 7611 0.500000 0.500000 7611 7610.500000 0.500000 2 0 0 0 0 1 0 0 1 0 2 0 1 0
29664022 29693215 7623 0.214286 0.214286 7623 7622.785645 0.214286 0 0 0 0 0 0 0 1 0 1 1 0 0 0
29703413 29732496 7594 0.071429 0.071429 7594 7593.928711 0.071429 0 0 0 0 0 0 0 0 1 0 0 0 0 0
29741279 29770448 7614 0.071429 0.071429 7614 7613.928711 0.071429 0 0 0 0 0 0 0 0 0 1 0 0 0 0
29780548 29808234 7226 0.071429 0.071429 7226 7225.928711 0.071429 1 0 0 0 0 0 0 0 0 0 0 0 0 0
29818435 29847607 7615 0.000000 0.000000 7615 7615.000000 0.000000 0 0 0 0 0 0 0 0 0 0 0 0 0 0
29907350 29936519 7615 16.214285 15.785714 7615 7599.214355 15.785714 17 16 13 10 14 21 14 10 16 28 14 22 20 6
