27 32
28804455 28833630 7616 16.142857 15.571428 7616 7600.428711 15.571428 14 12 15 14 15 19 11 17 15 14 25 16 16 15
28894812 28922470 7222 0.000000 0.000000 7222 7222.000000 0.000000 0 0 0 0 0 0 0 0 0 0 0 0 0 0
28932659 28961832 7615 0.071429 0.000000 7615 7615.000000 0.000000 0 0 0 0 0 0 0 0 0 0 0 0 0 0
28972047 28999731 7226 0.071429 0.071429 7226 7225.928711 0.071429 0 0 0 0 1 0 0 0 0 0 0 0 0 0
29009827 29039021 7620 0.071429 0.071429 7620 7619.928711 0.071429 0 0 0 0 0 0 0 0 0 0 0 0 0 1
29049191 29076905 7232 0.214286 0.142857 7232 7231.856934 0.142857 0 0 0 0 0 0 0 0 1 0 0 1 0 0
29087096 29116267 7617 0.428571 0.428571 7617 7616.571289 0.428571 0 0 0 1 1 0 1 1 1 0 1 0 0 0
29124943 29154115 7615 1.357143 1.357143 7615 7613.643066 1.357143 1 1 1 2 2 2 0 1 1 4 1 2 1 0
29164315 29193494 7616 2.785714 2.785714 7616 7613.214355 2.785714 3 5 3 3 4 1 2 2 7 4 0 3 2 0
29202181 29231351 7614 5.214286 5.214286 7614 7608.785645 5.214286 4 3 9 7 7 2 5 6 7 5 4 5 7 2
29241554 29269220 7223 9.714286 9.428572 7223 7213.571289 9.428572 5 9 12 8 9 13 8 11 7 14 11 15 6 4
29279409 29308559 7612 13.357142 12.571428 7612 7599.428711 12.571428 13 19 10 4 14 15 16 16 15 11 12 9 10 12
29318768 29346434 7223 14.500000 14.214286 7223 7208.785645 14.214286 14 15 10 10 15 13 12 9 18 21 20 21 11 10
29356635 29385801 7613 18.428572 18.071428 7613 7594.928711 18.071428 26 14 15 20 23 21 17 15 22 17 13 22 13 15
29395993 29423659 7221 15.714286 15.214286 7221 7205.785645 15.214286 12 11 15 10 17 21 17 12 21 14 18 22 10 13
29433857 29461504 7218 10.071428 9.571428 7218 7208.428711 9.571428 6 14 3 9 11 10 3 8 16 11 19 7 9 8
29471696 29500884 7621 8.714286 8.285714 7621 7612.714355 8.285714 11 8 7 7 5 6 12 12 5 15 8 9 4 7
29511071 29538737 7223 4.285714 4.142857 7223 7218.856934 4.142857 4 5 5 2 6 4 7 3 5 4 4 1 3 5
29548968 29578039 7589 2.500000 2.357143 7589 7586.643066 2.357143 5 2 3 0 3 1 2 5 4 3 2 1 1 1
29588258 29615989 7238 1.000000 1.000000 7238 7237.000000 1.000000 0 0 1 2 0 1 0 2 0 1 0 2 3 2
29626196 29655352 7611 0.428571 0.428571 7611 7610.571289 0.428571 1 0 0 1 0 1 2 0 0 0 0 0 0 1
29664022 29693215 7622 0.142857 0.071429 7622 7621.928711 0.071429 0 0 0 0 0 0 0 0 0 0 0 1 0 0
29703413 29732496 7593 0.428571 0.357143 7593 7592.643066 0.357143 0 0 0 1 2 0 0 0 0 0 0 1 0 1
29741279 29770448 7614 0.000000 0.000000 7614 7614.000000 0.000000 0 0 0 0 0 0 0 0 0 0 0 0 0 0
29780548 29808234 7226 0.000000 0.000000 7226 7226.000000 0.000000 0 0 0 0 0 0 0 0 0 0 0 0 0 0
29818435 29847607 7615 0.000000 0.000000 7615 7615.000000 0.000000 0 0 0 0 0 0 0 0 0 0 0 0 0 0
29907350 29936519 7614 15.000000 14.571428 7614 7599.428711 14.571428 20 24 22 10 7 19 9 10 17 20 15 5 11 15
