27 32
28804455 28833630 7615 16.214285 15.928572 7615 7599.071289 15.928572 13 18 19 18 16 14 16 15 18 26 12 16 13 9
28894812 28922470 7221 0.000000 0.000000 7221 7221.000000 0.000000 0 0 0 0 0 0 0 0 0 0 0 0 0 0
28932659 28961832 7615 0.000000 0.000000 7615 7615.000000 0.000000 0 0 0 0 0 0 0 0 0 0 0 0 0 0
28972047 28999731 7226 0.000000 0.000000 7226 7226.000000 0.000000 0 0 0 0 0 0 0 0 0 0 0 0 0 0
29009827 29039021 7621 0.357143 0.285714 7621 7620.714355 0.285714 0 1 1 1 0 0 0 0 0 0 0 0 1 0
29049191 29076905 7234 0.142857 0.142857 7234 7233.856934 0.142857 0 0 0 0 0 1 0 0 1 0 0 0 0 0
29087096 29116267 7617 0.571429 0.571429 7617 7616.428711 0.571429 0 0 0 1 0 1 0 0 3 2 0 1 0 0
29124943 29154115 7615 1.428571 1.428571 7615 7613.571289 1.428571 3 1 1 3 3 0 0 1 0 1 3 2 2 0
29164315 29193494 7617 2.285714 2.214286 7617 7614.785645 2.214286 1 4 5 2 1 1 1 3 2 0 2 3 3 3
29202181 29231351 7614 5.785714 5.571429 7614 7608.428711 5.571429 12 7 8 4 5 3 5 5 4 7 6 5 6 1
29241554 29269220 7224 8.142858 7.785714 7224 7216.214355 7.785714 11 4 6 9 5 9 9 8 7 12 9 8 8 4
29279409 29308559 7611 14.214286 14.000000 7611 7597.000000 14.000000 13 16 11 13 11 13 8 18 11 21 23 20 9 9
29318768 29346434 7224 13.357142 13.071428 7224 7210.928711 13.071428 16 17 8 11 13 6 16 11 19 11 21 14 11 9
29356635 29385801 7613 17.214285 16.857143 7613 7596.143066 16.857143 23 16 18 17 11 12 15 21 12 24 21 29 12 5
29395993 29423659 7221 14.285714 14.000000 7221 7207.000000 14.000000 27 19 15 17 11 16 7 14 17 15 13 7 9 9
29433857 29461504 7218 10.857142 10.500000 7218 7207.500000 10.500000 10 21 8 9 9 14 8 11 9 6 7 15 15 5
29471696 29500884 7621 9.071428 8.785714 7621 7612.214355 8.785714 10 14 10 10 5 15 6 5 13 10 4 9 9 3
29511071 29538737 7223 6.142857 6.000000 7223 7217.000000 6.000000 6 3 4 3 6 6 6 11 8 6 8 8 6 3
29548968 29578039 7589 3.285714 3.214286 7589 7585.785645 3.214286 3 2 5 5 2 4 1 2 4 1 4 4 5 3
29588258 29615989 7238 1.428571 1.357143 7238 7236.643066 1.357143 1 1 1 1 1 1 2 1 3 0 1 1 3 2
29626196 29655352 7611 0.285714 0.214286 7611 7610.785645 0.214286 0 0 1 0 0 0 0 1 0 0 1 0 0 0
29664022 29693215 7622 0.214286 0.214286 7622 7621.785645 0.214286 0 0 1 0 0 1 0 0 1 0 0 0 0 0
29703413 29732496 7594 0.071429 0.071429 7594 7593.928711 0.071429 0 0 0 0 0 0 0 0 1 0 0 0 0 0
29741279 29770448 7614 0.000000 0.000000 7614 7614.000000 0.000000 0 0 0 0 0 0 0 0 0 0 0 0 0 0
29780548 29808234 7227 0.071429 0.071429 7227 7226.928711 0.071429 0 0 0 1 0 0 0 0 0 0 0 0 0 0
29818435 29847607 7615 0.000000 0.000000 7615 7615.000000 0.000000 0 0 0 0 0 0 0 0 0 0 0 0 0 0
29907350 29936519 7614 15.785714 15.571428 7614 7598.428711 15.571428 12 20 16 21 18 19 10 9 24 19 16 12 14 8
