27 32
28804455 28833630 7616 17.357143 16.857143 7616 7599.143066 16.857143 15 13 22 22 17 15 12 28 23 10 18 14 11 16
28894812 28922470 7221 0.000000 0.000000 7221 7221.000000 0.000000 0 0 0 0 0 0 0 0 0 0 0 0 0 0
28932659 28961832 7615 0.000000 0.000000 7615 7615.000000 0.000000 0 0 0 0 0 0 0 0 0 0 0 0 0 0
28972047 28999731 7226 0.071429 0.000000 7226 7226.000000 0.000000 0 0 0 0 0 0 0 0 0 0 0 0 0 0
29009827 29039021 7620 0.214286 0.142857 7620 7619.856934 0.142857 0 1 0 1 0 0 0 0 0 0 0 0 0 0
29049191 29076905 7232 0.357143 0.357143 7232 7231.643066 0.357143 0 0 1 0 0 0 0 1 0 0 1 0 1 1
29087096 29116267 7617 0.642857 0.642857 7617 7616.356934 0.642857 1 0 1 0 1 2 0 0 1 1 0 1 1 0
29124943 29154115 7615 1.500000 1.357143 7615 7613.643066 1.357143 2 0 1 2 3 2 1 1 0 1 2 4 0 0
29164315 29193494 7617 4.571429 4.428571 7617 7612.571289 4.428571 8 5 4 3 5 5 5 3 8 2 4 5 3 2
29202181 29231351 7614 6.000000 5.857143 7614 7608.143066 5.857143 4 5 4 5 8 7 7 7 10 3 7 5 6 4
29241554 29269220 7223 8.785714 8.500000 7223 7214.500000 8.500000 9 6 7 6 11 17 14 11 9 11 3 6 6 3
29279409 29308559 7612 13.214286 12.571428 7612 7599.428711 12.571428 13 6 13 19 12 22 13 15 18 7 11 14 10 3
29318768 29346434 7223 15.357142 14.714286 7223 7208.285645 14.714286 15 16 10 11 8 13 11 20 18 16 23 12 19 14
29356635 29385801 7613 17.285715 16.500000 7613 7596.500000 16.500000 17 21 9 11 15 19 13 18 20 26 24 14 10 14
29395993 29423659 7221 15.714286 15.285714 7221 7205.714355 15.285714 8 11 17 11 21 14 15 20 24 18 20 20 5 10
29433857 29461504 7218 12.428572 12.000000 7218 7206.000000 12.000000 13 13 10 9 20 8 6 11 14 15 15 10 10 14
29471696 29500884 7621 9.142858 8.714286 7621 7612.285645 8.714286 11 12 6 9 6 9 12 7 9 8 11 4 7 11
29511071 29538737 7223 5.500000 5.357143 7223 7217.643066 5.357143 5 9 5 4 4 8 10 7 5 5 1 2 6 4
29548968 29578039 7589 3.571429 3.500000 7589 7585.500000 3.500000 2 1 6 3 5 4 2 4 6 4 3 3 3 3
29588258 29615989 7238 1.142857 1.142857 7238 7236.856934 1.142857 3 0 1 1 1 1 1 1 2 0 1 1 2 1
29626196 29655352 7611 0.642857 0.642857 7611 7610.356934 0.642857 1 1 0 0 0 0 2 3 1 0 0 0 0 1
29664022 29693215 7622 0.214286 0.214286 7622 7621.785645 0.214286 0 1 0 0 0 0 0 0 0 1 1 0 0 0
29703413 29732496 7593 0.000000 0.000000 7593 7593.000000 0.000000 0 0 0 0 0 0 0 0 0 0 0 0 0 0
29741279 29770448 7614 0.000000 0.000000 7614 7614.000000 0.000000 0 0 0 0 0 0 0 0 0 0 0 0 0 0
29780548 29808234 7226 0.000000 0.000000 7226 7226.000000 0.000000 0 0 0 0 0 0 0 0 0 0 0 0 0 0
29818435 29847607 7615 0.000000 0.000000 7615 7615.000000 0.000000 0 0 0 0 0 0 0 0 0 0 0 0 0 0
29907350 29936519 7614 18.285715 17.857143 7614 7596.143066 17.857143 24 11 21 15 14 21 25 19 18 16 17 25 16 8
