27 32
28804455 28833630 7615 15.571428 15.357142 7615 7599.643066 15.357142 16 25 17 14 15 17 18 17 21 16 11 14 14 0
28894812 28922470 7221 0.000000 0.000000 7221 7221.000000 0.000000 0 0 0 0 0 0 0 0 0 0 0 0 0 0
28932659 28961832 7615 0.000000 0.000000 7615 7615.000000 0.000000 0 0 0 0 0 0 0 0 0 0 0 0 0 0
28972047 28999731 7226 0.000000 0.000000 7226 7226.000000 0.000000 0 0 0 0 0 0 0 0 0 0 0 0 0 0
29009827 29039021 7621 0.071429 0.071429 7621 7620.928711 0.071429 0 0 0 0 0 0 0 1 0 0 0 0 0 0
29049191 29076905 7234 0.142857 0.142857 7234 7233.856934 0.142857 0 0 0 0 1 0 0 0 0 0 0 0 1 0
29087096 29116267 7617 0.285714 0.214286 7617 7616.785645 0.214286 0 0 0 0 0 1 0 2 0 0 0 0 0 0
29124943 29154115 7615 1.500000 1.500000 7615 7613.500000 1.500000 3 2 0 4 2 2 0 0 0 3 1 2 2 0
29164315 29193494 7617 2.785714 2.785714 7617 7614.214355 2.785714 3 0 0 7 3 1 5 2 4 4 2 5 3 0
29202181 29231351 7614 4.285714 4.214286 7614 7609.785645 4.214286 4 1 5 3 6 7 5 6 4 3 9 4 2 0
29241554 29269220 7223 6.214286 6.000000 7223 7217.000000 6.000000 4 2 2 10 6 8 7 7 13 8 8 3 6 0
29279409 29308559 7611 11.928572 11.642858 7611 7599.356934 11.642858 12 20 6 7 11 19 24 10 12 14 13 7 8 0
29318768 29346434 7223 15.642858 15.214286 7223 7207.785645 15.214286 14 17 16 9 12 17 13 20 23 25 15 17 14 1
29356635 29385801 7613 19.285715 18.285715 7613 7594.714355 18.285715 17 25 18 10 22 25 18 24 21 23 22 12 19 0
29395993 29423659 7221 14.357142 14.071428 7221 7206.928711 14.071428 15 6 16 9 19 20 18 15 18 17 16 15 13 0
29433857 29461504 7218 12.000000 11.785714 7218 7206.214355 11.785714 16 10 18 16 12 18 8 15 13 13 10 11 5 0
29471696 29500884 7621 9.000000 8.714286 7621 7612.285645 8.714286 16 7 7 5 14 13 8 11 10 9 11 6 5 0
29511071 29538737 7223 4.928571 4.857143 7223 7218.143066 4.857143 2 6 4 4 4 6 8 6 7 9 4 7 1 0
29548968 29578039 7589 3.214286 3.142857 7589 7585.856934 3.142857 5 2 3 3 2 4 5 5 3 3 5 3 1 0
29588258 29615989 7238 1.214286 1.214286 7238 7236.785645 1.214286 3 3 2 0 0 3 0 0 2 0 1 1 2 0
29626196 29655352 7611 0.642857 0.571429 7611 7610.428711 0.571429 1 2 1 0 0 0 1 0 0 0 2 1 0 0
29664022 29693215 7622 0.500000 0.428571 7622 7621.571289 0.428571 0 0 0 1 0 0 1 0 2 0 0 2 0 0
29703413 29732496 7594 0.071429 0.071429 7594 7593.928711 0.071429 0 0 0 0 0 0 0 0 0 0 0 1 0 0
29741279 29770448 7614 0.000000 0.000000 7614 7614.000000 0.000000 0 0 0 0 0 0 0 0 0 0 0 0 0 0
29780548 29808234 7227 0.000000 0.000000 7227 7227.000000 0.000000 0 0 0 0 0 0 0 0 0 0 0 0 0 0
29818435 29847607 7615 0.000000 0.000000 7615 7615.000000 0.000000 0 0 0 0 0 0 0 0 0 0 0 0 0 0
29907350 29936519 7614 16.500000 15.928572 7614 7598.071289 15.928572 15 18 21 18 17 14 11 11 22 27 24 13 12 0
