27 32
28804455 28833630 7616 17.571428 17.071428 7616 7598.928711 17.071428 15 15 12 15 16 21 26 18 21 14 21 10 16 19
28894812 28922470 7221 0.000000 0.000000 7221 7221.000000 0.000000 0 0 0 0 0 0 0 0 0 0 0 0 0 0
28932659 28961832 7615 0.000000 0.000000 7615 7615.000000 0.000000 0 0 0 0 0 0 0 0 0 0 0 0 0 0
28972047 28999731 7225 0.000000 0.000000 7225 7225.000000 0.000000 0 0 0 0 0 0 0 0 0 0 0 0 0 0
29009827 29039021 7621 0.071429 0.071429 7621 7620.928711 0.071429 0 0 0 1 0 0 0 0 0 0 0 0 0 0
29049191 29076905 7233 0.214286 0.142857 7233 7232.856934 0.142857 0 0 0 0 1 0 0 0 0 1 0 0 0 0
29087096 29116267 7616 0.642857 0.571429 7616 7615.428711 0.571429 0 0 0 1 1 0 1 1 0 1 0 2 0 1
29124943 29154115 7615 1.500000 1.428571 7615 7613.571289 1.428571 1 2 1 2 1 2 1 1 1 1 1 2 2 2
29164315 29193494 7617 2.785714 2.714286 7617 7614.285645 2.714286 4 2 5 2 3 2 1 1 2 1 4 4 2 5
29202181 29231351 7615 4.928571 4.642857 7615 7610.356934 4.642857 7 6 3 3 3 5 2 7 8 8 7 2 2 2
29241554 29269220 7223 7.928571 7.714286 7223 7215.285645 7.714286 7 8 8 4 8 10 6 11 10 9 8 9 6 4
29279409 29308559 7611 14.285714 13.928572 7611 7597.071289 13.928572 13 16 15 15 7 22 14 15 14 9 23 10 16 6
29318768 29346434 7223 14.928572 14.857142 7223 7208.143066 14.857142 15 17 11 10 14 16 12 14 15 11 25 11 24 13
29356635 29385801 7614 18.142857 17.714285 7614 7596.285645 17.714285 24 18 11 14 15 19 21 21 27 17 15 12 18 16
29395993 29423659 7221 13.357142 13.000000 7221 7208.000000 13.000000 15 12 11 11 16 12 12 14 14 20 15 13 11 6
29433857 29461504 7219 11.500000 11.285714 7219 7207.714355 11.285714 10 16 10 7 6 14 11 8 13 17 11 14 11 10
29471696 29500884 7621 9.714286 9.500000 7621 7611.500000 9.500000 9 10 8 11 7 7 11 11 11 14 11 10 7 6
29511071 29538737 7223 4.000000 3.928571 7223 7219.071289 3.928571 5 3 0 6 1 5 4 4 6 4 4 4 5 4
29548968 29578039 7588 2.428571 2.357143 7588 7585.643066 2.357143 7 1 3 0 1 2 1 2 6 4 0 1 2 3
29588258 29615989 7239 1.428571 1.428571 7239 7237.571289 1.428571 2 0 1 1 0 0 2 2 2 5 1 1 1 2
29626196 29655352 7611 0.642857 0.571429 7611 7610.428711 0.571429 0 0 3 1 0 1 1 1 0 1 0 0 0 0
29664022 29693215 7623 0.214286 0.214286 7623 7622.785645 0.214286 0 0 1 0 0 0 0 0 0 1 1 0 0 0
29703413 29732496 7594 0.071429 0.071429 7594 7593.928711 0.071429 0 0 0 1 0 0 0 0 0 0 0 0 0 0
29741279 29770448 7614 0.000000 0.000000 7614 7614.000000 0.000000 0 0 0 0 0 0 0 0 0 0 0 0 0 0
29780548 29808234 7226 0.071429 0.071429 7226 7225.928711 0.071429 0 0 0 0 0 0 0 0 0 0 0 1 0 0
29818435 29847607 7615 0.000000 0.000000 7615 7615.000000 0.000000 0 0 0 0 0 0 0 0 0 0 0 0 0 0
29907350 29936519 7615 15.857142 15.285714 7615 7599.714355 15.285714 13 19 18 19 13 13 12 17 16 20 17 18 9 10
