27 32
28804455 28833630 7616 13.928572 13.428572 7616 7602.571289 13.428572 16 17 17 8 13 11 6 14 17 12 14 17 7 19
28894812 28922470 7221 0.000000 0.000000 7221 7221.000000 0.000000 0 0 0 0 0 0 0 0 0 0 0 0 0 0
28932659 28961832 7615 0.071429 0.071429 7615 7614.928711 0.071429 0 0 0 0 0 0 0 0 0 0 0 1 0 0
28972047 28999731 7225 0.000000 0.000000 7225 7225.000000 0.000000 0 0 0 0 0 0 0 0 0 0 0 0 0 0
29009827 29039021 7621 0.071429 0.071429 7621 7620.928711 0.071429 0 0 0 0 1 0 0 0 0 0 0 0 0 0
29049191 29076905 7233 0.214286 0.214286 7233 7232.785645 0.214286 1 0 1 0 0 0 0 0 0 0 0 0 1 0
29087096 29116267 7616 0.428571 0.428571 7616 7615.571289 0.428571 0 2 0 1 0 0 1 0 1 1 0 0 0 0
29124943 29154115 7615 1.500000 1.500000 7615 7613.500000 1.500000 3 3 0 4 0 1 0 0 3 0 2 2 2 1
29164315 29193494 7617 3.071429 3.071429 7617 7613.928711 3.071429 4 0 3 4 1 5 1 1 7 4 1 3 4 5
29202181 29231351 7615 5.357143 5.142857 7615 7609.856934 5.142857 4 5 7 3 4 6 5 6 4 4 10 6 1 7
29241554 29269220 7223 7.428571 7.142857 7223 7215.856934 7.142857 8 7 13 7 6 10 5 2 7 11 8 8 3 5
29279409 29308559 7611 10.785714 10.571428 7611 7600.428711 10.571428 4 9 11 6 10 11 13 13 12 8 16 12 10 13
29318768 29346434 7223 15.357142 14.928572 7223 7208.071289 14.928572 13 15 9 13 13 23 15 29 16 17 11 14 10 11
29356635 29385801 7614 14.928572 14.357142 7614 7599.643066 14.357142 16 15 12 18 20 15 16 12 12 14 20 12 10 9
29395993 29423659 7221 15.000000 14.642858 7221 7206.356934 14.642858 20 19 20 13 10 13 11 13 18 15 10 14 15 14
29433857 29461504 7219 12.642858 12.214286 7219 7206.785645 12.214286 14 17 8 12 10 9 10 15 16 12 14 15 6 13
29471696 29500884 7621 9.428572 9.214286 7621 7611.785645 9.214286 6 9 8 8 7 9 13 11 7 11 14 11 6 9
29511071 29538737 7223 4.642857 4.571429 7223 7218.428711 4.571429 6 6 4 4 3 3 7 1 3 2 5 8 4 8
29548968 29578039 7588 2.500000 2.500000 7588 7585.500000 2.500000 7 3 3 6 2 2 1 1 2 3 1 0 3 1
29588258 29615989 7238 1.500000 1.500000 7238 7236.500000 1.500000 1 4 1 2 1 2 1 1 2 1 3 1 1 0
29626196 29655352 7611 0.571429 0.500000 7611 7610.500000 0.500000 2 1 0 0 0 0 0 1 0 3 0 0 0 0
29664022 29693215 7623 0.142857 0.142857 7623 7622.856934 0.142857 0 0 0 0 0 0 0 1 0 1 0 0 0 0
29703413 29732496 7594 0.071429 0.071429 7594 7593.928711 0.071429 0 0 0 0 0 0 0 0 0 0 1 0 0 0
29741279 29770448 7614 0.000000 0.000000 7614 7614.000000 0.000000 0 0 0 0 0 0 0 0 0 0 0 0 0 0
29780548 29808234 7226 0.142857 0.000000 7226 7226.000000 0.000000 0 0 0 0 0 0 0 0 0 0 0 0 0 0
29818435 29847607 7615 0.000000 0.000000 7615 7615.000000 0.000000 0 0 0 0 0 0 0 0 0 0 0 0 0 0
29907350 29936519 7614 15.928572 15.642858 7614 7598.356934 15.642858 21 14 14 13 14 14 20 13 12 16 21 12 22 13
