27 32
28804455 28833630 7616 18.571428 18.142857 7616 7597.856934 18.142857 17 18 21 21 15 18 18 17 25 22 21 17 9 15
28894812 28922470 7221 0.071429 0.000000 7221 7221.000000 0.000000 0 0 0 0 0 0 0 0 0 0 0 0 0 0
28932659 28961832 7615 0.071429 0.071429 7615 7614.928711 0.071429 0 0 0 0 0 0 0 0 0 0 1 0 0 0
28972047 28999731 7226 0.071429 0.071429 7226 7225.928711 0.071429 0 0 1 0 0 0 0 0 0 0 0 0 0 0
29009827 29039021 7620 0.000000 0.000000 7620 7620.000000 0.000000 0 0 0 0 0 0 0 0 0 0 0 0 0 0
29049191 29076905 7232 0.214286 0.214286 7232 7231.785645 0.214286 0 0 1 0 0 0 1 1 0 0 0 0 0 0
29087096 29116267 7617 0.571429 0.571429 7617 7616.428711 0.571429 0 0 0 2 1 0 1 0 0 1 1 1 0 1
29124943 29154115 7615 1.500000 1.428571 7615 7613.571289 1.428571 0 1 1 2 2 3 1 0 4 4 0 0 1 1
29164315 29193494 7617 3.785714 3.714286 7617 7613.285645 3.714286 4 8 3 4 4 4 1 4 3 4 4 3 2 4
29202181 29231351 7614 6.071429 5.785714 7614 7608.214355 5.785714 5 4 6 8 4 7 7 12 10 2 5 6 4 1
29241554 29269220 7223 8.071428 7.785714 7223 7215.214355 7.785714 8 11 11 8 4 9 7 6 6 11 7 6 5 10
29279409 29308559 7611 13.285714 12.642858 7611 7598.356934 12.642858 10 10 16 18 11 11 6 8 16 14 19 20 6 12
29318768 29346434 7223 15.714286 15.214286 7223 7207.785645 15.214286 21 11 17 10 10 17 11 23 13 23 17 13 9 18
29356635 29385801 7614 18.785715 18.071428 7614 7595.928711 18.071428 12 22 29 9 15 22 20 18 22 16 20 22 16 10
29395993 29423659 7221 15.000000 14.500000 7221 7206.500000 14.500000 19 17 16 13 10 18 8 13 13 18 15 17 12 14
29433857 29461504 7218 11.571428 11.357142 7218 7206.643066 11.357142 8 14 11 8 10 13 6 13 12 14 15 11 15 9
29471696 29500884 7621 8.785714 8.571428 7621 7612.428711 8.571428 6 11 6 8 9 7 12 5 7 10 7 16 7 9
29511071 29538737 7223 5.214286 5.214286 7223 7217.785645 5.214286 3 4 8 4 4 5 8 5 6 4 11 4 2 5
29548968 29578039 7589 2.571429 2.571429 7589 7586.428711 2.571429 4 3 2 2 0 2 3 3 1 4 3 3 3 3
29588258 29615989 7238 1.142857 1.071429 7238 7236.928711 1.071429 0 3 1 0 1 3 2 1 1 1 1 0 1 0
29626196 29655352 7610 0.714286 0.714286 7610 7609.285645 0.714286 0 3 0 0 3 0 0 1 1 0 0 2 0 0
29664022 29693215 7623 0.214286 0.214286 7623 7622.785645 0.214286 1 1 0 0 0 0 0 0 0 0 0 0 1 0
29703413 29732496 7594 0.142857 0.071429 7594 7593.928711 0.071429 0 0 0 0 0 0 0 0 0 0 0 0 1 0
29741279 29770448 7614 0.071429 0.071429 7614 7613.928711 0.071429 0 0 0 0 0 1 0 0 0 0 0 0 0 0
29780548 29808234 7226 0.000000 0.000000 7226 7226.000000 0.000000 0 0 0 0 0 0 0 0 0 0 0 0 0 0
29818435 29847607 7615 0.000000 0.000000 7615 7615.000000 0.000000 0 0 0 0 0 0 0 0 0 0 0 0 0 0
29907350 29936519 7614 18.357143 17.642857 7614 7596.356934 17.642857 25 15 17 14 12 24 11 18 15 26 23 13 18 16
