27 32
28804455 28833630 7616 17.000000 16.714285 7616 7599.285645 16.714285 24 13 23 22 25 16 18 8 15 17 14 15 13 11
28894812 28922470 7221 0.000000 0.000000 7221 7221.000000 0.000000 0 0 0 0 0 0 0 0 0 0 0 0 0 0
28932659 28961832 7615 0.000000 0.000000 7615 7615.000000 0.000000 0 0 0 0 0 0 0 0 0 0 0 0 0 0
28972047 28999731 7226 0.000000 0.000000 7226 7226.000000 0.000000 0 0 0 0 0 0 0 0 0 0 0 0 0 0
29009827 29039021 7620 0.142857 0.142857 7620 7619.856934 0.142857 1 0 0 0 0 0 0 1 0 0 0 0 0 0
29049191 29076905 7232 0.214286 0.214286 7232 7231.785645 0.214286 0 0 1 1 0 0 0 0 0 1 0 0 0 0
29087096 29116267 7617 0.428571 0.428571 7617 7616.571289 0.428571 0 0 1 0 0 0 1 2 0 0 1 0 1 0
29124943 29154115 7615 1.000000 0.857143 7615 7614.143066 0.857143 1 0 0 1 2 0 0 2 1 1 2 0 0 2
29164315 29193494 7617 2.857143 2.857143 7617 7614.143066 2.857143 3 3 3 5 3 2 3 1 2 3 3 3 3 3
29202181 29231351 7614 5.642857 5.214286 7614 7608.785645 5.214286 9 3 4 6 5 7 6 6 2 6 5 6 5 3
29241554 29269220 7223 7.428571 6.928571 7223 7216.071289 6.928571 3 12 6 9 6 5 5 6 8 14 11 6 3 3
29279409 29308559 7612 14.500000 13.714286 7612 7598.285645 13.714286 19 8 14 18 14 21 12 15 16 12 11 11 13 8
29318768 29346434 7223 14.357142 13.928572 7223 7209.071289 13.928572 14 12 11 9 13 17 5 14 15 10 22 14 15 24
29356635 29385801 7613 19.000000 18.428572 7613 7594.571289 18.428572 20 20 17 18 22 17 17 19 20 21 27 18 8 14
29395993 29423659 7221 16.428572 15.857142 7221 7205.143066 15.857142 26 12 16 20 21 20 11 14 12 21 15 10 12 12
29433857 29461504 7218 13.357142 12.785714 7218 7205.214355 12.785714 11 22 15 4 11 16 10 16 10 15 10 9 13 17
29471696 29500884 7621 8.214286 8.000000 7621 7613.000000 8.000000 6 7 11 6 8 12 10 9 10 5 8 3 8 9
29511071 29538737 7223 5.285714 5.214286 7223 7217.785645 5.214286 4 6 3 5 7 5 1 13 6 6 2 2 8 5
29548968 29578039 7589 2.928571 2.857143 7589 7586.143066 2.857143 0 2 2 1 5 7 3 2 2 8 1 1 4 2
29588258 29615989 7238 1.142857 1.142857 7238 7236.856934 1.142857 0 1 1 1 1 2 0 0 2 3 0 2 1 2
29626196 29655352 7611 0.857143 0.857143 7611 7610.143066 0.857143 0 0 1 0 2 1 1 0 2 3 1 1 0 0
29664022 29693215 7623 0.142857 0.142857 7623 7622.856934 0.142857 0 0 0 1 0 0 0 1 0 0 0 0 0 0
29703413 29732496 7593 0.214286 0.214286 7593 7592.785645 0.214286 0 0 0 0 0 0 0 0 1 0 1 1 0 0
29741279 29770448 7614 0.000000 0.000000 7614 7614.000000 0.000000 0 0 0 0 0 0 0 0 0 0 0 0 0 0
29780548 29808234 7226 0.000000 0.000000 7226 7226.000000 0.000000 0 0 0 0 0 0 0 0 0 0 0 0 0 0
29818435 29847607 7615 0.000000 0.000000 7615 7615.000000 0.000000 0 0 0 0 0 0 0 0 0 0 0 0 0 0
29907350 29936519 7614 18.428572 18.000000 7614 7596.000000 18.000000 20 14 18 19 15 26 15 25 18 19 15 15 15 18
