27 32
28804455 28833630 7616 17.500000 16.571428 7616 7599.428711 16.571428 24 15 14 17 17 19 14 13 20 25 15 12 13 14
28894812 28922470 7222 0.000000 0.000000 7222 7222.000000 0.000000 0 0 0 0 0 0 0 0 0 0 0 0 0 0
28932659 28961832 7615 0.000000 0.000000 7615 7615.000000 0.000000 0 0 0 0 0 0 0 0 0 0 0 0 0 0
28972047 28999731 7226 0.000000 0.000000 7226 7226.000000 0.000000 0 0 0 0 0 0 0 0 0 0 0 0 0 0
29009827 29039021 7621 0.214286 0.142857 7621 7620.856934 0.142857 0 0 0 0 0 0 1 0 0 0 0 0 1 0
29049191 29076905 7233 0.285714 0.285714 7233 7232.714355 0.285714 2 1 0 0 0 0 0 0 1 0 0 0 0 0
29087096 29116267 7617 0.357143 0.357143 7617 7616.643066 0.357143 0 1 0 1 0 0 0 0 0 1 1 1 0 0
29124943 29154115 7614 0.785714 0.714286 7614 7613.285645 0.714286 0 1 1 0 0 1 1 1 1 2 0 1 0 1
29164315 29193494 7616 2.214286 2.214286 7616 7613.785645 2.214286 3 3 4 2 2 3 1 2 1 2 3 1 3 1
29202181 29231351 7614 6.714286 6.357143 7614 7607.643066 6.357143 11 4 2 3 6 9 4 8 6 8 5 8 9 6
29241554 29269220 7223 9.500000 9.071428 7223 7213.928711 9.071428 11 9 9 3 7 12 4 8 12 11 12 16 8 5
29279409 29308559 7611 14.714286 14.000000 7611 7597.000000 14.000000 11 18 12 19 10 8 13 20 22 15 13 10 12 13
29318768 29346434 7223 17.714285 17.285715 7223 7205.714355 17.285715 16 15 13 14 12 26 15 18 29 27 19 17 14 7
29356635 29385801 7613 16.785715 16.285715 7613 7596.714355 16.285715 20 16 16 9 13 16 14 25 20 25 22 11 16 5
29395993 29423659 7221 15.642858 15.071428 7221 7205.928711 15.071428 15 16 10 17 14 22 14 12 14 19 18 7 17 16
29433857 29461504 7218 11.142858 10.500000 7218 7207.500000 10.500000 9 12 17 9 13 9 12 5 4 16 9 14 8 10
29471696 29500884 7621 7.785714 7.642857 7621 7613.356934 7.642857 10 9 8 8 10 8 5 4 16 5 5 3 7 9
29511071 29538737 7223 4.642857 4.571429 7223 7218.428711 4.571429 5 4 0 6 4 5 4 4 3 7 3 7 5 7
29548968 29578039 7589 2.000000 2.000000 7589 7587.000000 2.000000 3 2 3 2 2 0 3 4 2 3 1 1 1 1
29588258 29615989 7238 0.857143 0.857143 7238 7237.143066 0.857143 0 0 3 1 0 3 0 0 0 3 1 0 1 0
29626196 29655352 7611 0.142857 0.142857 7611 7610.856934 0.142857 0 0 0 0 2 0 0 0 0 0 0 0 0 0
29664022 29693215 7622 0.285714 0.214286 7622 7621.785645 0.214286 0 1 0 0 0 0 1 0 0 0 1 0 0 0
29703413 29732496 7593 0.142857 0.142857 7593 7592.856934 0.142857 0 0 0 0 1 0 0 0 0 0 1 0 0 0
29741279 29770448 7614 0.214286 0.214286 7614 7613.785645 0.214286 0 0 0 1 0 1 0 0 0 0 0 0 0 1
29780548 29808234 7226 0.071429 0.071429 7226 7225.928711 0.071429 0 0 0 0 0 0 0 0 0 0 0 1 0 0
29818435 29847607 7615 0.000000 0.000000 7615 7615.000000 0.000000 0 0 0 0 0 0 0 0 0 0 0 0 0 0
29907350 29936519 7614 17.357143 17.214285 7614 7596.785645 17.214285 11 19 11 11 25 21 19 23 28 17 14 15 15 12
