27 32
28804455 28833630 7615 13.714286 13.500000 7615 7601.500000 13.500000 8 23 0 0 16 15 20 20 14 14 8 16 16 19
28894812 28922470 7221 0.000000 0.000000 7221 7221.000000 0.000000 0 0 0 0 0 0 0 0 0 0 0 0 0 0
28932659 28961832 7615 0.000000 0.000000 7615 7615.000000 0.000000 0 0 0 0 0 0 0 0 0 0 0 0 0 0
28972047 28999731 7226 0.000000 0.000000 7226 7226.000000 0.000000 0 0 0 0 0 0 0 0 0 0 0 0 0 0
29009827 29039021 7621 0.142857 0.142857 7621 7620.856934 0.142857 0 1 0 0 0 0 0 0 0 0 0 0 1 0
29049191 29076905 7234 0.071429 0.071429 7234 7233.928711 0.071429 0 1 0 0 0 0 0 0 0 0 0 0 0 0
29087096 29116267 7617 0.642857 0.642857 7617 7616.356934 0.642857 2 1 0 0 1 1 0 3 0 1 0 0 0 0
29124943 29154115 7615 1.142857 1.142857 7615 7613.856934 1.142857 0 1 0 0 1 0 0 4 1 1 3 2 3 0
29164315 29193494 7617 2.785714 2.642857 7617 7614.356934 2.642857 2 2 0 0 3 4 3 2 6 1 3 3 5 3
29202181 29231351 7614 4.214286 4.142857 7614 7609.856934 4.142857 8 7 0 0 8 3 2 5 4 4 4 5 4 4
29241554 29269220 7223 6.571429 6.571429 7223 7216.428711 6.571429 7 5 0 0 8 5 4 6 9 9 7 11 11 10
29279409 29308559 7611 12.000000 11.500000 7611 7599.500000 11.500000 9 9 0 0 13 17 16 13 20 12 19 7 11 15
29318768 29346434 7224 13.428572 13.214286 7224 7210.785645 13.214286 21 12 0 0 14 12 12 18 12 24 15 16 18 11
29356635 29385801 7613 16.428572 15.642858 7613 7597.356934 15.642858 17 14 0 1 22 26 13 20 19 22 22 12 15 16
29395993 29423659 7221 13.571428 13.357142 7221 7207.643066 13.357142 15 14 1 0 23 12 14 15 21 19 16 12 15 10
29433857 29461504 7218 11.285714 11.142858 7218 7206.856934 11.142858 14 8 0 0 13 13 9 20 17 16 17 10 9 10
29471696 29500884 7621 6.214286 6.142857 7621 7614.856934 6.142857 8 4 0 0 6 8 6 11 12 11 10 1 5 4
29511071 29538737 7223 4.285714 4.285714 7223 7218.714355 4.285714 2 5 0 0 5 2 9 6 6 7 5 6 2 5
29548968 29578039 7589 2.928571 2.857143 7589 7586.143066 2.857143 5 2 0 0 2 0 5 4 5 5 1 6 2 3
29588258 29615989 7238 1.142857 1.071429 7238 7236.928711 1.071429 1 1 0 0 2 1 1 1 2 2 0 3 0 1
29626196 29655352 7611 0.500000 0.500000 7611 7610.500000 0.500000 0 1 0 0 2 0 1 1 1 0 0 0 0 1
29664022 29693215 7622 0.142857 0.142857 7622 7621.856934 0.142857 0 0 0 0 0 1 0 0 0 0 0 1 0 0
29703413 29732496 7594 0.071429 0.071429 7594 7593.928711 0.071429 0 0 0 0 0 1 0 0 0 0 0 0 0 0
29741279 29770448 7614 0.000000 0.000000 7614 7614.000000 0.000000 0 0 0 0 0 0 0 0 0 0 0 0 0 0
29780548 29808234 7227 0.071429 0.071429 7227 7226.928711 0.071429 0 0 0 0 0 0 0 0 0 0 0 1 0 0
29818435 29847607 7615 0.000000 0.000000 7615 7615.000000 0.000000 0 0 0 0 0 0 0 0 0 0 0 0 0 0
29907350 29936519 7614 15.571428 15.000000 7614 7599.000000 15.000000 14 20 0 0 20 20 19 16 25 17 19 14 8 18
