27 32
28804455 28833630 7616 16.428572 15.928572 7616 7600.071289 15.928572 22 19 12 6 13 23 16 12 19 19 14 17 16 15
28894812 28922470 7221 0.071429 0.071429 7221 7220.928711 0.071429 0 0 0 1 0 0 0 0 0 0 0 0 0 0
28932659 28961832 7615 0.000000 0.000000 7615 7615.000000 0.000000 0 0 0 0 0 0 0 0 0 0 0 0 0 0
28972047 28999731 7226 0.071429 0.071429 7226 7225.928711 0.071429 0 0 0 0 0 0 1 0 0 0 0 0 0 0
29009827 29039021 7621 0.142857 0.142857 7621 7620.856934 0.142857 1 0 0 0 0 0 0 0 0 0 0 1 0 0
29049191 29076905 7233 0.214286 0.142857 7233 7232.856934 0.142857 0 1 0 0 0 0 0 0 0 0 0 1 0 0
29087096 29116267 7616 0.714286 0.714286 7616 7615.285645 0.714286 1 0 0 0 1 1 1 2 1 1 1 0 1 0
29124943 29154115 7615 0.857143 0.857143 7615 7614.143066 0.857143 1 0 1 2 0 0 0 1 0 0 2 3 2 0
29164315 29193494 7617 3.000000 2.785714 7617 7614.214355 2.785714 7 5 1 5 2 1 2 2 0 0 6 2 4 2
29202181 29231351 7615 4.071429 3.857143 7615 7611.143066 3.857143 2 5 2 2 2 1 4 4 7 4 8 6 5 2
29241554 29269220 7223 7.571429 7.571429 7223 7215.428711 7.571429 9 12 5 6 7 12 6 4 9 13 9 6 4 4
29279409 29308559 7611 14.142858 13.642858 7611 7597.356934 13.642858 18 15 10 7 11 11 10 17 17 23 16 12 10 14
29318768 29346434 7223 14.214286 13.857142 7223 7209.143066 13.857142 14 16 19 14 9 12 19 11 15 16 15 10 11 13
29356635 29385801 7614 16.000000 15.642858 7614 7598.356934 15.642858 17 13 18 8 17 15 19 18 12 19 19 18 11 15
29395993 29423659 7221 16.000000 15.571428 7221 7205.428711 15.571428 19 17 10 14 16 21 9 19 19 13 24 22 7 8
29433857 29461504 7218 12.571428 12.071428 7218 7205.928711 12.071428 16 17 14 7 9 10 11 17 8 16 9 18 7 10
29471696 29500884 7622 9.357142 9.142858 7622 7612.856934 9.142858 7 9 10 5 10 16 5 8 16 14 5 12 6 5
29511071 29538737 7223 5.285714 5.071429 7223 7217.928711 5.071429 4 8 7 2 6 5 5 6 8 4 4 5 2 5
29548968 29578039 7588 2.857143 2.714286 7588 7585.285645 2.714286 2 2 2 3 1 3 6 1 4 1 3 3 3 4
29588258 29615989 7238 1.071429 1.000000 7238 7237.000000 1.000000 1 2 4 1 1 1 1 1 0 0 1 0 1 0
29626196 29655352 7611 0.214286 0.142857 7611 7610.856934 0.142857 1 0 0 1 0 0 0 0 0 0 0 0 0 0
29664022 29693215 7623 0.285714 0.285714 7623 7622.714355 0.285714 1 0 0 0 0 0 0 0 0 0 1 0 1 1
29703413 29732496 7594 0.142857 0.142857 7594 7593.856934 0.142857 0 0 0 0 0 0 0 0 0 1 0 0 1 0
29741279 29770448 7615 0.000000 0.000000 7615 7615.000000 0.000000 0 0 0 0 0 0 0 0 0 0 0 0 0 0
29780548 29808234 7226 0.000000 0.000000 7226 7226.000000 0.000000 0 0 0 0 0 0 0 0 0 0 0 0 0 0
29818435 29847607 7615 0.071429 0.071429 7615 7614.928711 0.071429 0 0 0 0 0 0 0 0 0 0 0 0 1 0
29907350 29936519 7614 17.785715 17.142857 7614 7596.856934 17.142857 21 20 16 15 21 14 12 14 14 20 27 16 20 10
