27 32
28804455 28833630 7616 14.714286 14.142858 7616 7601.856934 14.142858 16 18 0 0 19 15 10 16 16 26 16 18 17 11
28894812 28922470 7221 0.000000 0.000000 7221 7221.000000 0.000000 0 0 0 0 0 0 0 0 0 0 0 0 0 0
28932659 28961832 7616 0.071429 0.000000 7616 7616.000000 0.000000 0 0 0 0 0 0 0 0 0 0 0 0 0 0
28972047 28999731 7225 0.000000 0.000000 7225 7225.000000 0.000000 0 0 0 0 0 0 0 0 0 0 0 0 0 0
29009827 29039021 7621 0.071429 0.071429 7621 7620.928711 0.071429 0 0 0 0 0 0 0 0 0 0 1 0 0 0
29049191 29076905 7233 0.071429 0.071429 7233 7232.928711 0.071429 0 0 0 0 0 0 0 0 0 0 0 1 0 0
29087096 29116267 7617 0.428571 0.428571 7617 7616.571289 0.428571 0 2 0 0 1 1 0 0 0 1 1 0 0 0
29124943 29154115 7615 1.214286 1.214286 7615 7613.785645 1.214286 3 2 0 0 1 2 2 0 2 1 1 1 1 1
29164315 29193494 7617 2.428571 2.357143 7617 7614.643066 2.357143 6 4 0 0 0 4 5 2 4 2 3 0 1 2
29202181 29231351 7615 4.142857 4.071429 7615 7610.928711 4.071429 4 6 0 0 4 6 4 5 4 9 6 4 4 1
29241554 29269220 7223 6.857143 6.642857 7223 7216.356934 6.642857 8 5 0 0 4 5 8 7 7 15 13 9 6 6
29279409 29308559 7611 11.285714 10.928572 7611 7600.071289 10.928572 10 14 0 0 11 13 10 11 15 18 12 9 12 18
29318768 29346434 7223 13.214286 12.785714 7223 7210.214355 12.785714 16 18 0 0 10 14 9 22 14 17 18 17 11 13
29356635 29385801 7614 13.214286 12.785714 7614 7601.214355 12.785714 20 15 0 0 12 17 12 19 17 15 14 19 10 9
29395993 29423659 7221 12.357142 11.785714 7221 7209.214355 11.785714 24 12 0 0 15 7 12 11 14 23 18 11 10 8
29433857 29461504 7219 11.857142 11.642858 7219 7207.356934 11.642858 17 18 0 0 13 11 14 17 13 16 12 10 12 10
29471696 29500884 7621 7.571429 7.357143 7621 7613.643066 7.357143 8 8 0 0 8 9 9 8 12 8 10 6 10 7
29511071 29538737 7224 3.857143 3.785714 7224 7220.214355 3.785714 6 4 0 0 4 2 3 5 4 6 5 4 6 4
29548968 29578039 7588 1.714286 1.642857 7588 7586.356934 1.642857 2 4 0 0 3 3 1 1 1 1 2 2 1 2
29588258 29615989 7239 1.142857 1.071429 7239 7237.928711 1.071429 1 1 0 0 0 1 2 1 2 1 4 1 1 0
29626196 29655352 7610 0.571429 0.500000 7610 7609.500000 0.500000 1 1 0 0 0 1 0 0 0 1 2 1 0 0
29664022 29693215 7623 0.428571 0.357143 7623 7622.643066 0.357143 0 0 0 0 0 1 0 0 1 1 1 0 0 1
29703413 29732496 7594 0.071429 0.071429 7594 7593.928711 0.071429 0 0 0 0 0 0 0 0 1 0 0 0 0 0
29741279 29770448 7614 0.000000 0.000000 7614 7614.000000 0.000000 0 0 0 0 0 0 0 0 0 0 0 0 0 0
29780548 29808234 7226 0.000000 0.000000 7226 7226.000000 0.000000 0 0 0 0 0 0 0 0 0 0 0 0 0 0
29818435 29847607 7615 0.000000 0.000000 7615 7615.000000 0.000000 0 0 0 0 0 0 0 0 0 0 0 0 0 0
29907350 29936519 7615 14.642858 14.357142 7615 7600.643066 14.357142 22 18 0 0 15 19 15 21 12 29 20 12 6 12
