27 32
28804455 28833630 7615 16.714285 16.500000 7615 7598.500000 16.500000 25 16 16 15 15 16 19 16 24 18 25 12 14 0
28894812 28922470 7221 0.071429 0.000000 7221 7221.000000 0.000000 0 0 0 0 0 0 0 0 0 0 0 0 0 0
28932659 28961832 7616 0.000000 0.000000 7616 7616.000000 0.000000 0 0 0 0 0 0 0 0 0 0 0 0 0 0
28972047 28999731 7226 0.071429 0.071429 7226 7225.928711 0.071429 0 0 0 0 0 0 0 1 0 0 0 0 0 0
29009827 29039021 7622 0.000000 0.000000 7622 7622.000000 0.000000 0 0 0 0 0 0 0 0 0 0 0 0 0 0
29049191 29076905 7234 0.357143 0.357143 7234 7233.643066 0.357143 0 1 1 0 0 0 0 1 0 2 0 0 0 0
29087096 29116267 7617 0.357143 0.285714 7617 7616.714355 0.285714 0 0 0 0 1 0 0 0 0 0 0 1 2 0
29124943 29154115 7615 1.285714 1.285714 7615 7613.714355 1.285714 4 1 0 1 3 4 0 1 0 2 0 0 2 0
29164315 29193494 7617 2.714286 2.571429 7617 7614.428711 2.571429 2 1 5 2 2 5 2 3 4 1 3 0 6 0
29202181 29231351 7614 5.642857 5.571429 7614 7608.428711 5.571429 5 7 7 5 5 9 0 6 6 9 9 5 5 0
29241554 29269220 7225 7.714286 7.500000 7225 7217.500000 7.500000 7 19 10 5 14 7 5 3 4 6 5 14 6 0
29279409 29308559 7612 12.357142 11.857142 7612 7600.143066 11.857142 10 13 10 9 8 12 12 16 25 15 15 9 12 0
29318768 29346434 7226 14.714286 14.214286 7226 7211.785645 14.214286 14 12 19 11 12 9 15 16 14 28 24 15 10 0
29356635 29385801 7613 16.285715 16.000000 7613 7597.000000 16.000000 17 21 22 13 12 12 15 15 23 17 23 11 22 1
29395993 29423659 7222 13.571428 13.142858 7222 7208.856934 13.142858 9 20 11 14 13 17 10 20 12 19 14 11 14 0
29433857 29461504 7218 10.000000 9.857142 7218 7208.143066 9.857142 7 7 11 10 12 10 14 14 12 10 15 7 9 0
29471696 29500884 7621 6.785714 6.571429 7621 7614.428711 6.571429 6 8 9 8 4 6 7 7 6 7 8 10 6 0
29511071 29538737 7224 4.500000 4.357143 7224 7219.643066 4.357143 3 3 5 5 3 5 4 2 8 8 5 4 6 0
29548968 29578039 7589 1.857143 1.642857 7589 7587.356934 1.642857 2 3 2 1 0 1 1 3 1 2 2 4 1 0
29588258 29615989 7238 1.285714 1.285714 7238 7236.714355 1.285714 1 2 0 0 0 2 3 1 1 1 4 2 1 0
29626196 29655352 7611 0.428571 0.428571 7611 7610.571289 0.428571 0 0 0 2 0 1 1 0 0 0 1 0 1 0
29664022 29693215 7622 0.214286 0.142857 7622 7621.856934 0.142857 0 1 0 1 0 0 0 0 0 0 0 0 0 0
29703413 29732496 7594 0.142857 0.142857 7594 7593.856934 0.142857 0 0 0 0 0 0 0 0 1 0 1 0 0 0
29741279 29770448 7614 0.000000 0.000000 7614 7614.000000 0.000000 0 0 0 0 0 0 0 0 0 0 0 0 0 0
29780548 29808234 7229 0.000000 0.000000 7229 7229.000000 0.000000 0 0 0 0 0 0 0 0 0 0 0 0 0 0
29818435 29847607 7615 0.000000 0.000000 7615 7615.000000 0.000000 0 0 0 0 0 0 0 0 0 0 0 0 0 0
29907350 29936519 7614 16.000000 15.785714 7614 7598.214355 15.785714 13 13 13 13 14 18 18 18 27 23 20 17 14 0
