27 32
28804455 28833630 7616 3.285714 3.285714 7616 7612.714355 3.285714 0 0 10 18 0 0 0 1 0 1 2 0 0 14
28894812 28922470 7221 0.000000 0.000000 7221 7221.000000 0.000000 0 0 0 0 0 0 0 0 0 0 0 0 0 0
28932659 28961832 7615 0.000000 0.000000 7615 7615.000000 0.000000 0 0 0 0 0 0 0 0 0 0 0 0 0 0
28972047 28999731 7226 0.000000 0.000000 7226 7226.000000 0.000000 0 0 0 0 0 0 0 0 0 0 0 0 0 0
29009827 29039021 7620 0.000000 0.000000 7620 7620.000000 0.000000 0 0 0 0 0 0 0 0 0 0 0 0 0 0
29049191 29076905 7232 0.000000 0.000000 7232 7232.000000 0.000000 0 0 0 0 0 0 0 0 0 0 0 0 0 0
29087096 29116267 7617 0.000000 0.000000 7617 7617.000000 0.000000 0 0 0 0 0 0 0 0 0 0 0 0 0 0
29124943 29154115 7615 0.285714 0.214286 7615 7614.785645 0.214286 0 0 1 2 0 0 0 0 0 0 0 0 0 0
29164315 29193494 7617 0.357143 0.357143 7617 7616.643066 0.357143 0 0 3 1 0 0 0 0 0 0 0 0 0 1
29202181 29231351 7614 0.928571 0.928571 7614 7613.071289 0.928571 0 0 6 1 0 0 1 0 0 0 0 0 0 5
29241554 29269220 7223 2.285714 2.285714 7223 7220.714355 2.285714 0 0 11 9 0 0 0 0 0 0 0 0 0 12
29279409 29308559 7612 2.142857 2.142857 7612 7609.856934 2.142857 0 0 9 8 0 0 0 0 1 2 0 0 0 10
29318768 29346434 7223 2.642857 2.500000 7223 7220.500000 2.500000 0 0 11 10 0 0 0 0 1 1 0 2 1 9
29356635 29385801 7613 4.500000 4.357143 7613 7608.643066 4.357143 0 0 19 19 0 0 0 0 0 0 1 1 0 21
29395993 29423659 7221 3.357143 3.285714 7221 7217.714355 3.285714 0 0 14 18 0 0 0 0 0 0 0 0 0 14
29433857 29461504 7218 2.571429 2.357143 7218 7215.643066 2.357143 0 0 10 10 0 0 0 0 0 0 1 1 0 11
29471696 29500884 7621 1.857143 1.857143 7621 7619.143066 1.857143 0 0 9 9 0 0 0 1 0 0 0 0 0 7
29511071 29538737 7223 0.857143 0.857143 7223 7222.143066 0.857143 0 0 6 4 0 0 0 0 0 0 0 0 0 2
29548968 29578039 7589 0.571429 0.571429 7589 7588.428711 0.571429 0 0 2 4 0 0 0 0 0 0 0 0 0 2
29588258 29615989 7238 0.000000 0.000000 7238 7238.000000 0.000000 0 0 0 0 0 0 0 0 0 0 0 0 0 0
29626196 29655352 7611 0.285714 0.285714 7611 7610.714355 0.285714 0 0 0 0 0 0 0 0 0 0 0 0 0 4
29664022 29693215 7623 0.000000 0.000000 7623 7623.000000 0.000000 0 0 0 0 0 0 0 0 0 0 0 0 0 0
29703413 29732496 7593 0.000000 0.000000 7593 7593.000000 0.000000 0 0 0 0 0 0 0 0 0 0 0 0 0 0
29741279 29770448 7614 0.000000 0.000000 7614 7614.000000 0.000000 0 0 0 0 0 0 0 0 0 0 0 0 0 0
29780548 29808234 7226 0.000000 0.000000 7226 7226.000000 0.000000 0 0 0 0 0 0 0 0 0 0 0 0 0 0
29818435 29847607 7615 0.000000 0.000000 7615 7615.000000 0.000000 0 0 0 0 0 0 0 0 0 0 0 0 0 0
29907350 29936519 7614 3.285714 3.142857 7614 7610.856934 3.142857 1 0 14 16 1 0 1 0 0 0 0 0 0 11
