27 32
28804455 28833630 7615 15.857142 15.214286 7615 7599.785645 15.214286 16 14 18 18 7 13 12 20 20 17 19 12 13 14
28894812 28922470 7221 0.000000 0.000000 7221 7221.000000 0.000000 0 0 0 0 0 0 0 0 0 0 0 0 0 0
28932659 28961832 7615 0.000000 0.000000 7615 7615.000000 0.000000 0 0 0 0 0 0 0 0 0 0 0 0 0 0
28972047 28999731 7226 0.000000 0.000000 7226 7226.000000 0.000000 0 0 0 0 0 0 0 0 0 0 0 0 0 0
29009827 29039021 7621 0.000000 0.000000 7621 7621.000000 0.000000 0 0 0 0 0 0 0 0 0 0 0 0 0 0
29049191 29076905 7233 0.214286 0.214286 7233 7232.785645 0.214286 0 0 0 1 0 1 0 1 0 0 0 0 0 0
29087096 29116267 7617 0.714286 0.642857 7617 7616.356934 0.642857 1 1 1 0 1 0 1 0 0 2 0 0 2 0
29124943 29154115 7615 1.142857 1.142857 7615 7613.856934 1.142857 2 0 2 0 0 4 0 0 2 2 1 2 0 1
29164315 29193494 7616 2.642857 2.357143 7616 7613.643066 2.357143 1 1 0 6 3 1 6 2 3 2 2 5 1 0
29202181 29231351 7614 5.357143 5.285714 7614 7608.714355 5.285714 5 5 3 8 7 7 7 0 5 7 3 3 7 7
29241554 29269220 7223 8.785714 8.571428 7223 7214.428711 8.571428 6 12 4 8 9 10 8 7 13 15 10 7 4 7
29279409 29308559 7611 11.071428 11.071428 7611 7599.928711 11.071428 9 11 16 7 10 14 9 10 16 16 9 8 9 11
29318768 29346434 7223 14.285714 14.142858 7223 7208.856934 14.142858 11 17 19 16 14 14 11 13 17 12 11 11 15 17
29356635 29385801 7613 13.857142 13.642858 7613 7599.356934 13.642858 21 17 16 8 10 11 14 9 11 15 18 16 8 17
29395993 29423659 7221 13.928572 13.571428 7221 7207.428711 13.571428 9 9 15 11 10 18 14 16 22 14 14 14 10 14
29433857 29461504 7218 11.214286 10.928572 7218 7207.071289 10.928572 12 5 14 17 7 9 8 10 13 16 14 9 13 6
29471696 29500884 7621 7.285714 7.000000 7621 7614.000000 7.000000 6 4 4 7 8 13 3 15 9 6 7 4 7 5
29511071 29538737 7223 5.642857 5.142857 7223 7217.856934 5.142857 8 9 6 8 3 2 5 7 6 3 2 6 3 4
29548968 29578039 7589 2.142857 2.142857 7589 7586.856934 2.142857 2 5 1 2 2 2 2 1 2 0 1 1 2 7
29588258 29615989 7238 1.428571 1.428571 7238 7236.571289 1.428571 2 0 2 1 2 3 1 1 2 1 1 1 2 1
29626196 29655352 7611 0.285714 0.214286 7611 7610.785645 0.214286 1 0 0 0 0 0 0 0 0 0 0 1 0 1
29664022 29693215 7622 0.142857 0.142857 7622 7621.856934 0.142857 0 0 0 0 0 0 0 0 0 1 0 1 0 0
29703413 29732496 7594 0.000000 0.000000 7594 7594.000000 0.000000 0 0 0 0 0 0 0 0 0 0 0 0 0 0
29741279 29770448 7614 0.000000 0.000000 7614 7614.000000 0.000000 0 0 0 0 0 0 0 0 0 0 0 0 0 0
29780548 29808234 7227 0.000000 0.000000 7227 7227.000000 0.000000 0 0 0 0 0 0 0 0 0 0 0 0 0 0
29818435 29847607 7615 0.000000 0.000000 7615 7615.000000 0.000000 0 0 0 0 0 0 0 0 0 0 0 0 0 0
29907350 29936519 7614 18.000000 17.500000 7614 7596.500000 17.500000 22 18 20 14 15 19 16 21 26 16 18 19 6 15
