27 32
30028300 30057394 7595 16.571428 16.214285 7595 7578.785645 16.214285 16 13 17 18 17 19 17 20 20 12 16 15 16 11
30121572 30150637 7587 0.000000 0.000000 7587 7587.000000 0.000000 0 0 0 0 0 0 0 0 0 0 0 0 0 0
30160834 30188489 7218 0.000000 0.000000 7218 7218.000000 0.000000 0 0 0 0 0 0 0 0 0 0 0 0 0 0
30198791 30229387 7987 0.000000 0.000000 7987 7987.000000 0.000000 0 0 0 0 0 0 0 0 0 0 0 0 0 0
30239572 30268645 7590 0.000000 0.000000 7590 7590.000000 0.000000 0 0 0 0 0 0 0 0 0 0 0 0 0 0
30277428 30306532 7597 0.142857 0.142857 7597 7596.856934 0.142857 0 0 0 0 0 1 0 0 1 0 0 0 0 0
30316737 30345923 7618 0.214286 0.071429 7618 7617.928711 0.071429 0 0 0 0 0 0 0 0 0 0 0 1 0 0
30354606 30383805 7624 0.785714 0.714286 7624 7623.285645 0.714286 1 1 1 0 1 0 0 1 1 3 0 0 1 0
30394003 30421662 7222 1.428571 1.428571 7222 7220.571289 1.428571 1 0 1 0 2 2 3 1 0 2 3 2 0 3
30431854 30460940 7593 3.142857 3.142857 7593 7589.856934 3.142857 4 1 5 4 5 2 3 2 2 5 1 3 4 3
30471135 30500326 7620 6.357143 5.928571 7620 7614.071289 5.928571 6 1 4 11 5 9 4 4 5 6 8 7 6 7
30509080 30538224 7607 9.714286 9.500000 7607 7597.500000 9.500000 8 5 11 9 7 15 14 6 13 9 11 7 7 11
30548422 30577500 7590 13.714286 13.357142 7590 7576.643066 13.357142 11 11 19 19 9 13 17 14 19 13 11 9 10 12
30586280 30615412 7607 14.785714 14.357142 7607 7592.643066 14.357142 19 9 8 17 13 13 16 17 20 13 10 19 11 16
30625605 30654775 7616 13.428572 13.285714 7616 7602.714355 13.285714 13 9 14 14 16 12 14 12 13 24 11 15 8 11
30663455 30692620 7613 13.285714 12.571428 7613 7600.428711 12.571428 15 15 15 16 12 12 15 6 12 11 12 9 10 16
30702808 30731948 7607 7.928571 7.785714 7607 7599.214355 7.785714 8 8 5 4 6 12 6 9 21 9 7 4 6 4
30742142 30769899 7245 4.071429 3.928571 7245 7241.071289 3.928571 2 3 7 4 5 2 2 5 5 5 5 3 5 2
30780072 30809149 7590 1.857143 1.785714 7590 7588.214355 1.785714 0 5 2 1 1 1 2 3 0 3 2 1 2 2
30817927 30847066 7608 0.785714 0.714286 7608 7607.285645 0.714286 0 0 1 0 0 2 1 3 1 0 1 0 1 0
30857230 30886402 7617 0.285714 0.285714 7617 7616.714355 0.285714 0 0 1 0 1 0 0 1 1 0 0 0 0 0
30895110 30924281 7614 0.142857 0.142857 7614 7613.856934 0.142857 0 0 0 0 1 0 1 0 0 0 0 0 0 0
30934475 30962147 7222 0.000000 0.000000 7222 7222.000000 0.000000 0 0 0 0 0 0 0 0 0 0 0 0 0 0
30972342 31001514 7615 0.000000 0.000000 7615 7615.000000 0.000000 0 0 0 0 0 0 0 0 0 0 0 0 0 0
31011704 31040798 7594 0.000000 0.000000 7594 7594.000000 0.000000 0 0 0 0 0 0 0 0 0 0 0 0 0 0
31049583 31078765 7620 0.000000 0.000000 7620 7620.000000 0.000000 0 0 0 0 0 0 0 0 0 0 0 0 0 0
31141430 31170535 7600 16.571428 16.357143 7600 7583.643066 16.357143 14 22 15 15 24 16 14 17 20 19 12 10 14 17
