27 32
30028300 30057394 7594 10.000000 9.642858 7594 7584.356934 9.642858 17 16 19 20 0 1 0 0 0 0 26 16 8 12
30121572 30150637 7587 0.000000 0.000000 7587 7587.000000 0.000000 0 0 0 0 0 0 0 0 0 0 0 0 0 0
30160834 30188489 7218 0.071429 0.071429 7218 7217.928711 0.071429 0 0 0 1 0 0 0 0 0 0 0 0 0 0
30198791 30229387 7988 0.000000 0.000000 7988 7988.000000 0.000000 0 0 0 0 0 0 0 0 0 0 0 0 0 0
30239572 30268645 7589 0.071429 0.000000 7589 7589.000000 0.000000 0 0 0 0 0 0 0 0 0 0 0 0 0 0
30277428 30306532 7597 0.071429 0.071429 7597 7596.928711 0.071429 0 0 0 0 0 0 0 0 0 0 0 0 0 1
30316737 30345923 7619 0.142857 0.142857 7619 7618.856934 0.142857 0 0 1 0 0 0 0 0 0 0 0 0 0 1
30354606 30383805 7624 0.571429 0.571429 7624 7623.428711 0.571429 1 0 0 1 0 0 0 0 0 0 3 0 2 1
30394003 30421662 7221 0.571429 0.571429 7221 7220.428711 0.571429 0 1 1 3 0 0 0 0 0 0 2 1 0 0
30431854 30460940 7593 2.857143 2.714286 7593 7590.285645 2.714286 7 7 3 4 1 0 0 0 0 0 5 4 2 5
30471135 30500326 7620 3.285714 3.285714 7620 7616.714355 3.285714 6 8 4 5 0 0 0 0 2 0 8 6 4 3
30509080 30538224 7608 6.785714 6.714286 7608 7601.285645 6.714286 12 12 11 6 0 0 0 0 0 0 10 12 16 15
30548422 30577500 7590 8.000000 7.785714 7590 7582.214355 7.785714 16 15 13 9 0 0 0 0 0 1 12 15 18 10
30586280 30615412 7606 8.571428 8.214286 7606 7597.785645 8.214286 22 13 9 6 0 0 0 1 0 1 16 15 18 14
30625605 30654775 7616 8.571428 8.214286 7616 7607.785645 8.214286 24 19 14 13 0 0 0 0 0 0 15 12 8 10
30663455 30692620 7613 8.642858 8.500000 7613 7604.500000 8.500000 19 12 13 19 0 0 0 0 0 0 7 19 15 15
30702808 30731948 7606 4.714286 4.642857 7606 7601.356934 4.642857 9 5 5 6 0 0 0 0 0 0 18 7 7 8
30742142 30769899 7245 3.571429 3.571429 7245 7241.428711 3.571429 6 7 5 5 0 0 0 0 0 0 9 9 4 5
30780072 30809149 7590 1.285714 1.214286 7590 7588.785645 1.214286 5 3 3 1 0 0 0 0 0 1 1 0 0 3
30817927 30847066 7609 0.714286 0.642857 7609 7608.356934 0.642857 0 2 1 1 0 0 0 0 0 0 1 0 2 2
30857230 30886402 7617 0.285714 0.285714 7617 7616.714355 0.285714 0 1 0 0 0 0 0 0 0 0 2 0 1 0
30895110 30924281 7615 0.000000 0.000000 7615 7615.000000 0.000000 0 0 0 0 0 0 0 0 0 0 0 0 0 0
30934475 30962147 7223 0.071429 0.071429 7223 7222.928711 0.071429 0 0 0 0 0 0 0 0 0 0 1 0 0 0
30972342 31001514 7615 0.000000 0.000000 7615 7615.000000 0.000000 0 0 0 0 0 0 0 0 0 0 0 0 0 0
31011704 31040798 7595 0.000000 0.000000 7595 7595.000000 0.000000 0 0 0 0 0 0 0 0 0 0 0 0 0 0
31049583 31078765 7620 0.000000 0.000000 7620 7620.000000 0.000000 0 0 0 0 0 0 0 0 0 0 0 0 0 0
31141430 31170535 7599 9.571428 9.214286 7599 7589.785645 9.214286 17 15 15 15 0 0 0 0 2 0 25 16 12 12
