27 32
30028300 30057394 7594 8.714286 8.428572 7594 7585.571289 8.428572 0 0 17 7 12 13 12 17 17 23 0 0 0 0
30121572 30150637 7587 0.000000 0.000000 7587 7587.000000 0.000000 0 0 0 0 0 0 0 0 0 0 0 0 0 0
30160834 30188489 7218 0.000000 0.000000 7218 7218.000000 0.000000 0 0 0 0 0 0 0 0 0 0 0 0 0 0
30198791 30229387 7987 0.000000 0.000000 7987 7987.000000 0.000000 0 0 0 0 0 0 0 0 0 0 0 0 0 0
30239572 30268645 7589 0.000000 0.000000 7589 7589.000000 0.000000 0 0 0 0 0 0 0 0 0 0 0 0 0 0
30277428 30306532 7597 0.071429 0.071429 7597 7596.928711 0.071429 0 0 0 0 0 0 1 0 0 0 0 0 0 0
30316737 30345923 7619 0.214286 0.214286 7619 7618.785645 0.214286 0 0 0 0 2 0 0 0 0 1 0 0 0 0
30354606 30383805 7624 0.714286 0.714286 7624 7623.285645 0.714286 0 0 0 0 1 2 1 3 2 1 0 0 0 0
30394003 30421662 7221 1.071429 1.071429 7221 7219.928711 1.071429 0 0 3 1 0 3 2 1 3 2 0 0 0 0
30431854 30460940 7593 2.000000 1.928571 7593 7591.071289 1.928571 0 0 2 3 3 3 4 4 4 4 0 0 0 0
30471135 30500326 7619 4.357143 4.214286 7619 7614.785645 4.214286 0 0 4 5 10 6 12 9 5 7 0 0 0 1
30509080 30538224 7608 5.642857 5.500000 7608 7602.500000 5.500000 0 0 13 4 9 6 10 9 9 15 0 1 1 0
30548422 30577500 7590 7.571429 7.357143 7590 7582.643066 7.357143 0 0 13 24 19 10 5 10 11 11 0 0 0 0
30586280 30615412 7606 7.642857 7.500000 7606 7598.500000 7.500000 0 0 20 19 12 14 10 12 10 7 0 1 0 0
30625605 30654775 7616 7.071429 6.928571 7616 7609.071289 6.928571 0 0 21 13 12 11 10 8 12 10 0 0 0 0
30663455 30692620 7613 5.142857 5.000000 7613 7608.000000 5.000000 0 0 7 6 8 7 7 9 9 17 0 0 0 0
30702808 30731948 7606 4.142857 4.071429 7606 7601.928711 4.071429 0 0 9 6 5 9 1 10 11 6 0 0 0 0
30742142 30769899 7245 3.071429 2.857143 7245 7242.143066 2.857143 0 0 1 4 3 6 4 7 8 7 0 0 0 0
30780072 30809149 7590 2.071429 2.071429 7590 7587.928711 2.071429 0 0 2 3 1 8 3 4 4 4 0 0 0 0
30817927 30847066 7609 1.285714 1.285714 7609 7607.714355 1.285714 0 0 2 0 2 2 4 3 2 3 0 0 0 0
30857230 30886402 7617 0.357143 0.285714 7617 7616.714355 0.285714 0 0 1 0 0 0 0 0 2 1 0 0 0 0
30895110 30924281 7615 0.214286 0.142857 7615 7614.856934 0.142857 0 0 0 0 0 0 1 1 0 0 0 0 0 0
30934475 30962147 7223 0.071429 0.071429 7223 7222.928711 0.071429 0 0 0 0 0 0 0 0 1 0 0 0 0 0
30972342 31001514 7615 0.071429 0.071429 7615 7614.928711 0.071429 0 0 0 0 0 0 0 1 0 0 0 0 0 0
31011704 31040798 7595 0.000000 0.000000 7595 7595.000000 0.000000 0 0 0 0 0 0 0 0 0 0 0 0 0 0
31049583 31078765 7620 0.000000 0.000000 7620 7620.000000 0.000000 0 0 0 0 0 0 0 0 0 0 0 0 0 0
31141430 31170535 7599 9.500000 9.214286 7599 7589.785645 9.214286 0 0 12 26 9 14 7 15 24 21 0 1 0 0
