27 32
30028300 30057394 7594 16.142857 15.857142 7594 7578.143066 15.857142 15 16 18 19 18 17 13 13 20 15 24 8 16 10
30121572 30150637 7587 0.000000 0.000000 7587 7587.000000 0.000000 0 0 0 0 0 0 0 0 0 0 0 0 0 0
30160834 30188489 7218 0.000000 0.000000 7218 7218.000000 0.000000 0 0 0 0 0 0 0 0 0 0 0 0 0 0
30198791 30229387 7988 0.000000 0.000000 7988 7988.000000 0.000000 0 0 0 0 0 0 0 0 0 0 0 0 0 0
30239572 30268645 7589 0.000000 0.000000 7589 7589.000000 0.000000 0 0 0 0 0 0 0 0 0 0 0 0 0 0
30277428 30306532 7598 0.357143 0.357143 7598 7597.643066 0.357143 0 0 0 0 2 2 0 0 0 1 0 0 0 0
30316737 30345923 7619 0.285714 0.285714 7619 7618.714355 0.285714 0 0 1 0 0 0 1 0 0 0 0 0 2 0
30354606 30383805 7624 0.857143 0.857143 7624 7623.143066 0.857143 0 1 2 0 0 2 0 2 1 0 0 1 0 3
30394003 30421662 7221 1.142857 1.142857 7221 7219.856934 1.142857 1 1 3 1 1 0 1 1 1 1 2 1 1 1
30431854 30460940 7592 3.285714 3.214286 7592 7588.785645 3.214286 4 2 2 2 2 6 2 2 5 3 3 6 2 4
30471135 30500326 7620 7.714286 7.285714 7620 7612.714355 7.285714 8 5 9 8 11 8 7 5 7 11 3 3 8 9
30509080 30538224 7608 12.214286 12.071428 7608 7595.928711 12.071428 17 11 8 8 6 14 15 11 18 11 15 14 11 10
30548422 30577500 7591 17.142857 16.642857 7591 7574.356934 16.642857 17 14 14 13 18 17 18 15 18 19 25 18 9 18
30586280 30615412 7606 16.928572 16.857143 7606 7589.143066 16.857143 26 18 11 12 16 19 15 20 22 16 14 15 17 15
30625605 30654775 7617 15.928572 15.642858 7617 7601.356934 15.642858 18 10 17 16 16 13 15 13 14 12 20 18 22 15
30663455 30692620 7614 12.714286 12.428572 7614 7601.571289 12.428572 13 12 14 13 13 13 10 9 13 13 20 9 8 14
30702808 30731948 7606 8.428572 8.214286 7606 7597.785645 8.214286 8 12 9 5 5 15 5 11 9 5 7 7 10 7
30742142 30769899 7245 4.928571 4.785714 7245 7240.214355 4.785714 10 2 4 2 1 5 8 4 3 6 6 3 4 9
30780072 30809149 7590 2.500000 2.357143 7590 7587.643066 2.357143 0 4 3 3 2 2 3 0 3 1 5 4 1 2
30817927 30847066 7608 0.928571 0.714286 7608 7607.285645 0.714286 0 0 1 0 2 0 2 1 0 1 2 1 0 0
30857230 30886402 7617 0.357143 0.357143 7617 7616.643066 0.357143 0 1 1 0 1 0 0 1 0 0 1 0 0 0
30895110 30924281 7615 0.000000 0.000000 7615 7615.000000 0.000000 0 0 0 0 0 0 0 0 0 0 0 0 0 0
30934475 30962147 7223 0.142857 0.142857 7223 7222.856934 0.142857 0 0 0 0 0 0 0 0 0 0 0 0 2 0
30972342 31001514 7615 0.071429 0.071429 7615 7614.928711 0.071429 0 0 0 0 0 0 0 0 1 0 0 0 0 0
31011704 31040798 7595 0.071429 0.000000 7595 7595.000000 0.000000 0 0 0 0 0 0 0 0 0 0 0 0 0 0
31049583 31078765 7619 0.000000 0.000000 7619 7619.000000 0.000000 0 0 0 0 0 0 0 0 0 0 0 0 0 0
31141430 31170535 7600 17.571428 17.071428 7600 7582.928711 17.071428 17 26 17 13 12 16 16 16 16 22 14 26 13 15
