27 32
30028300 30057394 7595 16.000000 15.857142 7595 7579.143066 15.857142 10 17 18 14 10 20 12 16 20 18 23 21 17 6
30121572 30150637 7586 0.000000 0.000000 7586 7586.000000 0.000000 0 0 0 0 0 0 0 0 0 0 0 0 0 0
30160834 30188489 7218 0.071429 0.071429 7218 7217.928711 0.071429 0 0 0 0 0 0 0 0 0 0 1 0 0 0
30198791 30229387 7987 0.071429 0.071429 7987 7986.928711 0.071429 0 0 0 0 0 0 0 0 0 0 0 0 1 0
30239572 30268645 7589 0.142857 0.071429 7589 7588.928711 0.071429 0 0 0 0 0 0 0 0 1 0 0 0 0 0
30277428 30306532 7597 0.000000 0.000000 7597 7597.000000 0.000000 0 0 0 0 0 0 0 0 0 0 0 0 0 0
30316737 30345923 7618 0.142857 0.000000 7618 7618.000000 0.000000 0 0 0 0 0 0 0 0 0 0 0 0 0 0
30354606 30383805 7624 0.142857 0.142857 7624 7623.856934 0.142857 0 0 0 0 0 0 0 0 0 0 2 0 0 0
30394003 30421662 7222 1.642857 1.642857 7222 7220.356934 1.642857 1 0 2 0 1 1 0 3 3 3 3 3 2 1
30431854 30460940 7593 3.571429 3.285714 7593 7589.714355 3.285714 4 6 4 4 3 2 2 4 3 4 2 0 4 4
30471135 30500326 7620 6.785714 6.714286 7620 7613.285645 6.714286 9 12 7 3 4 5 9 5 8 7 3 7 8 7
30509080 30538224 7607 9.785714 9.571428 7607 7597.428711 9.571428 11 13 9 7 6 11 7 10 11 6 12 8 13 10
30548422 30577500 7590 16.285715 15.785714 7590 7574.214355 15.785714 24 23 17 10 13 16 8 15 19 14 16 20 14 12
30586280 30615412 7607 15.785714 15.571428 7607 7591.428711 15.571428 16 16 16 15 13 9 12 12 21 22 26 11 10 19
30625605 30654775 7616 15.071428 14.428572 7616 7601.571289 14.428572 15 12 5 18 9 10 20 15 24 11 21 14 15 13
30663455 30692620 7613 12.428572 12.357142 7613 7600.643066 12.357142 11 14 15 8 8 14 11 9 16 12 21 14 13 7
30702808 30731948 7607 7.500000 7.428571 7607 7599.571289 7.428571 7 9 8 3 8 7 6 4 5 16 7 8 10 6
30742142 30769899 7245 3.714286 3.642857 7245 7241.356934 3.642857 7 2 3 2 1 6 2 1 5 6 2 5 1 8
30780072 30809149 7590 1.714286 1.714286 7590 7588.285645 1.714286 2 3 2 3 0 2 0 2 3 0 2 2 3 0
30817927 30847066 7608 0.928571 0.928571 7608 7607.071289 0.928571 1 2 0 1 0 1 1 2 1 0 2 0 1 1
30857230 30886402 7617 0.428571 0.428571 7617 7616.571289 0.428571 0 2 0 0 1 0 0 0 0 2 1 0 0 0
30895110 30924281 7614 0.071429 0.000000 7614 7614.000000 0.000000 0 0 0 0 0 0 0 0 0 0 0 0 0 0
30934475 30962147 7222 0.000000 0.000000 7222 7222.000000 0.000000 0 0 0 0 0 0 0 0 0 0 0 0 0 0
30972342 31001514 7615 0.000000 0.000000 7615 7615.000000 0.000000 0 0 0 0 0 0 0 0 0 0 0 0 0 0
31011704 31040798 7594 0.000000 0.000000 7594 7594.000000 0.000000 0 0 0 0 0 0 0 0 0 0 0 0 0 0
31049583 31078765 7620 0.000000 0.000000 7620 7620.000000 0.000000 0 0 0 0 0 0 0 0 0 0 0 0 0 0
31141430 31170535 7599 17.571428 17.214285 7599 7581.785645 17.214285 17 16 14 22 19 25 9 12 20 21 19 21 9 17
