27 32
30028300 30057394 7594 14.785714 14.214286 7594 7579.785645 14.214286 13 27 1 0 14 20 16 14 21 16 19 9 14 15
30121572 30150637 7587 0.000000 0.000000 7587 7587.000000 0.000000 0 0 0 0 0 0 0 0 0 0 0 0 0 0
30160834 30188489 7219 0.000000 0.000000 7219 7219.000000 0.000000 0 0 0 0 0 0 0 0 0 0 0 0 0 0
30198791 30229387 7988 0.000000 0.000000 7988 7988.000000 0.000000 0 0 0 0 0 0 0 0 0 0 0 0 0 0
30239572 30268645 7589 0.071429 0.071429 7589 7588.928711 0.071429 1 0 0 0 0 0 0 0 0 0 0 0 0 0
30277428 30306532 7597 0.142857 0.142857 7597 7596.856934 0.142857 0 0 0 0 0 1 0 0 0 0 0 0 0 1
30316737 30345923 7619 0.285714 0.285714 7619 7618.714355 0.285714 1 0 0 0 0 0 1 0 0 0 1 0 0 1
30354606 30383805 7624 0.714286 0.500000 7624 7623.500000 0.500000 1 1 0 0 1 1 0 1 0 0 1 0 0 1
30394003 30421662 7221 1.428571 1.428571 7221 7219.571289 1.428571 1 0 0 0 2 2 1 1 1 2 4 2 0 4
30431854 30460940 7593 2.928571 2.857143 7593 7590.143066 2.857143 3 2 0 0 4 6 2 0 3 7 4 3 1 5
30471135 30500326 7620 5.857143 5.642857 7620 7614.356934 5.642857 10 8 0 0 5 11 1 6 7 3 12 8 4 4
30509080 30538224 7608 9.071428 8.857142 7608 7599.143066 8.857142 12 8 0 0 8 11 13 13 11 10 13 5 13 7
30548422 30577500 7590 13.071428 12.500000 7590 7577.500000 12.500000 12 13 0 0 18 11 13 8 19 12 20 20 11 18
30586280 30615412 7606 15.214286 14.642858 7606 7591.356934 14.642858 21 19 0 0 23 21 16 13 18 20 15 12 16 11
30625605 30654775 7617 13.142858 12.857142 7617 7604.143066 12.857142 20 13 0 0 11 21 14 14 21 14 16 11 12 13
30663455 30692620 7613 12.500000 12.142858 7613 7600.856934 12.142858 13 7 1 0 14 16 10 14 10 23 20 15 9 18
30702808 30731948 7606 7.571429 7.500000 7606 7598.500000 7.500000 12 9 0 0 8 5 5 14 10 11 8 8 11 4
30742142 30769899 7245 3.785714 3.642857 7245 7241.356934 3.642857 3 7 0 0 2 4 6 5 6 3 5 1 0 9
30780072 30809149 7590 1.428571 1.285714 7590 7588.714355 1.285714 3 2 0 0 2 1 0 2 3 2 1 2 0 0
30817927 30847066 7609 1.142857 1.142857 7609 7607.856934 1.142857 0 1 0 0 0 0 4 1 2 2 2 2 1 1
30857230 30886402 7617 0.214286 0.214286 7617 7616.785645 0.214286 1 0 0 0 0 0 0 0 1 0 0 0 1 0
30895110 30924281 7615 0.071429 0.000000 7615 7615.000000 0.000000 0 0 0 0 0 0 0 0 0 0 0 0 0 0
30934475 30962147 7223 0.000000 0.000000 7223 7223.000000 0.000000 0 0 0 0 0 0 0 0 0 0 0 0 0 0
30972342 31001514 7615 0.000000 0.000000 7615 7615.000000 0.000000 0 0 0 0 0 0 0 0 0 0 0 0 0 0
31011704 31040798 7595 0.000000 0.000000 7595 7595.000000 0.000000 0 0 0 0 0 0 0 0 0 0 0 0 0 0
31049583 31078765 7620 0.000000 0.000000 7620 7620.000000 0.000000 0 0 0 0 0 0 0 0 0 0 0 0 0 0
31141430 31170535 7599 14.357142 13.785714 7599 7585.214355 13.785714 20 11 0 0 15 24 15 19 14 23 15 16 12 9
