27 32
30028300 30057394 7595 18.214285 17.785715 7595 7577.214355 17.785715 24 11 13 13 13 20 13 17 26 25 23 17 15 19
30121572 30150637 7587 0.000000 0.000000 7587 7587.000000 0.000000 0 0 0 0 0 0 0 0 0 0 0 0 0 0
30160834 30188489 7218 0.000000 0.000000 7218 7218.000000 0.000000 0 0 0 0 0 0 0 0 0 0 0 0 0 0
30198791 30229387 7987 0.000000 0.000000 7987 7987.000000 0.000000 0 0 0 0 0 0 0 0 0 0 0 0 0 0
30239572 30268645 7589 0.000000 0.000000 7589 7589.000000 0.000000 0 0 0 0 0 0 0 0 0 0 0 0 0 0
30277428 30306532 7597 0.071429 0.071429 7597 7596.928711 0.071429 0 0 0 0 0 0 0 0 0 1 0 0 0 0
30316737 30345923 7618 0.357143 0.357143 7618 7617.643066 0.357143 0 0 0 1 0 0 1 2 0 1 0 0 0 0
30354606 30383805 7625 0.642857 0.571429 7625 7624.428711 0.571429 1 1 0 1 1 0 0 1 1 1 0 1 0 0
30394003 30421662 7221 0.857143 0.857143 7221 7220.143066 0.857143 1 1 0 0 2 2 0 1 1 0 2 0 1 1
30431854 30460940 7593 4.500000 4.428571 7593 7588.571289 4.428571 2 5 2 0 6 7 8 5 6 6 8 3 1 3
30471135 30500326 7620 8.785714 8.500000 7620 7611.500000 8.500000 9 12 9 6 7 15 7 10 7 14 5 11 2 5
30509080 30538224 7607 10.642858 10.428572 7607 7596.571289 10.428572 9 11 9 7 9 11 10 16 10 11 13 10 8 12
30548422 30577500 7590 13.142858 13.000000 7590 7577.000000 13.000000 15 15 12 10 17 13 12 11 18 13 11 11 13 11
30586280 30615412 7607 15.642858 14.928572 7607 7592.071289 14.928572 17 17 18 8 17 12 14 21 15 10 20 14 12 14
30625605 30654775 7616 17.142857 16.357143 7616 7599.643066 16.357143 16 15 15 8 20 21 12 15 23 28 15 17 7 17
30663455 30692620 7613 12.214286 11.857142 7613 7601.143066 11.857142 13 10 9 10 8 17 10 17 18 16 14 9 8 7
30702808 30731948 7607 7.142857 7.071429 7607 7599.928711 7.071429 8 7 7 4 3 9 8 11 11 6 5 6 7 7
30742142 30769899 7245 4.928571 4.857143 7245 7240.143066 4.857143 7 3 2 6 4 7 7 3 5 5 7 5 4 3
30780072 30809149 7590 2.357143 2.285714 7590 7587.714355 2.285714 5 2 0 0 0 2 2 4 3 2 3 4 3 2
30817927 30847066 7609 1.285714 1.285714 7609 7607.714355 1.285714 1 1 3 0 1 1 0 2 2 1 3 0 2 1
30857230 30886402 7617 0.142857 0.071429 7617 7616.928711 0.071429 0 0 0 0 0 0 0 0 0 0 0 0 0 1
30895110 30924281 7615 0.142857 0.071429 7615 7614.928711 0.071429 0 0 0 1 0 0 0 0 0 0 0 0 0 0
30934475 30962147 7222 0.214286 0.142857 7222 7221.856934 0.142857 0 0 0 1 0 0 0 0 0 0 0 0 0 1
30972342 31001514 7615 0.000000 0.000000 7615 7615.000000 0.000000 0 0 0 0 0 0 0 0 0 0 0 0 0 0
31011704 31040798 7594 0.000000 0.000000 7594 7594.000000 0.000000 0 0 0 0 0 0 0 0 0 0 0 0 0 0
31049583 31078765 7620 0.000000 0.000000 7620 7620.000000 0.000000 0 0 0 0 0 0 0 0 0 0 0 0 0 0
31141430 31170535 7599 18.214285 18.071428 7599 7580.928711 18.071428 17 17 9 11 26 27 18 18 17 22 30 10 14 17
