27 32
30028300 30057394 7594 18.500000 18.071428 7594 7575.928711 18.071428 16 16 24 11 23 13 18 17 24 23 23 16 19 10
30121572 30150637 7587 0.000000 0.000000 7587 7587.000000 0.000000 0 0 0 0 0 0 0 0 0 0 0 0 0 0
30160834 30188489 7219 0.000000 0.000000 7219 7219.000000 0.000000 0 0 0 0 0 0 0 0 0 0 0 0 0 0
30198791 30229387 7988 0.000000 0.000000 7988 7988.000000 0.000000 0 0 0 0 0 0 0 0 0 0 0 0 0 0
30239572 30268645 7589 0.214286 0.214286 7589 7588.785645 0.214286 1 0 0 0 0 0 0 0 0 0 1 1 0 0
30277428 30306532 7597 0.000000 0.000000 7597 7597.000000 0.000000 0 0 0 0 0 0 0 0 0 0 0 0 0 0
30316737 30345923 7619 0.142857 0.142857 7619 7618.856934 0.142857 0 0 2 0 0 0 0 0 0 0 0 0 0 0
30354606 30383805 7624 0.928571 0.928571 7624 7623.071289 0.928571 1 0 1 3 0 3 0 1 0 1 2 0 0 1
30394003 30421662 7221 2.142857 2.142857 7221 7218.856934 2.142857 0 4 2 1 2 5 5 1 2 1 3 2 1 1
30431854 30460940 7593 4.785714 4.642857 7593 7588.356934 4.642857 4 6 4 4 7 4 0 5 5 4 6 7 4 5
30471135 30500326 7620 7.857143 7.714286 7620 7612.285645 7.714286 8 9 6 12 6 10 5 14 5 8 6 10 5 4
30509080 30538224 7608 11.857142 11.428572 7608 7596.571289 11.428572 8 13 14 11 9 10 8 8 12 19 10 15 10 13
30548422 30577500 7591 15.857142 15.500000 7591 7575.500000 15.500000 15 26 9 13 10 19 14 24 12 18 23 14 10 10
30586280 30615412 7606 17.285715 16.857143 7606 7589.143066 16.857143 16 14 16 16 15 18 20 19 28 16 11 11 29 7
30625605 30654775 7617 15.928572 15.500000 7617 7601.500000 15.500000 12 14 18 16 17 17 16 16 16 15 11 18 17 14
30663455 30692620 7614 13.785714 13.428572 7614 7600.571289 13.428572 10 16 20 14 12 20 4 13 14 17 16 9 14 9
30702808 30731948 7606 8.785714 8.428572 7606 7597.571289 8.428572 10 10 9 4 12 10 8 10 8 7 9 6 8 7
30742142 30769899 7245 4.428571 4.428571 7245 7240.571289 4.428571 4 5 4 3 5 5 5 6 3 5 3 5 5 4
30780072 30809149 7590 2.714286 2.428571 7590 7587.571289 2.428571 2 3 2 2 2 3 1 3 4 2 3 1 3 3
30817927 30847066 7608 0.714286 0.714286 7608 7607.285645 0.714286 1 2 0 1 0 1 0 1 0 1 0 1 1 1
30857230 30886402 7617 0.642857 0.571429 7617 7616.428711 0.571429 1 1 0 0 0 1 1 3 0 0 0 1 0 0
30895110 30924281 7615 0.071429 0.071429 7615 7614.928711 0.071429 0 1 0 0 0 0 0 0 0 0 0 0 0 0
30934475 30962147 7223 0.000000 0.000000 7223 7223.000000 0.000000 0 0 0 0 0 0 0 0 0 0 0 0 0 0
30972342 31001514 7615 0.000000 0.000000 7615 7615.000000 0.000000 0 0 0 0 0 0 0 0 0 0 0 0 0 0
31011704 31040798 7595 0.000000 0.000000 7595 7595.000000 0.000000 0 0 0 0 0 0 0 0 0 0 0 0 0 0
31049583 31078765 7619 0.000000 0.000000 7619 7619.000000 0.000000 0 0 0 0 0 0 0 0 0 0 0 0 0 0
31141430 31170535 7600 15.142858 14.500000 7600 7585.500000 14.500000 16 18 17 16 11 14 17 11 12 15 18 12 13 13
