27 32
30028300 30057394 7593 17.785715 17.142857 7593 7575.856934 17.142857 21 10 13 24 12 29 11 16 25 25 29 11 14 0
30121572 30150637 7586 0.000000 0.000000 7586 7586.000000 0.000000 0 0 0 0 0 0 0 0 0 0 0 0 0 0
30160834 30188489 7218 0.000000 0.000000 7218 7218.000000 0.000000 0 0 0 0 0 0 0 0 0 0 0 0 0 0
30198791 30229387 7984 0.000000 0.000000 7984 7984.000000 0.000000 0 0 0 0 0 0 0 0 0 0 0 0 0 0
30239572 30268645 7587 0.000000 0.000000 7587 7587.000000 0.000000 0 0 0 0 0 0 0 0 0 0 0 0 0 0
30277428 30306532 7595 0.214286 0.214286 7595 7594.785645 0.214286 0 0 0 0 0 0 0 1 1 1 0 0 0 0
30316737 30345923 7616 0.142857 0.142857 7616 7615.856934 0.142857 0 1 0 0 0 1 0 0 0 0 0 0 0 0
30354606 30383805 7621 0.214286 0.214286 7621 7620.785645 0.214286 1 2 0 0 0 0 0 0 0 0 0 0 0 0
30394003 30421662 7220 1.642857 1.571429 7220 7218.428711 1.571429 3 0 1 2 2 3 1 2 0 1 1 3 3 0
30431854 30460940 7589 4.928571 4.857143 7589 7584.143066 4.857143 5 7 8 3 7 4 7 4 7 6 6 1 3 0
30471135 30500326 7620 7.071429 6.928571 7620 7613.071289 6.928571 7 7 6 8 9 8 11 4 8 10 8 9 2 0
30509080 30538224 7605 11.785714 11.428572 7605 7593.571289 11.428572 10 12 15 10 10 14 21 10 16 13 7 8 12 2
30548422 30577500 7587 15.357142 14.642858 7587 7572.356934 14.642858 19 16 14 9 15 22 20 13 11 20 10 19 17 0
30586280 30615412 7605 18.500000 17.857143 7605 7587.143066 17.857143 17 14 16 14 21 20 21 20 21 22 24 22 18 0
30625605 30654775 7616 14.714286 14.500000 7616 7601.500000 14.500000 21 8 22 17 12 13 18 23 20 15 16 11 7 0
30663455 30692620 7611 12.071428 11.642858 7611 7599.356934 11.642858 11 13 11 15 10 17 12 15 6 10 12 17 14 0
30702808 30731948 7604 7.000000 6.857143 7604 7597.143066 6.857143 16 8 4 7 8 8 6 6 8 8 3 5 9 0
30742142 30769899 7241 4.857143 4.857143 7241 7236.143066 4.857143 7 6 5 4 7 4 3 2 9 6 5 4 6 0
30780072 30809149 7589 2.142857 2.142857 7589 7586.856934 2.142857 0 2 0 1 2 3 2 4 3 1 2 4 6 0
30817927 30847066 7607 0.785714 0.714286 7607 7606.285645 0.714286 1 0 0 0 0 0 1 1 2 1 2 2 0 0
30857230 30886402 7616 0.428571 0.428571 7616 7615.571289 0.428571 0 1 0 1 1 0 1 0 0 0 1 1 0 0
30895110 30924281 7613 0.285714 0.285714 7613 7612.714355 0.285714 0 0 0 0 1 0 1 1 0 0 0 1 0 0
30934475 30962147 7222 0.000000 0.000000 7222 7222.000000 0.000000 0 0 0 0 0 0 0 0 0 0 0 0 0 0
30972342 31001514 7614 0.000000 0.000000 7614 7614.000000 0.000000 0 0 0 0 0 0 0 0 0 0 0 0 0 0
31011704 31040798 7593 0.000000 0.000000 7593 7593.000000 0.000000 0 0 0 0 0 0 0 0 0 0 0 0 0 0
31049583 31078765 7617 0.000000 0.000000 7617 7617.000000 0.000000 0 0 0 0 0 0 0 0 0 0 0 0 0 0
31141430 31170535 7599 16.285715 15.857142 7599 7583.143066 15.857142 24 11 17 14 22 18 15 20 23 17 12 16 12 1
