27 32
30028300 30057394 7594 15.571428 15.071428 7594 7578.928711 15.071428 21 13 16 19 15 18 13 19 13 10 17 12 12 13
30121572 30150637 7587 0.071429 0.071429 7587 7586.928711 0.071429 0 0 1 0 0 0 0 0 0 0 0 0 0 0
30160834 30188489 7218 0.000000 0.000000 7218 7218.000000 0.000000 0 0 0 0 0 0 0 0 0 0 0 0 0 0
30198791 30229387 7987 0.142857 0.000000 7987 7987.000000 0.000000 0 0 0 0 0 0 0 0 0 0 0 0 0 0
30239572 30268645 7589 0.000000 0.000000 7589 7589.000000 0.000000 0 0 0 0 0 0 0 0 0 0 0 0 0 0
30277428 30306532 7597 0.071429 0.071429 7597 7596.928711 0.071429 0 0 0 0 0 0 0 0 1 0 0 0 0 0
30316737 30345923 7619 0.357143 0.357143 7619 7618.643066 0.357143 1 1 0 0 0 0 0 1 0 1 0 1 0 0
30354606 30383805 7624 0.571429 0.571429 7624 7623.428711 0.571429 0 0 0 1 0 0 2 0 1 1 0 1 1 1
30394003 30421662 7221 2.071429 2.071429 7221 7218.928711 2.071429 1 0 1 2 2 2 2 2 5 5 3 3 0 1
30431854 30460940 7593 4.857143 4.714286 7593 7588.285645 4.714286 4 3 3 4 5 8 7 1 6 8 3 7 3 4
30471135 30500326 7620 7.928571 7.857143 7620 7612.143066 7.857143 8 6 9 3 7 6 5 8 15 12 10 8 11 2
30509080 30538224 7607 11.428572 11.142858 7607 7595.856934 11.142858 10 10 6 13 13 9 11 15 18 13 9 10 9 10
30548422 30577500 7590 16.214285 15.571428 7590 7574.428711 15.571428 21 11 13 19 13 22 19 18 11 11 20 7 13 20
30586280 30615412 7606 18.357143 17.785715 7606 7588.214355 17.785715 21 25 11 12 19 16 18 17 18 19 27 18 15 13
30625605 30654775 7616 17.142857 16.500000 7616 7599.500000 16.500000 18 14 13 14 16 24 17 16 17 19 13 17 12 21
30663455 30692620 7613 11.642858 11.285714 7613 7601.714355 11.285714 16 7 12 13 7 12 11 15 16 12 7 15 7 8
30702808 30731948 7606 8.214286 8.142858 7606 7597.856934 8.142858 9 5 8 7 5 9 11 7 8 10 13 9 8 5
30742142 30769899 7245 4.928571 4.785714 7245 7240.214355 4.785714 8 8 3 4 3 3 4 3 3 3 8 5 6 6
30780072 30809149 7590 2.428571 2.428571 7590 7587.571289 2.428571 4 1 1 2 4 3 1 3 5 2 1 2 4 1
30817927 30847066 7609 0.357143 0.357143 7609 7608.643066 0.357143 0 0 0 0 1 0 0 1 0 0 0 2 1 0
30857230 30886402 7617 0.357143 0.357143 7617 7616.643066 0.357143 1 0 0 1 0 0 0 0 2 0 0 1 0 0
30895110 30924281 7615 0.071429 0.071429 7615 7614.928711 0.071429 0 0 0 0 0 0 0 0 0 0 1 0 0 0
30934475 30962147 7222 0.071429 0.071429 7222 7221.928711 0.071429 0 0 0 0 1 0 0 0 0 0 0 0 0 0
30972342 31001514 7615 0.071429 0.000000 7615 7615.000000 0.000000 0 0 0 0 0 0 0 0 0 0 0 0 0 0
31011704 31040798 7595 0.071429 0.071429 7595 7594.928711 0.071429 0 0 0 0 1 0 0 0 0 0 0 0 0 0
31049583 31078765 7620 0.071429 0.000000 7620 7620.000000 0.000000 0 0 0 0 0 0 0 0 0 0 0 0 0 0
31141430 31170535 7599 19.571428 19.142857 7599 7579.856934 19.142857 19 17 16 14 17 17 31 28 22 23 12 23 17 12
