27 32
30028300 30057394 7595 18.214285 17.500000 7595 7577.500000 17.500000 14 23 18 16 10 18 13 22 27 19 18 12 23 12
30121572 30150637 7587 0.000000 0.000000 7587 7587.000000 0.000000 0 0 0 0 0 0 0 0 0 0 0 0 0 0
30160834 30188489 7218 0.071429 0.000000 7218 7218.000000 0.000000 0 0 0 0 0 0 0 0 0 0 0 0 0 0
30198791 30229387 7987 0.142857 0.142857 7987 7986.856934 0.142857 0 1 0 1 0 0 0 0 0 0 0 0 0 0
30239572 30268645 7589 0.071429 0.071429 7589 7588.928711 0.071429 0 0 0 0 1 0 0 0 0 0 0 0 0 0
30277428 30306532 7597 0.214286 0.071429 7597 7596.928711 0.071429 0 0 0 0 0 0 0 0 0 0 0 0 1 0
30316737 30345923 7618 0.071429 0.000000 7618 7618.000000 0.000000 0 0 0 0 0 0 0 0 0 0 0 0 0 0
30354606 30383805 7624 0.642857 0.642857 7624 7623.356934 0.642857 0 1 1 1 1 1 1 1 0 0 0 0 0 2
30394003 30421662 7222 1.857143 1.857143 7222 7220.143066 1.857143 2 1 3 1 2 2 2 4 4 2 1 1 0 1
30431854 30460940 7593 4.714286 4.500000 7593 7588.500000 4.500000 5 4 7 2 1 6 5 5 2 3 6 9 4 4
30471135 30500326 7620 7.642857 7.571429 7620 7612.428711 7.571429 5 6 9 6 12 12 12 9 4 10 5 5 4 7
30509080 30538224 7607 12.142858 11.714286 7607 7595.285645 11.714286 9 16 13 15 3 14 14 10 19 13 7 9 11 11
30548422 30577500 7590 16.571428 16.214285 7590 7573.785645 16.214285 17 16 18 14 14 20 18 19 23 18 15 14 10 11
30586280 30615412 7607 16.214285 15.571428 7607 7591.428711 15.571428 11 17 16 19 21 16 7 15 27 19 20 10 8 12
30625605 30654775 7616 16.642857 16.285715 7616 7599.714355 16.285715 14 10 19 16 15 20 12 25 20 21 24 11 12 9
30663455 30692620 7613 12.714286 12.285714 7613 7600.714355 12.285714 9 10 13 9 12 19 12 13 11 14 21 10 9 10
30702808 30731948 7607 8.071428 7.785714 7607 7599.214355 7.785714 8 8 9 8 6 17 6 6 10 10 6 5 7 3
30742142 30769899 7245 4.642857 4.571429 7245 7240.428711 4.571429 2 3 5 5 5 3 3 6 5 5 7 3 4 8
30780072 30809149 7590 2.571429 2.571429 7590 7587.428711 2.571429 2 2 3 2 1 3 5 3 5 2 4 0 0 4
30817927 30847066 7608 0.714286 0.642857 7608 7607.356934 0.642857 1 1 0 0 0 1 0 2 1 0 0 1 1 1
30857230 30886402 7617 0.071429 0.071429 7617 7616.928711 0.071429 0 1 0 0 0 0 0 0 0 0 0 0 0 0
30895110 30924281 7614 0.214286 0.142857 7614 7613.856934 0.142857 0 0 0 0 0 0 0 0 0 0 0 1 1 0
30934475 30962147 7222 0.000000 0.000000 7222 7222.000000 0.000000 0 0 0 0 0 0 0 0 0 0 0 0 0 0
30972342 31001514 7615 0.071429 0.071429 7615 7614.928711 0.071429 0 0 0 0 1 0 0 0 0 0 0 0 0 0
31011704 31040798 7594 0.000000 0.000000 7594 7594.000000 0.000000 0 0 0 0 0 0 0 0 0 0 0 0 0 0
31049583 31078765 7620 0.071429 0.000000 7620 7620.000000 0.000000 0 0 0 0 0 0 0 0 0 0 0 0 0 0
31141430 31170535 7599 17.428572 17.071428 7599 7581.928711 17.071428 17 14 21 15 21 15 15 27 15 15 16 16 11 21
