27 32
30028300 30057394 7595 16.142857 15.642858 7595 7579.356934 15.642858 21 16 10 10 13 19 14 16 12 23 16 17 17 15
30121572 30150637 7587 0.071429 0.071429 7587 7586.928711 0.071429 0 0 0 0 0 0 0 1 0 0 0 0 0 0
30160834 30188489 7218 0.000000 0.000000 7218 7218.000000 0.000000 0 0 0 0 0 0 0 0 0 0 0 0 0 0
30198791 30229387 7987 0.000000 0.000000 7987 7987.000000 0.000000 0 0 0 0 0 0 0 0 0 0 0 0 0 0
30239572 30268645 7590 0.071429 0.071429 7590 7589.928711 0.071429 0 0 1 0 0 0 0 0 0 0 0 0 0 0
30277428 30306532 7597 0.071429 0.071429 7597 7596.928711 0.071429 0 0 0 0 0 0 0 0 0 1 0 0 0 0
30316737 30345923 7618 0.357143 0.357143 7618 7617.643066 0.357143 0 1 1 1 0 0 0 0 0 0 0 2 0 0
30354606 30383805 7624 1.071429 1.071429 7624 7622.928711 1.071429 2 3 2 1 0 2 0 1 1 1 2 0 0 0
30394003 30421662 7222 1.857143 1.785714 7222 7220.214355 1.785714 3 2 2 1 1 4 1 3 3 0 1 0 1 3
30431854 30460940 7592 4.571429 4.285714 7592 7587.714355 4.285714 6 4 7 1 5 2 2 5 8 5 5 4 3 3
30471135 30500326 7620 9.000000 8.857142 7620 7611.143066 8.857142 14 6 10 5 7 7 10 9 9 16 6 9 8 8
30509080 30538224 7607 11.857142 11.500000 7607 7595.500000 11.500000 13 15 6 14 3 11 10 14 18 12 17 15 9 4
30548422 30577500 7590 14.285714 13.857142 7590 7576.143066 13.857142 13 11 8 13 14 17 10 12 13 18 24 13 13 15
30586280 30615412 7607 15.714286 15.357142 7607 7591.643066 15.357142 14 16 12 10 18 17 17 16 22 11 17 15 11 19
30625605 30654775 7616 15.642858 15.357142 7616 7600.643066 15.357142 13 21 11 9 8 16 20 16 20 21 15 16 18 11
30663455 30692620 7613 14.142858 13.857142 7613 7599.143066 13.857142 13 15 10 11 15 15 11 18 16 16 15 11 16 12
30702808 30731948 7607 8.785714 8.500000 7607 7598.500000 8.500000 12 14 6 10 5 8 9 9 6 10 10 7 7 6
30742142 30769899 7245 4.214286 4.142857 7245 7240.856934 4.142857 3 5 9 5 0 0 7 3 4 6 6 5 2 3
30780072 30809149 7590 1.714286 1.714286 7590 7588.285645 1.714286 2 1 2 3 4 2 1 2 1 2 1 1 2 0
30817927 30847066 7608 0.857143 0.857143 7608 7607.143066 0.857143 2 0 0 4 2 0 0 0 1 0 2 0 0 1
30857230 30886402 7617 0.571429 0.571429 7617 7616.428711 0.571429 0 1 2 2 0 0 0 0 1 0 0 1 1 0
30895110 30924281 7614 0.142857 0.142857 7614 7613.856934 0.142857 0 0 0 1 0 0 0 0 0 1 0 0 0 0
30934475 30962147 7223 0.285714 0.285714 7223 7222.714355 0.285714 0 0 0 0 0 0 0 1 2 0 0 0 0 1
30972342 31001514 7615 0.071429 0.000000 7615 7615.000000 0.000000 0 0 0 0 0 0 0 0 0 0 0 0 0 0
31011704 31040798 7594 0.000000 0.000000 7594 7594.000000 0.000000 0 0 0 0 0 0 0 0 0 0 0 0 0 0
31049583 31078765 7620 0.000000 0.000000 7620 7620.000000 0.000000 0 0 0 0 0 0 0 0 0 0 0 0 0 0
31141430 31170535 7600 16.142857 15.857142 7600 7584.143066 15.857142 23 16 11 14 14 14 16 16 21 18 20 15 11 13
