27 32
30028300 30057394 7590 3.357143 3.357143 7590 7586.643066 3.357143 0 0 21 13 0 0 0 0 1 0 0 0 0 12
30121572 30150637 7581 0.000000 0.000000 7581 7581.000000 0.000000 0 0 0 0 0 0 0 0 0 0 0 0 0 0
30160834 30188489 7214 0.000000 0.000000 7214 7214.000000 0.000000 0 0 0 0 0 0 0 0 0 0 0 0 0 0
30198791 30229387 7982 0.000000 0.000000 7982 7982.000000 0.000000 0 0 0 0 0 0 0 0 0 0 0 0 0 0
30239572 30268645 7584 0.000000 0.000000 7584 7584.000000 0.000000 0 0 0 0 0 0 0 0 0 0 0 0 0 0
30277428 30306532 7593 0.000000 0.000000 7593 7593.000000 0.000000 0 0 0 0 0 0 0 0 0 0 0 0 0 0
30316737 30345923 7615 0.000000 0.000000 7615 7615.000000 0.000000 0 0 0 0 0 0 0 0 0 0 0 0 0 0
30354606 30383805 7619 0.285714 0.285714 7619 7618.714355 0.285714 0 0 0 2 0 0 0 0 0 0 0 0 0 2
30394003 30421662 7217 0.428571 0.357143 7217 7216.643066 0.357143 0 0 1 2 0 0 0 0 0 0 0 0 0 2
30431854 30460940 7585 0.714286 0.642857 7585 7584.356934 0.642857 0 0 5 3 0 0 0 0 0 0 0 0 0 1
30471135 30500326 7613 1.000000 1.000000 7613 7612.000000 1.000000 0 0 2 6 0 0 0 0 0 0 1 0 0 5
30509080 30538224 7603 2.214286 2.142857 7603 7600.856934 2.142857 0 0 11 6 0 0 0 1 0 0 0 0 0 12
30548422 30577500 7586 3.285714 3.214286 7586 7582.785645 3.214286 0 0 14 15 0 1 0 1 0 0 0 0 0 14
30586280 30615412 7602 3.142857 3.142857 7602 7598.856934 3.142857 0 0 16 15 0 0 0 0 0 0 0 0 1 12
30625605 30654775 7611 3.785714 3.785714 7611 7607.214355 3.785714 0 0 12 19 0 0 0 0 0 0 0 1 0 21
30663455 30692620 7607 2.357143 2.214286 7607 7604.785645 2.214286 0 0 12 7 0 1 1 0 0 0 1 0 0 9
30702808 30731948 7602 1.571429 1.571429 7602 7600.428711 1.571429 0 0 10 6 0 0 0 0 0 0 0 0 0 6
30742142 30769899 7239 0.857143 0.785714 7239 7238.214355 0.785714 0 0 4 4 0 0 0 0 0 0 0 0 0 3
30780072 30809149 7585 0.571429 0.571429 7585 7584.428711 0.571429 0 0 4 1 0 0 0 0 0 0 0 0 0 3
30817927 30847066 7604 0.214286 0.214286 7604 7603.785645 0.214286 0 0 1 1 0 0 0 0 0 0 0 0 0 1
30857230 30886402 7612 0.071429 0.071429 7612 7611.928711 0.071429 0 0 1 0 0 0 0 0 0 0 0 0 0 0
30895110 30924281 7608 0.000000 0.000000 7608 7608.000000 0.000000 0 0 0 0 0 0 0 0 0 0 0 0 0 0
30934475 30962147 7216 0.071429 0.071429 7216 7215.928711 0.071429 0 0 0 1 0 0 0 0 0 0 0 0 0 0
30972342 31001514 7608 0.000000 0.000000 7608 7608.000000 0.000000 0 0 0 0 0 0 0 0 0 0 0 0 0 0
31011704 31040798 7588 0.000000 0.000000 7588 7588.000000 0.000000 0 0 0 0 0 0 0 0 0 0 0 0 0 0
31049583 31078765 7613 0.000000 0.000000 7613 7613.000000 0.000000 0 0 0 0 0 0 0 0 0 0 0 0 0 0
31141430 31170535 7595 3.071429 3.000000 7595 7592.000000 3.000000 0 0 13 15 0 1 0 1 1 0 0 0 0 11
