27 32
30028300 30057394 7595 19.000000 18.142857 7595 7576.856934 18.142857 22 17 13 17 17 19 12 21 19 17 23 23 21 13
30121572 30150637 7587 0.071429 0.000000 7587 7587.000000 0.000000 0 0 0 0 0 0 0 0 0 0 0 0 0 0
30160834 30188489 7218 0.142857 0.000000 7218 7218.000000 0.000000 0 0 0 0 0 0 0 0 0 0 0 0 0 0
30198791 30229387 7987 0.214286 0.071429 7987 7986.928711 0.071429 1 0 0 0 0 0 0 0 0 0 0 0 0 0
30239572 30268645 7589 0.000000 0.000000 7589 7589.000000 0.000000 0 0 0 0 0 0 0 0 0 0 0 0 0 0
30277428 30306532 7597 0.071429 0.071429 7597 7596.928711 0.071429 0 0 0 0 0 0 0 0 0 0 0 0 0 1
30316737 30345923 7618 0.000000 0.000000 7618 7618.000000 0.000000 0 0 0 0 0 0 0 0 0 0 0 0 0 0
30354606 30383805 7625 0.285714 0.285714 7625 7624.714355 0.285714 0 0 1 0 0 1 0 1 1 0 0 0 0 0
30394003 30421662 7222 1.785714 1.714286 7222 7220.285645 1.714286 3 3 1 2 0 1 1 1 0 2 2 2 4 2
30431854 30460940 7593 3.928571 3.714286 7593 7589.285645 3.714286 6 2 4 3 4 5 4 3 2 1 3 7 5 3
30471135 30500326 7620 8.357142 7.857143 7620 7612.143066 7.857143 7 6 11 9 5 11 10 9 7 6 6 8 9 6
30509080 30538224 7607 11.000000 10.500000 7607 7596.500000 10.500000 13 12 5 6 8 15 8 14 10 13 11 9 17 6
30548422 30577500 7590 18.285715 17.642857 7590 7572.356934 17.642857 22 16 13 11 20 9 16 26 24 16 20 19 20 15
30586280 30615412 7607 16.928572 16.428572 7607 7590.571289 16.428572 12 14 19 16 11 16 23 15 21 26 10 15 18 14
30625605 30654775 7616 16.857143 16.500000 7616 7599.500000 16.500000 25 11 12 11 19 15 20 20 20 17 19 12 19 11
30663455 30692620 7613 13.500000 13.000000 7613 7600.000000 13.000000 19 12 8 9 11 14 13 10 20 18 14 8 15 11
30702808 30731948 7607 8.928572 8.785714 7607 7598.214355 8.785714 7 11 12 9 6 6 10 9 4 16 6 13 6 8
30742142 30769899 7245 4.571429 4.500000 7245 7240.500000 4.500000 4 5 4 5 8 5 3 5 1 3 9 2 6 3
30780072 30809149 7590 3.000000 3.000000 7590 7587.000000 3.000000 4 1 3 1 3 2 6 6 2 3 3 1 4 3
30817927 30847066 7608 0.857143 0.857143 7608 7607.143066 0.857143 3 0 0 1 3 2 0 0 0 1 0 1 1 0
30857230 30886402 7617 0.428571 0.357143 7617 7616.643066 0.357143 1 0 0 1 1 0 0 1 0 0 1 0 0 0
30895110 30924281 7615 0.142857 0.142857 7615 7614.856934 0.142857 0 0 0 0 1 0 0 0 0 0 0 1 0 0
30934475 30962147 7222 0.071429 0.071429 7222 7221.928711 0.071429 0 0 0 0 0 0 0 0 0 0 1 0 0 0
30972342 31001514 7615 0.000000 0.000000 7615 7615.000000 0.000000 0 0 0 0 0 0 0 0 0 0 0 0 0 0
31011704 31040798 7594 0.000000 0.000000 7594 7594.000000 0.000000 0 0 0 0 0 0 0 0 0 0 0 0 0 0
31049583 31078765 7620 0.071429 0.000000 7620 7620.000000 0.000000 0 0 0 0 0 0 0 0 0 0 0 0 0 0
31141430 31170535 7599 17.642857 17.214285 7599 7581.785645 17.214285 18 24 14 17 18 17 15 22 14 14 20 21 16 11
