27 32
30028300 30057394 7595 8.428572 8.285714 7595 7586.714355 8.285714 23 22 0 0 0 0 0 0 0 0 21 20 19 11
30121572 30150637 7587 0.000000 0.000000 7587 7587.000000 0.000000 0 0 0 0 0 0 0 0 0 0 0 0 0 0
30160834 30188489 7218 0.071429 0.000000 7218 7218.000000 0.000000 0 0 0 0 0 0 0 0 0 0 0 0 0 0
30198791 30229387 7987 0.000000 0.000000 7987 7987.000000 0.000000 0 0 0 0 0 0 0 0 0 0 0 0 0 0
30239572 30268645 7589 0.071429 0.071429 7589 7588.928711 0.071429 0 0 0 0 0 0 0 0 0 0 0 0 0 1
30277428 30306532 7597 0.000000 0.000000 7597 7597.000000 0.000000 0 0 0 0 0 0 0 0 0 0 0 0 0 0
30316737 30345923 7618 0.071429 0.000000 7618 7618.000000 0.000000 0 0 0 0 0 0 0 0 0 0 0 0 0 0
30354606 30383805 7624 0.500000 0.428571 7624 7623.571289 0.428571 1 0 0 0 0 0 0 0 0 0 3 1 0 1
30394003 30421662 7222 0.857143 0.785714 7222 7221.214355 0.785714 1 2 0 0 0 0 0 0 0 0 1 1 0 6
30431854 30460940 7592 1.714286 1.714286 7592 7590.285645 1.714286 1 6 0 0 0 0 0 0 0 0 7 5 1 4
30471135 30500326 7620 3.071429 3.000000 7620 7617.000000 3.000000 12 3 0 0 0 0 0 0 0 0 5 4 4 14
30509080 30538224 7608 5.142857 5.000000 7608 7603.000000 5.000000 6 14 0 0 0 0 0 0 0 1 17 9 10 13
30548422 30577500 7593 8.142858 7.785714 7593 7585.214355 7.785714 24 20 1 1 0 1 0 0 0 0 22 9 9 22
30586280 30615412 7607 7.285714 7.071429 7607 7599.928711 7.071429 25 12 0 1 0 0 0 0 0 0 19 18 14 10
30625605 30654775 7617 7.357143 7.142857 7617 7609.856934 7.142857 19 17 0 0 0 0 0 0 0 0 17 12 15 20
30663455 30692620 7613 5.500000 5.428571 7613 7607.571289 5.428571 13 17 0 0 0 1 0 0 0 1 14 10 10 10
30702808 30731948 7607 4.357143 4.214286 7607 7602.785645 4.214286 12 12 0 0 0 0 0 0 0 0 13 8 8 6
30742142 30769899 7245 1.714286 1.642857 7245 7243.356934 1.642857 6 7 0 0 0 0 0 0 0 0 3 3 2 2
30780072 30809149 7591 1.071429 1.071429 7591 7589.928711 1.071429 2 3 0 0 0 0 0 0 0 0 6 1 0 3
30817927 30847066 7608 0.142857 0.142857 7608 7607.856934 0.142857 0 0 0 0 0 0 0 0 0 0 1 1 0 0
30857230 30886402 7617 0.214286 0.142857 7617 7616.856934 0.142857 0 0 0 0 0 0 0 0 0 0 0 0 1 1
30895110 30924281 7614 0.071429 0.000000 7614 7614.000000 0.000000 0 0 0 0 0 0 0 0 0 0 0 0 0 0
30934475 30962147 7223 0.000000 0.000000 7223 7223.000000 0.000000 0 0 0 0 0 0 0 0 0 0 0 0 0 0
30972342 31001514 7615 0.000000 0.000000 7615 7615.000000 0.000000 0 0 0 0 0 0 0 0 0 0 0 0 0 0
31011704 31040798 7594 0.000000 0.000000 7594 7594.000000 0.000000 0 0 0 0 0 0 0 0 0 0 0 0 0 0
31049583 31078765 7620 0.000000 0.000000 7620 7620.000000 0.000000 0 0 0 0 0 0 0 0 0 0 0 0 0 0
31141430 31170535 7600 9.285714 9.142858 7600 7590.856934 9.142858 33 14 0 0 0 0 0 0 1 0 24 20 16 20
