27 32
30028300 30057394 7595 16.928572 16.500000 7595 7578.500000 16.500000 11 14 15 15 14 21 18 14 22 16 13 24 17 17
30121572 30150637 7587 0.000000 0.000000 7587 7587.000000 0.000000 0 0 0 0 0 0 0 0 0 0 0 0 0 0
30160834 30188489 7218 0.071429 0.071429 7218 7217.928711 0.071429 0 0 0 0 0 0 0 0 0 0 0 1 0 0
30198791 30229387 7987 0.071429 0.071429 7987 7986.928711 0.071429 0 0 0 0 0 0 1 0 0 0 0 0 0 0
30239572 30268645 7589 0.000000 0.000000 7589 7589.000000 0.000000 0 0 0 0 0 0 0 0 0 0 0 0 0 0
30277428 30306532 7597 0.142857 0.142857 7597 7596.856934 0.142857 1 1 0 0 0 0 0 0 0 0 0 0 0 0
30316737 30345923 7619 0.214286 0.214286 7619 7618.785645 0.214286 0 0 0 1 0 0 1 0 0 0 0 0 0 1
30354606 30383805 7625 0.500000 0.500000 7625 7624.500000 0.500000 1 0 0 1 1 1 0 0 0 1 1 0 0 1
30394003 30421662 7221 1.928571 1.928571 7221 7219.071289 1.928571 2 1 3 3 0 3 2 2 1 2 0 3 4 1
30431854 30460940 7593 3.357143 3.142857 7593 7589.856934 3.142857 4 2 4 5 3 5 2 1 3 2 3 2 4 4
30471135 30500326 7620 7.642857 7.571429 7620 7612.428711 7.571429 8 8 3 2 10 9 9 9 9 7 9 9 8 6
30509080 30538224 7607 12.785714 12.357142 7607 7594.643066 12.357142 9 13 8 9 9 17 15 10 20 12 12 19 14 6
30548422 30577500 7590 16.500000 16.071428 7590 7573.928711 16.071428 20 17 14 12 14 28 7 15 28 18 17 12 11 12
30586280 30615412 7606 17.714285 17.357143 7606 7588.643066 17.357143 24 16 11 16 18 19 14 18 19 32 16 16 15 9
30625605 30654775 7616 15.071428 14.428572 7616 7601.571289 14.428572 17 18 8 13 15 10 7 12 17 27 20 11 16 11
30663455 30692620 7613 10.928572 10.642858 7613 7602.356934 10.642858 10 12 13 6 9 12 10 11 11 17 11 8 5 14
30702808 30731948 7606 9.285714 8.857142 7606 7597.143066 8.857142 14 10 6 10 5 12 9 6 8 10 10 10 8 6
30742142 30769899 7245 4.142857 4.071429 7245 7240.928711 4.071429 3 5 5 3 3 1 3 6 4 7 7 6 2 2
30780072 30809149 7590 2.357143 2.214286 7590 7587.785645 2.214286 3 1 1 3 3 3 4 1 1 3 3 1 0 4
30817927 30847066 7609 1.071429 1.071429 7609 7607.928711 1.071429 2 1 2 1 3 2 0 0 1 0 0 3 0 0
30857230 30886402 7617 0.285714 0.285714 7617 7616.714355 0.285714 1 0 0 1 1 0 0 1 0 0 0 0 0 0
30895110 30924281 7615 0.285714 0.142857 7615 7614.856934 0.142857 0 0 0 0 0 0 0 1 0 0 0 0 0 1
30934475 30962147 7222 0.071429 0.071429 7222 7221.928711 0.071429 1 0 0 0 0 0 0 0 0 0 0 0 0 0
30972342 31001514 7615 0.071429 0.000000 7615 7615.000000 0.000000 0 0 0 0 0 0 0 0 0 0 0 0 0 0
31011704 31040798 7594 0.000000 0.000000 7594 7594.000000 0.000000 0 0 0 0 0 0 0 0 0 0 0 0 0 0
31049583 31078765 7620 0.071429 0.000000 7620 7620.000000 0.000000 0 0 0 0 0 0 0 0 0 0 0 0 0 0
31141430 31170535 7599 17.142857 16.857143 7599 7582.143066 16.857143 20 27 11 11 20 15 10 22 22 16 15 18 14 15
