27 32
30028300 30057394 7594 17.571428 16.928572 7594 7577.071289 16.928572 15 20 17 18 19 17 16 15 19 13 22 15 20 11
30121572 30150637 7587 0.142857 0.000000 7587 7587.000000 0.000000 0 0 0 0 0 0 0 0 0 0 0 0 0 0
30160834 30188489 7219 0.000000 0.000000 7219 7219.000000 0.000000 0 0 0 0 0 0 0 0 0 0 0 0 0 0
30198791 30229387 7988 0.071429 0.071429 7988 7987.928711 0.071429 0 0 0 0 0 0 0 0 0 0 0 0 0 1
30239572 30268645 7589 0.071429 0.071429 7589 7588.928711 0.071429 0 0 0 0 0 0 0 0 0 0 0 0 0 1
30277428 30306532 7597 0.142857 0.142857 7597 7596.856934 0.142857 0 0 1 0 1 0 0 0 0 0 0 0 0 0
30316737 30345923 7619 0.571429 0.571429 7619 7618.428711 0.571429 1 1 0 2 0 1 0 1 0 0 0 0 2 0
30354606 30383805 7624 0.857143 0.857143 7624 7623.143066 0.857143 2 0 1 2 1 0 0 1 1 2 0 2 0 0
30394003 30421662 7221 1.571429 1.571429 7221 7219.428711 1.571429 2 3 0 4 3 1 0 1 3 0 3 0 2 0
30431854 30460940 7593 3.071429 3.071429 7593 7589.928711 3.071429 2 2 5 3 6 6 2 3 4 0 3 4 3 0
30471135 30500326 7620 6.500000 6.285714 7620 7613.714355 6.285714 5 6 7 6 5 7 7 8 6 10 5 5 6 5
30509080 30538224 7608 11.714286 11.142858 7608 7596.856934 11.142858 16 17 14 7 14 12 17 13 11 6 6 8 4 11
30548422 30577500 7590 15.928572 15.714286 7590 7574.285645 15.714286 15 20 11 17 19 17 11 13 19 21 17 15 16 9
30586280 30615412 7606 16.857143 16.214285 7606 7589.785645 16.214285 19 21 23 16 13 18 23 6 14 15 15 16 12 16
30625605 30654775 7617 15.214286 14.785714 7617 7602.214355 14.785714 14 17 16 12 14 11 11 19 20 17 18 17 10 11
30663455 30692620 7613 11.785714 11.500000 7613 7601.500000 11.500000 11 14 8 11 11 11 10 12 14 11 11 11 12 14
30702808 30731948 7606 9.714286 9.642858 7606 7596.356934 9.642858 12 9 8 6 13 13 9 6 13 11 9 8 10 8
30742142 30769899 7245 5.000000 4.857143 7245 7240.143066 4.857143 7 4 4 2 3 7 3 4 6 4 8 7 6 3
30780072 30809149 7590 2.285714 2.142857 7590 7587.856934 2.142857 1 1 0 0 2 2 2 2 5 1 4 3 4 3
30817927 30847066 7608 1.000000 1.000000 7608 7607.000000 1.000000 3 2 0 0 2 2 1 1 1 0 0 1 0 1
30857230 30886402 7617 0.357143 0.285714 7617 7616.714355 0.285714 0 0 0 0 1 1 1 0 0 0 0 0 1 0
30895110 30924281 7615 0.000000 0.000000 7615 7615.000000 0.000000 0 0 0 0 0 0 0 0 0 0 0 0 0 0
30934475 30962147 7223 0.142857 0.142857 7223 7222.856934 0.142857 0 0 1 0 0 0 0 0 1 0 0 0 0 0
30972342 31001514 7615 0.071429 0.071429 7615 7614.928711 0.071429 0 1 0 0 0 0 0 0 0 0 0 0 0 0
31011704 31040798 7595 0.071429 0.071429 7595 7594.928711 0.071429 0 0 0 0 0 1 0 0 0 0 0 0 0 0
31049583 31078765 7620 0.000000 0.000000 7620 7620.000000 0.000000 0 0 0 0 0 0 0 0 0 0 0 0 0 0
31141430 31170535 7599 17.642857 17.142857 7599 7581.856934 17.142857 25 13 17 20 17 17 14 20 23 21 16 9 16 12
