27 32
30028300 30057394 7595 19.428572 19.071428 7595 7575.928711 19.071428 11 16 15 13 26 18 19 20 25 25 26 21 19 13
30121572 30150637 7587 0.000000 0.000000 7587 7587.000000 0.000000 0 0 0 0 0 0 0 0 0 0 0 0 0 0
30160834 30188489 7218 0.000000 0.000000 7218 7218.000000 0.000000 0 0 0 0 0 0 0 0 0 0 0 0 0 0
30198791 30229387 7987 0.000000 0.000000 7987 7987.000000 0.000000 0 0 0 0 0 0 0 0 0 0 0 0 0 0
30239572 30268645 7589 0.000000 0.000000 7589 7589.000000 0.000000 0 0 0 0 0 0 0 0 0 0 0 0 0 0
30277428 30306532 7597 0.071429 0.071429 7597 7596.928711 0.071429 0 0 0 0 0 0 0 0 0 0 0 0 1 0
30316737 30345923 7618 0.285714 0.285714 7618 7617.714355 0.285714 0 0 0 1 0 0 0 1 1 0 0 1 0 0
30354606 30383805 7625 0.928571 0.928571 7625 7624.071289 0.928571 4 1 0 0 0 1 1 1 1 2 2 0 0 0
30394003 30421662 7221 1.500000 1.500000 7221 7219.500000 1.500000 4 0 3 1 2 2 2 1 1 0 0 3 1 1
30431854 30460940 7593 4.285714 4.285714 7593 7588.714355 4.285714 4 2 5 8 4 3 7 2 2 4 4 4 7 4
30471135 30500326 7620 6.571429 6.285714 7620 7613.714355 6.285714 3 4 8 3 6 6 7 7 8 16 5 8 2 5
30509080 30538224 7607 13.500000 13.142858 7607 7593.856934 13.142858 12 12 11 15 17 12 13 13 12 20 17 8 8 14
30548422 30577500 7590 15.000000 14.785714 7590 7575.214355 14.785714 8 19 15 19 18 14 20 15 17 17 9 11 11 14
30586280 30615412 7607 18.142857 17.571428 7607 7589.428711 17.571428 29 13 12 13 20 20 15 22 17 25 21 14 9 16
30625605 30654775 7616 16.428572 16.000000 7616 7600.000000 16.000000 21 8 16 14 10 17 18 19 10 23 20 18 15 15
30663455 30692620 7613 14.071428 13.642858 7613 7599.356934 13.642858 11 19 15 16 11 19 13 9 18 17 13 13 7 10
30702808 30731948 7607 8.928572 8.857142 7607 7598.143066 8.857142 10 11 7 10 3 15 14 4 7 5 7 7 11 13
30742142 30769899 7245 4.000000 3.785714 7245 7241.214355 3.785714 5 1 3 3 5 10 4 5 2 3 1 5 4 2
30780072 30809149 7590 2.642857 2.642857 7590 7587.356934 2.642857 1 1 1 5 3 4 3 3 2 5 3 2 2 2
30817927 30847066 7609 0.857143 0.857143 7609 7608.143066 0.857143 0 0 2 0 0 2 1 1 0 1 0 3 2 0
30857230 30886402 7616 0.500000 0.428571 7616 7615.571289 0.428571 1 0 0 1 2 0 1 0 0 1 0 0 0 0
30895110 30924281 7615 0.214286 0.214286 7615 7614.785645 0.214286 1 0 0 0 0 0 0 0 0 0 0 0 1 1
30934475 30962147 7222 0.357143 0.285714 7222 7221.714355 0.285714 0 1 1 0 1 1 0 0 0 0 0 0 0 0
30972342 31001514 7615 0.000000 0.000000 7615 7615.000000 0.000000 0 0 0 0 0 0 0 0 0 0 0 0 0 0
31011704 31040798 7594 0.000000 0.000000 7594 7594.000000 0.000000 0 0 0 0 0 0 0 0 0 0 0 0 0 0
31049583 31078765 7620 0.000000 0.000000 7620 7620.000000 0.000000 0 0 0 0 0 0 0 0 0 0 0 0 0 0
31141430 31170535 7599 18.357143 17.857143 7599 7581.143066 17.857143 22 22 23 11 15 24 12 21 24 21 16 17 15 7
