27 32
30028300 30057394 7594 15.071428 14.357142 7594 7579.643066 14.357142 15 22 8 13 15 19 15 17 9 11 14 16 15 12
30121572 30150637 7587 0.000000 0.000000 7587 7587.000000 0.000000 0 0 0 0 0 0 0 0 0 0 0 0 0 0
30160834 30188489 7218 0.000000 0.000000 7218 7218.000000 0.000000 0 0 0 0 0 0 0 0 0 0 0 0 0 0
30198791 30229387 7988 0.071429 0.071429 7988 7987.928711 0.071429 0 0 0 0 0 0 1 0 0 0 0 0 0 0
30239572 30268645 7589 0.142857 0.142857 7589 7588.856934 0.142857 1 0 0 0 0 0 0 0 0 0 0 0 1 0
30277428 30306532 7598 0.071429 0.071429 7598 7597.928711 0.071429 0 0 0 0 0 0 0 0 0 1 0 0 0 0
30316737 30345923 7619 0.142857 0.071429 7619 7618.928711 0.071429 0 0 1 0 0 0 0 0 0 0 0 0 0 0
30354606 30383805 7624 0.642857 0.642857 7624 7623.356934 0.642857 1 1 0 1 0 0 0 2 1 1 0 1 0 1
30394003 30421662 7221 1.428571 1.428571 7221 7219.571289 1.428571 2 2 1 0 1 3 1 1 3 0 0 4 1 1
30431854 30460940 7593 4.285714 4.000000 7593 7589.000000 4.000000 2 2 5 5 4 4 4 3 4 6 2 5 4 6
30471135 30500326 7620 6.428571 6.214286 7620 7613.785645 6.214286 7 0 8 5 5 7 5 2 8 4 8 10 6 12
30509080 30538224 7608 11.071428 10.785714 7608 7597.214355 10.785714 14 15 2 5 7 14 14 7 11 16 11 12 17 6
30548422 30577500 7591 12.928572 12.500000 7591 7578.500000 12.500000 13 12 11 10 13 9 13 4 20 11 18 17 13 11
30586280 30615412 7606 14.857142 14.642858 7606 7591.356934 14.642858 18 17 7 15 9 18 9 11 11 24 22 10 17 17
30625605 30654775 7617 13.714286 13.285714 7617 7603.714355 13.285714 22 19 8 15 14 15 7 9 13 12 12 14 13 13
30663455 30692620 7614 11.285714 10.571428 7614 7603.428711 10.571428 13 16 12 8 15 3 9 8 7 8 6 16 12 15
30702808 30731948 7606 8.571428 8.285714 7606 7597.714355 8.285714 5 6 10 10 4 11 6 7 12 10 11 11 6 7
30742142 30769899 7245 4.285714 4.214286 7245 7240.785645 4.214286 5 2 6 3 5 3 1 6 9 3 4 5 4 3
30780072 30809149 7590 2.214286 2.142857 7590 7587.856934 2.142857 3 2 3 3 4 2 2 1 3 0 3 1 2 1
30817927 30847066 7608 0.928571 0.928571 7608 7607.071289 0.928571 2 0 1 3 0 3 0 0 2 1 1 0 0 0
30857230 30886402 7617 0.214286 0.142857 7617 7616.856934 0.142857 0 0 1 0 0 0 1 0 0 0 0 0 0 0
30895110 30924281 7615 0.071429 0.000000 7615 7615.000000 0.000000 0 0 0 0 0 0 0 0 0 0 0 0 0 0
30934475 30962147 7223 0.071429 0.071429 7223 7222.928711 0.071429 0 0 0 0 0 1 0 0 0 0 0 0 0 0
30972342 31001514 7615 0.000000 0.000000 7615 7615.000000 0.000000 0 0 0 0 0 0 0 0 0 0 0 0 0 0
31011704 31040798 7595 0.000000 0.000000 7595 7595.000000 0.000000 0 0 0 0 0 0 0 0 0 0 0 0 0 0
31049583 31078765 7619 0.000000 0.000000 7619 7619.000000 0.000000 0 0 0 0 0 0 0 0 0 0 0 0 0 0
31141430 31170535 7600 15.500000 15.000000 7600 7585.000000 15.000000 10 16 10 18 13 18 16 13 18 15 16 13 19 15
