27 32
30028300 30057394 7595 16.785715 16.071428 7595 7578.928711 16.071428 22 18 13 13 15 20 15 21 18 21 19 16 14 0
30121572 30150637 7587 0.000000 0.000000 7587 7587.000000 0.000000 0 0 0 0 0 0 0 0 0 0 0 0 0 0
30160834 30188489 7218 0.071429 0.000000 7218 7218.000000 0.000000 0 0 0 0 0 0 0 0 0 0 0 0 0 0
30198791 30229387 7987 0.071429 0.000000 7987 7987.000000 0.000000 0 0 0 0 0 0 0 0 0 0 0 0 0 0
30239572 30268645 7589 0.071429 0.000000 7589 7589.000000 0.000000 0 0 0 0 0 0 0 0 0 0 0 0 0 0
30277428 30306532 7597 0.000000 0.000000 7597 7597.000000 0.000000 0 0 0 0 0 0 0 0 0 0 0 0 0 0
30316737 30345923 7618 0.571429 0.500000 7618 7617.500000 0.500000 1 0 0 0 2 1 0 2 1 0 0 0 0 0
30354606 30383805 7625 0.785714 0.785714 7625 7624.214355 0.785714 0 0 2 2 0 0 0 1 0 3 1 2 0 0
30394003 30421662 7222 1.214286 1.142857 7222 7220.856934 1.142857 1 1 2 2 0 3 0 1 2 2 1 1 0 0
30431854 30460940 7592 4.142857 4.000000 7592 7588.000000 4.000000 11 2 3 3 4 2 1 9 6 6 5 2 2 0
30471135 30500326 7620 5.785714 5.785714 7620 7614.214355 5.785714 3 4 7 4 6 11 11 10 2 4 7 8 4 0
30509080 30538224 7608 9.285714 9.071428 7608 7598.928711 9.071428 17 7 8 5 4 12 11 9 13 15 6 14 6 0
30548422 30577500 7593 15.285714 15.071428 7593 7577.928711 15.071428 12 16 15 18 18 18 15 22 16 23 13 12 13 0
30586280 30615412 7607 16.000000 15.571428 7607 7591.428711 15.571428 15 15 16 11 21 23 14 16 17 16 24 17 12 1
30625605 30654775 7617 13.642858 13.285714 7617 7603.714355 13.285714 15 13 9 14 10 11 13 21 13 22 19 15 11 0
30663455 30692620 7613 12.500000 12.142858 7613 7600.856934 12.142858 7 12 11 24 13 10 8 8 15 22 11 13 15 1
30702808 30731948 7607 8.357142 8.214286 7607 7598.785645 8.214286 11 8 9 7 6 12 13 7 8 11 4 9 10 0
30742142 30769899 7245 4.357143 4.285714 7245 7240.714355 4.285714 6 10 5 2 3 5 2 2 7 6 1 4 7 0
30780072 30809149 7591 1.857143 1.857143 7591 7589.143066 1.857143 0 2 0 1 3 2 1 2 1 4 4 4 2 0
30817927 30847066 7608 1.071429 1.071429 7608 7606.928711 1.071429 3 0 1 2 1 0 0 2 1 1 1 1 2 0
30857230 30886402 7617 0.285714 0.214286 7617 7616.785645 0.214286 0 0 0 1 0 0 0 0 0 0 1 0 1 0
30895110 30924281 7614 0.142857 0.142857 7614 7613.856934 0.142857 0 0 0 0 0 0 0 0 1 0 1 0 0 0
30934475 30962147 7223 0.000000 0.000000 7223 7223.000000 0.000000 0 0 0 0 0 0 0 0 0 0 0 0 0 0
30972342 31001514 7615 0.000000 0.000000 7615 7615.000000 0.000000 0 0 0 0 0 0 0 0 0 0 0 0 0 0
31011704 31040798 7594 0.000000 0.000000 7594 7594.000000 0.000000 0 0 0 0 0 0 0 0 0 0 0 0 0 0
31049583 31078765 7619 0.000000 0.000000 7619 7619.000000 0.000000 0 0 0 0 0 0 0 0 0 0 0 0 0 0
31141430 31170535 7600 15.571428 15.142858 7600 7584.856934 15.142858 16 11 14 19 15 19 11 18 24 15 20 14 16 0
