27 32
30028300 30057394 7594 6.142857 6.000000 7594 7588.000000 6.000000 15 12 14 13 1 0 0 0 0 0 13 10 6 0
30121572 30150637 7587 0.000000 0.000000 7587 7587.000000 0.000000 0 0 0 0 0 0 0 0 0 0 0 0 0 0
30160834 30188489 7218 0.071429 0.071429 7218 7217.928711 0.071429 0 0 0 0 0 0 0 0 0 0 0 1 0 0
30198791 30229387 7987 0.000000 0.000000 7987 7987.000000 0.000000 0 0 0 0 0 0 0 0 0 0 0 0 0 0
30239572 30268645 7589 0.071429 0.071429 7589 7588.928711 0.071429 0 0 0 0 0 0 0 0 0 0 1 0 0 0
30277428 30306532 7597 0.214286 0.142857 7597 7596.856934 0.142857 0 1 0 0 0 0 0 0 0 0 1 0 0 0
30316737 30345923 7619 0.500000 0.500000 7619 7618.500000 0.500000 4 0 0 0 0 0 0 0 0 0 0 1 2 0
30354606 30383805 7624 1.071429 1.071429 7624 7622.928711 1.071429 4 3 1 2 0 0 0 0 0 0 4 0 1 0
30394003 30421662 7221 1.928571 1.785714 7221 7219.214355 1.785714 9 6 1 0 0 0 0 0 0 0 4 2 2 1
30431854 30460940 7593 2.000000 1.928571 7593 7591.071289 1.928571 2 6 0 4 1 0 0 0 0 0 7 4 3 0
30471135 30500326 7620 3.500000 3.428571 7620 7616.571289 3.428571 6 4 9 7 1 0 0 0 1 0 5 9 6 0
30509080 30538224 7608 6.214286 5.928571 7608 7602.071289 5.928571 6 13 16 11 0 0 0 0 1 0 12 14 10 0
30548422 30577500 7590 4.714286 4.642857 7590 7585.356934 4.642857 11 11 11 10 1 0 1 0 0 0 6 11 2 1
30586280 30615412 7606 6.428571 6.285714 7606 7599.714355 6.285714 13 8 9 22 0 0 0 0 0 0 15 13 7 1
30625605 30654775 7616 7.714286 7.285714 7616 7608.714355 7.285714 12 9 20 11 0 0 0 0 0 0 24 14 12 0
30663455 30692620 7613 5.285714 5.071429 7613 7607.928711 5.071429 8 11 9 9 2 0 0 0 0 0 10 14 8 0
30702808 30731948 7606 4.000000 3.785714 7606 7602.214355 3.785714 6 8 7 7 0 0 0 0 0 0 10 7 8 0
30742142 30769899 7245 2.857143 2.785714 7245 7242.214355 2.785714 6 10 4 3 0 0 0 0 0 0 4 8 4 0
30780072 30809149 7590 1.785714 1.714286 7590 7588.285645 1.714286 4 4 2 5 0 0 0 0 0 0 3 5 1 0
30817927 30847066 7609 0.642857 0.642857 7609 7608.356934 0.642857 2 2 0 0 0 0 0 0 0 0 3 2 0 0
30857230 30886402 7617 0.642857 0.500000 7617 7616.500000 0.500000 1 0 0 1 0 0 0 0 0 0 2 2 1 0
30895110 30924281 7615 0.071429 0.071429 7615 7614.928711 0.071429 0 1 0 0 0 0 0 0 0 0 0 0 0 0
30934475 30962147 7223 0.285714 0.142857 7223 7222.856934 0.142857 0 0 0 1 0 0 0 0 0 0 0 1 0 0
30972342 31001514 7615 0.000000 0.000000 7615 7615.000000 0.000000 0 0 0 0 0 0 0 0 0 0 0 0 0 0
31011704 31040798 7595 0.000000 0.000000 7595 7595.000000 0.000000 0 0 0 0 0 0 0 0 0 0 0 0 0 0
31049583 31078765 7620 0.000000 0.000000 7620 7620.000000 0.000000 0 0 0 0 0 0 0 0 0 0 0 0 0 0
31141430 31170535 7599 6.571429 6.428571 7599 7592.571289 6.428571 14 8 19 19 0 0 0 0 0 0 15 4 11 0
