27 32
30028300 30057394 7595 14.285714 14.000000 7595 7581.000000 14.000000 12 15 0 0 15 13 17 13 23 16 14 23 24 11
30121572 30150637 7587 0.071429 0.000000 7587 7587.000000 0.000000 0 0 0 0 0 0 0 0 0 0 0 0 0 0
30160834 30188489 7218 0.000000 0.000000 7218 7218.000000 0.000000 0 0 0 0 0 0 0 0 0 0 0 0 0 0
30198791 30229387 7987 0.071429 0.000000 7987 7987.000000 0.000000 0 0 0 0 0 0 0 0 0 0 0 0 0 0
30239572 30268645 7589 0.000000 0.000000 7589 7589.000000 0.000000 0 0 0 0 0 0 0 0 0 0 0 0 0 0
30277428 30306532 7597 0.071429 0.071429 7597 7596.928711 0.071429 1 0 0 0 0 0 0 0 0 0 0 0 0 0
30316737 30345923 7618 0.142857 0.142857 7618 7617.856934 0.142857 0 0 0 0 0 0 0 1 0 1 0 0 0 0
30354606 30383805 7624 1.142857 0.928571 7624 7623.071289 0.928571 1 1 0 0 1 1 0 2 2 1 2 1 1 0
30394003 30421662 7222 1.642857 1.642857 7222 7220.356934 1.642857 2 1 0 0 3 1 1 1 3 1 6 0 1 3
30431854 30460940 7592 3.785714 3.714286 7592 7588.285645 3.714286 4 3 0 0 5 4 5 4 5 5 6 3 4 4
30471135 30500326 7620 6.214286 6.000000 7620 7614.000000 6.000000 7 6 0 0 3 6 5 10 3 9 7 12 10 6
30509080 30538224 7608 11.928572 11.428572 7608 7596.571289 11.428572 19 16 0 0 14 8 11 13 18 16 10 17 6 12
30548422 30577500 7590 12.428572 12.071428 7590 7577.928711 12.071428 18 10 1 0 14 19 12 23 18 12 7 5 22 8
30586280 30615412 7607 15.142858 14.928572 7607 7592.071289 14.928572 16 16 1 0 20 18 14 19 23 21 20 18 11 12
30625605 30654775 7617 13.642858 13.428572 7617 7603.571289 13.428572 18 7 0 0 16 15 10 23 24 18 11 14 14 18
30663455 30692620 7613 11.857142 11.500000 7613 7601.500000 11.500000 8 13 0 0 17 13 16 15 15 16 17 10 11 10
30702808 30731948 7607 7.928571 7.428571 7607 7599.571289 7.428571 11 5 0 0 6 8 5 10 12 17 6 12 6 6
30742142 30769899 7245 4.428571 4.285714 7245 7240.714355 4.285714 4 3 1 0 3 11 7 3 5 4 3 6 6 4
30780072 30809149 7590 2.000000 2.000000 7590 7588.000000 2.000000 1 1 0 0 3 2 3 2 3 6 3 1 1 2
30817927 30847066 7608 0.785714 0.785714 7608 7607.214355 0.785714 1 0 0 0 2 2 2 0 1 1 0 1 0 1
30857230 30886402 7617 0.071429 0.071429 7617 7616.928711 0.071429 0 0 0 0 0 0 0 0 0 0 0 0 1 0
30895110 30924281 7614 0.000000 0.000000 7614 7614.000000 0.000000 0 0 0 0 0 0 0 0 0 0 0 0 0 0
30934475 30962147 7223 0.071429 0.071429 7223 7222.928711 0.071429 0 0 0 0 0 1 0 0 0 0 0 0 0 0
30972342 31001514 7615 0.000000 0.000000 7615 7615.000000 0.000000 0 0 0 0 0 0 0 0 0 0 0 0 0 0
31011704 31040798 7594 0.000000 0.000000 7594 7594.000000 0.000000 0 0 0 0 0 0 0 0 0 0 0 0 0 0
31049583 31078765 7620 0.000000 0.000000 7620 7620.000000 0.000000 0 0 0 0 0 0 0 0 0 0 0 0 0 0
31141430 31170535 7600 16.500000 16.071428 7600 7583.928711 16.071428 16 23 0 2 15 25 14 20 18 22 19 15 18 18
