27 32
30028300 30057394 7594 16.857143 16.571428 7594 7577.428711 16.571428 14 15 10 20 17 19 13 16 23 19 22 15 13 16
30121572 30150637 7587 0.000000 0.000000 7587 7587.000000 0.000000 0 0 0 0 0 0 0 0 0 0 0 0 0 0
30160834 30188489 7219 0.000000 0.000000 7219 7219.000000 0.000000 0 0 0 0 0 0 0 0 0 0 0 0 0 0
30198791 30229387 7988 0.071429 0.000000 7988 7988.000000 0.000000 0 0 0 0 0 0 0 0 0 0 0 0 0 0
30239572 30268645 7589 0.000000 0.000000 7589 7589.000000 0.000000 0 0 0 0 0 0 0 0 0 0 0 0 0 0
30277428 30306532 7597 0.142857 0.142857 7597 7596.856934 0.142857 0 0 0 0 1 1 0 0 0 0 0 0 0 0
30316737 30345923 7619 0.285714 0.214286 7619 7618.785645 0.214286 0 1 0 0 0 0 0 1 0 0 1 0 0 0
30354606 30383805 7624 1.071429 1.000000 7624 7623.000000 1.000000 1 0 1 0 3 1 1 1 0 3 1 0 0 2
30394003 30421662 7221 1.500000 1.500000 7221 7219.500000 1.500000 2 0 3 0 1 0 3 1 1 1 5 2 0 2
30431854 30460940 7593 3.642857 3.642857 7593 7589.356934 3.642857 4 3 2 4 6 5 1 6 4 6 3 3 2 2
30471135 30500326 7620 8.071428 7.928571 7620 7612.071289 7.928571 6 5 8 4 7 11 3 7 13 14 12 9 5 7
30509080 30538224 7608 11.857142 11.571428 7608 7596.428711 11.571428 7 15 10 15 10 17 12 11 9 9 16 8 10 13
30548422 30577500 7590 14.928572 14.857142 7590 7575.143066 14.857142 15 13 13 16 17 21 22 16 15 13 13 7 8 19
30586280 30615412 7606 17.785715 17.285715 7606 7588.714355 17.285715 22 9 20 25 16 10 15 19 15 22 20 17 14 18
30625605 30654775 7617 13.785714 13.571428 7617 7603.428711 13.571428 10 9 12 11 17 18 12 11 18 10 18 21 11 12
30663455 30692620 7613 12.214286 12.142858 7613 7600.856934 12.142858 11 11 9 19 13 15 16 11 10 14 7 14 8 12
30702808 30731948 7606 10.071428 9.642858 7606 7596.356934 9.642858 14 8 10 10 13 7 7 15 11 10 6 7 10 7
30742142 30769899 7245 4.500000 4.357143 7245 7240.643066 4.357143 9 2 3 3 5 7 3 3 5 7 2 4 3 5
30780072 30809149 7590 2.285714 2.285714 7590 7587.714355 2.285714 2 3 2 2 1 2 3 2 2 4 1 5 2 1
30817927 30847066 7608 0.785714 0.714286 7608 7607.285645 0.714286 0 1 1 1 1 0 1 3 0 0 0 0 0 2
30857230 30886402 7617 0.357143 0.357143 7617 7616.643066 0.357143 0 0 0 0 0 1 0 0 0 2 1 0 0 1
30895110 30924281 7615 0.000000 0.000000 7615 7615.000000 0.000000 0 0 0 0 0 0 0 0 0 0 0 0 0 0
30934475 30962147 7223 0.142857 0.142857 7223 7222.856934 0.142857 1 0 0 0 0 1 0 0 0 0 0 0 0 0
30972342 31001514 7615 0.142857 0.142857 7615 7614.856934 0.142857 0 0 0 1 0 1 0 0 0 0 0 0 0 0
31011704 31040798 7595 0.000000 0.000000 7595 7595.000000 0.000000 0 0 0 0 0 0 0 0 0 0 0 0 0 0
31049583 31078765 7619 0.000000 0.000000 7619 7619.000000 0.000000 0 0 0 0 0 0 0 0 0 0 0 0 0 0
31141430 31170535 7599 17.714285 17.214285 7599 7581.785645 17.214285 15 24 11 19 17 14 13 24 16 23 16 22 12 15
