2018.07.19 14:50:16.515,Scan triggered MANUALLY from Panel with mode Forced Enable =  FALSE
2018.07.19 14:50:16.555,Configuration used for Scan: DEFAULT

2018.07.19 14:50:16.569,HpFT0,HpFT1,HpFT2,HpFT3,HpNT0,HpNT1,HpNT2,HpNT3,HmFT0,HmFT1,HmFT2,HmFT3,HmNT0,HmNT1,HmNT2,HmNT3
2018.07.19 14:50:16.583,#channels,v0,v1,i0,i1,rUp,rDwn,triptime,vMaxSoftValue,vMon,iMon,DIP(telescope+instLumi)
2018.07.19 14:50:16.597,16,1,0,1,0,0,0,0,0,1,1,1
2018.07.19 14:50:16.761,#1,100,100,100,100,100,100,100,100,100,100,100,100,100,100,100,100,200,200,200,200,200,200,200,200,200,200,200,200,200,200,200,200,799.96997070313,799.95001220703,800.13000488281,800.01000976563,800.04998779297,800.15002441406,800.03997802734,799.91998291016,500.11999511719,800.19000244141,800.19000244141,800.13000488281,500.10998535156,800.07000732422,800.15002441406,800.15997314453,108.23000335693,118.27200317383,102.72799682617,106.79000091553,127.64399719238,105.43399810791,125.28199768066,104.14800262451,94.615997314453,121.45800018311,100.9759979248,150.60000610352,171.89999389648,98.13200378418,118.13999938965,116.14600372314,0,0,0,0,0,0,0,0,0,0,0,0,0,0,0,0,7886.2915039063
2018.07.19 14:50:26.033,#M,632.73999023438,633.79998779297,633.95001220703,634.95001220703,635.17999267578,636.23999023438,637.72998046875,637.34997558594,330.35000610352,631.52001953125,631.66998291016,632.65997314453,332.73001098633,633.90997314453,634.09997558594,635.44000244141,77.356002807617,73.804000854492,74.208000183105,69.416000366211,84.124000549316,74.893997192383,87.129997253418,70.342002868652,49.15599822998,78.213996887207,70.550003051758,89.697998046875,73.447998046875,74.86799621582,78.365997314453,88.765998840332,0,0,0,0,0,0,0,0,0,0,0,0,0,0,0,0,7692.4580078125
2018.07.19 14:50:36.032,#M,383.35998535156,384.04000854492,384.45001220703,385.07000732422,385.42999267578,386.2200012207,388.14001464844,387.42001342773,100.11000061035,381.92999267578,382.17001342773,382.95999145508,99.830001831055,384.10998535156,384.55999755859,385.85000610352,50.703998565674,46.751998901367,50.268001556396,46.080001831055,52.939998626709,49.14400100708,55.631999969482,46.585998535156,13.069999694824,50.518001556396,46.301998138428,54.349998474121,15.373999595642,49.147998809814,51.599998474121,56.007999420166,0,0,0,0,0,0,0,0,0,0,0,0,0,0,0,0,-1
2018.07.19 14:50:46.035,#M,133.89999389648,134.49000549316,135.33999633789,135.14999389648,135.5,136.27000427246,139,137.99000549316,99.919998168945,132.25999450684,132.78999328613,133.05999755859,99.809997558594,134.44999694824,134.88000488281,136.28999328613,9.4479999542236,10.135999679565,9.5240001678467,9.4320001602173,10.211999893188,9.8479995727539,11.041999816895,10.187999725342,13.765999794006,9.4860000610352,8.5,9.5860004425049,17.32799911499,8.8900003433228,9.3839998245239,12.838000297546,0,0,0,0,0,0,0,0,0,0,0,0,0,0,0,0,145.90617370605
2018.07.19 14:50:56.030,#M,99.610000610352,99.580001831055,99.650001525879,99.779998779297,99.580001831055,100.55999755859,99.860000610352,99.650001525879,100.11000061035,99.639999389648,99.699996948242,99.730003356934,99.809997558594,99.720001220703,99.73999786377,99.699996948242,7.576000213623,7.6979999542236,7.4619998931885,7.2059998512268,7.7880001068115,7.4479999542236,8.1219997406006,7.4800000190735,15.118000030518,7.4299998283386,6.8020000457764,7.6519999504089,17.694000244141,7.1319999694824,7.3559999465942,8.9799995422363,0,0,0,0,0,0,0,0,0,0,0,0,0,0,0,0,-1
2018.07.19 14:51:06.028,#M,99.589996337891,99.540000915527,99.699996948242,99.790000915527,99.620002746582,100.30000305176,99.800003051758,99.650001525879,100.41000366211,99.75,99.699996948242,99.699996948242,99.849998474121,99.709999084473,99.699996948242,99.879997253418,7.6599998474121,7.7779998779297,7.5359997749329,7.2779998779297,7.8680000305176,7.521999835968,8.2040004730225,7.561999797821,15.118000030518,7.5120000839233,6.8839998245239,7.7340002059937,17.752000808716,7.2179999351501,7.4400000572205,9.0380001068115,0,0,0,0,0,0,0,0,0,0,0,0,0,0,0,0,13.406357765198
2018.07.19 14:51:16.033,#M,99.620002746582,99.540000915527,99.669998168945,99.779998779297,99.669998168945,100.26000213623,99.819999694824,99.680000305176,100.26999664307,99.76000213623,99.720001220703,99.709999084473,99.809997558594,99.75,99.690002441406,99.809997558594,7.7340002059937,7.8480000495911,7.6199998855591,7.3639998435974,7.938000202179,7.5819997787476,8.2720003128052,7.6399998664856,15.10000038147,7.5780000686646,6.9580001831055,7.8039999008179,17.757999420166,7.2919998168945,7.5120000839233,9.0799999237061,0,0,0,0,0,0,0,0,0,0,0,0,0,0,0,0,14.482954978943
2018.07.19 14:51:26.029,#M,99.629997253418,99.550003051758,99.699996948242,99.73999786377,99.660003662109,100.34999847412,99.790000915527,99.709999084473,100.4700012207,99.800003051758,99.709999084473,99.730003356934,99.839996337891,99.76000213623,99.73999786377,99.800003051758,7.7859997749329,7.8979997634888,7.6700000762939,7.4159998893738,7.981999874115,7.6360001564026,8.3140001296997,7.6939997673035,15.105999946594,7.6360001564026,7.0079998970032,7.8499999046326,17.760000228882,7.3420000076294,7.561999797821,9.1059999465942,0,0,0,0,0,0,0,0,0,0,0,0,0,0,0,0,15.2084608078
2018.07.19 14:51:36.030,#M,99.639999389648,99.559997558594,99.790000915527,99.800003051758,99.680000305176,100.29000091553,99.800003051758,99.73999786377,100.5,99.849998474121,99.709999084473,99.690002441406,99.870002746582,99.76000213623,99.76000213623,99.819999694824,7.8220000267029,7.9299998283386,7.7119998931885,7.4580001831055,8.0159997940063,7.688000202179,8.3500003814697,7.7300000190735,15.112000465393,7.6700000762939,7.0440001487732,7.8839998245239,17.757999420166,7.3779997825623,7.6020002365112,9.1219997406006,0,0,0,0,0,0,0,0,0,0,0,0,0,0,0,0,15.889862060547
2018.07.19 14:51:46.028,#M,99.650001525879,99.569999694824,99.800003051758,99.720001220703,99.680000305176,100.40000152588,99.809997558594,99.720001220703,100.40000152588,99.900001525879,99.75,99.730003356934,99.839996337891,99.769996643066,99.769996643066,99.879997253418,7.8480000495911,7.960000038147,7.7439999580383,7.4800000190735,8.0480003356934,7.7020001411438,8.3739995956421,7.7579998970032,15.133999824524,7.6939997673035,7.0739998817444,7.9120001792908,17.760000228882,7.4099998474121,7.6339998245239,9.1260004043579,0,0,0,0,0,0,0,0,0,0,0,0,0,0,0,0,16.13289642334
2018.07.19 14:51:47.176,#2,150,150,150,150,150,150,150,150,150,150,150,150,150,150,150,150,200,200,200,200,200,200,200,200,200,200,200,200,200,200,200,200,99.650001525879,99.569999694824,99.800003051758,99.720001220703,99.680000305176,100.40000152588,99.809997558594,99.720001220703,100.40000152588,99.900001525879,99.75,99.730003356934,99.839996337891,99.769996643066,99.769996643066,99.879997253418,7.8480000495911,7.960000038147,7.7439999580383,7.4800000190735,8.0480003356934,7.7020001411438,8.3739995956421,7.7579998970032,15.133999824524,7.6939997673035,7.0739998817444,7.9120001792908,17.760000228882,7.4099998474121,7.6339998245239,9.1260004043579,0,0,0,0,0,0,0,0,0,0,0,0,0,0,0,0,16.13289642334
2018.07.19 14:51:57.030,#M,149.77000427246,149.78999328613,150,148.55000305176,150.80999755859,149.41999816895,150.83999633789,150.69999694824,149.47999572754,149.49000549316,150.03999328613,150.27000427246,150.5,150.07000732422,149.71000671387,149.80999755859,14.425999641418,14.461999893188,14.281999588013,13.852000236511,14.852000236511,14.0640001297,15.434000015259,14.045999526978,22.697999954224,14.281999588013,13.25,14.836000442505,26.989999771118,13.78600025177,14.326000213623,16.756000518799,0,0,0,0,0,0,0,0,0,0,0,0,0,0,0,0,774.76495361328
2018.07.19 14:52:07.030,#M,149.71000671387,149.69999694824,149.94999694824,149.46000671387,150.57000732422,149.66000366211,150.96000671387,150.2200012207,150.19999694824,149.88999938965,150.14999389648,149.86999511719,150.5,149.83000183105,149.78999328613,149.85000610352,14.204000473022,14.25,14.045999526978,13.593999862671,14.640000343323,13.842000007629,15.178000450134,13.869999885559,22.614000320435,14.128000259399,13.034000396729,14.541999816895,26.926000595093,13.512000083923,14.062000274658,16.520000457764,0,0,0,0,0,0,0,0,0,0,0,0,0,0,0,0,630.64721679688
2018.07.19 14:52:17.026,#M,149.67999267578,149.75,150.17999267578,149.53999328613,150.55000305176,149.78999328613,150.80000305176,150.11000061035,150.08000183105,149.85000610352,150.24000549316,149.80999755859,150.36999511719,149.80999755859,149.78999328613,149.91000366211,14.010000228882,14.112000465393,13.857999801636,13.446000099182,14.461999893188,13.675999641418,14.970000267029,13.71399974823,22.562000274658,13.9359998703,12.842000007629,14.303999900818,26.892000198364,13.288000106812,13.842000007629,16.319999694824,0,0,0,0,0,0,0,0,0,0,0,0,0,0,0,0,563.64617919922
2018.07.19 14:52:27.036,#M,149.7200012207,149.63000488281,150.10000610352,150.00999450684,150.53999328613,149.77000427246,150.91000366211,150.13000488281,149.9700012207,149.99000549316,150.28999328613,149.88000488281,150.33999633789,149.7799987793,149.83999633789,149.88999938965,13.843999862671,13.986000061035,13.694000244141,13.305999755859,14.291999816895,13.517999649048,14.776000022888,13.574000358582,22.531999588013,13.765999794006,12.678000450134,14.092000007629,26.871999740601,13.092000007629,13.654000282288,16.139999389648,0,0,0,0,0,0,0,0,0,0,0,0,0,0,0,0,517.15789794922
2018.07.19 14:52:37.031,#M,149.7200012207,149.69999694824,150.11999511719,149.91000366211,150.55000305176,149.72999572754,151,150.13000488281,149.75999450684,149.94000244141,150.05000305176,149.89999389648,150.39999389648,149.80000305176,149.88999938965,149.9700012207,13.71399974823,13.890000343323,13.562000274658,13.1859998703,14.161999702454,13.39999961853,14.628000259399,13.456000328064,22.511999130249,13.631999969482,12.539999961853,13.9359998703,26.854000091553,12.9359998703,13.496000289917,15.994000434875,0,0,0,0,0,0,0,0,0,0,0,0,0,0,0,0,481.49664306641
2018.07.19 14:52:47.030,#M,149.69999694824,149.7200012207,150.13000488281,150.30999755859,150.35000610352,149.63000488281,150.99000549316,150.25999450684,149.96000671387,149.78999328613,150.2799987793,149.91999816895,150.44999694824,149.78999328613,149.85000610352,149.91999816895,13.609999656677,13.8140001297,13.460000038147,13.119999885559,14.060000419617,13.305999755859,14.513999938965,13.373999595642,22.502000808716,13.529999732971,12.444000244141,13.815999984741,26.847999572754,12.824000358582,13.381999969482,15.883999824524,0,0,0,0,0,0,0,0,0,0,0,0,0,0,0,0,454.69030761719
2018.07.19 14:52:53.186,#3,200,200,200,200,200,200,200,200,200,200,200,200,200,200,200,200,200,200,200,200,200,200,200,200,200,200,200,200,200,200,200,200,149.64999389648,149.71000671387,150.03999328613,150.27000427246,150.32000732422,149.66999816895,150.91999816895,150.28999328613,150.19000244141,149.89999389648,150.21000671387,149.83999633789,150.36000061035,149.82000732422,149.91999816895,149.94000244141,13.553999900818,13.774000167847,13.413999557495,13.079999923706,14.010000228882,13.251999855042,14.460000038147,13.331999778748,22.506000518799,13.479999542236,12.39999961853,13.753999710083,26.840000152588,12.767999649048,13.324000358582,15.826000213623,0,0,0,0,0,0,0,0,0,0,0,0,0,0,0,0,442.03216552734
2018.07.19 14:53:03.034,#M,199.52000427246,199.75,199.88999938965,199.96000671387,199.88999938965,199.78999328613,200.00999450684,200.2799987793,199.42999267578,199.82000732422,199.75,199.72999572754,200.08999633789,200.00999450684,199.69000244141,199.83000183105,21.47200012207,21.246000289917,21.153999328613,20.39999961853,22.031999588013,20.945999145508,23.10000038147,20.670000076294,30.510000228882,21.964000701904,20.090000152588,22.593999862671,37.381999969482,20.937999725342,21.798000335693,25.145999908447,0,0,0,0,0,0,0,0,0,0,0,0,0,0,0,0,2434.8564453125
2018.07.19 14:53:13.025,#M,199.61000061035,199.66000366211,199.86000061035,199.86000061035,200.10000610352,199.69999694824,200.16000366211,200.13999938965,200.08000183105,199.83000183105,199.86000061035,199.78999328613,199.91000366211,199.83000183105,199.83000183105,199.77000427246,21.267999649048,21.114000320435,20.961999893188,20.233999252319,21.874000549316,20.766000747681,22.857999801636,20.5,30.47200012207,21.763999938965,19.889999389648,22.343999862671,37.31600189209,20.697999954224,21.563999176025,24.884000778198,0,0,0,0,0,0,0,0,0,0,0,0,0,0,0,0,2307.958984375
2018.07.19 14:53:23.027,#M,199.58999633789,199.66999816895,199.83000183105,199.72999572754,200.13000488281,199.69999694824,200.08000183105,200.19000244141,200,199.91000366211,199.94999694824,199.77000427246,199.91999816895,199.86999511719,199.82000732422,199.88000488281,21.069999694824,20.983999252319,20.791999816895,20.069999694824,21.714000701904,20.583999633789,22.658000946045,20.346000671387,30.388000488281,21.583999633789,19.718000411987,22.152000427246,37.287998199463,20.503999710083,21.368000030518,24.663999557495,0,0,0,0,0,0,0,0,0,0,0,0,0,0,0,0,2214.1091308594
2018.07.19 14:53:33.025,#M,199.55999755859,199.66000366211,199.82000732422,199.63000488281,200.05000305176,199.69999694824,200.05000305176,200.11000061035,199.80000305176,199.94000244141,199.88000488281,199.7799987793,199.91000366211,199.83000183105,199.80000305176,199.86000061035,20.902000427246,20.865999221802,20.652000427246,19.951999664307,21.57200050354,20.431999206543,22.465999603271,20.215999603271,30.333999633789,21.42799949646,19.555999755859,21.986000061035,37.268001556396,20.319999694824,21.184000015259,24.45599937439,0,0,0,0,0,0,0,0,0,0,0,0,0,0,0,0,2145.8195800781
2018.07.19 14:53:43.030,#M,199.58000183105,199.67999267578,199.83000183105,199.7799987793,200.02000427246,199.74000549316,200.08000183105,200.2200012207,200.08000183105,199.86999511719,199.88000488281,199.75,199.88999938965,199.83000183105,199.83000183105,199.85000610352,20.775999069214,20.775999069214,20.541999816895,19.847999572754,21.461999893188,20.309999465942,22.329999923706,20.106000900269,30.341999053955,21.299999237061,19.426000595093,21.875999450684,37.256000518799,20.191999435425,21.058000564575,24.304000854492,0,0,0,0,0,0,0,0,0,0,0,0,0,0,0,0,2086.6274414063
2018.07.19 14:53:53.025,#M,199.58000183105,199.69000244141,199.82000732422,199.7799987793,200.08000183105,199.63999938965,200.10000610352,200.17999267578,200.05999755859,199.92999267578,199.89999389648,199.75999450684,199.86999511719,199.86000061035,199.88000488281,199.85000610352,20.676000595093,20.697999954224,20.461999893188,19.770000457764,21.371999740601,20.209999084473,22.224000930786,20.02799987793,30.326000213623,21.195999145508,19.326000213623,21.79400062561,37.240001678467,20.097999572754,20.964000701904,24.187999725342,0,0,0,0,0,0,0,0,0,0,0,0,0,0,0,0,2040.7377929688
2018.07.19 14:53:59.178,#4,250,250,250,250,250,250,250,250,250,250,250,250,250,250,250,250,200,200,200,200,200,200,200,200,200,200,200,200,200,200,200,200,199.63000488281,199.64999389648,199.82000732422,199.75999450684,200.13999938965,199.64999389648,200.05000305176,200.2200012207,199.88000488281,199.94000244141,199.91000366211,199.7799987793,199.89999389648,199.83000183105,199.86000061035,199.83999633789,20.625999450684,20.663999557495,20.426000595093,19.736000061035,21.333999633789,20.166000366211,22.173999786377,19.988000869751,30.295999526978,21.153999328613,19.281999588013,21.756000518799,37.231998443604,20.052000045776,20.916000366211,24.124000549316,0,0,0,0,0,0,0,0,0,0,0,0,0,0,0,0,2017.6829833984
2018.07.19 14:54:09.026,#M,249.66000366211,249.36999511719,249.69999694824,249.7200012207,249.7200012207,249.83000183105,249.83999633789,249.63999938965,249.88999938965,249.69000244141,249.83000183105,249.77000427246,249.88999938965,249.80000305176,249.96000671387,249.78999328613,29.562000274658,29.295999526978,29.513999938965,28.290000915527,30.555999755859,29.409999847412,32.259998321533,28.465999603271,38.313999176025,30.486000061035,27.856000900269,32.001998901367,49.220001220703,29.631999969482,30.488000869751,33.900001525879,0,0,0,0,0,0,0,0,0,0,0,0,0,0,0,0,2506.0805664063
2018.07.19 14:54:19.024,#M,249.61999511719,249.88999938965,249.66999816895,249.72999572754,249.75,249.75999450684,249.75999450684,249.66000366211,249.96000671387,249.88000488281,249.80999755859,249.75999450684,249.86000061035,249.88000488281,250,249.96000671387,29.416000366211,29.239999771118,29.395999908447,28.17799949646,30.389999389648,29.403999328613,32.310001373291,28.486000061035,38.312000274658,30.450000762939,27.725999832153,31.725999832153,49.201999664307,29.516000747681,30.340000152588,33.796001434326,0,0,0,0,0,0,0,0,0,0,0,0,0,0,0,0,2528.6372070313
2018.07.19 14:54:29.033,#M,249.61000061035,249.77000427246,249.7799987793,249.64999389648,249.77000427246,249.67999267578,249.78999328613,249.67999267578,249.96000671387,249.86000061035,249.80999755859,249.71000671387,249.85000610352,249.83000183105,249.92999267578,249.91999816895,29.285999298096,29.14999961853,29.302000045776,28.068000793457,30.256000518799,29.270000457764,32.220001220703,28.426000595093,38.307998657227,30.412000656128,27.60000038147,31.406000137329,49.195999145508,29.403999328613,30.211999893188,33.729999542236,0,0,0,0,0,0,0,0,0,0,0,0,0,0,0,0,2539.5219726563
2018.07.19 14:54:39.025,#M,249.64999389648,249.67999267578,249.77000427246,249.72999572754,249.75999450684,249.75,249.7799987793,249.66000366211,249.89999389648,249.92999267578,249.83999633789,249.75,249.86000061035,249.85000610352,249.91000366211,249.89999389648,29.173999786377,29.063999176025,29.22200012207,27.982000350952,30.143999099731,29.138000488281,32.096000671387,28.336000442505,38.326000213623,30.319999694824,27.5,31.261999130249,49.189998626709,29.280000686646,30.093999862671,33.650001525879,0,0,0,0,0,0,0,0,0,0,0,0,0,0,0,0,2548.2451171875
2018.07.19 14:54:49.030,#M,249.57000732422,249.66000366211,249.75999450684,249.7200012207,249.74000549316,249.71000671387,249.83000183105,249.66000366211,249.94000244141,249.88999938965,249.85000610352,249.72999572754,249.86999511719,249.86000061035,249.91999816895,249.88999938965,29.086000442505,28.983999252319,29.145999908447,27.902000427246,30.052000045776,29.025999069214,31.989999771118,28.257999420166,38.332000732422,30.209999084473,27.408000946045,31.170000076294,49.187999725342,29.162000656128,29.997999191284,33.557998657227,0,0,0,0,0,0,0,0,0,0,0,0,0,0,0,0,2553.2016601563
2018.07.19 14:54:59.031,#M,249.63000488281,249.7799987793,249.7799987793,249.64999389648,249.7799987793,249.77000427246,249.80000305176,249.69000244141,249.99000549316,249.91999816895,249.80999755859,249.71000671387,249.86999511719,249.86000061035,249.94999694824,249.89999389648,29.010000228882,28.912000656128,29.073999404907,27.846000671387,29.979999542236,28.934000015259,31.898000717163,28.187999725342,38.32799911499,30.120000839233,27.332000732422,31.10000038147,49.187999725342,29.083999633789,29.92799949646,33.476001739502,0,0,0,0,0,0,0,0,0,0,0,0,0,0,0,0,2556.2822265625
2018.07.19 14:55:05.188,#5,300,300,300,300,300,300,300,300,300,300,300,300,300,300,300,300,200,200,200,200,200,200,200,200,200,200,200,200,200,200,200,200,249.61999511719,249.75999450684,249.75,249.7200012207,249.7799987793,249.72999572754,249.75999450684,249.7200012207,249.94999694824,249.94000244141,249.80999755859,249.69999694824,249.86000061035,249.86999511719,249.94000244141,249.89999389648,28.975999832153,28.875999450684,29.038000106812,27.818000793457,29.945999145508,28.884000778198,31.843999862671,28.152000427246,38.32799911499,30.076000213623,27.302000045776,31.063999176025,49.187999725342,29.048000335693,29.889999389648,33.43399810791,0,0,0,0,0,0,0,0,0,0,0,0,0,0,0,0,2556.4396972656
2018.07.19 14:55:15.031,#M,299.44000244141,299.7200012207,299.85000610352,299.75,299.85000610352,299.82000732422,299.82000732422,299.79998779297,299.94000244141,299.89999389648,299.70999145508,299.91000366211,299.76000976563,299.85000610352,299.95001220703,299.91000366211,37.967998504639,37.25,38.034000396729,36.229999542236,39.068000793457,37.341999053955,41.590000152588,36.486000061035,44.729999542236,39.175998687744,35.728000640869,40.964000701904,61.60599899292,38.001998901367,39.10599899292,42.869998931885,0,0,0,0,0,0,0,0,0,0,0,0,0,0,0,0,2565.2473144531
2018.07.19 14:55:25.026,#M,299.73001098633,299.70999145508,299.79000854492,299.70001220703,299.79000854492,299.79000854492,299.83999633789,299.7799987793,300.0299987793,299.88000488281,299.83999633789,299.85000610352,299.85000610352,299.91000366211,299.94000244141,299.92001342773,37.810001373291,37.122001647949,37.897998809814,36.153999328613,38.914001464844,37.293998718262,41.43399810791,36.391998291016,44.75,39.041999816895,35.591999053955,40.798000335693,61.661998748779,37.740001678467,38.931999206543,42.807998657227,0,0,0,0,0,0,0,0,0,0,0,0,0,0,0,0,2532.2578125
2018.07.19 14:55:35.036,#M,299.67999267578,299.70999145508,299.76000976563,299.73001098633,299.79000854492,299.80999755859,299.79000854492,299.70999145508,300.05999755859,299.94000244141,299.86999511719,299.82000732422,299.82998657227,299.86999511719,299.92001342773,299.89999389648,37.664001464844,37.012001037598,37.762001037598,36.07799911499,38.776000976563,37.212001800537,41.31600189209,36.293998718262,44.762001037598,38.911998748779,35.470001220703,40.652000427246,61.706001281738,37.273998260498,38.787998199463,42.790000915527,0,0,0,0,0,0,0,0,0,0,0,0,0,0,0,0,2512.3564453125
2018.07.19 14:55:45.027,#M,299.67001342773,299.7200012207,299.76998901367,299.73999023438,299.80999755859,299.82000732422,299.83999633789,299.73999023438,300.07000732422,299.95001220703,299.88000488281,299.85000610352,299.86999511719,299.88000488281,299.95001220703,299.92001342773,37.555999755859,36.925998687744,37.65599822998,36.004001617432,38.664001464844,37.111999511719,41.223999023438,36.208000183105,44.779998779297,38.791999816895,35.369998931885,40.546001434326,61.736000061035,37.108001708984,38.681999206543,42.619998931885,0,0,0,0,0,0,0,0,0,0,0,0,0,0,0,0,2500
2018.07.19 14:55:55.033,#M,299.60998535156,299.7200012207,299.75,299.76998901367,299.82000732422,299.80999755859,299.80999755859,299.67999267578,299.98999023438,299.95001220703,299.89001464844,299.82000732422,299.85998535156,299.85998535156,299.95001220703,299.92001342773,37.467998504639,36.861999511719,37.59400177002,35.937999725342,38.585998535156,37.032001495361,41.15599822998,36.150001525879,44.801998138428,38.694000244141,35.298000335693,40.279998779297,61.743999481201,37.032001495361,38.602001190186,42.506000518799,0,0,0,0,0,0,0,0,0,0,0,0,0,0,0,0,2491.3908691406
2018.07.19 14:56:05.028,#M,299.67001342773,299.7200012207,299.75,299.75,299.82998657227,299.80999755859,299.82000732422,299.70999145508,300,299.98999023438,299.86999511719,299.85000610352,299.89001464844,299.83999633789,299.95999145508,299.95999145508,37.416000366211,36.81600189209,37.541999816895,35.889999389648,38.540000915527,36.959999084473,41.104000091553,36.104000091553,44.801998138428,38.624000549316,35.254001617432,39.945999145508,61.742000579834,36.981998443604,38.549999237061,42.430000305176,0,0,0,0,0,0,0,0,0,0,0,0,0,0,0,0,2485.5510253906
2018.07.19 14:56:10.198,#6,325,325,325,325,325,325,325,325,325,325,325,325,325,325,325,325,200,200,200,200,200,200,200,200,200,200,200,200,200,200,200,200,299.63000488281,299.7200012207,299.75,299.73001098633,299.83999633789,299.82000732422,299.82000732422,299.70001220703,300,300.01000976563,299.86999511719,299.86999511719,299.86999511719,299.82000732422,299.95001220703,299.95001220703,37.400001525879,36.801998138428,37.526000976563,35.874000549316,38.526000976563,36.936000823975,41.083999633789,36.088001251221,44.799999237061,38.599998474121,35.236000061035,39.889999389648,61.734001159668,36.965999603271,38.534000396729,42.402000427246,0,0,0,0,0,0,0,0,0,0,0,0,0,0,0,0,2484.8129882813
2018.07.19 14:56:20.034,#M,324.70999145508,324.79998779297,324.54000854492,324.44000244141,324.80999755859,324.83999633789,324.79998779297,324.79998779297,325,324.9700012207,324.7799987793,324.95001220703,324.89001464844,324.94000244141,324.94000244141,324.89001464844,41.762001037598,40.590000152588,41.796001434326,39.590000152588,42.945999145508,40.902000427246,45.729999542236,39.936000823975,47.900001525879,42.942001342773,39.180000305176,44.442001342773,68.587997436523,41.217998504639,42.93399810791,46.737998962402,0,0,0,0,0,0,0,0,0,0,0,0,0,0,0,0,2933.0327148438
2018.07.19 14:56:30.031,#M,324.67999267578,324.73001098633,324.73999023438,324.88000488281,324.82000732422,324.73001098633,324.82000732422,324.79000854492,325.01000976563,324.94000244141,324.86999511719,324.95001220703,325.07000732422,325.0299987793,324.91000366211,324.89999389648,41.72200012207,40.537998199463,41.751998901367,39.532001495361,42.86600112915,40.805999755859,45.65599822998,39.889999389648,47.891998291016,42.891998291016,39.125999450684,44.368000030518,68.587997436523,41.153999328613,42.860000610352,46.686000823975,0,0,0,0,0,0,0,0,0,0,0,0,0,0,0,0,2907.478515625
2018.07.19 14:56:40.034,#M,324.75,324.76000976563,324.67001342773,324.70001220703,324.82000732422,324.76998901367,324.79000854492,324.79000854492,325.01998901367,324.95999145508,324.85998535156,324.92001342773,324.98999023438,324.94000244141,324.91000366211,324.89001464844,41.653999328613,40.486000061035,41.726001739502,39.490001678467,42.813999176025,40.715999603271,45.602001190186,39.854000091553,47.895999908447,42.835998535156,39.068000793457,44.287998199463,68.589996337891,41.091999053955,42.791999816895,46.666000366211,0,0,0,0,0,0,0,0,0,0,0,0,0,0,0,0,2888.9240722656
2018.07.19 14:56:50.030,#M,324.79000854492,324.73999023438,324.76000976563,324.70001220703,324.82000732422,324.76000976563,324.80999755859,324.7799987793,324.98001098633,324.98001098633,324.89001464844,324.94000244141,324.98999023438,324.92999267578,324.92999267578,324.89001464844,41.610000610352,40.450000762939,41.680000305176,39.445999145508,42.765998840332,40.636001586914,45.554000854492,39.818000793457,47.891998291016,42.801998138428,39.029998779297,44.226001739502,68.582000732422,41.049999237061,42.75,46.652000427246,0,0,0,0,0,0,0,0,0,0,0,0,0,0,0,0,2878.1555175781
2018.07.19 14:57:00.034,#M,324.7200012207,324.76998901367,324.79998779297,324.60000610352,324.82998657227,324.75,324.82998657227,324.7799987793,324.98001098633,324.9700012207,324.83999633789,324.91000366211,324.95001220703,324.92001342773,324.92999267578,324.88000488281,41.548000335693,40.417999267578,41.658000946045,39.414001464844,42.723999023438,40.569999694824,45.521999359131,39.791999816895,47.89400100708,42.771999359131,39,44.178001403809,68.561996459961,41.012001037598,42.714000701904,46.636001586914,0,0,0,0,0,0,0,0,0,0,0,0,0,0,0,0,2871.4670410156
2018.07.19 14:57:10.029,#M,324.76000976563,324.79998779297,324.7799987793,324.73001098633,324.83999633789,324.70999145508,324.82000732422,324.79000854492,324.95999145508,324.9700012207,324.85998535156,324.92001342773,324.95001220703,324.92001342773,324.92001342773,324.88000488281,41.532001495361,40.395999908447,41.627998352051,39.397998809814,42.695999145508,40.513999938965,45.495998382568,39.765998840332,47.888000488281,42.740001678467,38.976001739502,44.158000946045,68.545997619629,40.993999481201,42.694000244141,46.63399887085,0,0,0,0,0,0,0,0,0,0,0,0,0,0,0,0,2865.2624511719
2018.07.19 14:57:14.176,#7,350,350,350,350,350,350,350,350,350,350,350,350,350,350,350,350,200,200,200,200,200,200,200,200,200,200,200,200,200,200,200,200,324.73999023438,324.7799987793,324.75,324.75,324.85000610352,324.76998901367,324.82998657227,324.79000854492,324.98999023438,324.95999145508,324.89001464844,324.92999267578,324.98001098633,324.92999267578,324.95001220703,324.89999389648,41.512001037598,40.389999389648,41.625999450684,39.386001586914,42.687999725342,40.498001098633,45.484001159668,39.757999420166,47.888000488281,42.728000640869,38.97200012207,44.15599822998,68.540000915527,40.987998962402,42.687999725342,46.630001068115,0,0,0,0,0,0,0,0,0,0,0,0,0,0,0,0,2864.1608886719
2018.07.19 14:57:24.031,#M,349.76998901367,349.79998779297,349.85998535156,349.85998535156,350.04000854492,349.95001220703,349.75,349.95999145508,349.92999267578,350.05999755859,349.88000488281,349.92999267578,349.94000244141,349.85000610352,349.95001220703,349.7200012207,45.743999481201,43.625999450684,45.569999694824,42.403999328613,47.012001037598,44.234001159668,50.060001373291,43.14400100708,51.596000671387,46.916000366211,42.501998901367,48.495998382568,77.449996948242,44.835998535156,46.923999786377,50.576000213623,0,0,0,0,0,0,0,0,0,0,0,0,0,0,0,0,3729.3012695313
2018.07.19 14:57:34.033,#M,349.73001098633,349.79998779297,349.85998535156,349.64999389648,349.85998535156,349.85000610352,349.76998901367,349.82998657227,350.14999389648,349.9700012207,349.88000488281,349.89999389648,350,349.91000366211,349.89001464844,349.88000488281,45.700000762939,43.60599899292,45.554000854492,42.386001586914,46.973999023438,44.153999328613,50.009998321533,43.122001647949,51.60599899292,46.835998535156,42.47200012207,48.451999664307,77.473999023438,44.801998138428,46.868000030518,50.555999755859,0,0,0,0,0,0,0,0,0,0,0,0,0,0,0,0,3697.2705078125
2018.07.19 14:57:44.034,#M,349.73999023438,349.75,349.86999511719,349.67001342773,349.86999511719,349.85998535156,349.7799987793,349.88000488281,350.13000488281,349.9700012207,349.88000488281,349.86999511719,349.95999145508,349.92001342773,349.89999389648,349.85000610352,45.658000946045,43.588001251221,45.529998779297,42.358001708984,46.923999786377,44.063999176025,49.958000183105,43.102001190186,51.608001708984,46.796001434326,42.445999145508,48.409999847412,77.51000213623,44.763999938965,46.818000793457,50.568000793457,0,0,0,0,0,0,0,0,0,0,0,0,0,0,0,0,3671.3154296875
2018.07.19 14:57:54.025,#M,349.7200012207,349.76000976563,349.83999633789,349.75,349.85000610352,349.89001464844,349.7799987793,349.83999633789,350.14999389648,349.94000244141,349.89999389648,349.85998535156,349.92999267578,349.92999267578,349.89999389648,349.85000610352,45.630001068115,43.576000213623,45.515998840332,42.340000152588,46.897998809814,44.006000518799,49.928001403809,43.091999053955,51.608001708984,46.768001556396,42.425998687744,48.374000549316,77.547996520996,44.743999481201,46.784000396729,50.57799911499,0,0,0,0,0,0,0,0,0,0,0,0,0,0,0,0,3655.5249023438
2018.07.19 14:58:04.034,#M,349.73999023438,349.73001098633,349.86999511719,349.76000976563,349.83999633789,349.86999511719,349.79000854492,349.89001464844,350.07998657227,349.9700012207,349.91000366211,349.89001464844,349.95999145508,349.92999267578,349.91000366211,349.88000488281,45.604000091553,43.563999176025,45.509998321533,42.340000152588,46.874000549316,43.967998504639,49.902000427246,43.082000732422,51.608001708984,46.757999420166,42.414001464844,48.346000671387,77.583999633789,44.734001159668,46.765998840332,50.582000732422,0,0,0,0,0,0,0,0,0,0,0,0,0,0,0,0,3655.0642089844
2018.07.19 14:58:14.028,#M,349.75,349.75,349.88000488281,349.7799987793,349.85000610352,349.85998535156,349.79000854492,349.88000488281,350.14001464844,349.95999145508,349.89999389648,349.88000488281,349.95999145508,349.92001342773,349.91000366211,349.89001464844,45.585998535156,43.554000854492,45.498001098633,42.32799911499,46.860000610352,43.950000762939,49.88399887085,43.07799911499,51.60599899292,46.734001159668,42.409999847412,48.319999694824,77.606002807617,44.723999023438,46.751998901367,50.582000732422,0,0,0,0,0,0,0,0,0,0,0,0,0,0,0,0,3649.2963867188
2018.07.19 14:58:18.187,#8,375,375,375,375,375,375,375,375,375,375,375,375,375,375,375,375,200,200,200,200,200,200,200,200,200,200,200,200,200,200,200,200,349.76000976563,349.76000976563,349.89001464844,349.80999755859,349.85998535156,349.85000610352,349.79000854492,349.88000488281,350.23999023438,350.01998901367,349.89999389648,349.89999389648,349.98999023438,349.94000244141,349.92999267578,349.85998535156,45.57799911499,43.551998138428,45.493999481201,42.332000732422,46.854000091553,43.945999145508,49.880001068115,43.074001312256,51.608001708984,46.729999542236,42.40599822998,48.313999176025,77.615997314453,44.720001220703,46.748001098633,50.582000732422,0,0,0,0,0,0,0,0,0,0,0,0,0,0,0,0,3643.9194335938
2018.07.19 14:58:28.024,#M,374.67001342773,374.86999511719,374.63000488281,374.73001098633,375,374.67001342773,374.98001098633,374.85998535156,375.17999267578,375.07000732422,374.80999755859,374.85998535156,374.89999389648,374.82998657227,375.04998779297,374.89001464844,49.375999450684,46.138000488281,48.068000793457,44.611999511719,50.889999389648,47.282001495361,54.321998596191,45.512001037598,55.868000030518,50.400001525879,45.237998962402,52.043998718262,89.309997558594,47.824001312256,50.484001159668,53.833999633789,0,0,0,0,0,0,0,0,0,0,0,0,0,0,0,0,4896.8588867188
2018.07.19 14:58:38.031,#M,374.69000244141,374.66000366211,374.73999023438,374.70999145508,374.91000366211,374.92001342773,374.88000488281,374.79998779297,375.17999267578,374.98999023438,374.89999389648,374.83999633789,374.88000488281,374.9700012207,374.98001098633,374.94000244141,49.338001251221,46.131999969482,48.057998657227,44.580001831055,50.858001708984,47.214000701904,54.273998260498,45.506000518799,55.869998931885,50.377998352051,45.240001678467,52.029998779297,89.323997497559,47.810001373291,50.451999664307,53.846000671387,0,0,0,0,0,0,0,0,0,0,0,0,0,0,0,0,4879.8193359375
2018.07.19 14:58:48.028,#M,374.67999267578,374.70001220703,374.7799987793,374.76998901367,374.88000488281,374.83999633789,374.85000610352,374.82000732422,375.07000732422,374.98001098633,374.91000366211,374.82000732422,374.86999511719,374.95999145508,374.98001098633,374.95001220703,49.31600189209,46.119998931885,48.051998138428,44.574001312256,50.819999694824,47.152000427246,54.22200012207,45.493999481201,55.86600112915,50.335998535156,45.223999023438,52.013999938965,89.363998413086,47.799999237061,50.419998168945,53.875999450684,0,0,0,0,0,0,0,0,0,0,0,0,0,0,0,0,4869.208984375
2018.07.19 14:58:58.031,#M,374.69000244141,374.70001220703,374.73999023438,374.75,374.91000366211,374.89001464844,374.85000610352,374.83999633789,375.08999633789,374.98999023438,374.92999267578,374.85998535156,374.89999389648,374.92001342773,375,374.92001342773,49.299999237061,46.122001647949,48.041999816895,44.569999694824,50.798000335693,47.110000610352,54.192001342773,45.487998962402,55.860000610352,50.313999176025,45.226001739502,51.995998382568,89.417999267578,47.785999298096,50.397998809814,53.900001525879,0,0,0,0,0,0,0,0,0,0,0,0,0,0,0,0,4865.2133789063
2018.07.19 14:59:08.029,#M,374.67001342773,374.75,374.75,374.7799987793,374.88000488281,374.82000732422,374.80999755859,374.83999633789,375.05999755859,374.95001220703,374.92999267578,374.82000732422,374.92001342773,374.94000244141,375,374.92999267578,49.285999298096,46.122001647949,48.041999816895,44.563999176025,50.787998199463,47.076000213623,54.175998687744,45.479999542236,55.854000091553,50.293998718262,45.228000640869,51.978000640869,89.473999023438,47.771999359131,50.386001586914,53.919998168945,0,0,0,0,0,0,0,0,0,0,0,0,0,0,0,0,4853.1806640625
2018.07.19 14:59:18.031,#M,374.70001220703,374.73999023438,374.79998779297,374.82998657227,374.89001464844,374.82000732422,374.85000610352,374.82998657227,375.07998657227,374.98999023438,374.98999023438,374.85000610352,374.92999267578,374.95001220703,375.01998901367,374.92999267578,49.273998260498,46.11600112915,48.035999298096,44.569999694824,50.791999816895,47.048000335693,54.159999847412,45.473999023438,55.849998474121,50.271999359131,45.22200012207,51.967998504639,89.517997741699,47.763999938965,50.368000030518,53.93399810791,0,0,0,0,0,0,0,0,0,0,0,0,0,0,0,0,4848.7939453125
2018.07.19 14:59:22.194,#9,400,400,400,400,400,400,400,400,400,400,400,400,400,400,400,400,200,200,200,200,200,200,200,200,200,200,200,200,200,200,200,200,374.67001342773,374.73999023438,374.85000610352,374.83999633789,374.89001464844,374.82998657227,374.85000610352,374.83999633789,375.04998779297,375,374.95999145508,374.82000732422,374.92001342773,374.92999267578,375.01998901367,374.94000244141,49.270000457764,46.122001647949,48.035999298096,44.571998596191,50.790000915527,47.037998199463,54.161998748779,45.476001739502,55.847999572754,50.263999938965,45.215999603271,51.967998504639,89.531997680664,47.765998840332,50.36600112915,53.937999725342,0,0,0,0,0,0,0,0,0,0,0,0,0,0,0,0,4840.3325195313
2018.07.19 14:59:32.033,#M,399.70999145508,399.73999023438,399.67001342773,399.80999755859,399.92999267578,399.7200012207,399.83999633789,399.94000244141,399.89999389648,400.16000366211,400,399.86999511719,399.89001464844,399.94000244141,399.95001220703,399.82998657227,52.380001068115,48.411998748779,50.630001068115,46.555999755859,54.226001739502,49.796001434326,57.372001647949,47.631999969482,60.613998413086,53.411998748779,47.534000396729,55.004001617432,103.79399871826,50.234001159668,53.372001647949,56.925998687744,0,0,0,0,0,0,0,0,0,0,0,0,0,0,0,0,5911.30859375
2018.07.19 14:59:42.029,#M,399.73001098633,399.80999755859,399.89999389648,399.86999511719,399.92999267578,399.85000610352,399.86999511719,399.86999511719,399.85000610352,400.04998779297,399.95001220703,399.85998535156,399.9700012207,399.91000366211,400.07998657227,399.92001342773,52.369998931885,48.416000366211,50.619998931885,46.507999420166,54.215999603271,49.77799987793,57.368000030518,47.641998291016,60.576000213623,53.411998748779,47.347999572754,54.998001098633,103.82399749756,50.22200012207,53.363998413086,56.90599822998,0,0,0,0,0,0,0,0,0,0,0,0,0,0,0,0,5901.5966796875
2018.07.19 14:59:52.028,#M,399.73001098633,399.82998657227,399.82000732422,399.76998901367,399.95001220703,399.88000488281,399.83999633789,399.82998657227,399.88000488281,400.0299987793,399.95001220703,399.85998535156,399.94000244141,399.95999145508,400.01998901367,399.95001220703,52.363998413086,48.428001403809,50.619998931885,46.504001617432,54.212001800537,49.762001037598,57.369998931885,47.631999969482,60.61600112915,52.886001586914,46.986000061035,55.004001617432,103.86599731445,50.226001739502,53.369998931885,56.872001647949,0,0,0,0,0,0,0,0,0,0,0,0,0,0,0,0,5899.1508789063
2018.07.19 15:00:02.024,#M,399.73999023438,399.83999633789,399.79998779297,399.76000976563,399.9700012207,399.89999389648,399.82000732422,399.80999755859,399.86999511719,400,399.95001220703,399.89001464844,399.95001220703,399.9700012207,399.98999023438,399.91000366211,52.363998413086,48.428001403809,50.624000549316,46.478000640869,54.201999664307,49.742000579834,56.986000061035,47.630001068115,60.599998474121,52.709999084473,46.914001464844,54.987998962402,103.91400146484,50.22200012207,53.369998931885,56.821998596191,0,0,0,0,0,0,0,0,0,0,0,0,0,0,0,0,5898.6494140625
2018.07.19 15:00:12.034,#M,399.76000976563,399.79998779297,399.73999023438,399.79998779297,399.95001220703,399.88000488281,399.89999389648,399.79998779297,399.91000366211,399.95999145508,399.9700012207,399.88000488281,399.92999267578,399.98001098633,399.98999023438,399.89999389648,52.361999511719,48.437999725342,50.61600112915,46.479999542236,54.200000762939,49.723999023438,56.669998168945,47.627998352051,60.631999969482,52.641998291016,46.89400100708,54.998001098633,103.95999908447,50.22200012207,53.369998931885,56.782001495361,0,0,0,0,0,0,0,0,0,0,0,0,0,0,0,0,5881.3818359375
2018.07.19 15:00:22.029,#M,399.73999023438,399.79998779297,399.82998657227,399.75,399.91000366211,399.85000610352,399.89001464844,399.80999755859,399.91000366211,400.01998901367,399.95001220703,399.88000488281,399.94000244141,400.0299987793,400.01998901367,399.92999267578,52.363998413086,48.436000823975,50.622001647949,46.479999542236,54.203998565674,49.708000183105,56.568000793457,47.631999969482,60.604000091553,52.597999572754,46.888000488281,54.987998962402,104,50.220001220703,53.361999511719,56.759998321533,0,0,0,0,0,0,0,0,0,0,0,0,0,0,0,0,5871.9301757813
2018.07.19 15:00:27.184,#10,425,425,425,425,425,425,425,425,425,425,425,425,425,425,425,425,200,200,200,200,200,200,200,200,200,200,200,200,200,200,200,200,399.76000976563,399.79998779297,399.85000610352,399.73001098633,399.92001342773,399.86999511719,399.92999267578,399.79998779297,399.88000488281,400.0299987793,399.9700012207,399.88000488281,399.95999145508,400,400,399.92001342773,52.363998413086,48.436000823975,50.622001647949,46.479999542236,54.208000183105,49.695999145508,56.555999755859,47.638000488281,60.599998474121,52.588001251221,46.886001586914,54.986000061035,104.01399993896,50.217998504639,53.360000610352,56.751998901367,0,0,0,0,0,0,0,0,0,0,0,0,0,0,0,0,5872.8310546875
2018.07.19 15:00:37.034,#M,424.70001220703,424.82998657227,424.70999145508,424.85000610352,424.95001220703,424.95999145508,424.94000244141,424.70001220703,425.48001098633,424.92001342773,425.01000976563,424.80999755859,424.9700012207,424.85000610352,424.95001220703,425.05999755859,54.861999511719,50.624000549316,52.872001647949,48.189998626709,57.012001037598,52.063999176025,59.476001739502,49.701999664307,65.898002624512,54.082000732422,48.770000457764,57.557998657227,120.06800079346,52.332000732422,55.805999755859,59.869998931885,0,0,0,0,0,0,0,0,0,0,0,0,0,0,0,0,6513.720703125
2018.07.19 15:00:47.024,#M,424.7200012207,424.82000732422,424.75,424.83999633789,424.83999633789,424.89001464844,424.82998657227,424.73001098633,424.95001220703,425,424.98999023438,424.85998535156,425,424.94000244141,424.94000244141,424.91000366211,54.872001647949,50.664001464844,52.875999450684,48.180000305176,57.013999938965,52.063999176025,59.495998382568,49.708000183105,65.898002624512,54.09400177002,48.765998840332,57.563999176025,120.08599853516,52.332000732422,55.812000274658,59.936000823975,0,0,0,0,0,0,0,0,0,0,0,0,0,0,0,0,6504.0278320313
2018.07.19 15:00:57.034,#M,424.70999145508,424.80999755859,424.76998901367,424.7200012207,424.85000610352,424.85000610352,424.85998535156,424.75,425.07998657227,424.98001098633,424.95999145508,424.85000610352,424.95999145508,424.92001342773,424.94000244141,424.92001342773,54.888000488281,50.686000823975,52.886001586914,48.208000183105,57.035999298096,52.068000793457,59.520000457764,49.715999603271,65.90599822998,54.13399887085,48.770000457764,57.574001312256,120.12200164795,52.354000091553,55.826000213623,59.992000579834,0,0,0,0,0,0,0,0,0,0,0,0,0,0,0,0,6506.3149414063
2018.07.19 15:01:07.036,#M,424.69000244141,424.79998779297,424.7799987793,424.80999755859,424.83999633789,424.85998535156,424.85998535156,424.73999023438,425.01000976563,424.95999145508,424.95999145508,424.83999633789,424.9700012207,424.92999267578,424.9700012207,424.94000244141,54.902000427246,50.703998565674,52.900001525879,48.209999084473,57.054000854492,52.069999694824,59.534000396729,49.72200012207,65.931999206543,54.17200088501,48.787998199463,57.590000152588,120.16000366211,52.369998931885,55.854000091553,60.013999938965,0,0,0,0,0,0,0,0,0,0,0,0,0,0,0,0,6510.3735351563
2018.07.19 15:01:17.032,#M,424.70999145508,424.83999633789,424.73001098633,424.75,424.85998535156,424.85998535156,424.86999511719,424.76000976563,425.08999633789,425.01000976563,424.95999145508,424.88000488281,425,424.94000244141,424.94000244141,424.95001220703,54.914001464844,50.726001739502,52.908000946045,48.226001739502,57.074001312256,52.068000793457,59.540000915527,49.728000640869,65.949996948242,54.201999664307,48.801998138428,57.569999694824,120.19400024414,52.386001586914,55.877998352051,59.995998382568,0,0,0,0,0,0,0,0,0,0,0,0,0,0,0,0,6512.9013671875
2018.07.19 15:01:27.033,#M,424.67999267578,424.82998657227,424.7799987793,424.76000976563,424.89001464844,424.88000488281,424.86999511719,424.73999023438,425.07000732422,425.01998901367,424.95999145508,424.88000488281,424.98001098633,424.95999145508,424.94000244141,424.92001342773,54.923999786377,50.740001678467,52.909999847412,48.226001739502,57.091999053955,52.063999176025,59.557998657227,49.726001739502,65.956001281738,54.220001220703,48.807998657227,57.549999237061,120.22200012207,52.397998809814,55.89400100708,59.995998382568,0,0,0,0,0,0,0,0,0,0,0,0,0,0,0,0,6507.853515625
2018.07.19 15:01:31.187,#11,450,450,450,450,450,450,450,450,450,450,450,450,450,450,450,450,200,200,200,200,200,200,200,200,200,200,200,200,200,200,200,200,424.70999145508,424.83999633789,424.76998901367,424.76998901367,424.88000488281,424.88000488281,424.86999511719,424.76000976563,425,425.01998901367,424.94000244141,424.86999511719,424.9700012207,424.9700012207,424.9700012207,424.92001342773,54.923999786377,50.737998962402,52.917999267578,48.22200012207,57.096000671387,52.057998657227,59.562000274658,49.728000640869,65.966003417969,54.229999542236,48.810001373291,57.546001434326,120.23400115967,52.397998809814,55.895999908447,60.006000518799,0,0,0,0,0,0,0,0,0,0,0,0,0,0,0,0,6505.4516601563
2018.07.19 15:01:41.031,#M,449.7799987793,449.9700012207,449.88000488281,449.79000854492,449.85998535156,449.98999023438,449.76998901367,449.85000610352,450.10000610352,450.05999755859,449.9700012207,449.98999023438,449.92999267578,449.88000488281,450.10000610352,450.05999755859,57.127998352051,52.964000701904,55.948001861572,49.85599899292,59.576000213623,54.271999359131,61.973999023438,51.72200012207,71.900001525879,56.492000579834,50.597999572754,59.877998352051,137.36199951172,54.400001525879,58.110000610352,62.804000854492,0,0,0,0,0,0,0,0,0,0,0,0,0,0,0,0,6853.0571289063
2018.07.19 15:01:51.028,#M,449.76000976563,449.79998779297,449.82000732422,449.85998535156,449.89001464844,449.92001342773,449.82998657227,449.80999755859,450.07000732422,450.01998901367,450.01000976563,449.92999267578,450.0299987793,449.95001220703,450.0299987793,449.89001464844,57.10599899292,52.979999542236,55.959999084473,49.880001068115,59.580001831055,54.284000396729,61.993999481201,51.717998504639,71.907997131348,56.498001098633,50.599998474121,59.888000488281,137.35400390625,54.423999786377,58.057998657227,62.759998321533,0,0,0,0,0,0,0,0,0,0,0,0,0,0,0,0,6856.4409179688
2018.07.19 15:02:01.032,#M,449.75,449.89999389648,449.79000854492,449.80999755859,449.92001342773,449.92999267578,449.82000732422,449.85000610352,450.07000732422,450.07998657227,450.0299987793,449.92001342773,450.01000976563,449.9700012207,450.05999755859,449.91000366211,57.102001190186,52.973999023438,55.970001220703,49.874000549316,59.583999633789,54.271999359131,62,51.709999084473,71.914001464844,56.498001098633,50.604000091553,59.88399887085,137.35400390625,54.430000305176,58.076000213623,62.703998565674,0,0,0,0,0,0,0,0,0,0,0,0,0,0,0,0,6850.8989257813
2018.07.19 15:02:11.032,#M,449.76000976563,449.89999389648,449.7799987793,449.82000732422,449.92999267578,449.92001342773,449.80999755859,449.85998535156,450.05999755859,450.10000610352,450.01998901367,449.92999267578,450.04000854492,449.94000244141,450.01000976563,449.94000244141,57.102001190186,52.97200012207,55.978000640869,49.863998413086,59.585998535156,54.254001617432,61.993999481201,51.695999145508,71.917999267578,56.506000518799,50.596000671387,59.880001068115,137.35400390625,54.437999725342,58.082000732422,62.667999267578,0,0,0,0,0,0,0,0,0,0,0,0,0,0,0,0,6844.3569335938
2018.07.19 15:02:21.033,#M,449.76998901367,449.92001342773,449.76000976563,449.7799987793,449.92999267578,449.94000244141,449.80999755859,449.88000488281,450.05999755859,450.10998535156,450.01998901367,449.95001220703,450.01998901367,449.95001220703,450.04000854492,449.92999267578,57.099998474121,52.962001800537,55.990001678467,49.833999633789,59.580001831055,54.245998382568,61.998001098633,51.680000305176,71.917999267578,56.495998382568,50.597999572754,59.877998352051,137.35400390625,54.444000244141,58.09400177002,62.641998291016,0,0,0,0,0,0,0,0,0,0,0,0,0,0,0,0,6851.0625
2018.07.19 15:02:31.034,#M,449.7799987793,449.89001464844,449.7799987793,449.82998657227,449.95001220703,449.94000244141,449.79998779297,449.86999511719,450.07000732422,450.13000488281,450.0299987793,449.95999145508,450.04000854492,449.95001220703,450.07000732422,449.92001342773,57.091999053955,52.953998565674,55.993999481201,49.824001312256,59.582000732422,54.223999023438,61.993999481201,51.659999847412,71.90599822998,56.506000518799,50.59400177002,59.869998931885,137.35200500488,54.43399810791,58.096000671387,62.630001068115,0,0,0,0,0,0,0,0,0,0,0,0,0,0,0,0,6837.845703125
2018.07.19 15:02:35.198,#12,475,475,475,475,475,475,475,475,475,475,475,475,475,475,475,475,200,200,200,200,200,200,200,200,200,200,200,200,200,200,200,200,449.76998901367,449.88000488281,449.80999755859,449.82998657227,449.92999267578,449.91000366211,449.79000854492,449.86999511719,450.05999755859,450.14999389648,450.01998901367,449.95999145508,450.01998901367,449.94000244141,450.04998779297,449.94000244141,57.088001251221,52.945999145508,55.993999481201,49.82799911499,59.580001831055,54.215999603271,61.981998443604,51.653999328613,71.90599822998,56.509998321533,50.590000152588,59.86600112915,137.35200500488,54.431999206543,58.102001190186,62.625999450684,0,0,0,0,0,0,0,0,0,0,0,0,0,0,0,0,6840.7236328125
2018.07.19 15:02:45.033,#M,474.82998657227,474.91000366211,474.75,474.92001342773,474.76998901367,474.94000244141,474.98999023438,474.9700012207,475.01998901367,474.98001098633,474.94000244141,474.91000366211,475.07998657227,474.95999145508,475.13000488281,474.83999633789,59.217998504639,55.131999969482,58.035999298096,51.484001159668,61.928001403809,56.430000305176,64.230003356934,53.590000152588,78.772003173828,58.743999481201,52.312000274658,62.478000640869,155.38999938965,56.363998413086,60.234001159668,65.124000549316,0,0,0,0,0,0,0,0,0,0,0,0,0,0,0,0,7054.9033203125
2018.07.19 15:02:55.028,#M,474.83999633789,474.82998657227,474.76998901367,474.85000610352,474.82998657227,474.91000366211,474.82998657227,474.80999755859,475.11999511719,475,474.98999023438,474.92001342773,475.07998657227,474.89001464844,475.04998779297,474.89001464844,59.198001861572,55.13399887085,57.993999481201,51.458000183105,61.92200088501,56.42200088501,64.223999023438,53.583999633789,78.772003173828,58.715999603271,52.31600189209,62.459999084473,155.36799621582,56.352001190186,60.236000061035,65.057998657227,0,0,0,0,0,0,0,0,0,0,0,0,0,0,0,0,7059.8862304688
2018.07.19 15:03:05.024,#M,474.83999633789,474.83999633789,474.75,474.82000732422,474.85998535156,474.92001342773,474.85998535156,474.89001464844,475.08999633789,474.95999145508,474.98999023438,474.89001464844,475.07000732422,474.92999267578,475.04998779297,474.88000488281,59.181999206543,55.138000488281,57.998001098633,51.456001281738,61.911998748779,56.40599822998,64.216003417969,53.571998596191,78.772003173828,58.714000701904,52.312000274658,62.333999633789,155.34599304199,56.354000091553,60.243999481201,64.996002197266,0,0,0,0,0,0,0,0,0,0,0,0,0,0,0,0,7048.404296875
2018.07.19 15:03:15.032,#M,474.85000610352,474.83999633789,474.7200012207,474.83999633789,474.83999633789,474.92999267578,474.85998535156,474.85998535156,475.10000610352,474.94000244141,475,474.88000488281,475.07998657227,474.94000244141,475.08999633789,474.92001342773,59.167999267578,55.130001068115,58.013999938965,51.453998565674,61.917999267578,56.388000488281,64.206001281738,53.562000274658,78.772003173828,58.695999145508,52.299999237061,62.263999938965,155.32400512695,56.349998474121,60.015998840332,64.928001403809,0,0,0,0,0,0,0,0,0,0,0,0,0,0,0,0,7042.6430664063
2018.07.19 15:03:25.028,#M,474.82998657227,474.83999633789,474.80999755859,474.82998657227,474.82000732422,474.92001342773,474.86999511719,474.89999389648,475.08999633789,474.95999145508,474.98999023438,474.86999511719,475.07998657227,474.94000244141,475.10000610352,474.88000488281,59.167999267578,55.11600112915,58.023998260498,51.448001861572,61.909999847412,56.368000030518,64.202003479004,53.549999237061,78.767997741699,58.666000366211,52.285999298096,62.229999542236,155.30400085449,56.335998535156,59.631999969482,64.879997253418,0,0,0,0,0,0,0,0,0,0,0,0,0,0,0,0,7035.8129882813
2018.07.19 15:03:35.026,#M,474.82000732422,474.85000610352,474.73999023438,474.83999633789,474.83999633789,474.92001342773,474.85998535156,474.92999267578,475.10000610352,474.9700012207,474.98999023438,474.85000610352,475.07998657227,474.95001220703,475.08999633789,474.89001464844,59.164001464844,55.113998413086,58.023998260498,51.428001403809,61.909999847412,56.349998474121,64.190002441406,53.532001495361,78.755996704102,58.664001464844,52.276000976563,62.195999145508,155.27799987793,56.324001312256,59.540000915527,64.846000671387,0,0,0,0,0,0,0,0,0,0,0,0,0,0,0,0,7036.1108398438
2018.07.19 15:03:39.199,#13,500,500,500,500,500,500,500,500,500,500,500,500,500,500,500,500,200,200,200,200,200,200,200,200,200,200,200,200,200,200,200,200,474.82000732422,474.85000610352,474.70999145508,474.86999511719,474.83999633789,474.92001342773,474.88000488281,474.91000366211,475.10000610352,475.01998901367,474.98999023438,474.85000610352,475.08999633789,474.95001220703,475.08999633789,474.86999511719,59.158000946045,55.111999511719,58.026000976563,51.425998687744,61.909999847412,56.341999053955,64.190002441406,53.523998260498,78.751998901367,58.658000946045,52.270000457764,62.192001342773,155.27200317383,56.318000793457,59.526000976563,64.835998535156,0,0,0,0,0,0,0,0,0,0,0,0,0,0,0,0,7030.0600585938
2018.07.19 15:03:49.029,#M,499.76000976563,499.85000610352,499.85000610352,499.89999389648,499.86999511719,499.92999267578,499.82000732422,499.85000610352,500.14999389648,500,499.85000610352,499.85998535156,500.0299987793,499.88000488281,500.14999389648,499.92999267578,61.611999511719,57.360000610352,60.130001068115,53.153999328613,64.353996276855,58.568000793457,66.375999450684,55.492000579834,87.597999572754,60.861999511719,53.992000579834,64.641998291016,173.97799682617,58.178001403809,61.770000457764,67.713996887207,0,0,0,0,0,0,0,0,0,0,0,0,0,0,0,0,7167.6948242188
2018.07.19 15:03:59.034,#M,499.73001098633,499.7799987793,499.82000732422,499.89999389648,499.86999511719,499.91000366211,499.85000610352,499.80999755859,500.10998535156,499.98001098633,499.95001220703,499.89999389648,500.0299987793,499.94000244141,500.01000976563,499.89001464844,61.599998474121,57.360000610352,60.102001190186,53.158000946045,64.370002746582,58.568000793457,66.365997314453,55.486000061035,87.583999633789,60.861999511719,53.993999481201,64.627998352051,173.96000671387,58.187999725342,61.810001373291,67.638000488281,0,0,0,0,0,0,0,0,0,0,0,0,0,0,0,0,7168.3442382813
2018.07.19 15:04:09.031,#M,499.7200012207,499.79000854492,499.82000732422,499.86999511719,499.85998535156,499.89999389648,499.85000610352,499.80999755859,500.10000610352,499.9700012207,499.98999023438,499.88000488281,500.0299987793,499.92001342773,500.01998901367,499.89999389648,61.583999633789,57.360000610352,60.10599899292,53.15599822998,64.38200378418,58.562000274658,66.384002685547,55.484001159668,87.575996398926,60.875999450684,54.007999420166,64.603996276855,173.92999267578,58.192001342773,61.841999053955,67.613998413086,0,0,0,0,0,0,0,0,0,0,0,0,0,0,0,0,7166.9228515625
2018.07.19 15:04:19.027,#M,499.73999023438,499.79000854492,499.80999755859,499.88000488281,499.86999511719,499.89001464844,499.85000610352,499.82000732422,500.10998535156,499.98001098633,500.01000976563,499.86999511719,500.01998901367,499.92999267578,500.0299987793,499.89001464844,61.571998596191,57.360000610352,60.124000549316,53.153999328613,64.388000488281,58.551998138428,66.38200378418,55.479999542236,87.564002990723,60.888000488281,54.020000457764,64.573997497559,173.89799499512,58.189998626709,61.858001708984,67.587997436523,0,0,0,0,0,0,0,0,0,0,0,0,0,0,0,0,7161.970703125
2018.07.19 15:04:29.029,#M,499.73999023438,499.79000854492,499.82000732422,499.89001464844,499.88000488281,499.91000366211,499.82998657227,499.82000732422,500.10998535156,499.98001098633,500.04000854492,499.85000610352,500.0299987793,499.92999267578,500.0299987793,499.89001464844,61.554000854492,57.363998413086,60.130001068115,53.141998291016,64.374000549316,58.541999816895,66.374000549316,55.473999023438,87.547996520996,60.889999389648,54.013999938965,64.452003479004,173.86999511719,58.181999206543,61.872001647949,67.545997619629,0,0,0,0,0,0,0,0,0,0,0,0,0,0,0,0,7160.1040039063
2018.07.19 15:04:39.032,#M,499.73999023438,499.79000854492,499.82000732422,499.86999511719,499.86999511719,499.91000366211,499.83999633789,499.82000732422,500.10998535156,499.9700012207,500.04000854492,499.83999633789,500.01998901367,499.94000244141,500.0299987793,499.89999389648,61.540000915527,57.363998413086,60.131999969482,53.136001586914,64.365997314453,58.521999359131,66.363998413086,55.462001800537,87.541999816895,60.881999969482,54.007999420166,64.388000488281,173.83799743652,58.175998687744,61.875999450684,67.505996704102,0,0,0,0,0,0,0,0,0,0,0,0,0,0,0,0,7163.6508789063
2018.07.19 15:04:44.188,#14,550,550,550,550,550,550,550,550,500,550,550,550,500,550,550,550,200,200,200,200,200,200,200,200,200,200,200,200,200,200,200,200,499.7200012207,499.79000854492,499.80999755859,499.86999511719,499.88000488281,499.89999389648,499.85000610352,499.82000732422,500.10000610352,499.9700012207,500.01998901367,499.85000610352,500.0299987793,499.92001342773,500.01998901367,499.89999389648,61.534000396729,57.361999511719,60.131999969482,53.136001586914,64.363998413086,58.515998840332,66.358001708984,55.459999084473,87.541999816895,60.880001068115,54.007999420166,64.374000549316,173.82600402832,58.173999786377,61.875999450684,67.5,0,0,0,0,0,0,0,0,0,0,0,0,0,0,0,0,7151.7236328125
2018.07.19 15:04:54.028,#M,549.78002929688,549.83001708984,549.83001708984,549.86999511719,549.94000244141,549.94000244141,549.90002441406,549.90002441406,500.10998535156,550.02001953125,549.97998046875,549.84997558594,500.04000854492,549.96002197266,550.05999755859,549.88000488281,66.482002258301,62.122001647949,63.77799987793,57.209999084473,69.438003540039,63.354000091553,70.956001281738,59.776000976563,87.53800201416,65.893997192383,57.748001098633,69.650001525879,173.78199768066,62.11600112915,66.15599822998,72.959999084473,0,0,0,0,0,0,0,0,0,0,0,0,0,0,0,0,7347.2719726563
2018.07.19 15:05:04.034,#M,549.78002929688,549.82000732422,549.83001708984,549.84997558594,549.89001464844,549.95001220703,549.90997314453,549.88000488281,500.11999511719,550.01000976563,549.97998046875,549.88000488281,500.0299987793,549.98999023438,550.05999755859,549.92999267578,66.477996826172,62.145999908447,63.737998962402,57.223999023438,69.480003356934,63.35599899292,70.96199798584,59.782001495361,87.53800201416,65.889999389648,57.742000579834,69.634002685547,173.75199890137,62.108001708984,66.204002380371,72.765998840332,0,0,0,0,0,0,0,0,0,0,0,0,0,0,0,0,7345.0546875
2018.07.19 15:05:14.032,#M,549.79998779297,549.82000732422,549.84002685547,549.84997558594,549.90002441406,549.95001220703,549.90002441406,549.88000488281,500.11999511719,550.02001953125,549.98999023438,549.88000488281,500.0299987793,549.97998046875,550.07000732422,549.94000244141,66.47200012207,62.169998168945,63.743999481201,57.240001678467,69.52799987793,63.361999511719,70.984001159668,59.790000915527,87.533996582031,65.916000366211,57.742000579834,69.606002807617,173.7259979248,62.111999511719,66.321998596191,72.667999267578,0,0,0,0,0,0,0,0,0,0,0,0,0,0,0,0,7349.4575195313
2018.07.19 15:05:24.025,#M,549.79998779297,549.82000732422,549.84002685547,549.84997558594,549.90002441406,549.95001220703,549.90997314453,549.86999511719,500.10998535156,550.02001953125,549.98999023438,549.88000488281,500.04000854492,550,550.05999755859,549.95001220703,66.475997924805,62.200000762939,63.771999359131,57.256000518799,69.554000854492,63.361999511719,71.008003234863,59.804000854492,87.543998718262,65.93399810791,57.75,69.585998535156,173.70599365234,62.108001708984,66.370002746582,72.629997253418,0,0,0,0,0,0,0,0,0,0,0,0,0,0,0,0,7354.8276367188
2018.07.19 15:05:34.032,#M,549.78997802734,549.82000732422,549.84002685547,549.85998535156,549.89001464844,549.95001220703,549.90002441406,549.89001464844,500.10998535156,550.02001953125,549.97998046875,549.89001464844,500.04000854492,550.01000976563,550.05999755859,549.94000244141,66.484001159668,62.228000640869,63.799999237061,57.268001556396,69.592002868652,63.360000610352,71.022003173828,59.821998596191,87.552001953125,65.956001281738,57.756000518799,69.564002990723,173.6840057373,62.096000671387,66.330001831055,72.597999572754,0,0,0,0,0,0,0,0,0,0,0,0,0,0,0,0,7347.7182617188
2018.07.19 15:05:44.023,#M,549.79998779297,549.82000732422,549.84002685547,549.84997558594,549.90002441406,549.96997070313,549.90002441406,549.89001464844,500.11999511719,550.02001953125,550,549.90997314453,500.04000854492,550.01000976563,550.05999755859,549.92999267578,66.494003295898,62.25,63.830001831055,57.271999359131,69.641998291016,63.361999511719,71.036003112793,59.840000152588,87.568000793457,65.963996887207,57.759998321533,69.545997619629,173.66400146484,62.090000152588,66.402000427246,72.587997436523,0,0,0,0,0,0,0,0,0,0,0,0,0,0,0,0,7346.009765625
2018.07.19 15:05:50.178,#15,600,600,600,600,600,600,600,600,500,600,600,600,500,600,600,600,200,200,200,200,200,200,200,200,200,200,200,200,200,200,200,200,549.79998779297,549.82000732422,549.84002685547,549.85998535156,549.90002441406,549.96997070313,549.90002441406,549.89001464844,500.11999511719,550.02001953125,550,549.90997314453,500.04000854492,550,550.05999755859,549.94000244141,66.501998901367,62.270000457764,63.849998474121,57.284000396729,69.667999267578,63.363998413086,71.043998718262,59.84400177002,87.573997497559,65.96199798584,57.768001556396,69.536003112793,173.65199279785,62.088001251221,66.447998046875,72.578002929688,0,0,0,0,0,0,0,0,0,0,0,0,0,0,0,0,7342.4921875
2018.07.19 15:06:00.030,#M,599.80999755859,599.78997802734,599.90997314453,599.90997314453,599.96997070313,599.94000244141,599.90002441406,599.84997558594,500.11999511719,600.01000976563,600.02001953125,599.89001464844,500.04000854492,599.91998291016,600.10998535156,600,71.386001586914,67.582000732422,68.388000488281,62.07799911499,75.199996948242,68.491996765137,76.21199798584,65.052001953125,87.582000732422,71.055999755859,61.726001739502,76.547996520996,173.62399291992,67.230003356934,71.332000732422,78.248001098633,0,0,0,0,0,0,0,0,0,0,0,0,0,0,0,0,7466.0068359375
2018.07.19 15:06:10.034,#M,599.80999755859,599.78002929688,599.90002441406,599.89001464844,599.96002197266,599.95001220703,599.90997314453,599.84997558594,500.11999511719,599.97998046875,599.97998046875,599.90997314453,500.0299987793,599.90002441406,600.08001708984,600.02001953125,71.402000427246,67.625999450684,68.351997375488,62.108001708984,75.241996765137,68.501998901367,76.223999023438,65.057998657227,87.587997436523,71.099998474121,61.751998901367,76.454002380371,173.60400390625,67.21199798584,71.347999572754,78.225997924805,0,0,0,0,0,0,0,0,0,0,0,0,0,0,0,0,7450.8940429688
2018.07.19 15:06:20.032,#M,599.82000732422,599.78002929688,599.90002441406,599.89001464844,599.96002197266,599.96002197266,599.90997314453,599.84997558594,500.10998535156,599.97998046875,599.97998046875,599.91998291016,500.04000854492,599.91998291016,600.07000732422,600.02001953125,71.419998168945,67.65599822998,68.353996276855,62.13399887085,75.291999816895,68.505996704102,76.23999786377,65.064002990723,87.599998474121,71.103996276855,61.75,76.391998291016,173.58599853516,67.208000183105,71.379997253418,78.220001220703,0,0,0,0,0,0,0,0,0,0,0,0,0,0,0,0,7449.9750976563
2018.07.19 15:06:30.029,#M,599.83001708984,599.79998779297,599.90997314453,599.90002441406,599.96002197266,599.95001220703,599.91998291016,599.85998535156,500.10998535156,599.97998046875,599.97998046875,599.92999267578,500.04998779297,599.91998291016,600.07000732422,600.01000976563,71.440002441406,67.68399810791,68.358001708984,62.153999328613,75.337997436523,68.505996704102,76.269996643066,65.073997497559,87.620002746582,71.125999450684,61.762001037598,76.335998535156,173.57000732422,67.204002380371,71.424003601074,78.225997924805,0,0,0,0,0,0,0,0,0,0,0,0,0,0,0,0,7446.908203125
2018.07.19 15:06:40.029,#M,599.83001708984,599.84002685547,599.90997314453,599.90002441406,599.96997070313,599.96002197266,599.92999267578,599.85998535156,500.11999511719,599.96997070313,599.98999023438,599.91998291016,500.04000854492,599.92999267578,600.08001708984,600.02001953125,71.46199798584,67.716003417969,68.360000610352,62.164001464844,75.363998413086,68.496002197266,76.279998779297,65.080001831055,87.648002624512,71.148002624512,61.768001556396,76.335998535156,173.55400085449,67.194000244141,71.456001281738,78.178001403809,0,0,0,0,0,0,0,0,0,0,0,0,0,0,0,0,7444.4077148438
2018.07.19 15:06:50.033,#M,599.83001708984,599.84997558594,599.90997314453,599.89001464844,599.97998046875,599.96002197266,599.91998291016,599.85998535156,500.11999511719,599.97998046875,599.98999023438,599.91998291016,500.04000854492,599.94000244141,600.09002685547,600.02001953125,71.459999084473,67.734001159668,68.388000488281,62.169998168945,75.388000488281,68.487998962402,76.295997619629,65.068000793457,87.666000366211,71.160003662109,61.771999359131,76.358001708984,173.53999328613,67.181999206543,71.487998962402,78.143997192383,0,0,0,0,0,0,0,0,0,0,0,0,0,0,0,0,7439.767578125
2018.07.19 15:06:56.183,#16,650,650,650,650,650,650,650,650,500,650,650,650,500,650,650,650,200,200,200,200,200,200,200,200,200,200,200,200,200,200,200,200,599.84002685547,599.84997558594,599.90997314453,599.90002441406,599.97998046875,599.96002197266,599.91998291016,599.85998535156,500.11999511719,599.97998046875,600,599.91998291016,500.04998779297,599.94000244141,600.08001708984,600.03002929688,71.459999084473,67.73999786377,68.38200378418,62.17200088501,75.393997192383,68.486000061035,76.304000854492,65.057998657227,87.674003601074,71.166000366211,61.773998260498,76.337997436523,173.5359954834,67.178001403809,71.501998901367,78.124000549316,0,0,0,0,0,0,0,0,0,0,0,0,0,0,0,0,7445.5576171875
2018.07.19 15:07:06.026,#M,649.82000732422,649.80999755859,649.90002441406,649.86999511719,649.94000244141,650.02001953125,650,649.96002197266,500.11999511719,650.07000732422,650.01000976563,649.97998046875,500.04998779297,649.96997070313,650.03997802734,650.03002929688,76.442001342773,73.491996765137,73.34400177002,67.375999450684,81.347999572754,74.459999084473,82.033996582031,70.262001037598,87.666000366211,75.337997436523,67.346000671387,86.863998413086,173.50799560547,71.994003295898,76.980003356934,84.052001953125,0,0,0,0,0,0,0,0,0,0,0,0,0,0,0,0,7521.2221679688
2018.07.19 15:07:16.029,#M,649.83001708984,649.78997802734,649.86999511719,649.88000488281,649.95001220703,650,649.98999023438,649.94000244141,500.11999511719,650.07000732422,650.03997802734,649.98999023438,500.04998779297,649.90997314453,650.03002929688,650.03002929688,76.435997009277,73.51000213623,73.388000488281,67.396003723145,81.360000610352,74.473999023438,82.050003051758,70.263999938965,87.662002563477,75.351997375488,67.346000671387,86.797996520996,173.4880065918,71.996002197266,76.998001098633,84.012001037598,0,0,0,0,0,0,0,0,0,0,0,0,0,0,0,0,7519.65234375
2018.07.19 15:07:26.025,#M,649.84002685547,649.78002929688,649.86999511719,649.85998535156,649.95001220703,650.01000976563,649.98999023438,649.94000244141,500.13000488281,650.05999755859,650.03002929688,649.96002197266,500.04998779297,649.90997314453,650.03002929688,650.03002929688,76.442001342773,73.519996643066,73.337997436523,67.417999267578,81.36799621582,74.452003479004,82.033996582031,70.265998840332,87.666000366211,75.351997375488,67.332000732422,86.480003356934,173.47200012207,71.986000061035,77.015998840332,84.017997741699,0,0,0,0,0,0,0,0,0,0,0,0,0,0,0,0,7518.1044921875
2018.07.19 15:07:36.024,#M,649.84002685547,649.78997802734,649.86999511719,649.86999511719,649.94000244141,650.01000976563,649.98999023438,649.95001220703,500.11999511719,650.07000732422,650.03997802734,649.95001220703,500.05999755859,649.92999267578,650.03002929688,650.03997802734,76.43399810791,73.519996643066,73.34400177002,67.421997070313,81.361999511719,74.424003601074,81.996002197266,70.251998901367,87.680000305176,75.337997436523,67.304000854492,86.283996582031,173.45399475098,71.966003417969,76.998001098633,84.017997741699,0,0,0,0,0,0,0,0,0,0,0,0,0,0,0,0,7519.1513671875
2018.07.19 15:07:46.028,#M,649.84002685547,649.79998779297,649.89001464844,649.88000488281,649.95001220703,650.02001953125,650,649.95001220703,500.11999511719,650.07000732422,650.03997802734,649.95001220703,500.04998779297,649.92999267578,650.03002929688,650.03002929688,76.428001403809,73.512001037598,73.323997497559,67.416000366211,81.360000610352,74.400001525879,81.97200012207,70.237998962402,87.688003540039,75.304000854492,67.267997741699,86.176002502441,173.43600463867,71.952003479004,76.982002258301,84.001998901367,0,0,0,0,0,0,0,0,0,0,0,0,0,0,0,0,7517.7036132813
2018.07.19 15:07:56.030,#M,649.84997558594,649.79998779297,649.90002441406,649.88000488281,649.95001220703,650.03002929688,650,649.95001220703,500.11999511719,650.08001708984,650.03997802734,649.96002197266,500.05999755859,649.94000244141,650.03997802734,650.03997802734,76.412002563477,73.487998962402,73.290000915527,67.407997131348,81.349998474121,74.360000610352,81.944000244141,70.21199798584,87.685997009277,75.265998840332,67.234001159668,86.031997680664,173.41799926758,71.921997070313,76.968002319336,83.98999786377,0,0,0,0,0,0,0,0,0,0,0,0,0,0,0,0,7504.8051757813
2018.07.19 15:08:00.183,#17,700,700,700,700,700,700,700,700,500,700,700,700,500,700,700,700,200,200,200,200,200,200,200,200,200,200,200,200,200,200,200,200,649.84997558594,649.79998779297,649.90997314453,649.88000488281,649.96002197266,650.02001953125,650.01000976563,649.95001220703,500.10998535156,650.08001708984,650.03997802734,649.96002197266,500.05999755859,649.92999267578,650.03997802734,650.03997802734,76.403999328613,73.480003356934,73.26000213623,67.407997131348,81.346000671387,74.342002868652,81.926002502441,70.202003479004,87.68399810791,75.244003295898,67.218002319336,85.986000061035,173.40400695801,71.907997131348,76.96199798584,84,0,0,0,0,0,0,0,0,0,0,0,0,0,0,0,0,7502.0356445313
2018.07.19 15:08:10.035,#M,699.95001220703,699.82000732422,700.03997802734,699.90002441406,699.96002197266,700.02001953125,699.90002441406,699.86999511719,500.11999511719,700.08001708984,700.13000488281,699.96997070313,500.04998779297,699.94000244141,700.09997558594,700.04998779297,81.608001708984,79.599998474121,78.487998962402,73.291999816895,87.536003112793,79.805999755859,88.185997009277,75.690002441406,87.65599822998,81.040000915527,72.386001586914,98.164001464844,173.36399841309,78.022003173828,82.891998291016,90.293998718262,0,0,0,0,0,0,0,0,0,0,0,0,0,0,0,0,7568.6015625
2018.07.19 15:08:20.025,#M,699.94000244141,699.82000732422,700.03997802734,699.90002441406,699.96002197266,699.98999023438,699.91998291016,699.88000488281,500.11999511719,700.09002685547,700.10998535156,699.96997070313,500.05999755859,699.92999267578,700.09002685547,700.04998779297,81.625999450684,79.615997314453,78.53800201416,73.31600189209,87.561996459961,79.795997619629,88.174003601074,75.697998046875,87.648002624512,81.01000213623,72.339996337891,98.055999755859,173.34199523926,77.984001159668,82.86799621582,90.286003112793,0,0,0,0,0,0,0,0,0,0,0,0,0,0,0,0,7569.0932617188
2018.07.19 15:08:30.030,#M,699.92999267578,699.82000732422,700.02001953125,699.90002441406,699.96002197266,699.98999023438,699.91998291016,699.88000488281,500.13000488281,700.09002685547,700.11999511719,699.96997070313,500.04998779297,699.94000244141,700.08001708984,700.05999755859,81.641998291016,79.625999450684,78.513999938965,73.34400177002,87.573997497559,79.791999816895,88.176002502441,75.725997924805,87.641998291016,80.991996765137,72.281997680664,97.947998046875,173.32400512695,77.930000305176,82.849998474121,90.267997741699,0,0,0,0,0,0,0,0,0,0,0,0,0,0,0,0,7564.5219726563
2018.07.19 15:08:40.029,#M,699.92999267578,699.82000732422,700.01000976563,699.89001464844,699.96002197266,699.98999023438,699.91998291016,699.88000488281,500.13000488281,700.09002685547,700.11999511719,699.97998046875,500.04998779297,699.95001220703,700.09997558594,700.07000732422,81.666000366211,79.634002685547,78.410003662109,73.365997314453,87.573997497559,79.790000915527,88.160003662109,75.732002258301,87.639999389648,80.996002197266,72.227996826172,97.902000427246,173.30999755859,77.835998535156,82.835998535156,90.216003417969,0,0,0,0,0,0,0,0,0,0,0,0,0,0,0,0,7563.8891601563
2018.07.19 15:08:50.027,#M,699.92999267578,699.83001708984,700.02001953125,699.89001464844,699.96002197266,700,699.91998291016,699.89001464844,500.11999511719,700.09002685547,700.13000488281,699.97998046875,500.05999755859,699.95001220703,700.10998535156,700.07000732422,81.674003601074,79.627998352051,78.321998596191,73.393997192383,87.592002868652,79.767997741699,88.124000549316,75.732002258301,87.643997192383,81.01000213623,72.178001403809,97.832000732422,173.29400634766,77.758003234863,82.819999694824,90.325996398926,0,0,0,0,0,0,0,0,0,0,0,0,0,0,0,0,7560.169921875
2018.07.19 15:09:00.037,#M,699.92999267578,699.83001708984,700.02001953125,699.90002441406,699.96002197266,700,699.92999267578,699.89001464844,500.11999511719,700.09997558594,700.14001464844,699.97998046875,500.07000732422,699.95001220703,700.10998535156,700.08001708984,81.667999267578,79.627998352051,78.169998168945,73.40599822998,87.589996337891,79.75,88.111999511719,75.723999023438,87.648002624512,80.98999786377,72.148002624512,97.833999633789,173.27799987793,77.718002319336,82.795997619629,90.265998840332,0,0,0,0,0,0,0,0,0,0,0,0,0,0,0,0,7557.7983398438
2018.07.19 15:09:05.199,#18,750,750,750,750,750,750,750,750,500,750,750,750,500,750,750,750,200,200,200,200,200,200,200,200,200,200,200,200,200,200,200,200,699.92999267578,699.83001708984,700.03002929688,699.90002441406,699.96997070313,700,699.92999267578,699.89001464844,500.11999511719,700.09002685547,700.14001464844,699.97998046875,500.07000732422,699.94000244141,700.10998535156,700.08001708984,81.666000366211,79.625999450684,78.141998291016,73.40599822998,87.589996337891,79.744003295898,88.092002868652,75.727996826172,87.646003723145,80.975997924805,72.136001586914,97.846000671387,173.27200317383,77.681999206543,82.783996582031,90.246002197266,0,0,0,0,0,0,0,0,0,0,0,0,0,0,0,0,7555.3359375
2018.07.19 15:09:15.030,#M,749.88000488281,749.89001464844,750.01000976563,749.88000488281,749.95001220703,750.07000732422,749.94000244141,749.85998535156,500.10998535156,750.09002685547,750.13000488281,750.01000976563,500.05999755859,749.92999267578,750.03002929688,750.09002685547,87.113998413086,86.251998901367,83.96199798584,80.083999633789,94.06600189209,84.244003295898,95.052001953125,81.300003051758,87.629997253418,87.603996276855,77.529998779297,112.53800201416,173.2380065918,82.928001403809,89.167999267578,97.141998291016,0,0,0,0,0,0,0,0,0,0,0,0,0,0,0,0,7612.1953125
2018.07.19 15:09:25.024,#M,749.89001464844,749.89001464844,750.02001953125,749.86999511719,749.92999267578,750.05999755859,749.90997314453,749.84997558594,500.13000488281,750.09997558594,750.16998291016,750.03002929688,500.07000732422,749.96002197266,750.03997802734,750.03002929688,87.139999389648,86.279998779297,83.940002441406,80.125999450684,94.099998474121,84.230003356934,95.022003173828,81.335998535156,87.622001647949,87.625999450684,77.513999938965,112.53800201416,173.21600341797,83.486000061035,89.174003601074,97.13200378418,0,0,0,0,0,0,0,0,0,0,0,0,0,0,0,0,7611.9008789063
2018.07.19 15:09:35.031,#M,749.89001464844,749.89001464844,750.02001953125,749.85998535156,749.91998291016,750.07000732422,749.90002441406,749.84997558594,500.11999511719,750.09997558594,750.16998291016,750.02001953125,500.07000732422,749.96997070313,750.03997802734,750.03002929688,87.150001525879,86.291999816895,83.940002441406,80.162002563477,94.113998413086,84.237998962402,94.987998962402,81.358001708984,87.615997314453,87.613998413086,77.484001159668,112.53800201416,173.19999694824,83.513999938965,88.669998168945,97.127998352051,0,0,0,0,0,0,0,0,0,0,0,0,0,0,0,0,7609.3618164063
2018.07.19 15:09:45.029,#M,749.89001464844,749.89001464844,750.03002929688,749.85998535156,749.92999267578,750.07000732422,749.90002441406,749.84997558594,500.10998535156,750.09002685547,750.16998291016,750.02001953125,500.05999755859,749.96997070313,750.04998779297,750.03002929688,87.160003662109,86.290000915527,83.924003601074,80.192001342773,94.11799621582,84.216003417969,94.942001342773,81.374000549316,87.613998413086,87.583999633789,77.452003479004,112.52600097656,173.17999267578,83.540000915527,88.396003723145,97.099998474121,0,0,0,0,0,0,0,0,0,0,0,0,0,0,0,0,7601.4311523438
2018.07.19 15:09:55.030,#M,749.89001464844,749.89001464844,750.03002929688,749.90002441406,749.92999267578,750.07000732422,749.90997314453,749.85998535156,500.13000488281,750.09997558594,750.16998291016,750.03002929688,500.05999755859,749.96997070313,750.05999755859,750.03002929688,87.164001464844,86.28800201416,83.902000427246,80.220001220703,94.09400177002,84.197998046875,94.879997253418,81.388000488281,87.601997375488,87.541999816895,77.410003662109,112.47799682617,173.15800476074,83.545997619629,88.272003173828,97.069999694824,0,0,0,0,0,0,0,0,0,0,0,0,0,0,0,0,7597.8515625
2018.07.19 15:10:05.027,#M,749.90997314453,749.90002441406,750.03002929688,749.91998291016,749.92999267578,750.08001708984,749.90997314453,749.85998535156,500.11999511719,750.09997558594,750.16998291016,750.03002929688,500.04998779297,749.96997070313,750.05999755859,750.03997802734,87.164001464844,86.279998779297,83.884002685547,80.237998962402,94.083999633789,84.171997070313,94.825996398926,81.403999328613,87.589996337891,87.519996643066,77.377998352051,112.42600250244,173.14199829102,83.543998718262,88.216003417969,97.071998596191,0,0,0,0,0,0,0,0,0,0,0,0,0,0,0,0,7578.7734375
2018.07.19 15:10:11.178,#19,800,800,800,800,800,800,800,800,500,800,800,800,500,800,800,800,200,200,200,200,200,200,200,200,200,200,200,200,200,200,200,200,749.90002441406,749.90002441406,750.03002929688,749.92999267578,749.94000244141,750.08001708984,749.90997314453,749.85998535156,500.13000488281,750.09997558594,750.17999267578,750.03002929688,500.05999755859,749.96997070313,750.05999755859,750.04998779297,87.160003662109,86.274002075195,83.88200378418,80.251998901367,94.092002868652,84.152000427246,94.800003051758,81.403999328613,87.592002868652,87.508003234863,77.358001708984,112.38400268555,173.13200378418,83.543998718262,88.190002441406,97.055999755859,0,0,0,0,0,0,0,0,0,0,0,0,0,0,0,0,7586.7456054688
2018.07.19 15:10:21.031,#M,799.90997314453,799.90997314453,800.09997558594,799.96002197266,799.96997070313,800.07000732422,800.01000976563,799.89001464844,500.13000488281,800.09997558594,800.14001464844,800.03002929688,500.05999755859,800.11999511719,800.14001464844,800.14001464844,93.068000793457,93.723999023438,90.139999389648,87.938003540039,101.19000244141,90.192001342773,103,88.47200012207,87.585998535156,95.386001586914,83.718002319336,129.75999450684,173.09800720215,89.305999755859,95.774002075195,105.39600372314,0,0,0,0,0,0,0,0,0,0,0,0,0,0,0,0,7622.4375
2018.07.19 15:10:31.028,#M,799.91998291016,799.88000488281,800.07000732422,799.95001220703,799.96002197266,800.07000732422,799.98999023438,799.84997558594,500.14001464844,800.09997558594,800.15997314453,800.04998779297,500.05999755859,800.03002929688,800.09997558594,800.16998291016,93.108001708984,93.727996826172,90.152000427246,87.968002319336,101.23999786377,90.206001281738,102.98600006104,88.503997802734,87.582000732422,95.419998168945,83.667999267578,129.67999267578,173.07800292969,89.325996398926,95.774002075195,105.36399841309,0,0,0,0,0,0,0,0,0,0,0,0,0,0,0,0,7622.083984375
2018.07.19 15:10:41.027,#M,799.91998291016,799.88000488281,800.07000732422,799.95001220703,799.96002197266,800.07000732422,799.97998046875,799.84997558594,500.13000488281,800.09997558594,800.15002441406,800.04998779297,500.07000732422,800.04998779297,800.09997558594,800.14001464844,93.152000427246,93.783996582031,90.164001464844,88.019996643066,101.31999969482,90.216003417969,102.9940032959,88.540000915527,87.587997436523,95.43399810791,83.627998352051,129.58799743652,173.06199645996,89.351997375488,95.765998840332,105.33599853516,0,0,0,0,0,0,0,0,0,0,0,0,0,0,0,0,7622.595703125
2018.07.19 15:10:51.030,#M,799.91998291016,799.88000488281,800.08001708984,799.95001220703,799.96002197266,800.07000732422,799.97998046875,799.85998535156,500.11999511719,800.10998535156,800.16998291016,800.05999755859,500.05999755859,800.04998779297,800.10998535156,800.14001464844,93.204002380371,93.835998535156,90.192001342773,88.069999694824,101.37000274658,90.244003295898,102.9879989624,88.585998535156,87.59400177002,95.46199798584,83.61799621582,129.60400390625,173.05200195313,89.388000488281,95.786003112793,105.33200073242,0,0,0,0,0,0,0,0,0,0,0,0,0,0,0,0,7619.1884765625
2018.07.19 15:11:01.027,#M,799.92999267578,799.88000488281,800.07000732422,799.95001220703,799.96002197266,800.07000732422,799.97998046875,799.85998535156,500.11999511719,800.13000488281,800.15997314453,800.05999755859,500.07000732422,800.04998779297,800.10998535156,800.15002441406,93.258003234863,93.863998413086,90.225997924805,88.134002685547,101.41200256348,90.255996704102,102.9820022583,88.627998352051,87.603996276855,95.501998901367,83.615997314453,129.60800170898,173.04600524902,89.419998168945,95.814002990723,105.34600067139,0,0,0,0,0,0,0,0,0,0,0,0,0,0,0,0,7617.9799804688
2018.07.19 15:11:11.033,#M,799.91998291016,799.89001464844,800.08001708984,799.95001220703,799.96997070313,800.07000732422,799.98999023438,799.85998535156,500.13000488281,800.15997314453,800.16998291016,800.05999755859,500.07000732422,800.05999755859,800.10998535156,800.15002441406,93.297996520996,93.896003723145,90.262001037598,88.192001342773,101.44599914551,90.267997741699,102.95600128174,88.667999267578,87.620002746582,95.522003173828,83.624000549316,129.55000305176,173.03999328613,89.454002380371,95.828002929688,105.47200012207,0,0,0,0,0,0,0,0,0,0,0,0,0,0,0,0,7614.1845703125
2018.07.19 15:11:15.116,#0,800,800,800,800,800,800,800,800,500,800,800,800,500,800,800,800,200,200,200,200,200,200,200,200,200,200,200,200,200,200,200,200,799.92999267578,799.89001464844,800.09002685547,799.95001220703,799.96002197266,800.07000732422,799.98999023438,799.86999511719,500.13000488281,800.15997314453,800.16998291016,800.05999755859,500.07000732422,800.05999755859,800.10998535156,800.15002441406,93.318000793457,93.90599822998,90.286003112793,88.22200012207,101.46199798584,90.272003173828,102.95400238037,88.678001403809,87.624000549316,95.529998779297,83.624000549316,129.53199768066,173.03799438477,89.463996887207,95.821998596191,105.48999786377,0,0,0,0,0,0,0,0,0,0,0,0,0,0,0,0,7617.8637695313

2018.07.19 15:11:15.144,SCAN Finished with result COMPLETED OK! ;
