2018.06.26 10:55:21.582,Scan triggered MANUALLY from Panel with mode Forced Enable =  FALSE
2018.06.26 10:55:21.613,Configuration used for Scan: DEFAULT

2018.06.26 10:55:21.629,HpFT0,HpFT1,HpFT2,HpFT3,HpNT0,HpNT1,HpNT2,HpNT3,HmFT0,HmFT1,HmFT2,HmFT3,HmNT0,HmNT1,HmNT2,HmNT3
2018.06.26 10:55:21.644,#channels,v0,v1,i0,i1,rUp,rDwn,triptime,vMaxSoftValue,vMon,iMon,DIP(telescope+instLumi)
2018.06.26 10:55:21.658,16,1,0,1,0,0,0,0,0,1,1,1
2018.06.26 10:55:21.800,#1,100,100,100,100,100,100,100,100,100,100,100,100,100,100,100,100,200,200,200,200,200,200,200,200,200,200,200,200,200,200,200,200,799.91998291016,799.95001220703,800.11999511719,799.96997070313,800,800.09997558594,800.04998779297,799.91998291016,500.10998535156,800.16998291016,800.15002441406,800.04998779297,500.08999633789,800.07000732422,800.14001464844,800.16998291016,61.498001098633,60.07799911499,65.127998352051,61.75,58.543998718262,67.596000671387,71.692001342773,68.791999816895,57.009998321533,66.956001281738,55.810001373291,67.75,99.916000366211,61.001998901367,59.838001251221,75.255996704102,0,0,0,0,0,0,0,0,0,0,0,0,0,0,0,0,942.10626220703
2018.06.26 10:55:31.032,#M,648.34997558594,649.34002685547,649.52001953125,650.47998046875,650.65997314453,651.78002929688,652.02001953125,652.95001220703,356.54000854492,656.66998291016,657.98999023438,657.77001953125,359.2200012207,659.03997802734,660.40002441406,660.42999267578,52.169998168945,48.147998809814,53.041999816895,48.641998291016,52.02799987793,53.824001312256,58.102001190186,55.034000396729,36.731998443604,53.465999603271,47.534000396729,57.507999420166,46.487998962402,51.14400100708,52.970001220703,63.456001281738,0,0,0,0,0,0,0,0,0,0,0,0,0,0,0,0,927.64910888672
2018.06.26 10:55:41.028,#M,398.82998657227,399.7200012207,399.89999389648,400.66000366211,401.13000488281,402.33999633789,402.67999267578,403.11999511719,107.83999633789,406.94000244141,408.38000488281,408.01998901367,99.930000305176,389.92999267578,391.66000366211,391.91000366211,37.928001403809,34.018001556396,35.571998596191,33.548000335693,41.400001525879,37.728000640869,43.72200012207,38.582000732422,12.357999801636,37.493999481201,33.071998596191,40.555999755859,13.994000434875,34.886001586914,36.712001800537,43.75,0,0,0,0,0,0,0,0,0,0,0,0,0,0,0,0,829.23376464844
2018.06.26 10:55:51.029,#M,149.25,149.94999694824,150.75999450684,150.41000366211,151.58000183105,152.33999633789,153.44999694824,153.58000183105,101.36000061035,157.63999938965,159.36999511719,158.11999511719,99.76000213623,159.50999450684,161.35000610352,161.47999572754,10.517999649048,11.114000320435,10.821999549866,10.798000335693,10.734000205994,11.013999938965,11.210000038147,12.050000190735,12.531999588013,10.960000038147,10.878000259399,11.078000068665,13.842000007629,11.114000320435,10.894000053406,13.326000213623,0,0,0,0,0,0,0,0,0,0,0,0,0,0,0,0,71.357284545898
2018.06.26 10:55:58.972,#0,800,800,800,800,800,800,800,800,500,800,800,800,500,800,800,800,200,200,200,200,200,200,200,200,200,200,200,200,200,200,200,200,99.699996948242,99.480003356934,99.569999694824,99.23999786377,99.660003662109,101.13999938965,99.819999694824,99.610000610352,100.79000091553,99.849998474121,99.650001525879,99.779998779297,99.800003051758,99.720001220703,99.910003662109,99.809997558594,8.1180000305176,8.1440000534058,8.1020002365112,8.0200004577637,8.0819997787476,8.0659999847412,8.4779996871948,8.3660001754761,13.295999526978,7.8480000495911,7.5520000457764,8.0200004577637,14.729999542236,7.7179999351501,7.7059998512268,8.3420000076294,0,0,0,0,0,0,0,0,0,0,0,0,0,0,0,0,17.262437820435

2018.06.26 10:55:58.994,SCAN Finished with result INTERRUPTED : ENABLE LOST WHILE ONGOING ;
