2018.07.30 16:33:56.283,Scan triggered MANUALLY from Panel with mode Forced Enable =  TRUE
2018.07.30 16:33:56.325,Configuration used for Scan: DEFAULT

2018.07.30 16:33:56.341,HpFT0,HpFT1,HpFT2,HpFT3,HpNT0,HpNT1,HpNT2,HpNT3,HmFT0,HmFT1,HmFT2,HmFT3,HmNT0,HmNT1,HmNT2,HmNT3
2018.07.30 16:33:56.355,#channels,v0,v1,i0,i1,rUp,rDwn,triptime,vMaxSoftValue,vMon,iMon,DIP(telescope+instLumi)
2018.07.30 16:33:56.370,16,1,0,1,0,0,0,0,0,1,1,1
2018.07.30 16:33:56.556,#1,100,100,100,100,100,100,100,100,100,100,100,100,100,100,100,100,200,200,200,200,200,200,200,200,200,200,200,200,200,200,200,200,799.96997070313,799.96002197266,800.10998535156,799.97998046875,800.02001953125,800.07000732422,800.03997802734,799.90002441406,500.13000488281,800.16998291016,800.20001220703,800.07000732422,500.07998657227,800.07000732422,800.13000488281,800.17999267578,47.64400100708,42.041999816895,44.939998626709,40.513999938965,51.610000610352,46.395999908447,56.513999938965,43.535999298096,45.013999938965,48.178001403809,41.39400100708,51.650001525879,111.30000305176,44.958000183105,48.029998779297,47.751998901367,0,0,0,0,0,0,0,0,0,0,0,0,0,0,0,0,0
2018.07.30 16:34:06.044,#M,632.76000976563,633.71002197266,635.09002685547,634.82000732422,635.10998535156,636.14001464844,636.45001220703,637.28002929688,347.19000244141,648.28997802734,648.44000244141,649.38000488281,349.36999511719,650.59002685547,650.84997558594,652.19000244141,40.069999694824,34.854000091553,37.588001251221,33.495998382568,43.448001861572,38.214000701904,46.970001220703,37.257999420166,32.431999206543,40.096000671387,34.054000854492,43.731998443604,40.265998840332,37.925998687744,42.099998474121,40.450000762939,0,0,0,0,0,0,0,0,0,0,0,0,0,0,0,0,0
2018.07.30 16:34:16.035,#M,383.39999389648,384.11999511719,385.51000976563,385.04000854492,385.39001464844,386.2799987793,386.9700012207,387.44000244141,101.2799987793,398.63000488281,399,399.61999511719,102.09999847412,400.91000366211,401.2200012207,402.58999633789,31.986000061035,27.997999191284,30.167999267578,27.158000946045,33.240001678467,30.101999282837,36.299999237061,30.181999206543,15.342000007629,31.242000579834,28.120000839233,34.074001312256,16.892000198364,30.742000579834,32.523998260498,32.265998840332,0,0,0,0,0,0,0,0,0,0,0,0,0,0,0,0,0
2018.07.30 16:34:26.044,#M,133.99000549316,134.61999511719,136.30000305176,134.83999633789,136.11000061035,136.69999694824,137.5,137.72999572754,100.31999969482,149.08000183105,149.35000610352,149.83000183105,99.910003662109,151.71000671387,151.5299987793,153.21000671387,17.118000030518,17.413999557495,17.469999313354,17.308000564575,17.27799987793,17.385999679565,17.420000076294,18.365999221802,15.829999923706,18.180000305176,18.337999343872,18.290000915527,17.365999221802,18.763999938965,18.517999649048,18.979999542236,0,0,0,0,0,0,0,0,0,0,0,0,0,0,0,0,0
2018.07.30 16:34:36.034,#M,99.580001831055,99.51000213623,99.779998779297,99.599998474121,99.699996948242,99.559997558594,99.800003051758,99.690002441406,100.12999725342,99.73999786377,99.709999084473,99.650001525879,99.860000610352,99.790000915527,99.610000610352,100.05999755859,14.579999923706,14.477999687195,14.489999771118,14.291999816895,14.552000045776,14.413999557495,14.623999595642,14.833999633789,16.346000671387,14.013999938965,13.880000114441,14.104000091553,17.931999206543,14.135999679565,14.107999801636,14.196000099182,0,0,0,0,0,0,0,0,0,0,0,0,0,0,0,0,0
2018.07.30 16:34:46.034,#M,99.569999694824,99.519996643066,99.73999786377,99.550003051758,99.680000305176,99.879997253418,99.769996643066,99.669998168945,99.879997253418,99.779998779297,99.73999786377,99.680000305176,99.839996337891,99.800003051758,99.699996948242,99.889999389648,14.697999954224,14.569999694824,14.604000091553,14.378000259399,14.661999702454,14.503999710083,14.75800037384,14.909999847412,16.502000808716,14.118000030518,13.982000350952,14.223999977112,18.091999053955,14.251999855042,14.22200012207,14.310000419617,0,0,0,0,0,0,0,0,0,0,0,0,0,0,0,0,0
2018.07.30 16:34:56.035,#M,99.580001831055,99.519996643066,99.769996643066,99.610000610352,99.660003662109,99.970001220703,99.819999694824,99.660003662109,99.75,99.819999694824,99.75,99.690002441406,99.839996337891,99.779998779297,99.730003356934,99.849998474121,14.805999755859,14.647999763489,14.71399974823,14.46399974823,14.772000312805,14.581999778748,14.876000404358,14.977999687195,16.554000854492,14.229999542236,14.081999778748,14.343999862671,18.142000198364,14.366000175476,14.347999572754,14.425999641418,0,0,0,0,0,0,0,0,0,0,0,0,0,0,0,0,0
2018.07.30 16:34:56.224,#2,150,150,150,150,150,150,150,150,150,150,150,150,150,150,150,150,200,200,200,200,200,200,200,200,200,200,200,200,200,200,200,200,99.580001831055,99.519996643066,99.769996643066,99.610000610352,99.660003662109,99.970001220703,99.819999694824,99.660003662109,99.75,99.819999694824,99.75,99.690002441406,99.839996337891,99.779998779297,99.730003356934,99.849998474121,14.805999755859,14.647999763489,14.71399974823,14.46399974823,14.772000312805,14.581999778748,14.876000404358,14.977999687195,16.554000854492,14.229999542236,14.081999778748,14.343999862671,18.142000198364,14.366000175476,14.347999572754,14.425999641418,0,0,0,0,0,0,0,0,0,0,0,0,0,0,0,0,0
2018.07.30 16:35:06.041,#M,149.61000061035,149.61000061035,150.19999694824,148.25,149.5299987793,149.60000610352,149.5299987793,149.66999816895,149.36999511719,149.60000610352,150,149.77000427246,149.94999694824,149.97999572754,149.96000671387,149.91999816895,21.218000411987,20.879999160767,21.115999221802,20.558000564575,21.17200088501,20.79400062561,21.406000137329,21.346000671387,23.402000427246,20.554000854492,20.271999359131,20.871999740601,26.260000228882,20.781999588013,20.780000686646,21.024000167847,0,0,0,0,0,0,0,0,0,0,0,0,0,0,0,0,0
2018.07.30 16:35:16.034,#M,149.63999938965,149.78999328613,150,149.66999816895,149.44000244141,149.66999816895,149.41999816895,149.80000305176,149.86999511719,149.91999816895,150.30000305176,149.80999755859,150.05999755859,149.78999328613,149.80000305176,149.97999572754,21.040000915527,20.739999771118,20.961999893188,20.42200088501,21.024000167847,20.673999786377,21.219999313354,21.197999954224,23.420000076294,20.389999389648,20.128000259399,20.67200088501,26.111999511719,20.610000610352,20.601999282837,20.809999465942,0,0,0,0,0,0,0,0,0,0,0,0,0,0,0,0,0
2018.07.30 16:35:26.037,#M,149.63999938965,149.82000732422,149.92999267578,149.78999328613,149.44999694824,149.72999572754,149.5,149.9700012207,149.49000549316,149.80000305176,150.2200012207,149.80000305176,150.10000610352,149.86999511719,149.85000610352,149.92999267578,20.902000427246,20.621999740601,20.809999465942,20.291999816895,20.874000549316,20.530000686646,21.062000274658,21.086000442505,23.313999176025,20.257999420166,19.988000869751,20.503999710083,26.006000518799,20.451999664307,20.441999435425,20.639999389648,0,0,0,0,0,0,0,0,0,0,0,0,0,0,0,0,0
2018.07.30 16:35:32.212,#3,200,200,200,200,200,200,200,200,200,200,200,200,200,200,200,200,200,200,200,200,200,200,200,200,200,200,200,200,200,200,200,200,149.63000488281,149.7799987793,149.94000244141,149.4700012207,149.46000671387,149.72999572754,149.5299987793,149.89999389648,149.83000183105,149.75999450684,150.08999633789,149.80999755859,150.03999328613,149.91999816895,149.85000610352,149.91999816895,20.829999923706,20.554000854492,20.738000869751,20.214000701904,20.798000335693,20.459999084473,20.979999542236,21.034000396729,23.256000518799,20.187999725342,19.92799949646,20.430000305176,25.959999084473,20.385999679565,20.368000030518,20.559999465942,0,0,0,0,0,0,0,0,0,0,0,0,0,0,0,0,0
2018.07.30 16:35:42.036,#M,199.66000366211,199.64999389648,199.77000427246,199.30999755859,199.80999755859,199.5,200.16999816895,199.88999938965,200.78999328613,199.57000732422,199.77000427246,199.80999755859,200,199.7799987793,199.78999328613,199.83999633789,26.610000610352,24.403999328613,25.829999923706,23.826000213623,26.767999649048,25.464000701904,27.393999099731,25.285999298096,27.416000366211,25.871999740601,24.332000732422,26.757999420166,33.076000213623,25.708000183105,26.364000320435,25.920000076294,0,0,0,0,0,0,0,0,0,0,0,0,0,0,0,0,0
2018.07.30 16:35:52.037,#M,199.58000183105,199.66999816895,199.83999633789,199.63000488281,199.86000061035,199.55000305176,199.91000366211,199.82000732422,200.19000244141,199.72999572754,199.88000488281,199.83999633789,200.0299987793,199.83999633789,199.88999938965,199.7799987793,26.47200012207,24.354000091553,25.742000579834,23.763999938965,26.621999740601,25.379999160767,27.156000137329,25.209999084473,27.318000793457,25.686000823975,24.239999771118,26.497999191284,32.942001342773,25.565999984741,26.156000137329,25.70599937439,0,0,0,0,0,0,0,0,0,0,0,0,0,0,0,0,0
2018.07.30 16:36:02.043,#M,199.61999511719,199.67999267578,199.82000732422,199.64999389648,199.91000366211,199.55999755859,199.89999389648,199.91999816895,200.00999450684,199.85000610352,199.91999816895,199.78999328613,200.07000732422,199.83999633789,199.89999389648,199.80999755859,26.337999343872,24.29400062561,25.648000717163,23.718000411987,26.450000762939,25.290000915527,26.968000411987,25.152000427246,27.318000793457,25.555999755859,24.17799949646,26.308000564575,32.846000671387,25.445999145508,25.992000579834,25.531999588013,0,0,0,0,0,0,0,0,0,0,0,0,0,0,0,0,0
2018.07.30 16:36:08.190,#4,250,250,250,250,250,250,250,250,250,250,250,250,250,250,250,250,200,200,200,200,200,200,200,200,200,200,200,200,200,200,200,200,199.63000488281,199.67999267578,199.78999328613,199.75999450684,199.92999267578,199.60000610352,199.80000305176,199.92999267578,199.91999816895,199.86999511719,199.91999816895,199.78999328613,200.05000305176,199.83000183105,199.89999389648,199.85000610352,26.257999420166,24.266000747681,25.596000671387,23.691999435425,26.364000320435,25.243999481201,26.865999221802,25.118000030518,27.267999649048,25.483999252319,24.139999389648,26.200000762939,32.791999816895,25.374000549316,25.884000778198,25.450000762939,0,0,0,0,0,0,0,0,0,0,0,0,0,0,0,0,0
2018.07.30 16:36:18.034,#M,249.57000732422,248.83999633789,249.72999572754,249.28999328613,249.72999572754,249.63999938965,249.71000671387,249.64999389648,249.63999938965,249.75,249.91999816895,249.66999816895,249.75999450684,249.64999389648,249.94000244141,249.96000671387,29.288000106812,25.864000320435,27.771999359131,25.170000076294,30.025999069214,27.464000701904,31.870000839233,27.090000152588,29.058000564575,28.275999069214,25.889999389648,30.370000839233,36.32799911499,27.902000427246,29.375999450684,28.823999404907,0,0,0,0,0,0,0,0,0,0,0,0,0,0,0,0,0
2018.07.30 16:36:28.041,#M,249.64999389648,249.53999328613,249.7799987793,249.85000610352,249.75,249.69000244141,249.71000671387,249.7200012207,249.88000488281,249.89999389648,249.83000183105,249.75999450684,249.89999389648,249.67999267578,249.85000610352,249.7799987793,29.225999832153,25.82200050354,27.742000579834,25.134000778198,29.95599937439,27.42200088501,31.724000930786,27.055999755859,29.016000747681,28.204000473022,25.868000030518,30.284000396729,36.279998779297,27.843999862671,29.308000564575,28.701999664307,0,0,0,0,0,0,0,0,0,0,0,0,0,0,0,0,0
2018.07.30 16:36:38.039,#M,249.61000061035,249.57000732422,249.7200012207,249.74000549316,249.74000549316,249.67999267578,249.69000244141,249.72999572754,249.86000061035,249.88000488281,249.83999633789,249.74000549316,249.86999511719,249.74000549316,249.89999389648,249.82000732422,29.190000534058,25.809999465942,27.704000473022,25.110000610352,29.884000778198,27.389999389648,31.593999862671,27.031999588013,28.992000579834,28.152000427246,25.82799911499,30.204000473022,36.234001159668,27.790000915527,29.232000350952,28.607999801636,0,0,0,0,0,0,0,0,0,0,0,0,0,0,0,0,0
2018.07.30 16:36:44.215,#5,300,300,300,300,300,300,300,300,300,300,300,300,300,300,300,300,200,200,200,200,200,200,200,200,200,200,200,200,200,200,200,200,249.58000183105,249.58999633789,249.66999816895,249.61000061035,249.75,249.63000488281,249.74000549316,249.72999572754,249.85000610352,249.89999389648,249.86000061035,249.72999572754,249.85000610352,249.75,249.89999389648,249.83000183105,29.163999557495,25.791999816895,27.690000534058,25.096000671387,29.847999572754,27.371999740601,31.530000686646,27.021999359131,28.975999832153,28.134000778198,25.808000564575,30.170000076294,36.212001800537,27.761999130249,29.204000473022,28.573999404907,0,0,0,0,0,0,0,0,0,0,0,0,0,0,0,0,0
2018.07.30 16:36:54.040,#M,299.88000488281,299.60000610352,299.75,299.79998779297,299.7799987793,299.73999023438,299.83999633789,299.76000976563,299.92999267578,299.98999023438,299.85998535156,300.01000976563,299.89001464844,299.85998535156,299.98001098633,299.85000610352,30.753999710083,26.954000473022,29.034000396729,26.215999603271,31.67200088501,28.747999191284,34.138000488281,28.545999526978,31.016000747681,29.614000320435,26.968000411987,32.138000488281,38.400001525879,29.204000473022,30.884000778198,30.406000137329,0,0,0,0,0,0,0,0,0,0,0,0,0,0,0,0,0
2018.07.30 16:37:04.039,#M,299.58999633789,299.67999267578,299.76000976563,299.75,299.76998901367,299.79000854492,299.79000854492,299.69000244141,299.9700012207,299.95001220703,299.83999633789,299.85000610352,299.82998657227,299.83999633789,299.91000366211,299.89999389648,30.708000183105,26.937999725342,29.007999420166,26.201999664307,31.652000427246,28.733999252319,34.124000549316,28.493999481201,31,29.606000900269,26.945999145508,32.104000091553,38.389999389648,29.162000656128,30.847999572754,30.340000152588,0,0,0,0,0,0,0,0,0,0,0,0,0,0,0,0,0
2018.07.30 16:37:14.037,#M,299.70001220703,299.67999267578,299.79000854492,299.7200012207,299.76000976563,299.79998779297,299.80999755859,299.69000244141,299.95999145508,299.98001098633,299.82998657227,299.88000488281,299.85998535156,299.85000610352,299.91000366211,299.91000366211,30.681999206543,26.930000305176,28.983999252319,26.181999206543,31.625999450684,28.719999313354,34.071998596191,28.492000579834,31.003999710083,29.57200050354,26.92799949646,32.068000793457,38.361999511719,29.139999389648,30.832000732422,30.295999526978,0,0,0,0,0,0,0,0,0,0,0,0,0,0,0,0,0
2018.07.30 16:37:18.206,#6,325,325,325,325,325,325,325,325,325,325,325,325,325,325,325,325,200,200,200,200,200,200,200,200,200,200,200,200,200,200,200,200,299.69000244141,299.67001342773,299.7799987793,299.76000976563,299.75,299.7799987793,299.79000854492,299.70001220703,299.9700012207,299.94000244141,299.82998657227,299.85998535156,299.89999389648,299.86999511719,299.92001342773,299.92001342773,30.67799949646,26.926000595093,28.978000640869,26.173999786377,31.620000839233,28.711999893188,34.071998596191,28.488000869751,31.003999710083,29.573999404907,26.92200088501,32.057998657227,38.35599899292,29.128000259399,30.82799911499,30.290000915527,0,0,0,0,0,0,0,0,0,0,0,0,0,0,0,0,0
2018.07.30 16:37:28.040,#M,324.79998779297,324.73001098633,324.79998779297,324.70999145508,324.76998901367,324.7799987793,324.76998901367,324.82000732422,324.89999389648,325.0299987793,324.82000732422,324.92999267578,324.95001220703,324.88000488281,324.89001464844,324.92001342773,31.35000038147,27.459999084473,29.576000213623,26.697999954224,32.354000091553,29.340000152588,34.917999267578,29.159999847412,31.992000579834,30.197999954224,27.423999786377,32.805999755859,39.301998138428,29.739999771118,31.482000350952,30.95599937439,0,0,0,0,0,0,0,0,0,0,0,0,0,0,0,0,0
2018.07.30 16:37:38.040,#M,324.70999145508,324.73999023438,324.75,324.7200012207,324.86999511719,324.80999755859,324.79998779297,324.79998779297,324.98001098633,324.94000244141,324.80999755859,324.86999511719,324.91000366211,324.92001342773,324.85000610352,324.88000488281,31.326000213623,27.458000183105,29.562000274658,26.681999206543,32.333999633789,29.336000442505,34.942001342773,29.17200088501,32.006000518799,30.184000015259,27.413999557495,32.782001495361,39.301998138428,29.724000930786,31.475999832153,30.944000244141,0,0,0,0,0,0,0,0,0,0,0,0,0,0,0,0,0
2018.07.30 16:37:48.041,#M,324.67001342773,324.75,324.76000976563,324.73999023438,324.88000488281,324.80999755859,324.7799987793,324.80999755859,324.95001220703,324.95999145508,324.83999633789,324.86999511719,324.91000366211,324.86999511719,324.88000488281,324.89999389648,31.333999633789,27.458000183105,29.559999465942,26.694000244141,32.341999053955,29.341999053955,34.944000244141,29.17799949646,32.015998840332,30.186000823975,27.413999557495,32.763999938965,39.305999755859,29.728000640869,31.458000183105,30.941999435425,0,0,0,0,0,0,0,0,0,0,0,0,0,0,0,0,0
2018.07.30 16:37:50.212,#7,350,350,350,350,350,350,350,350,350,350,350,350,350,350,350,350,200,200,200,200,200,200,200,200,200,200,200,200,200,200,200,200,324.67999267578,324.75,324.76000976563,324.73999023438,324.88000488281,324.80999755859,324.7799987793,324.80999755859,324.95999145508,324.9700012207,324.85000610352,324.86999511719,324.89999389648,324.86999511719,324.88000488281,324.89999389648,31.336000442505,27.461999893188,29.559999465942,26.694000244141,32.347999572754,29.341999053955,34.945999145508,29.181999206543,32.020000457764,30.187999725342,27.417999267578,32.765998840332,39.305999755859,29.729999542236,31.458000183105,30.941999435425,0,0,0,0,0,0,0,0,0,0,0,0,0,0,0,0,0
2018.07.30 16:38:00.037,#M,349.73001098633,349.94000244141,349.91000366211,349.98999023438,350.01000976563,349.79998779297,349.79000854492,349.83999633789,350.23999023438,349.85000610352,349.95999145508,349.7799987793,350.01998901367,349.5,349.95001220703,349.82998657227,31.958000183105,27.993999481201,30.129999160767,27.195999145508,33.035999298096,29.944000244141,35.743999481201,29.829999923706,33.049999237061,30.823999404907,27.934000015259,33.451999664307,40.34400177002,30.319999694824,32.096000671387,31.590000152588,0,0,0,0,0,0,0,0,0,0,0,0,0,0,0,0,0
2018.07.30 16:38:10.039,#M,349.79998779297,349.76000976563,349.7799987793,349.67001342773,349.86999511719,349.85998535156,349.82998657227,349.75,349.92001342773,349.7799987793,349.85000610352,349.82998657227,349.92001342773,349.88000488281,349.95999145508,349.76000976563,31.959999084473,27.983999252319,30.118000030518,27.186000823975,33.02799987793,29.936000823975,35.743999481201,29.833999633789,33.035999298096,30.799999237061,27.917999267578,33.458000183105,40.349998474121,30.32200050354,32.083999633789,31.562000274658,0,0,0,0,0,0,0,0,0,0,0,0,0,0,0,0,0
2018.07.30 16:38:20.037,#M,349.79000854492,349.75,349.75,349.67001342773,349.88000488281,349.80999755859,349.83999633789,349.86999511719,349.92999267578,349.98999023438,349.83999633789,349.85998535156,349.92999267578,349.86999511719,349.95999145508,349.76998901367,31.961999893188,27.982000350952,30.121999740601,27.186000823975,33.02799987793,29.931999206543,35.745998382568,29.829999923706,33.034000396729,30.791999816895,27.926000595093,33.465999603271,40.34400177002,30.319999694824,32.085998535156,31.57200050354,0,0,0,0,0,0,0,0,0,0,0,0,0,0,0,0,0
2018.07.30 16:38:25.194,#8,375,375,375,375,375,375,375,375,375,375,375,375,375,375,375,375,200,200,200,200,200,200,200,200,200,200,200,200,200,200,200,200,349.76998901367,349.7200012207,349.79998779297,349.60998535156,349.85000610352,349.82998657227,349.82998657227,349.80999755859,349.94000244141,349.92999267578,349.83999633789,349.85000610352,349.89999389648,349.89999389648,349.95999145508,349.7799987793,31.965999603271,27.983999252319,30.120000839233,27.191999435425,33.023998260498,29.937999725342,35.742000579834,29.840000152588,33.034000396729,30.798000335693,27.92799949646,33.473999023438,40.347999572754,30.318000793457,32.085998535156,31.573999404907,0,0,0,0,0,0,0,0,0,0,0,0,0,0,0,0,0
2018.07.30 16:38:35.041,#M,374.70999145508,374.79998779297,374.92001342773,374.54000854492,375.0299987793,375.01998901367,374.92001342773,374.85000610352,375.10000610352,375.07998657227,374.95001220703,375.04998779297,374.92999267578,374.89999389648,374.67999267578,374.83999633789,32.548000335693,28.493999481201,30.729999542236,27.676000595093,33.67200088501,30.540000915527,36.515998840332,30.458000183105,34.237998962402,31.378000259399,28.430000305176,34.113998413086,43.074001312256,30.871999740601,32.694000244141,32.192001342773,0,0,0,0,0,0,0,0,0,0,0,0,0,0,0,0,0
2018.07.30 16:38:45.040,#M,374.64999389648,374.75,374.92999267578,374.70001220703,374.95001220703,374.80999755859,374.86999511719,374.95999145508,374.98999023438,374.98001098633,374.85000610352,374.82998657227,374.85998535156,374.95999145508,374.95001220703,374.91000366211,32.555999755859,28.502000808716,30.70599937439,27.666000366211,33.653999328613,30.516000747681,36.513999938965,30.450000762939,34.229999542236,31.356000900269,28.417999267578,34.11600112915,43.082000732422,30.878000259399,32.669998168945,32.18399810791,0,0,0,0,0,0,0,0,0,0,0,0,0,0,0,0,0
2018.07.30 16:38:55.042,#M,374.67999267578,374.70999145508,374.80999755859,374.70999145508,374.95999145508,374.82998657227,374.7799987793,374.91000366211,375,374.92001342773,374.89001464844,374.79998779297,374.83999633789,374.91000366211,374.98999023438,374.91000366211,32.549999237061,28.502000808716,30.690000534058,27.67200088501,33.653999328613,30.52799987793,36.501998901367,30.45599937439,34.223999023438,31.375999450684,28.42200088501,34.124000549316,43.111999511719,30.875999450684,32.680000305176,32.18399810791,0,0,0,0,0,0,0,0,0,0,0,0,0,0,0,0,0
2018.07.30 16:38:59.209,#9,400,400,400,400,400,400,400,400,400,400,400,400,400,400,400,400,200,200,200,200,200,200,200,200,200,200,200,200,200,200,200,200,374.67999267578,374.70999145508,374.89001464844,374.7799987793,374.95999145508,374.83999633789,374.79000854492,374.91000366211,375.0299987793,374.89999389648,374.89001464844,374.7799987793,374.85000610352,374.92001342773,375,374.91000366211,32.549999237061,28.503999710083,30.673999786377,27.676000595093,33.659999847412,30.531999588013,36.495998382568,30.458000183105,34.229999542236,31.384000778198,28.417999267578,34.127998352051,43.122001647949,30.875999450684,32.687999725342,32.187999725342,0,0,0,0,0,0,0,0,0,0,0,0,0,0,0,0,0
2018.07.30 16:39:09.037,#M,399.76000976563,399.92999267578,399.89999389648,400.07000732422,400.13000488281,399.83999633789,399.85998535156,399.7200012207,400.57998657227,400.11999511719,399.89001464844,399.92001342773,399.91000366211,399.9700012207,399.92999267578,399.95001220703,33.125999450684,28.974000930786,31.200000762939,28.135999679565,34.259998321533,31.162000656128,37.259998321533,31.049999237061,35.743999481201,31.934000015259,28.902000427246,34.762001037598,51.419998168945,31.441999435425,33.254001617432,32.770000457764,0,0,0,0,0,0,0,0,0,0,0,0,0,0,0,0,0
2018.07.30 16:39:19.035,#M,399.73999023438,399.82000732422,399.79998779297,399.7799987793,399.9700012207,399.85998535156,399.80999755859,399.79998779297,400.39001464844,400.08999633789,399.95999145508,399.80999755859,399.91000366211,399.92999267578,400,399.89001464844,33.108001708984,28.982000350952,31.184000015259,28.128000259399,34.256000518799,31.076000213623,37.243999481201,31.054000854492,35.734001159668,31.951999664307,28.885999679565,34.751998901367,51.451999664307,31.430000305176,33.245998382568,32.776000976563,0,0,0,0,0,0,0,0,0,0,0,0,0,0,0,0,0
2018.07.30 16:39:29.038,#M,399.7799987793,399.79000854492,399.82998657227,399.7799987793,399.94000244141,399.82998657227,399.86999511719,399.7799987793,400.48001098633,400.05999755859,399.95001220703,399.82000732422,399.89001464844,399.92999267578,399.98001098633,399.89001464844,33.102001190186,28.989999771118,31.186000823975,28.115999221802,34.248001098633,31.069999694824,37.242000579834,31.038000106812,35.742000579834,31.941999435425,28.884000778198,34.743999481201,51.481998443604,31.42200088501,33.234001159668,32.77799987793,0,0,0,0,0,0,0,0,0,0,0,0,0,0,0,0,0
2018.07.30 16:39:33.209,#10,425,425,425,425,425,425,425,425,425,425,425,425,425,425,425,425,200,200,200,200,200,200,200,200,200,200,200,200,200,200,200,200,399.75,399.7799987793,399.86999511719,399.79998779297,399.92001342773,399.85998535156,399.89999389648,399.79000854492,400.42001342773,400.05999755859,399.95999145508,399.85000610352,399.88000488281,399.89001464844,399.98001098633,399.89999389648,33.097999572754,28.983999252319,31.170000076294,28.115999221802,34.248001098633,31.054000854492,37.229999542236,31.038000106812,35.748001098633,31.950000762939,28.884000778198,34.737998962402,51.492000579834,31.423999786377,33.231998443604,32.77799987793,0,0,0,0,0,0,0,0,0,0,0,0,0,0,0,0,0
2018.07.30 16:39:43.035,#M,424.7799987793,424.82000732422,424.73999023438,424.45001220703,424.79998779297,424.83999633789,424.89001464844,424.70001220703,424.82998657227,425.01998901367,425.05999755859,424.89001464844,425.07000732422,425,425.0299987793,424.91000366211,33.624000549316,29.461999893188,31.663999557495,28.565999984741,34.85599899292,31.587999343872,37.979999542236,31.620000839233,37.515998840332,32.504001617432,29.337999343872,35.326000213623,63.122001647949,31.95599937439,33.784000396729,33.380001068115,0,0,0,0,0,0,0,0,0,0,0,0,0,0,0,0,0
2018.07.30 16:39:53.036,#M,424.67001342773,424.82000732422,424.7799987793,424.76000976563,424.82998657227,424.79000854492,424.70999145508,424.73001098633,424.89001464844,424.9700012207,424.92001342773,424.88000488281,424.92001342773,424.9700012207,424.9700012207,424.92999267578,33.60599899292,29.444000244141,31.687999725342,28.538000106812,34.840000152588,31.582000732422,37.964000701904,31.611999511719,37.495998382568,32.493999481201,29.326000213623,35.313999176025,63.15599822998,31.934000015259,33.762001037598,33.35599899292,0,0,0,0,0,0,0,0,0,0,0,0,0,0,0,0,0
2018.07.30 16:40:03.034,#M,424.70999145508,424.80999755859,424.7799987793,424.70999145508,424.79998779297,424.7799987793,424.76000976563,424.73001098633,424.91000366211,424.98999023438,424.95999145508,424.85998535156,424.94000244141,424.9700012207,424.98999023438,424.89001464844,33.574001312256,29.437999725342,31.656000137329,28.525999069214,34.812000274658,31.568000793457,37.958000183105,31.586000442505,37.501998901367,32.495998382568,29.302000045776,35.285999298096,63.192001342773,31.934000015259,33.75,33.335998535156,0,0,0,0,0,0,0,0,0,0,0,0,0,0,0,0,0
2018.07.30 16:40:07.204,#11,450,450,450,450,450,450,450,450,450,450,450,450,450,450,450,450,200,200,200,200,200,200,200,200,200,200,200,200,200,200,200,200,424.70999145508,424.7799987793,424.75,424.67001342773,424.79998779297,424.79998779297,424.76998901367,424.73999023438,424.89999389648,424.9700012207,424.9700012207,424.83999633789,424.92999267578,424.9700012207,425,424.91000366211,33.56600189209,29.434000015259,31.645999908447,28.520000457764,34.805999755859,31.562000274658,37.953998565674,31.57799911499,37.490001678467,32.493999481201,29.295999526978,35.282001495361,63.206001281738,31.92200088501,33.731998443604,33.330001831055,0,0,0,0,0,0,0,0,0,0,0,0,0,0,0,0,0
2018.07.30 16:40:17.043,#M,449.70001220703,449.86999511719,449.83999633789,450.0299987793,450,450.04000854492,449.85000610352,449.88000488281,450.20999145508,450.07998657227,449.9700012207,449.98001098633,449.98001098633,449.95001220703,449.98001098633,449.85998535156,34.088001251221,29.898000717163,32.167999267578,28.950000762939,35.478000640869,32.082000732422,38.798000335693,32.125999450684,39.541999816895,33.051998138428,29.728000640869,35.861999511719,76.776000976563,32.43399810791,34.245998382568,33.951999664307,0,0,0,0,0,0,0,0,0,0,0,0,0,0,0,0,0
2018.07.30 16:40:27.039,#M,449.76000976563,449.85998535156,449.80999755859,449.76998901367,449.92999267578,449.89001464844,449.89001464844,449.89999389648,449.94000244141,449.9700012207,450.01998901367,449.92001342773,449.98999023438,449.92001342773,450.01998901367,449.89001464844,34.088001251221,29.892000198364,32.145999908447,28.931999206543,35.473999023438,32.062000274658,38.763999938965,32.131999969482,39.526000976563,33.02799987793,29.711999893188,35.841999053955,76.763999938965,32.417999267578,34.226001739502,33.945999145508,0,0,0,0,0,0,0,0,0,0,0,0,0,0,0,0,0
2018.07.30 16:40:37.037,#M,449.73999023438,449.85000610352,449.79998779297,449.82000732422,449.91000366211,449.91000366211,449.89001464844,449.91000366211,449.95001220703,450.0299987793,450.01998901367,449.92001342773,450,449.94000244141,450,449.89999389648,34.062000274658,29.884000778198,32.130001068115,28.909999847412,35.450000762939,32.055999755859,38.743999481201,32.122001647949,39.52799987793,33.009998321533,29.701999664307,35.833999633789,76.772003173828,32.397998809814,34.209999084473,33.931999206543,0,0,0,0,0,0,0,0,0,0,0,0,0,0,0,0,0
2018.07.30 16:40:41.205,#12,475,475,475,475,475,475,475,475,475,475,475,475,475,475,475,475,200,200,200,200,200,200,200,200,200,200,200,200,200,200,200,200,449.73999023438,449.82998657227,449.82998657227,449.85000610352,449.92001342773,449.89999389648,449.86999511719,449.89999389648,449.95999145508,450.01000976563,450.01000976563,449.92999267578,450,449.95999145508,450.01000976563,449.88000488281,34.054000854492,29.875999450684,32.119998931885,28.903999328613,35.442001342773,32.051998138428,38.731998443604,32.111999511719,39.518001556396,32.987998962402,29.697999954224,35.82799911499,76.767997741699,32.391998291016,34.203998565674,33.923999786377,0,0,0,0,0,0,0,0,0,0,0,0,0,0,0,0,0
2018.07.30 16:40:51.038,#M,474.83999633789,474.70999145508,474.64999389648,474.7200012207,474.86999511719,474.92999267578,474.94000244141,474.85000610352,475.70001220703,474.94000244141,475,474.7799987793,475.07000732422,474.9700012207,474.95999145508,474.76998901367,34.588001251221,30.378000259399,32.619998931885,29.388000488281,36.226001739502,32.602001190186,39.68399810791,32.715999603271,41.832000732422,33.574001312256,30.156000137329,36.42200088501,91.98999786377,32.891998291016,34.757999420166,34.590000152588,0,0,0,0,0,0,0,0,0,0,0,0,0,0,0,0,0
2018.07.30 16:41:01.039,#M,474.82000732422,474.88000488281,474.76998901367,474.79000854492,474.86999511719,474.85998535156,474.98999023438,474.85000610352,474.95999145508,474.94000244141,474.95999145508,474.83999633789,475.07000732422,474.94000244141,475.01998901367,474.85998535156,34.583999633789,30.379999160767,32.618000030518,29.368000030518,36.22200012207,32.608001708984,39.67200088501,32.692001342773,41.872001647949,33.569999694824,30.139999389648,36.389999389648,92.008003234863,32.874000549316,34.754001617432,34.59400177002,0,0,0,0,0,0,0,0,0,0,0,0,0,0,0,0,0
2018.07.30 16:41:11.031,#M,474.79998779297,474.79998779297,474.76998901367,474.75,474.79998779297,474.86999511719,474.98999023438,474.82998657227,475.11999511719,474.95001220703,474.98999023438,474.86999511719,475.05999755859,474.91000366211,474.98001098633,474.85000610352,34.585998535156,30.385999679565,32.59400177002,29.357999801636,36.22200012207,32.59400177002,39.667999267578,32.68399810791,41.869998931885,33.555999755859,30.121999740601,36.380001068115,92.022003173828,32.868000030518,34.737998962402,34.583999633789,0,0,0,0,0,0,0,0,0,0,0,0,0,0,0,0,0
2018.07.30 16:41:15.207,#13,500,500,500,500,500,500,500,500,500,500,500,500,500,500,500,500,200,200,200,200,200,200,200,200,200,200,200,200,200,200,200,200,474.7799987793,474.80999755859,474.76000976563,474.79000854492,474.79000854492,474.89001464844,474.95999145508,474.83999633789,475.04000854492,474.9700012207,475.01000976563,474.88000488281,475.04998779297,474.91000366211,475.01000976563,474.83999633789,34.585998535156,30.388000488281,32.590000152588,29.357999801636,36.220001220703,32.591999053955,39.666000366211,32.681999206543,41.863998413086,33.534000396729,30.115999221802,36.375999450684,92.02799987793,32.860000610352,34.728000640869,34.580001831055,0,0,0,0,0,0,0,0,0,0,0,0,0,0,0,0,0
2018.07.30 16:41:25.039,#M,499.76998901367,500.11999511719,499.76998901367,499.95999145508,499.64001464844,500.05999755859,499.82000732422,499.92001342773,500.11999511719,499.95001220703,499.92001342773,499.86999511719,500.08999633789,499.89001464844,500.07998657227,499.88000488281,35.212001800537,31.010000228882,33.220001220703,29.857999801636,37.318000793457,33.164001464844,40.689998626709,33.347999572754,44.507999420166,34.167999267578,30.57200050354,37.02799987793,108.30000305176,33.411998748779,35.358001708984,35.324001312256,0,0,0,0,0,0,0,0,0,0,0,0,0,0,0,0,0
2018.07.30 16:41:35.036,#M,499.73001098633,499.7200012207,499.76998901367,499.82000732422,499.82998657227,499.94000244141,499.83999633789,499.88000488281,500.10000610352,500.0299987793,500.01998901367,499.82998657227,500.07000732422,499.89999389648,500.07000732422,499.94000244141,35.217998504639,31.038000106812,33.212001800537,29.884000778198,37.291999816895,33.192001342773,40.695999145508,33.335998535156,44.529998779297,34.17200088501,30.569999694824,37.032001495361,108.31199645996,33.389999389648,35.340000152588,35.305999755859,0,0,0,0,0,0,0,0,0,0,0,0,0,0,0,0,0
2018.07.30 16:41:45.041,#M,499.7799987793,499.85998535156,499.82998657227,499.79000854492,499.79998779297,499.95999145508,499.82998657227,499.82000732422,500.10000610352,499.94000244141,500.01000976563,499.83999633789,500.07000732422,499.92999267578,500.04000854492,499.92001342773,35.212001800537,31.045999526978,33.206001281738,29.892000198364,37.282001495361,33.201999664307,40.701999664307,33.340000152588,44.529998779297,34.178001403809,30.576000213623,37.034000396729,108.33799743652,33.38399887085,35.35599899292,35.298000335693,0,0,0,0,0,0,0,0,0,0,0,0,0,0,0,0,0
2018.07.30 16:41:47.204,#14,550,550,550,550,550,550,550,550,500,550,550,550,500,550,550,550,200,200,200,200,200,200,200,200,200,200,200,200,200,200,200,200,499.7799987793,499.82000732422,499.79998779297,499.79998779297,499.76000976563,499.98999023438,499.82998657227,499.82000732422,500.10000610352,499.92999267578,500.01000976563,499.83999633789,500.10000610352,499.94000244141,500.04998779297,499.95001220703,35.209999084473,31.04400062561,33.203998565674,29.895999908447,37.279998779297,33.203998565674,40.700000762939,33.341999053955,44.532001495361,34.186000823975,30.576000213623,37.034000396729,108.34799957275,33.38399887085,35.35599899292,35.298000335693,0,0,0,0,0,0,0,0,0,0,0,0,0,0,0,0,0
2018.07.30 16:41:57.033,#M,549.75,549.78002929688,549.77001953125,549.78997802734,549.88000488281,549.88000488281,549.95001220703,549.82000732422,500.10000610352,549.98999023438,549.70001220703,549.90997314453,500.07998657227,550.07000732422,550.07000732422,549.95001220703,37.282001495361,32.554000854492,34.571998596191,31.148000717163,39.534000396729,34.756000518799,42.902000427246,34.86600112915,44.554000854492,35.810001373291,31.635999679565,38.81600189209,108.34999847412,34.604000091553,36.93399810791,36.928001403809,0,0,0,0,0,0,0,0,0,0,0,0,0,0,0,0,0
2018.07.30 16:42:07.043,#M,549.72998046875,549.78002929688,549.78002929688,549.78997802734,549.88000488281,549.90002441406,549.78002929688,549.82000732422,500.10000610352,550.02001953125,549.90002441406,549.75,500.0299987793,549.84997558594,550.01000976563,549.90997314453,37.262001037598,32.537998199463,34.583999633789,31.153999328613,39.521999359131,34.770000457764,42.919998168945,34.847999572754,44.576000213623,35.840000152588,31.625999450684,38.819999694824,108.36599731445,34.57799911499,36.903999328613,36.914001464844,0,0,0,0,0,0,0,0,0,0,0,0,0,0,0,0,0
2018.07.30 16:42:17.042,#M,549.77001953125,549.78997802734,549.78997802734,549.79998779297,549.88000488281,549.89001464844,549.88000488281,549.82000732422,500.08999633789,550,549.91998291016,549.89001464844,500,549.92999267578,550.07000732422,549.91998291016,37.265998840332,32.543998718262,34.57799911499,31.158000946045,39.521999359131,34.776000976563,42.919998168945,34.85599899292,44.585998535156,35.854000091553,31.628000259399,38.841999053955,108.37999725342,34.583999633789,36.903999328613,36.909999847412,0,0,0,0,0,0,0,0,0,0,0,0,0,0,0,0,0
2018.07.30 16:42:22.203,#15,600,600,600,600,600,600,600,600,500,600,600,600,500,600,600,600,200,200,200,200,200,200,200,200,200,200,200,200,200,200,200,200,549.75,549.79998779297,549.78997802734,549.79998779297,549.88000488281,549.88000488281,549.88000488281,549.84997558594,500.08999633789,550.01000976563,549.92999267578,549.86999511719,499.9700012207,549.94000244141,550.07000732422,549.91998291016,37.268001556396,32.546001434326,34.574001312256,31.162000656128,39.521999359131,34.776000976563,42.919998168945,34.863998413086,44.585998535156,35.85599899292,31.629999160767,38.841999053955,108.37799835205,34.583999633789,36.908000946045,36.911998748779,0,0,0,0,0,0,0,0,0,0,0,0,0,0,0,0,0
2018.07.30 16:42:32.037,#M,599.78002929688,599.73999023438,599.89001464844,599.84997558594,599.94000244141,599.90002441406,599.88000488281,599.85998535156,500.10998535156,599.96002197266,600.05999755859,599.90997314453,500.01998901367,599.89001464844,600.09002685547,600.03997802734,39.071998596191,34.068000793457,36.25,32.765998840332,41.723999023438,36.608001708984,45.380001068115,36.318000793457,44.585998535156,37.689998626709,33.049999237061,41.17200088501,108.37200164795,35.987998962402,38.714000701904,38.608001708984,0,0,0,0,0,0,0,0,0,0,0,0,0,0,0,0,0
2018.07.30 16:42:42.036,#M,599.78997802734,599.77001953125,599.88000488281,599.86999511719,599.96002197266,599.90997314453,599.90997314453,599.88000488281,500.10998535156,599.96002197266,599.97998046875,599.92999267578,500.05999755859,599.95001220703,600.04998779297,600.02001953125,39.082000732422,34.060001373291,36.237998962402,32.787998199463,41.698001861572,36.627998352051,45.389999389648,36.380001068115,44.597999572754,37.680000305176,33.040000915527,41.203998565674,108.37599945068,35.995998382568,38.731998443604,38.619998931885,0,0,0,0,0,0,0,0,0,0,0,0,0,0,0,0,0
2018.07.30 16:42:52.042,#M,599.78997802734,599.78002929688,599.88000488281,599.86999511719,599.96997070313,599.90997314453,599.90997314453,599.88000488281,500.10998535156,599.96002197266,600,599.92999267578,500.14999389648,599.91998291016,600.05999755859,600.02001953125,39.074001312256,34.071998596191,36.256000518799,32.77799987793,41.706001281738,36.610000610352,45.39400100708,36.386001586914,44.602001190186,37.680000305176,33.049999237061,41.223999023438,108.37799835205,35.990001678467,38.742000579834,38.619998931885,0,0,0,0,0,0,0,0,0,0,0,0,0,0,0,0,0
2018.07.30 16:42:58.197,#16,650,650,650,650,650,650,650,650,500,650,650,650,500,650,650,650,200,200,200,200,200,200,200,200,200,200,200,200,200,200,200,200,599.80999755859,599.78002929688,599.88000488281,599.86999511719,599.96997070313,599.90002441406,599.90997314453,599.88000488281,500.10998535156,599.96002197266,600.01000976563,599.92999267578,500.13000488281,599.94000244141,600.04998779297,600.01000976563,39.069999694824,34.07799911499,36.257999420166,32.77799987793,41.709999084473,36.618000030518,45.40599822998,36.389999389648,44.610000610352,37.68399810791,33.055999755859,41.229999542236,108.38400268555,35.990001678467,38.75,38.624000549316,0,0,0,0,0,0,0,0,0,0,0,0,0,0,0,0,0
2018.07.30 16:43:08.038,#M,649.89001464844,649.84997558594,649.92999267578,649.90002441406,649.91998291016,650,649.98999023438,649.97998046875,500.10000610352,650.07000732422,649.98999023438,649.92999267578,500.01000976563,649.92999267578,649.98999023438,650.01000976563,41.282001495361,35.757999420166,38.104000091553,34.476001739502,43.875999450684,38.958000183105,47.728000640869,38.012001037598,44.608001708984,39.652000427246,34.658000946045,43.631999969482,108.37999725342,37.653999328613,40.776000976563,40.389999389648,0,0,0,0,0,0,0,0,0,0,0,0,0,0,0,0,0
2018.07.30 16:43:18.043,#M,649.86999511719,649.82000732422,649.90997314453,649.83001708984,649.90997314453,649.97998046875,650.01000976563,649.98999023438,500.10998535156,650.04998779297,650.02001953125,649.92999267578,500.14001464844,649.86999511719,650.03002929688,649.97998046875,41.282001495361,35.740001678467,38.113998413086,34.588001251221,43.85599899292,38.951999664307,47.762001037598,37.990001678467,44.610000610352,39.72200012207,34.624000549316,43.63399887085,108.39399719238,37.653999328613,40.785999298096,40.391998291016,0,0,0,0,0,0,0,0,0,0,0,0,0,0,0,0,0
2018.07.30 16:43:28.035,#M,649.86999511719,649.82000732422,649.90002441406,649.84002685547,649.90002441406,649.98999023438,650.01000976563,649.97998046875,500.10000610352,650.03997802734,650.02001953125,649.92999267578,499.98999023438,649.85998535156,650.02001953125,649.97998046875,41.304000854492,35.736000061035,38.139999389648,34.625999450684,43.852001190186,38.937999725342,47.776000976563,37.995998382568,44.618000030518,39.715999603271,34.627998352051,43.653999328613,108.39399719238,37.67200088501,40.791999816895,40.391998291016,0,0,0,0,0,0,0,0,0,0,0,0,0,0,0,0,0
2018.07.30 16:43:34.201,#17,700,700,700,700,700,700,700,700,500,700,700,700,500,700,700,700,200,200,200,200,200,200,200,200,200,200,200,200,200,200,200,200,649.86999511719,649.82000732422,649.90002441406,649.84002685547,649.90002441406,649.97998046875,650.01000976563,649.97998046875,500.10998535156,650.03997802734,650.01000976563,649.94000244141,500,649.86999511719,650.02001953125,649.98999023438,41.31600189209,35.740001678467,38.158000946045,34.650001525879,43.858001708984,38.948001861572,47.791999816895,37.993999481201,44.625999450684,39.717998504639,34.630001068115,43.653999328613,108.40200042725,37.680000305176,40.799999237061,40.402000427246,0,0,0,0,0,0,0,0,0,0,0,0,0,0,0,0,0
2018.07.30 16:43:44.041,#M,699.88000488281,699.78997802734,699.96997070313,699.89001464844,699.95001220703,700.02001953125,699.88000488281,699.89001464844,500.10000610352,700.07000732422,700.09002685547,699.95001220703,499.91000366211,699.88000488281,700.11999511719,700.09997558594,43.319999694824,37.360000610352,40.159999847412,36.450000762939,45.984001159668,41.495998382568,49.812000274658,39.641998291016,44.622001647949,41.863998413086,36.416000366211,45.768001556396,108.38600158691,40.372001647949,42.880001068115,42.245998382568,0,0,0,0,0,0,0,0,0,0,0,0,0,0,0,0,0
2018.07.30 16:43:54.044,#M,699.91998291016,699.79998779297,699.96997070313,699.89001464844,699.92999267578,700,699.89001464844,699.86999511719,500.11999511719,700.07000732422,700.09002685547,699.96997070313,500.08999633789,699.86999511719,700.11999511719,700.03997802734,43.335998535156,37.391998291016,40.147998809814,36.451999664307,45.962001800537,41.513999938965,49.852001190186,39.631999969482,44.63399887085,41.881999969482,36.445999145508,45.782001495361,108.39600372314,40.347999572754,42.872001647949,42.273998260498,0,0,0,0,0,0,0,0,0,0,0,0,0,0,0,0,0
2018.07.30 16:44:04.036,#M,699.90002441406,699.80999755859,699.97998046875,699.90002441406,699.94000244141,700.01000976563,699.88000488281,699.86999511719,500.10998535156,700.08001708984,700.09997558594,699.96997070313,500.04998779297,699.86999511719,700.10998535156,700.03997802734,43.346000671387,37.40599822998,40.161998748779,36.428001403809,45.97200012207,41.534000396729,49.854000091553,39.638000488281,44.64400100708,41.902000427246,36.43399810791,45.793998718262,108.40399932861,40.380001068115,42.881999969482,42.304000854492,0,0,0,0,0,0,0,0,0,0,0,0,0,0,0,0,0
2018.07.30 16:44:10.205,#18,750,750,750,750,750,750,750,750,500,750,750,750,500,750,750,750,200,200,200,200,200,200,200,200,200,200,200,200,200,200,200,200,699.90002441406,699.79998779297,699.97998046875,699.89001464844,699.94000244141,700.01000976563,699.88000488281,699.86999511719,500.10998535156,700.08001708984,700.09997558594,699.96997070313,500.11999511719,699.89001464844,700.09997558594,700.04998779297,43.34400177002,37.409999847412,40.169998168945,36.442001342773,45.978000640869,41.540000915527,49.85599899292,39.645999908447,44.652000427246,41.911998748779,36.445999145508,45.805999755859,108.41000366211,40.40599822998,42.880001068115,42.319999694824,0,0,0,0,0,0,0,0,0,0,0,0,0,0,0,0,0
2018.07.30 16:44:20.043,#M,749.90997314453,749.85998535156,750.02001953125,749.88000488281,749.95001220703,750.04998779297,749.91998291016,749.84997558594,500.10000610352,750.10998535156,750.15002441406,750.02001953125,500.04998779297,749.90002441406,750.05999755859,750,45.119998931885,39.15599822998,42.060001373291,38.340000152588,47.993999481201,43.613998413086,52.080001831055,41.409999847412,44.659999847412,44.430000305176,38.619998931885,48.874000549316,108.40799713135,42.313999176025,44.723999023438,44.368000030518,0,0,0,0,0,0,0,0,0,0,0,0,0,0,0,0,0
2018.07.30 16:44:30.040,#M,749.88000488281,749.84002685547,749.98999023438,749.90002441406,749.94000244141,750.02001953125,749.90002441406,749.84997558594,500.08999633789,750.09997558594,750.14001464844,750.01000976563,500.04000854492,749.91998291016,750.07000732422,750.05999755859,45.159999847412,39.189998626709,42.125999450684,38.32799911499,47.950000762939,43.554000854492,52.096000671387,41.428001403809,44.659999847412,44.473999023438,38.618000030518,48.880001068115,108.41600036621,42.273998260498,44.762001037598,44.358001708984,0,0,0,0,0,0,0,0,0,0,0,0,0,0,0,0,0
2018.07.30 16:44:40.037,#M,749.88000488281,749.84997558594,750,749.90997314453,749.92999267578,750.01000976563,749.90002441406,749.85998535156,500.10998535156,750.10998535156,750.15002441406,750,500.04000854492,749.91998291016,750.07000732422,750.03997802734,45.147998809814,39.181999206543,42.152000427246,38.338001251221,47.937999725342,43.576000213623,52.113998413086,41.417999267578,44.667999267578,44.481998443604,38.630001068115,48.914001464844,108.41400146484,42.293998718262,44.756000518799,44.38399887085,0,0,0,0,0,0,0,0,0,0,0,0,0,0,0,0,0
2018.07.30 16:44:46.202,#19,800,800,800,800,800,800,800,800,500,800,800,800,500,800,800,800,200,200,200,200,200,200,200,200,200,200,200,200,200,200,200,200,749.88000488281,749.84997558594,750,749.91998291016,749.94000244141,750,749.90002441406,749.85998535156,500.08999633789,750.09997558594,750.15002441406,750,500.05999755859,749.91998291016,750.05999755859,750.04998779297,45.150001525879,39.18399810791,42.169998168945,38.346000671387,47.923999786377,43.57799911499,52.131999969482,41.403999328613,44.666000366211,44.492000579834,38.63399887085,48.931999206543,108.41799926758,42.305999755859,44.737998962402,44.389999389648,0,0,0,0,0,0,0,0,0,0,0,0,0,0,0,0,0
2018.07.30 16:44:56.036,#M,799.88000488281,799.91998291016,800.03002929688,799.92999267578,799.94000244141,799.98999023438,799.95001220703,799.88000488281,500.10000610352,800.11999511719,800.09002685547,800.02001953125,500.04998779297,800.05999755859,800.08001708984,800.09997558594,46.734001159668,41.270000457764,43.903999328613,40.104000091553,49.785999298096,46.175998687744,54.875999450684,43.085998535156,44.658000946045,48.310001373291,40.068000793457,51.888000488281,108.41200256348,43.801998138428,46.437999725342,46.52799987793,0,0,0,0,0,0,0,0,0,0,0,0,0,0,0,0,0
2018.07.30 16:45:06.037,#M,799.84997558594,799.91998291016,800.03002929688,799.91998291016,799.95001220703,800,799.97998046875,799.84997558594,500.10998535156,800.13000488281,800.10998535156,800.01000976563,500.04000854492,800,800.04998779297,800.07000732422,46.745998382568,41.307998657227,43.889999389648,40.091999053955,49.751998901367,46.122001647949,54.889999389648,43.082000732422,44.664001464844,48.338001251221,40.060001373291,51.881999969482,108.40799713135,43.801998138428,46.462001800537,46.512001037598,0,0,0,0,0,0,0,0,0,0,0,0,0,0,0,0,0
2018.07.30 16:45:16.044,#M,799.86999511719,799.91998291016,800.02001953125,799.92999267578,799.95001220703,800.02001953125,799.96997070313,799.84997558594,500.10998535156,800.10998535156,800.11999511719,800.02001953125,500.04998779297,799.98999023438,800.04998779297,800.07000732422,46.765998840332,41.312000274658,43.881999969482,40.099998474121,49.75,46.102001190186,54.897998809814,43.085998535156,44.650001525879,48.349998474121,40.06600189209,51.004001617432,108.41000366211,43.81600189209,46.465999603271,46.532001495361,0,0,0,0,0,0,0,0,0,0,0,0,0,0,0,0,0
2018.07.30 16:45:20.147,#0,800,800,800,800,800,800,800,800,500,800,800,800,500,800,800,800,200,200,200,200,200,200,200,200,200,200,200,200,200,200,200,200,799.88000488281,799.90997314453,800.01000976563,799.92999267578,799.95001220703,800.02001953125,799.96002197266,799.84997558594,500.10998535156,800.10998535156,800.10998535156,800.03002929688,500.0299987793,799.97998046875,800.04998779297,800.09002685547,46.779998779297,41.305999755859,43.88399887085,40.096000671387,49.734001159668,46.102001190186,54.900001525879,43.091999053955,44.638000488281,48.35599899292,40.080001831055,50.819999694824,108.41200256348,43.813999176025,46.451999664307,46.541999816895,0,0,0,0,0,0,0,0,0,0,0,0,0,0,0,0,0

2018.07.30 16:45:20.179,SCAN Finished with result COMPLETED OK! ;
