2018.06.26 10:10:37.359,Scan triggered MANUALLY from Panel with mode Forced Enable =  FALSE
2018.06.26 10:10:37.385,Configuration used for Scan: PLT HV SCAN

2018.06.26 10:10:37.399,HpFT0,HpFT1,HpFT2,HpFT3,HpNT0,HpNT1,HpNT2,HpNT3,HmFT0,HmFT1,HmFT2,HmFT3,HmNT0,HmNT1,HmNT2,HmNT3
2018.06.26 10:10:37.413,#channels,v0,v1,i0,i1,rUp,rDwn,triptime,vMaxSoftValue,vMon,iMon,DIP(telescope+instLumi)
2018.06.26 10:10:37.427,16,1,0,1,0,0,0,0,0,1,1,1
2018.06.26 10:10:37.591,#1,50,50,50,50,50,50,50,50,50,50,50,50,50,50,50,50,200,200,200,200,200,200,200,200,200,200,200,200,200,200,200,200,799.95001220703,799.96002197266,800.09002685547,799.96002197266,800.03002929688,800.09002685547,800.01000976563,799.90002441406,500.14001464844,800.20001220703,800.20001220703,800.04998779297,500.07000732422,800.03997802734,800.15002441406,800.19000244141,59.757999420166,59.291999816895,63.543998718262,61.520000457764,63.178001403809,67.097999572754,70.101997375488,61.736000061035,57.159999847412,65.321998596191,53.110000610352,67.531997680664,100.7440032959,58.84400177002,60.203998565674,62.532001495361,0,0,0,0,0,0,0,0,0,0,0,0,0,0,0,0,982.55065917969
2018.06.26 10:10:47.032,#M,601.59002685547,602.53002929688,604,604.83001708984,606.32000732422,607.33001708984,608.86999511719,609.64001464844,306.26000976563,607.39001464844,608.85998535156,609.73999023438,311.05999755859,612.21997070313,613.69000244141,614.90002441406,49.751998901367,45.576000213623,48.942001342773,46.296001434326,52.304000854492,49.81600189209,55.571998596191,48.032001495361,32.124000549316,49.043998718262,42.978000640869,55.125999450684,39.35599899292,46.07799911499,49.967998504639,50.863998413086,0,0,0,0,0,0,0,0,0,0,0,0,0,0,0,0,967.95141601563
2018.06.26 10:10:57.027,#M,352.23001098633,352.85000610352,354.51000976563,355.2200012207,356.55999755859,357.60998535156,359.41000366211,360.11999511719,56.860000610352,357.89001464844,359.32000732422,360.17001342773,61.220001220703,362.54998779297,364.14001464844,365.38000488281,34.029998779297,30.785999298096,32.102001190186,30.218000411987,37.576000213623,34.220001220703,39.479999542236,32.995998382568,5.1999998092651,33.591999053955,29.451999664307,36.080001831055,6.1020002365112,32.580001831055,34.498001098633,36.131999969482,0,0,0,0,0,0,0,0,0,0,0,0,0,0,0,0,860.58782958984
2018.06.26 10:11:07.027,#M,102.69999694824,103,105.26999664307,105.38999938965,106.87000274658,107.51999664307,109.91000366211,110.16000366211,49.759998321533,107.7200012207,109.31999969482,110.26999664307,49.75,113.15000152588,114.41000366211,116.04000091553,6.8499999046326,7.0960001945496,7.0599999427795,7.0739998817444,7.1440000534058,7.2620000839233,7.6719999313354,7.9439997673035,6.5720000267029,7.0359997749329,6.9219999313354,7.2540001869202,7.2179999351501,7.228000164032,7.2179999351501,8.0279998779297,0,0,0,0,0,0,0,0,0,0,0,0,0,0,0,0,64.840492248535
2018.06.26 10:11:17.025,#M,49.360000610352,49.549999237061,49.459999084473,49.080001831055,49.540000915527,49.369998931885,49.810001373291,49.689998626709,49.819999694824,50.200000762939,49.720001220703,49.650001525879,49.799999237061,49.659999847412,49.720001220703,50.470001220703,5.0339999198914,4.8280000686646,4.9539999961853,4.7540001869202,4.9699997901917,4.8619999885559,5.2919998168945,4.9099998474121,7.3039999008179,4.8460001945496,4.6020002365112,4.9980001449585,7.8959999084473,4.7220001220703,4.7760000228882,5.0320000648499,0,0,0,0,0,0,0,0,0,0,0,0,0,0,0,0,0.32345199584961
2018.06.26 10:11:27.034,#M,49.490001678467,49.430000305176,49.689998626709,49.369998931885,49.580001831055,49.409999847412,49.779998779297,49.650001525879,49.810001373291,49.909999847412,49.75,49.639999389648,49.830001831055,49.779998779297,49.720001220703,50.110000610352,5.1119999885559,4.8979997634888,5.0260000228882,4.8480000495911,5.0539999008179,4.941999912262,5.3619999885559,4.981999874115,7.438000202179,4.9039998054504,4.6779999732971,5.0799999237061,7.9980001449585,4.8020000457764,4.8579998016357,5.1119999885559,0,0,0,0,0,0,0,0,0,0,0,0,0,0,0,0,0.39692217111588
2018.06.26 10:11:37.035,#M,49.529998779297,49.459999084473,49.740001678467,49.569999694824,49.569999694824,49.419998168945,49.759998321533,49.659999847412,49.830001831055,49.939998626709,49.799999237061,49.639999389648,49.830001831055,49.799999237061,49.740001678467,49.930000305176,5.1799998283386,4.9679999351501,5.0920000076294,4.9120001792908,5.1300001144409,5.0100002288818,5.4299998283386,5.0539999008179,7.4539999961853,4.9699997901917,4.7459998130798,5.1500000953674,7.9920001029968,4.8699998855591,4.9279999732971,5.188000202179,0,0,0,0,0,0,0,0,0,0,0,0,0,0,0,0,0.40602687001228
2018.06.26 10:11:47.033,#M,49.580001831055,49.470001220703,49.759998321533,49.810001373291,49.590000152588,49.439998626709,49.75,49.659999847412,49.810001373291,49.930000305176,49.779998779297,49.639999389648,49.840000152588,49.840000152588,49.740001678467,49.889999389648,5.2239999771118,5.0120000839233,5.1319999694824,4.9520001411438,5.1779999732971,5.0560002326965,5.478000164032,5.0980000495911,7.441999912262,5.0139999389648,4.7919998168945,5.1939997673035,7.9739999771118,4.9159998893738,4.9739999771118,5.228000164032,0,0,0,0,0,0,0,0,0,0,0,0,0,0,0,0,0.43063315749168
2018.06.26 10:11:57.025,#M,49.590000152588,49.470001220703,49.709999084473,49.630001068115,49.580001831055,49.439998626709,49.759998321533,49.669998168945,49.869998931885,49.840000152588,49.759998321533,49.659999847412,49.849998474121,49.860000610352,49.75,49.959999084473,5.2560000419617,5.0419998168945,5.1659998893738,4.9879999160767,5.2080001831055,5.0879998207092,5.5079998970032,5.1300001144409,7.438000202179,5.0479998588562,4.8239998817444,5.2259998321533,7.9559998512268,4.9479999542236,5.0040001869202,5.2480001449585,0,0,0,0,0,0,0,0,0,0,0,0,0,0,0,0,0.45898425579071
2018.06.26 10:12:07.025,#M,49.580001831055,49.459999084473,49.779998779297,49.360000610352,49.580001831055,49.409999847412,49.770000457764,49.669998168945,49.860000610352,49.919998168945,49.770000457764,49.630001068115,49.849998474121,49.849998474121,49.759998321533,49.819999694824,5.2800002098083,5.0640001296997,5.1939997673035,4.9959998130798,5.2340002059937,5.1079998016357,5.5300002098083,5.1500000953674,7.4320001602173,5.0659999847412,4.8499999046326,5.2480001449585,7.9439997673035,4.9699997901917,5.0279998779297,5.2740001678467,0,0,0,0,0,0,0,0,0,0,0,0,0,0,0,0,0.46175023913383
2018.06.26 10:12:10.132,#2,100,100,100,100,100,100,100,100,100,100,100,100,100,100,100,100,200,200,200,200,200,200,200,200,200,200,200,200,200,200,200,200,49.580001831055,49.450000762939,49.75,49.319999694824,49.590000152588,49.419998168945,49.770000457764,49.669998168945,49.830001831055,49.959999084473,49.790000915527,49.650001525879,49.849998474121,49.849998474121,49.75,49.849998474121,5.2839999198914,5.0659999847412,5.1960000991821,5.0019998550415,5.2379999160767,5.1100001335144,5.5320000648499,5.1539998054504,7.4320001602173,5.0739998817444,4.8540000915527,5.2519998550415,7.941999912262,4.9739999771118,5.0320000648499,5.2779998779297,0,0,0,0,0,0,0,0,0,0,0,0,0,0,0,0,0.46676236391068
2018.06.26 10:12:20.030,#M,99.620002746582,99.519996643066,99.73999786377,100,99.709999084473,100.26000213623,99.940002441406,99.73999786377,100.12999725342,99.879997253418,99.699996948242,99.650001525879,99.75,99.76000213623,99.779998779297,99.839996337891,10.340000152588,10.053999900818,10.227999687195,9.9079999923706,10.321999549866,10.060000419617,10.85000038147,10.161999702454,14.300000190735,9.9700002670288,9.5939998626709,10.378000259399,15.826000213623,9.9440002441406,10.031999588013,10.543999671936,0,0,0,0,0,0,0,0,0,0,0,0,0,0,0,0,77.015937805176
2018.06.26 10:12:30.033,#M,99.559997558594,99.519996643066,99.769996643066,99.779998779297,99.669998168945,100.2200012207,99.830001831055,99.720001220703,100.19000244141,99.860000610352,99.769996643066,99.669998168945,99.800003051758,99.809997558594,99.769996643066,99.919998168945,10.128000259399,9.8920001983643,10.052000045776,9.7320003509521,10.114000320435,9.8599996566772,10.605999946594,10.005999565125,14.178000450134,9.7840003967285,9.4160003662109,10.156000137329,15.670000076294,9.7399997711182,9.8159999847412,10.315999984741,0,0,0,0,0,0,0,0,0,0,0,0,0,0,0,0,64.241271972656
2018.06.26 10:12:40.030,#M,99.569999694824,99.519996643066,99.730003356934,99.629997253418,99.639999389648,100.16999816895,99.800003051758,99.690002441406,100.44999694824,99.809997558594,99.75,99.709999084473,99.790000915527,99.830001831055,99.790000915527,99.910003662109,9.9200000762939,9.706000328064,9.8380002975464,9.5620002746582,9.8999996185303,9.6759996414185,10.368000030518,9.8280000686646,14.053999900818,9.576000213623,9.2159996032715,9.9180002212524,15.515999794006,9.5200004577637,9.5860004425049,10.060000419617,0,0,0,0,0,0,0,0,0,0,0,0,0,0,0,0,57.247673034668
2018.06.26 10:12:50.036,#M,99.569999694824,99.529998779297,99.730003356934,99.73999786377,99.660003662109,100.26000213623,99.790000915527,99.680000305176,100.44000244141,99.809997558594,99.75,99.720001220703,99.839996337891,99.830001831055,99.819999694824,99.919998168945,9.7299995422363,9.5340003967285,9.6540002822876,9.3900003433228,9.706000328064,9.4980001449585,10.154000282288,9.6660003662109,13.949999809265,9.3920001983643,9.0419998168945,9.7080001831055,15.390000343323,9.3219995498657,9.3819999694824,9.8439998626709,0,0,0,0,0,0,0,0,0,0,0,0,0,0,0,0,51.690731048584
2018.06.26 10:13:00.031,#M,99.599998474121,99.540000915527,99.779998779297,99.75,99.669998168945,100.36000061035,99.790000915527,99.699996948242,100.30000305176,99.860000610352,99.769996643066,99.720001220703,99.870002746582,99.779998779297,99.830001831055,99.900001525879,9.5780000686646,9.3999996185303,9.5059995651245,9.2580003738403,9.5520000457764,9.3680000305176,9.9860000610352,9.539999961853,13.895999908447,9.2440004348755,8.9020004272461,9.5419998168945,15.293999671936,9.1639995574951,9.2220001220703,9.6700000762939,0,0,0,0,0,0,0,0,0,0,0,0,0,0,0,0,48.236835479736
2018.06.26 10:13:10.033,#M,99.610000610352,99.540000915527,99.779998779297,99.870002746582,99.639999389648,100.11000061035,99.809997558594,99.720001220703,100.43000030518,99.879997253418,99.76000213623,99.709999084473,99.830001831055,99.809997558594,99.830001831055,99.940002441406,9.4619998931885,9.293999671936,9.3879995346069,9.1379995346069,9.4280004501343,9.2779998779297,9.8439998626709,9.4300003051758,13.840000152588,9.1260004043579,8.7880001068115,9.4139995574951,15.220000267029,9.0419998168945,9.0939998626709,9.5380001068115,0,0,0,0,0,0,0,0,0,0,0,0,0,0,0,0,45.266742706299
2018.06.26 10:13:15.132,#3,150,150,150,150,150,150,150,150,150,150,150,150,150,150,150,150,200,200,200,200,200,200,200,200,200,200,200,200,200,200,200,200,99.610000610352,99.540000915527,99.790000915527,99.790000915527,99.639999389648,100.05000305176,99.800003051758,99.720001220703,100.75,99.919998168945,99.779998779297,99.720001220703,99.830001831055,99.819999694824,99.819999694824,99.919998168945,9.4160003662109,9.253999710083,9.3420000076294,9.1059999465942,9.3800001144409,9.2259998321533,9.8020000457764,9.3979997634888,13.815999984741,9.0880002975464,8.7519998550415,9.3719997406006,15.199999809265,9.0019998550415,9.0520000457764,9.496000289917,0,0,0,0,0,0,0,0,0,0,0,0,0,0,0,0,43.797908782959
2018.06.26 10:13:25.032,#M,149.69999694824,149.86999511719,149.80999755859,149.61000061035,150.21000671387,149.66000366211,150.89999389648,150.96000671387,149.88000488281,150.08999633789,150.64999389648,150.00999450684,149.75,149.80000305176,149.97999572754,149.91999816895,14.432000160217,14.307999610901,14.402000427246,14.107999801636,14.522000312805,14.263999938965,15.062000274658,14.545999526978,20.059999465942,14.076000213623,13.593999862671,14.548000335693,22.648000717163,14.079999923706,14.095999717712,14.934000015259,0,0,0,0,0,0,0,0,0,0,0,0,0,0,0,0,311.23257446289
2018.06.26 10:13:35.033,#M,149.69000244141,149.66999816895,150.16000366211,149.41999816895,150.64999389648,149.86000061035,151.10000610352,150.44000244141,149.80000305176,150.17999267578,150.38000488281,149.86999511719,150,149.94000244141,149.72999572754,150.00999450684,14.178000450134,14.067999839783,14.144000053406,13.864000320435,14.189999580383,13.930000305176,14.739999771118,14.305999755859,20.013999938965,13.748000144958,13.291999816895,14.182000160217,22.506000518799,13.748000144958,13.74199962616,14.571999549866,0,0,0,0,0,0,0,0,0,0,0,0,0,0,0,0,293.68695068359
2018.06.26 10:13:45.032,#M,149.69000244141,149.71000671387,150.2200012207,149.2200012207,150.7799987793,149.78999328613,150.89999389648,150.53999328613,149.80000305176,149.91999816895,150.46000671387,149.83000183105,149.96000671387,149.83999633789,149.83999633789,149.97999572754,13.881999969482,13.826000213623,13.878000259399,13.607999801636,13.904000282288,13.684000015259,14.428000450134,14.102000236511,19.940000534058,13.477999687195,13.038000106812,13.873999595642,22.389999389648,13.454000473022,13.439999580383,14.253999710083,0,0,0,0,0,0,0,0,0,0,0,0,0,0,0,0,282.97229003906
2018.06.26 10:13:55.032,#M,149.7200012207,149.69999694824,150.24000549316,149.19999694824,150.61000061035,149.83999633789,151.02000427246,150.5299987793,149.83000183105,150.00999450684,150.58000183105,149.80999755859,149.94000244141,149.86000061035,149.80999755859,149.9700012207,13.640000343323,13.619999885559,13.644000053406,13.376000404358,13.652000427246,13.460000038147,14.156000137329,13.918000221252,19.874000549316,13.225999832153,12.807999610901,13.588000297546,22.305999755859,13.192000389099,13.163999557495,13.973999977112,0,0,0,0,0,0,0,0,0,0,0,0,0,0,0,0,272.45230102539
2018.06.26 10:14:05.025,#M,149.66999816895,149.71000671387,150.08999633789,149.47999572754,150.33999633789,149.72999572754,150.91000366211,150.55000305176,149.91999816895,150.16999816895,150.44000244141,149.7799987793,149.88999938965,149.78999328613,149.85000610352,149.96000671387,13.442000389099,13.458000183105,13.456000328064,13.180000305176,13.451999664307,13.295999526978,13.949999809265,13.776000022888,19.805999755859,13.026000022888,12.628000259399,13.362000465393,22.246000289917,12.99199962616,12.946000099182,13.762000083923,0,0,0,0,0,0,0,0,0,0,0,0,0,0,0,0,264.05364990234
2018.06.26 10:14:15.036,#M,149.63999938965,149.69999694824,150.27000427246,149.82000732422,150.17999267578,149.7200012207,150.83000183105,150.25999450684,150.03999328613,149.94999694824,150.24000549316,149.74000549316,149.92999267578,149.86999511719,149.77000427246,150,13.293999671936,13.329999923706,13.315999984741,13.102000236511,13.295999526978,13.166000366211,13.77799987793,13.659999847412,19.767999649048,12.880000114441,12.486000061035,13.192000389099,22.208000183105,12.833999633789,12.784000396729,13.60000038147,0,0,0,0,0,0,0,0,0,0,0,0,0,0,0,0,257.50009155273
2018.06.26 10:14:21.134,#4,200,200,200,200,200,200,200,200,200,200,200,200,200,200,200,200,200,200,200,200,200,200,200,200,200,200,200,200,200,200,200,200,149.64999389648,149.64999389648,150.21000671387,149.97999572754,150.25,149.7200012207,150.80999755859,150.36999511719,149.85000610352,149.89999389648,150.39999389648,149.75999450684,149.88999938965,149.78999328613,149.7799987793,149.92999267578,13.220000267029,13.270000457764,13.25,13.022000312805,13.22200012207,13.10000038147,13.692000389099,13.597999572754,19.756000518799,12.803999900818,12.416000366211,13.109999656677,22.186000823975,12.75800037384,12.699999809265,13.517999649048,0,0,0,0,0,0,0,0,0,0,0,0,0,0,0,0,254.86961364746
2018.06.26 10:14:31.028,#M,199.9700012207,199.66000366211,199.80000305176,200.13000488281,200.32000732422,199.25999450684,200.11000061035,199.91000366211,199.38999938965,199.85000610352,199.72999572754,199.94000244141,199.78999328613,199.75999450684,199.7799987793,199.97999572754,18.691999435425,18.718000411987,18.756000518799,18.412000656128,18.770000457764,18.464000701904,19.465999603271,19.143999099731,25.5,18.412000656128,17.815999984741,18.931999206543,29.465999603271,18.474000930786,18.371999740601,19.67200088501,0,0,0,0,0,0,0,0,0,0,0,0,0,0,0,0,315.22506713867
2018.06.26 10:14:41.034,#M,199.55000305176,199.63000488281,199.7799987793,199.60000610352,200.35000610352,199.67999267578,200.38999938965,200.05000305176,199.55000305176,199.91999816895,199.96000671387,199.69999694824,199.80999755859,199.78999328613,199.92999267578,199.77000427246,18.393999099731,18.478000640869,18.482000350952,18.200000762939,18.488000869751,18.225999832153,19.131999969482,18.920000076294,25.447999954224,18.096000671387,17.541999816895,18.582000732422,29.35000038147,18.134000778198,18.011999130249,19.302000045776,0,0,0,0,0,0,0,0,0,0,0,0,0,0,0,0,320.3268737793
2018.06.26 10:14:51.025,#M,199.67999267578,199.63000488281,199.83999633789,199.55000305176,200.32000732422,199.69000244141,200.30999755859,200.16999816895,199.85000610352,199.91000366211,200,199.74000549316,199.83000183105,199.86000061035,199.91000366211,199.80999755859,18.128000259399,18.266000747681,18.236000061035,17.993999481201,18.224000930786,17.992000579834,18.833999633789,18.724000930786,25.364000320435,17.818000793457,17.281999588013,18.260000228882,29.257999420166,17.854000091553,17.70599937439,19.010000228882,0,0,0,0,0,0,0,0,0,0,0,0,0,0,0,0,323.30932617188
2018.06.26 10:15:01.026,#M,199.64999389648,199.64999389648,199.85000610352,199.61999511719,200.27000427246,199.60000610352,200.38999938965,200.19999694824,200,199.86000061035,199.97999572754,199.80000305176,199.86000061035,199.88000488281,199.83999633789,199.85000610352,17.903999328613,18.086000442505,18.030000686646,17.808000564575,17.997999191284,17.79400062561,18.573999404907,18.558000564575,25.332000732422,17.57799911499,17.063999176025,17.982000350952,29.194000244141,17.610000610352,17.441999435425,18.766000747681,0,0,0,0,0,0,0,0,0,0,0,0,0,0,0,0,324.72424316406
2018.06.26 10:15:11.028,#M,199.69999694824,199.64999389648,199.85000610352,199.69000244141,200.19999694824,199.63999938965,200.42999267578,200.13000488281,200.05000305176,199.91999816895,200.08000183105,199.80999755859,199.92999267578,199.89999389648,199.86999511719,199.83000183105,17.738000869751,17.950000762939,17.874000549316,17.663999557495,17.82200050354,17.642000198364,18.378000259399,18.430000305176,25.275999069214,17.395999908447,16.898000717163,17.774000167847,29.143999099731,17.42200088501,17.233999252319,18.579999923706,0,0,0,0,0,0,0,0,0,0,0,0,0,0,0,0,307.34060668945
2018.06.26 10:15:21.029,#M,199.67999267578,199.64999389648,199.86999511719,199.66999816895,200.21000671387,199.67999267578,200.4700012207,200.19000244141,199.75,199.91999816895,200.08000183105,199.82000732422,199.94999694824,199.89999389648,199.89999389648,199.86000061035,17.610000610352,17.846000671387,17.761999130249,17.568000793457,17.686000823975,17.52799987793,18.229999542236,18.336000442505,25.233999252319,17.256000518799,16.771999359131,17.618000030518,29.101999282837,17.274000167847,17.073999404907,18.440000534058,0,0,0,0,0,0,0,0,0,0,0,0,0,0,0,0,322.7580871582
2018.06.26 10:15:27.134,#5,250,250,250,250,250,250,250,250,250,250,250,250,250,250,250,250,200,200,200,200,200,200,200,200,200,200,200,200,200,200,200,200,199.61999511719,199.63999938965,199.86999511719,199.66999816895,200.19999694824,199.66999816895,200.38000488281,200.11000061035,199.86999511719,199.92999267578,200.14999389648,199.86000061035,199.92999267578,199.89999389648,199.91999816895,199.86000061035,17.555999755859,17.802000045776,17.714000701904,17.525999069214,17.631999969482,17.474000930786,18.166000366211,18.291999816895,25.243999481201,17.195999145508,16.714000701904,17.545999526978,29.090000152588,17.218000411987,17.006000518799,18.395999908447,0,0,0,0,0,0,0,0,0,0,0,0,0,0,0,0,327.99029541016
2018.06.26 10:15:37.029,#M,249.75,249.47999572754,249.88000488281,249.57000732422,249.71000671387,250.30000305176,249.75,249.74000549316,249.80000305176,250.05999755859,249.89999389648,249.69999694824,249.82000732422,249.88000488281,249.97999572754,249.88000488281,23.767999649048,23.676000595093,23.906000137329,23.329999923706,24.236000061035,23.652000427246,25.233999252319,24.371999740601,29.083999633789,23.583999633789,22.639999389648,24.195999145508,35.340000152588,23.597999572754,23.412000656128,25.708000183105,0,0,0,0,0,0,0,0,0,0,0,0,0,0,0,0,296.40286254883
2018.06.26 10:15:47.034,#M,249.58999633789,249.7200012207,249.69000244141,249.63999938965,249.72999572754,249.5299987793,249.69999694824,249.71000671387,250.05000305176,249.91999816895,249.86999511719,249.77000427246,249.86000061035,249.94000244141,249.96000671387,249.89999389648,23.521999359131,23.525999069214,23.684000015259,23.167999267578,24.011999130249,23.441999435425,24.986000061035,24.214000701904,29.055999755859,23.329999923706,22.413999557495,23.908000946045,35.270000457764,23.336000442505,23.118000030518,25.725999832153,0,0,0,0,0,0,0,0,0,0,0,0,0,0,0,0,301.53689575195
2018.06.26 10:15:57.031,#M,249.58999633789,249.69999694824,249.74000549316,249.66999816895,249.75,249.58000183105,249.7799987793,249.75,249.9700012207,249.91000366211,249.83999633789,249.75,249.88999938965,249.85000610352,249.97999572754,249.86999511719,23.304000854492,23.378000259399,23.492000579834,23.031999588013,23.815999984741,23.295999526978,24.780000686646,24.076000213623,29.024000167847,23.115999221802,22.218000411987,23.653999328613,35.217998504639,23.110000610352,22.865999221802,28.076000213623,0,0,0,0,0,0,0,0,0,0,0,0,0,0,0,0,301.22424316406
2018.06.26 10:16:07.029,#M,249.61000061035,249.69000244141,249.80000305176,249.71000671387,249.75,249.71000671387,249.77000427246,249.7200012207,249.94999694824,249.96000671387,249.83000183105,249.77000427246,249.88000488281,249.85000610352,249.9700012207,249.88000488281,23.121999740601,23.256000518799,23.32799911499,22.912000656128,23.652000427246,23.167999267578,24.606000900269,23.969999313354,28.992000579834,22.941999435425,22.052000045776,23.436000823975,35.173999786377,22.920000076294,22.645999908447,28.847999572754,0,0,0,0,0,0,0,0,0,0,0,0,0,0,0,0,247.20985412598
2018.06.26 10:16:17.030,#M,249.63000488281,249.75999450684,249.77000427246,249.74000549316,249.75999450684,249.78999328613,249.77000427246,249.7200012207,249.94999694824,249.94000244141,249.85000610352,249.75999450684,249.88000488281,249.88000488281,249.94000244141,249.88999938965,22.996000289917,23.176000595093,23.215999603271,22.832000732422,23.540000915527,23.129999160767,24.5,23.920000076294,28.982000350952,22.823999404907,21.936000823975,23.280000686646,35.147998809814,22.788000106812,22.493999481201,29.607999801636,0,0,0,0,0,0,0,0,0,0,0,0,0,0,0,0,298.18420410156
2018.06.26 10:16:27.045,#M,249.63999938965,249.78999328613,249.75,249.66999816895,249.75999450684,249.61999511719,249.7799987793,249.72999572754,249.94999694824,249.94000244141,249.83000183105,249.75999450684,249.91999816895,249.88000488281,249.94000244141,249.88999938965,22.913999557495,23.118000030518,23.139999389648,22.775999069214,23.461999893188,23.181999206543,24.42799949646,23.930000305176,28.975999832153,22.739999771118,21.856000900269,23.173999786377,35.13399887085,22.695999145508,22.384000778198,30.097999572754,0,0,0,0,0,0,0,0,0,0,0,0,0,0,0,0,262.40264892578
2018.06.26 10:16:31.129,#6,300,300,300,300,300,300,300,300,300,300,300,300,300,300,300,300,200,200,200,200,200,200,200,200,200,200,200,200,200,200,200,200,249.63999938965,249.74000549316,249.75999450684,249.63999938965,249.7799987793,249.5299987793,249.7799987793,249.69999694824,249.86999511719,249.91000366211,249.85000610352,249.77000427246,249.91999816895,249.88999938965,249.94000244141,249.91000366211,22.884000778198,23.10000038147,23.110000610352,22.753999710083,23.437999725342,23.218000411987,24.409999847412,23.993999481201,28.97200012207,22.704000473022,21.823999404907,23.135999679565,35.122001647949,22.658000946045,22.341999053955,30.194000244141,0,0,0,0,0,0,0,0,0,0,0,0,0,0,0,0,262.5625
2018.06.26 10:16:41.035,#M,299.48999023438,299.64001464844,299.70999145508,299.63000488281,299.70001220703,299.85000610352,299.7200012207,299.64001464844,300.23999023438,299.89999389648,299.80999755859,299.85998535156,299.67999267578,299.82998657227,299.83999633789,299.80999755859,29.573999404907,27.851999282837,28.770000457764,27.118000030518,31.068000793457,30.247999191284,32.833999633789,30.538000106812,32.326000213623,29.299999237061,26.695999145508,30.228000640869,39.161998748779,28.474000930786,29.184000015259,38.473999023438,0,0,0,0,0,0,0,0,0,0,0,0,0,0,0,0,549.12249755859
2018.06.26 10:16:51.027,#M,299.60998535156,299.70999145508,299.73999023438,299.7200012207,299.86999511719,299.79000854492,299.79998779297,299.73001098633,300.01998901367,299.95001220703,299.82000732422,299.79998779297,299.91000366211,299.75,299.9700012207,299.98001098633,29.468000411987,27.818000793457,28.701999664307,27.104000091553,30.934000015259,30.106000900269,32.61600112915,30.691999435425,32.340000152588,29.208000183105,26.64999961853,30.076000213623,39.13399887085,28.389999389648,29.054000854492,38.576000213623,0,0,0,0,0,0,0,0,0,0,0,0,0,0,0,0,531.78619384766
2018.06.26 10:17:01.026,#M,299.64999389648,299.69000244141,299.73001098633,299.70999145508,299.79998779297,299.80999755859,299.79000854492,299.73001098633,300.0299987793,300.04000854492,299.83999633789,299.82000732422,299.85000610352,299.80999755859,299.95999145508,299.94000244141,29.361999511719,27.791999816895,28.645999908447,27.086000442505,30.823999404907,30.016000747681,32.467998504639,31.065999984741,32.340000152588,29.115999221802,26.604000091553,29.954000473022,39.125999450684,28.309999465942,28.931999206543,38.715999603271,0,0,0,0,0,0,0,0,0,0,0,0,0,0,0,0,520.80676269531
2018.06.26 10:17:11.025,#M,299.67001342773,299.7200012207,299.73001098633,299.69000244141,299.76998901367,299.82998657227,299.79998779297,299.7200012207,300.01998901367,299.98001098633,299.83999633789,299.82998657227,299.85998535156,299.83999633789,299.9700012207,299.91000366211,29.27799987793,27.77799987793,28.606000900269,27.073999404907,30.739999771118,29.931999206543,32.354000091553,31.374000549316,32.34400177002,29.038000106812,26.57200050354,29.861999511719,39.124000549316,28.246000289917,28.841999053955,38.743999481201,0,0,0,0,0,0,0,0,0,0,0,0,0,0,0,0,514.6494140625
2018.06.26 10:17:21.033,#M,299.70001220703,299.70001220703,299.75,299.70001220703,299.82998657227,299.83999633789,299.82000732422,299.70001220703,300.04998779297,299.98001098633,299.85000610352,299.83999633789,299.92001342773,299.85998535156,299.98001098633,299.98999023438,29.229999542236,27.771999359131,28.579999923706,27.07200050354,30.684000015259,29.865999221802,32.268001556396,31.534000396729,32.346000671387,28.978000640869,26.548000335693,29.788000106812,39.124000549316,28.201999664307,28.77799987793,38.736000061035,0,0,0,0,0,0,0,0,0,0,0,0,0,0,0,0,509.18273925781
2018.06.26 10:17:31.034,#M,299.67001342773,299.70001220703,299.75,299.73001098633,299.80999755859,299.82998657227,299.82000732422,299.7200012207,299.98999023438,300.01998901367,299.85000610352,299.83999633789,299.88000488281,299.85998535156,299.95001220703,299.94000244141,29.197999954224,27.774000167847,28.559999465942,27.068000793457,30.652000427246,29.82200050354,32.22200012207,31.631999969482,32.358001708984,28.950000762939,26.52799987793,29.739999771118,39.125999450684,28.17200088501,28.728000640869,38.734001159668,0,0,0,0,0,0,0,0,0,0,0,0,0,0,0,0,507.72198486328
2018.06.26 10:17:38.135,#7,325,325,325,325,325,325,325,325,325,325,325,325,325,325,325,325,200,200,200,200,200,200,200,200,200,200,200,200,200,200,200,200,299.73001098633,299.70001220703,299.76998901367,299.73001098633,299.79998779297,299.82000732422,299.85998535156,299.73001098633,300.01998901367,300.04998779297,299.85998535156,299.89001464844,299.88000488281,299.88000488281,299.95001220703,299.94000244141,29.186000823975,27.774000167847,28.558000564575,27.07200050354,30.629999160767,29.804000854492,32.198001861572,31.656000137329,32.360000610352,28.937999725342,26.520000457764,29.72200012207,39.130001068115,28.159999847412,28.709999084473,38.731998443604,0,0,0,0,0,0,0,0,0,0,0,0,0,0,0,0,504.77893066406
2018.06.26 10:17:48.030,#M,324.79998779297,324.76998901367,324.75,324.70999145508,324.80999755859,324.98001098633,324.7799987793,324.76000976563,324.92001342773,324.92001342773,324.89999389648,324.79000854492,324.88000488281,325.01000976563,325.04000854492,324.94000244141,32.097999572754,29.511999130249,30.643999099731,28.756000518799,34.049999237061,32.442001342773,36.076000213623,33.832000732422,34.208000183105,31.565999984741,28.173999786377,32.875999450684,40.903999328613,30.326000213623,31.680000305176,41.787998199463,0,0,0,0,0,0,0,0,0,0,0,0,0,0,0,0,684.22729492188
2018.06.26 10:17:58.034,#M,324.70999145508,324.76998901367,324.7799987793,324.76000976563,324.82000732422,324.82000732422,324.82000732422,324.79000854492,324.89001464844,324.9700012207,324.82998657227,324.91000366211,324.89999389648,324.86999511719,324.95999145508,324.92999267578,32.06600189209,29.507999420166,30.621999740601,28.75,34.021999359131,32.431999206543,36.020000457764,33.805999755859,34.251998901367,31.562000274658,28.167999267578,32.849998474121,40.908000946045,30.32200050354,31.653999328613,41.75,0,0,0,0,0,0,0,0,0,0,0,0,0,0,0,0,678.97344970703
2018.06.26 10:18:08.025,#M,324.75,324.76998901367,324.76998901367,324.76998901367,324.82998657227,324.82000732422,324.82998657227,324.79000854492,324.92001342773,324.9700012207,324.82000732422,324.91000366211,324.94000244141,324.92001342773,324.94000244141,324.92999267578,32.049999237061,29.513999938965,30.625999450684,28.757999420166,34,32.414001464844,35.973999023438,33.807998657227,34.262001037598,31.534000396729,28.173999786377,32.818000793457,40.914001464844,30.318000793457,31.625999450684,41.736000061035,0,0,0,0,0,0,0,0,0,0,0,0,0,0,0,0,676.51324462891
2018.06.26 10:18:18.025,#M,324.76000976563,324.7799987793,324.76998901367,324.76998901367,324.82000732422,324.82000732422,324.83999633789,324.79000854492,324.91000366211,324.9700012207,324.85000610352,324.88000488281,324.94000244141,324.89999389648,324.88000488281,324.92999267578,32.040000915527,29.520000457764,30.624000549316,28.770000457764,33.986000061035,32.408000946045,35.944000244141,33.82799911499,34.282001495361,31.540000915527,28.176000595093,32.796001434326,40.917999267578,30.318000793457,31.611999511719,41.728000640869,0,0,0,0,0,0,0,0,0,0,0,0,0,0,0,0,674.14312744141
2018.06.26 10:18:28.030,#M,324.73999023438,324.7799987793,324.7799987793,324.79000854492,324.82998657227,324.86999511719,324.85998535156,324.79000854492,324.92001342773,324.95001220703,324.85000610352,324.86999511719,324.94000244141,324.94000244141,324.89001464844,324.94000244141,32.035999298096,29.531999588013,30.625999450684,28.77799987793,33.995998382568,32.400001525879,35.931999206543,33.841999053955,34.27799987793,31.541999816895,28.186000823975,32.785999298096,40.925998687744,30.319999694824,31.601999282837,41.723999023438,0,0,0,0,0,0,0,0,0,0,0,0,0,0,0,0,672.74957275391
2018.06.26 10:18:38.024,#M,324.73999023438,324.79000854492,324.7799987793,324.76000976563,324.82998657227,324.83999633789,324.85000610352,324.79000854492,324.92999267578,324.94000244141,324.85998535156,324.89999389648,324.95001220703,324.94000244141,324.91000366211,324.94000244141,32.032001495361,29.545999526978,30.628000259399,28.781999588013,33.986000061035,32.391998291016,35.923999786377,33.841999053955,34.284000396729,31.545999526978,28.194000244141,32.790000915527,40.931999206543,30.323999404907,31.60000038147,41.728000640869,0,0,0,0,0,0,0,0,0,0,0,0,0,0,0,0,671.81182861328
2018.06.26 10:18:42.135,#8,350,350,350,350,350,350,350,350,350,350,350,350,350,350,350,350,200,200,200,200,200,200,200,200,200,200,200,200,200,200,200,200,324.73999023438,324.79000854492,324.7799987793,324.7799987793,324.82998657227,324.82000732422,324.83999633789,324.79000854492,324.92001342773,324.95999145508,324.85000610352,324.92001342773,324.95999145508,324.92001342773,324.91000366211,324.94000244141,32.032001495361,29.548000335693,30.628000259399,28.781999588013,33.976001739502,32.388000488281,35.919998168945,33.84400177002,34.298000335693,31.545999526978,28.195999145508,32.790000915527,40.93399810791,30.326000213623,31.597999572754,41.729999542236,0,0,0,0,0,0,0,0,0,0,0,0,0,0,0,0,672.08276367188
2018.06.26 10:18:52.030,#M,349.80999755859,349.69000244141,349.88000488281,350.0299987793,349.67999267578,349.82998657227,349.76000976563,349.98999023438,350.04000854492,350.17001342773,350.07000732422,349.86999511719,349.95001220703,349.44000244141,349.94000244141,350.01000976563,34.397998809814,31.121999740601,32.347999572754,30.375999450684,36.759998321533,34.541999816895,39.091999053955,35.838001251221,36.346000671387,33.692001342773,29.625999450684,35.397998809814,43.782001495361,32.096000671387,33.928001403809,44.152000427246,0,0,0,0,0,0,0,0,0,0,0,0,0,0,0,0,790.45819091797
2018.06.26 10:19:02.029,#M,349.70001220703,349.76998901367,349.85998535156,349.75,349.85998535156,349.86999511719,349.82000732422,349.82998657227,349.95999145508,349.89999389648,349.95999145508,349.85998535156,349.94000244141,350.05999755859,349.92001342773,349.86999511719,34.377998352051,31.097999572754,32.32799911499,30.365999221802,36.737998962402,34.535999298096,39.057998657227,35.824001312256,36.34400177002,33.703998565674,29.621999740601,35.381999969482,43.813999176025,32.118000030518,33.911998748779,44.153999328613,0,0,0,0,0,0,0,0,0,0,0,0,0,0,0,0,789.21203613281
2018.06.26 10:19:12.027,#M,349.70001220703,349.79000854492,349.88000488281,349.76000976563,349.89001464844,349.79998779297,349.82998657227,349.85000610352,350.01000976563,350,349.94000244141,349.89999389648,349.92001342773,349.92999267578,349.94000244141,349.88000488281,34.36600112915,31.096000671387,32.307998657227,30.361999511719,36.728000640869,34.518001556396,39.034000396729,35.81600189209,36.35599899292,33.666000366211,29.615999221802,35.369998931885,43.84400177002,32.118000030518,33.895999908447,44.164001464844,0,0,0,0,0,0,0,0,0,0,0,0,0,0,0,0,788.77899169922
2018.06.26 10:19:22.028,#M,349.70999145508,349.7799987793,349.86999511719,349.7200012207,349.91000366211,349.83999633789,349.82000732422,349.89001464844,349.94000244141,350.14999389648,349.92999267578,349.89999389648,349.91000366211,349.91000366211,349.95001220703,349.86999511719,34.352001190186,31.093999862671,32.301998138428,30.351999282837,36.706001281738,34.501998901367,39.009998321533,35.819999694824,36.368000030518,33.659999847412,29.614000320435,35.35599899292,43.874000549316,32.113998413086,33.88399887085,44.164001464844,0,0,0,0,0,0,0,0,0,0,0,0,0,0,0,0,787.51452636719
2018.06.26 10:19:32.027,#M,349.67999267578,349.7799987793,349.88000488281,349.7200012207,349.88000488281,349.85000610352,349.82000732422,349.85000610352,349.98001098633,350.13000488281,349.92999267578,349.89001464844,349.92999267578,349.98999023438,349.95999145508,349.88000488281,34.340000152588,31.087999343872,32.301998138428,30.343999862671,36.692001342773,34.490001678467,38.990001678467,35.819999694824,36.369998931885,33.652000427246,29.604000091553,35.352001190186,43.902000427246,32.10599899292,33.874000549316,44.158000946045,0,0,0,0,0,0,0,0,0,0,0,0,0,0,0,0,787.88787841797
2018.06.26 10:19:42.027,#M,349.73001098633,349.83999633789,349.86999511719,349.7200012207,349.85000610352,349.85000610352,349.83999633789,349.92999267578,350.0299987793,350.04000854492,349.94000244141,349.88000488281,349.94000244141,349.94000244141,349.95999145508,349.89001464844,34.324001312256,31.069999694824,32.273998260498,30.343999862671,36.680000305176,34.47200012207,38.962001800537,35.798000335693,36.369998931885,33.639999389648,29.60000038147,35.338001251221,43.923999786377,32.104000091553,33.86600112915,44.14400100708,0,0,0,0,0,0,0,0,0,0,0,0,0,0,0,0,787.2685546875
2018.06.26 10:19:46.139,#9,375,375,375,375,375,375,375,375,375,375,375,375,375,375,375,375,200,200,200,200,200,200,200,200,200,200,200,200,200,200,200,200,349.73001098633,349.80999755859,349.85998535156,349.73999023438,349.89999389648,349.83999633789,349.83999633789,349.89999389648,350,350.13000488281,349.92001342773,349.88000488281,349.94000244141,349.98999023438,349.95001220703,349.89999389648,34.31600189209,31.059999465942,32.259998321533,30.341999053955,36.675998687744,34.462001800537,38.953998565674,35.796001434326,36.369998931885,33.631999969482,29.596000671387,35.333999633789,43.930000305176,32.102001190186,33.861999511719,44.136001586914,0,0,0,0,0,0,0,0,0,0,0,0,0,0,0,0,787.60418701172
2018.06.26 10:19:56.026,#M,374.61999511719,374.88000488281,374.92999267578,374.61999511719,374.9700012207,374.89999389648,375.05999755859,374.9700012207,375.30999755859,375,374.82998657227,374.85000610352,374.91000366211,375,374.98001098633,374.76000976563,36.282001495361,32.507999420166,33.838001251221,31.854000091553,38.841999053955,36.284000396729,41.307998657227,37.596000671387,38.473999023438,35.380001068115,30.913999557495,37.604000091553,50.231998443604,33.717998504639,35.756000518799,46.18399810791,0,0,0,0,0,0,0,0,0,0,0,0,0,0,0,0,847.79797363281
2018.06.26 10:20:06.026,#M,374.66000366211,374.75,374.92001342773,374.7799987793,374.98001098633,374.7799987793,374.82000732422,374.89999389648,375.05999755859,375.04998779297,374.89999389648,374.82998657227,374.91000366211,374.91000366211,375.01998901367,374.89999389648,36.259998321533,32.506000518799,33.796001434326,31.833999633789,38.82799911499,36.237998962402,41.287998199463,37.551998138428,38.492000579834,35.414001464844,30.898000717163,37.585998535156,50.27799987793,33.700000762939,35.736000061035,46.187999725342,0,0,0,0,0,0,0,0,0,0,0,0,0,0,0,0,847.02679443359
2018.06.26 10:20:16.031,#M,374.66000366211,374.7200012207,374.94000244141,374.70999145508,374.9700012207,374.79998779297,374.85998535156,374.89999389648,375.07000732422,375.01000976563,374.91000366211,374.83999633789,374.91000366211,374.92999267578,374.98999023438,374.91000366211,36.243999481201,32.506000518799,33.807998657227,31.82799911499,38.81600189209,36.161998748779,41.27799987793,37.554000854492,38.486000061035,35.408000946045,30.892000198364,37.576000213623,50.354000091553,33.687999725342,35.712001800537,46.187999725342,0,0,0,0,0,0,0,0,0,0,0,0,0,0,0,0,847.28802490234
2018.06.26 10:20:26.035,#M,374.69000244141,374.73001098633,374.82000732422,374.80999755859,375.01998901367,374.79000854492,374.82998657227,374.86999511719,375.11999511719,375.01998901367,374.92001342773,374.83999633789,374.91000366211,374.91000366211,374.98001098633,374.89999389648,36.236000061035,32.509998321533,33.826000213623,31.818000793457,38.810001373291,36.17200088501,41.265998840332,37.555999755859,38.486000061035,35.38399887085,30.885999679565,37.568000793457,50.428001403809,33.675998687744,35.692001342773,46.187999725342,0,0,0,0,0,0,0,0,0,0,0,0,0,0,0,0,844.27972412109
2018.06.26 10:20:36.027,#M,374.70999145508,374.76000976563,374.89999389648,374.79998779297,374.94000244141,374.82000732422,374.85998535156,374.95999145508,375.05999755859,374.95001220703,374.89999389648,374.76998901367,374.91000366211,374.92999267578,374.98999023438,374.86999511719,36.234001159668,32.512001037598,33.819999694824,31.818000793457,38.804000854492,36.122001647949,41.254001617432,37.562000274658,38.479999542236,35.39400100708,30.885999679565,37.557998657227,50.501998901367,33.669998168945,35.67200088501,46.180000305176,0,0,0,0,0,0,0,0,0,0,0,0,0,0,0,0,845.80340576172
2018.06.26 10:20:46.029,#M,374.7200012207,374.7799987793,374.86999511719,374.85998535156,374.9700012207,374.83999633789,374.82998657227,374.98001098633,375.05999755859,374.9700012207,374.91000366211,374.85000610352,374.92001342773,374.92999267578,375,374.86999511719,36.237998962402,32.515998840332,33.818000793457,31.819999694824,38.804000854492,36.175998687744,41.25,37.560001373291,38.484001159668,35.391998291016,30.888000488281,37.549999237061,50.56600189209,33.669998168945,35.658000946045,46.164001464844,0,0,0,0,0,0,0,0,0,0,0,0,0,0,0,0,847.45989990234
2018.06.26 10:20:50.136,#10,400,400,400,400,400,400,400,400,400,400,400,400,400,400,400,400,200,200,200,200,200,200,200,200,200,200,200,200,200,200,200,200,374.69000244141,374.76998901367,374.82998657227,374.85998535156,374.94000244141,374.79998779297,374.83999633789,374.98001098633,375.10000610352,374.98001098633,374.91000366211,374.83999633789,374.91000366211,374.92999267578,375.01000976563,374.89001464844,36.240001678467,32.518001556396,33.818000793457,31.82200050354,38.799999237061,36.192001342773,41.251998901367,37.560001373291,38.484001159668,35.391998291016,30.889999389648,37.546001434326,50.590000152588,33.67200088501,35.658000946045,46.15599822998,0,0,0,0,0,0,0,0,0,0,0,0,0,0,0,0,846.80932617188
2018.06.26 10:21:00.030,#M,399.92999267578,399.92999267578,400.01998901367,399.60000610352,399.85000610352,399.89999389648,399.91000366211,399.82000732422,400.19000244141,400.01000976563,399.98999023438,399.86999511719,399.95001220703,399.92999267578,400.19000244141,399.95001220703,38.041999816895,34.004001617432,35.408000946045,33.377998352051,40.64400100708,37.661998748779,43.113998413086,39.181999206543,41.023998260498,37.088001251221,32.206001281738,39.717998504639,59.506000518799,35.231998443604,37.381999969482,48.041999816895,0,0,0,0,0,0,0,0,0,0,0,0,0,0,0,0,880.40161132813
2018.06.26 10:21:10.025,#M,399.7799987793,399.79000854492,399.95999145508,399.79998779297,399.91000366211,399.76998901367,400,399.85000610352,400.39999389648,399.95999145508,399.89999389648,399.86999511719,399.95999145508,400.01000976563,400,399.92999267578,38.048000335693,34.001998901367,35.411998748779,33.372001647949,40.627998352051,37.729999542236,43.110000610352,39.175998687744,41.071998596191,37.104000091553,32.194000244141,39.712001800537,59.625999450684,35.214000701904,37.349998474121,48.057998657227,0,0,0,0,0,0,0,0,0,0,0,0,0,0,0,0,880.77838134766
2018.06.26 10:21:20.030,#M,399.79000854492,399.76000976563,399.92001342773,399.76000976563,399.94000244141,399.7799987793,399.9700012207,399.85998535156,400.36999511719,399.98001098633,399.92999267578,399.89001464844,399.98001098633,399.94000244141,399.9700012207,399.91000366211,38.051998138428,34.004001617432,35.428001403809,33.377998352051,40.641998291016,37.804000854492,43.111999511719,39.166000366211,41.055999755859,37.113998413086,32.187999725342,39.72200012207,59.726001739502,35.208000183105,37.346000671387,48.069999694824,0,0,0,0,0,0,0,0,0,0,0,0,0,0,0,0,880.08221435547
2018.06.26 10:21:30.032,#M,399.7799987793,399.76998901367,399.91000366211,399.83999633789,399.92999267578,399.89001464844,399.98999023438,399.85000610352,400.30999755859,400.07000732422,399.95001220703,399.86999511719,399.95999145508,399.88000488281,399.95999145508,399.92999267578,38.054000854492,34.007999420166,35.423999786377,33.375999450684,40.645999908447,37.813999176025,43.119998931885,39.173999786377,41.088001251221,37.10599899292,32.192001342773,39.736000061035,59.812000274658,35.209999084473,37.34400177002,48.085998535156,0,0,0,0,0,0,0,0,0,0,0,0,0,0,0,0,879.10583496094
2018.06.26 10:21:40.025,#M,399.79000854492,399.79998779297,399.95999145508,399.80999755859,399.92999267578,399.80999755859,400.0299987793,399.83999633789,400.23001098633,400.0299987793,399.95999145508,399.86999511719,399.92999267578,399.92999267578,399.95999145508,399.94000244141,38.049999237061,34.004001617432,35.414001464844,33.372001647949,40.64400100708,37.785999298096,43.11600112915,39.169998168945,41.060001373291,37.10599899292,32.192001342773,39.742000579834,59.88399887085,35.208000183105,37.349998474121,48.088001251221,0,0,0,0,0,0,0,0,0,0,0,0,0,0,0,0,879.45629882813
2018.06.26 10:21:50.030,#M,399.79998779297,399.79000854492,399.95001220703,399.82000732422,399.91000366211,399.76000976563,399.92001342773,399.83999633789,400.26998901367,400,399.95001220703,399.88000488281,399.95999145508,399.92999267578,400.01998901367,399.95001220703,38.048000335693,33.998001098633,35.411998748779,33.374000549316,40.639999389648,37.826000213623,43.113998413086,39.169998168945,41.096000671387,37.125999450684,32.195999145508,39.742000579834,59.936000823975,35.212001800537,37.340000152588,48.088001251221,0,0,0,0,0,0,0,0,0,0,0,0,0,0,0,0,878.80364990234
2018.06.26 10:21:54.148,#11,425,425,425,425,425,425,425,425,400,425,425,425,400,425,425,425,200,200,200,200,200,200,200,200,200,200,200,200,200,200,200,200,399.7799987793,399.79000854492,399.92999267578,399.80999755859,399.92999267578,399.80999755859,399.92999267578,399.85000610352,400.30999755859,400.01000976563,399.9700012207,399.85000610352,399.95999145508,399.98001098633,399.98999023438,399.94000244141,38.040000915527,33.998001098633,35.411998748779,33.369998931885,40.641998291016,37.799999237061,43.111999511719,39.167999267578,41.082000732422,37.122001647949,32.195999145508,39.742000579834,59.951999664307,35.215999603271,37.333999633789,48.091999053955,0,0,0,0,0,0,0,0,0,0,0,0,0,0,0,0,878.28601074219
2018.06.26 10:22:04.025,#M,424.60998535156,424.79000854492,424.76000976563,424.95001220703,424.85998535156,425.01998901367,425.29998779297,424.80999755859,400.39999389648,425.07998657227,424.9700012207,424.80999755859,399.94000244141,424.70001220703,425.07000732422,425.10000610352,39.647998809814,35.425998687744,37.018001556396,34.790000915527,42.208000183105,39.231998443604,44.701999664307,40.664001464844,41.111999511719,38.984001159668,33.554000854492,41.737998962402,59.976001739502,36.701999664307,38.852001190186,49.875999450684,0,0,0,0,0,0,0,0,0,0,0,0,0,0,0,0,899.28778076172
2018.06.26 10:22:14.025,#M,424.75,424.79000854492,424.73001098633,424.79998779297,424.89999389648,424.82998657227,424.94000244141,424.75,400.32000732422,425.0299987793,424.92999267578,424.85998535156,399.95999145508,424.9700012207,425.0299987793,424.89999389648,39.641998291016,35.403999328613,37.018001556396,34.793998718262,42.200000762939,39.237998962402,44.709999084473,40.645999908447,41.102001190186,38.909999847412,33.534000396729,41.720001220703,60.006000518799,36.692001342773,38.833999633789,49.858001708984,0,0,0,0,0,0,0,0,0,0,0,0,0,0,0,0,900.89270019531
2018.06.26 10:22:24.034,#M,424.7200012207,424.80999755859,424.76998901367,424.79000854492,424.85998535156,424.85998535156,424.88000488281,424.73999023438,400.32000732422,425.01998901367,424.9700012207,424.83999633789,399.92001342773,425,425.01000976563,424.89999389648,39.641998291016,35.400001525879,37.023998260498,34.782001495361,42.195999145508,39.220001220703,44.715999603271,40.630001068115,41.10599899292,38.903999328613,33.52799987793,41.726001739502,60.032001495361,36.681999206543,38.824001312256,49.868000030518,0,0,0,0,0,0,0,0,0,0,0,0,0,0,0,0,900.11004638672
2018.06.26 10:22:34.029,#M,424.67999267578,424.82000732422,424.79000854492,424.7799987793,424.88000488281,424.88000488281,424.89001464844,424.75,400.32000732422,425,424.98001098633,424.85998535156,399.94000244141,424.98001098633,425.01998901367,424.89999389648,39.639999389648,35.397998809814,37.015998840332,34.776000976563,42.187999725342,39.214000701904,44.717998504639,40.619998931885,41.090000152588,38.89400100708,33.520000457764,41.712001800537,60.054000854492,36.678001403809,38.818000793457,49.897998809814,0,0,0,0,0,0,0,0,0,0,0,0,0,0,0,0,899.03564453125
2018.06.26 10:22:44.030,#M,424.7200012207,424.80999755859,424.85000610352,424.75,424.85998535156,424.89999389648,424.92999267578,424.75,400.26998901367,424.98001098633,424.95999145508,424.88000488281,399.95999145508,424.95999145508,425.0299987793,424.86999511719,39.636001586914,35.400001525879,37.012001037598,34.776000976563,42.180000305176,39.209999084473,44.709999084473,40.608001708984,41.118000030518,38.891998291016,33.512001037598,41.703998565674,60.071998596191,36.680000305176,38.812000274658,49.936000823975,0,0,0,0,0,0,0,0,0,0,0,0,0,0,0,0,899.29187011719
2018.06.26 10:22:54.031,#M,424.7200012207,424.82998657227,424.79998779297,424.7200012207,424.85000610352,424.85000610352,424.88000488281,424.79000854492,400.33999633789,425.04998779297,424.9700012207,424.86999511719,399.95001220703,425.01000976563,425.01000976563,424.92999267578,39.63399887085,35.400001525879,37.007999420166,34.773998260498,42.187999725342,39.208000183105,44.709999084473,40.599998474121,41.102001190186,38.869998931885,33.513999938965,41.709999084473,60.091999053955,36.675998687744,38.81600189209,49.958000183105,0,0,0,0,0,0,0,0,0,0,0,0,0,0,0,0,899.73901367188
2018.06.26 10:22:57.130,#12,450,450,450,450,450,450,450,450,400,450,450,450,400,450,450,450,200,200,200,200,200,200,200,200,200,200,200,200,200,200,200,200,424.73001098633,424.82000732422,424.79000854492,424.75,424.85998535156,424.86999511719,424.91000366211,424.7799987793,400.32998657227,425.04998779297,424.9700012207,424.85000610352,399.95999145508,425.01000976563,425.01000976563,424.94000244141,39.630001068115,35.400001525879,37.004001617432,34.773998260498,42.186000823975,39.208000183105,44.714000701904,40.596000671387,41.088001251221,38.869998931885,33.512001037598,41.708000183105,60.09400177002,36.675998687744,38.81600189209,49.959999084473,0,0,0,0,0,0,0,0,0,0,0,0,0,0,0,0,899.49963378906
2018.06.26 10:23:07.032,#M,449.79000854492,449.98999023438,449.89001464844,449.75,449.82998657227,449.92001342773,449.85998535156,449.85998535156,400.32998657227,450.23999023438,449.9700012207,449.85998535156,399.95001220703,450.01998901367,450.05999755859,449.91000366211,41.090000152588,36.840000152588,38.68399810791,36.237998962402,43.602001190186,40.602001190186,46.198001861572,42.09400177002,41.054000854492,40.745998382568,34.895999908447,43.652000427246,60.110000610352,38.102001190186,40.360000610352,51.799999237061,0,0,0,0,0,0,0,0,0,0,0,0,0,0,0,0,913.25390625
2018.06.26 10:23:17.027,#M,449.79998779297,449.86999511719,449.82998657227,449.7200012207,449.85998535156,449.86999511719,449.88000488281,449.89001464844,400.32000732422,449.9700012207,450.01998901367,449.89001464844,399.95999145508,449.95999145508,450.10000610352,449.85998535156,41.091999053955,36.838001251221,38.658000946045,36.194000244141,43.608001708984,40.613998413086,46.220001220703,42.099998474121,41.096000671387,40.757999420166,34.897998809814,43.645999908447,60.138000488281,38.099998474121,40.352001190186,51.82799911499,0,0,0,0,0,0,0,0,0,0,0,0,0,0,0,0,913.74774169922
2018.06.26 10:23:27.033,#M,449.82998657227,449.85998535156,449.82998657227,449.79000854492,449.83999633789,449.89999389648,449.85998535156,449.85000610352,400.35998535156,450.01000976563,450.04000854492,449.89001464844,399.9700012207,449.95001220703,450.04998779297,449.89999389648,41.102001190186,36.846000671387,38.673999786377,36.161998748779,43.618000030518,40.61600112915,46.234001159668,42.104000091553,41.069999694824,40.763999938965,34.897998809814,43.641998291016,60.159999847412,38.099998474121,40.346000671387,51.818000793457,0,0,0,0,0,0,0,0,0,0,0,0,0,0,0,0,912.40081787109
2018.06.26 10:23:37.033,#M,449.80999755859,449.85000610352,449.82000732422,449.80999755859,449.85000610352,449.88000488281,449.83999633789,449.88000488281,400.36999511719,450,450.01998901367,449.88000488281,399.95999145508,449.9700012207,450.04000854492,449.92001342773,41.113998413086,36.854000091553,38.68399810791,36.166000366211,43.639999389648,40.627998352051,46.237998962402,42.108001708984,41.076000213623,40.768001556396,34.902000427246,43.652000427246,60.181999206543,38.102001190186,40.352001190186,51.763999938965,0,0,0,0,0,0,0,0,0,0,0,0,0,0,0,0,912.86004638672
2018.06.26 10:23:47.033,#M,449.79998779297,449.85998535156,449.82000732422,449.76000976563,449.85998535156,449.89999389648,449.85000610352,449.86999511719,400.35000610352,450.01000976563,450.01000976563,449.89999389648,399.9700012207,450,450.04998779297,449.92999267578,41.131999969482,36.863998413086,38.703998565674,36.180000305176,43.65599822998,40.63399887085,46.254001617432,42.113998413086,41.099998474121,40.770000457764,34.916000366211,43.669998168945,60.200000762939,38.111999511719,40.360000610352,51.708000183105,0,0,0,0,0,0,0,0,0,0,0,0,0,0,0,0,912.77783203125
2018.06.26 10:23:57.026,#M,449.82000732422,449.85000610352,449.85000610352,449.7799987793,449.86999511719,449.89999389648,449.82000732422,449.88000488281,400.36999511719,450,450.0299987793,449.91000366211,399.95999145508,449.98001098633,450.04000854492,449.91000366211,41.14400100708,36.880001068115,38.717998504639,36.181999206543,43.664001464844,40.639999389648,46.265998840332,42.124000549316,41.145999908447,40.779998779297,34.93399810791,43.68399810791,60.229999542236,38.119998931885,40.368000030518,51.669998168945,0,0,0,0,0,0,0,0,0,0,0,0,0,0,0,0,912.40618896484
2018.06.26 10:24:01.132,#13,475,475,475,475,475,475,475,475,400,475,475,475,400,475,475,475,200,200,200,200,200,200,200,200,200,200,200,200,200,200,200,200,449.82998657227,449.83999633789,449.85000610352,449.82998657227,449.86999511719,449.89999389648,449.82000732422,449.89001464844,400.29000854492,450.01000976563,450,449.91000366211,399.9700012207,449.98999023438,450.05999755859,449.92001342773,41.150001525879,36.88399887085,38.723999023438,36.181999206543,43.666000366211,40.64400100708,46.276000976563,42.127998352051,41.138000488281,40.77799987793,34.937999725342,43.692001342773,60.237998962402,38.125999450684,40.363998413086,51.659999847412,0,0,0,0,0,0,0,0,0,0,0,0,0,0,0,0,912.48071289063
2018.06.26 10:24:11.028,#M,474.76998901367,474.70001220703,474.67999267578,474.76000976563,474.64999389648,474.80999755859,474.7799987793,474.75,400.32998657227,474.86999511719,475.10000610352,474.85998535156,399.98999023438,474.9700012207,475.07998657227,475.13000488281,42.509998321533,38.335998535156,40.414001464844,37.560001373291,45.004001617432,42.310001373291,47.813999176025,43.599998474121,41.124000549316,42.804000854492,36.515998840332,45.444000244141,60.254001617432,39.636001586914,41.987998962402,53.484001159668,0,0,0,0,0,0,0,0,0,0,0,0,0,0,0,0,922.92785644531
2018.06.26 10:24:21.031,#M,474.79000854492,474.98001098633,474.7200012207,474.79000854492,474.88000488281,474.92001342773,474.9700012207,474.82000732422,400.35998535156,474.98001098633,475.01000976563,474.85998535156,399.95001220703,474.91000366211,475.05999755859,474.92999267578,42.504001617432,38.346000671387,40.430000305176,37.555999755859,45.001998901367,42.305999755859,47.784000396729,43.585998535156,41.14400100708,42.81600189209,36.515998840332,45.453998565674,60.276000976563,39.63399887085,41.979999542236,53.568000793457,0,0,0,0,0,0,0,0,0,0,0,0,0,0,0,0,922.30645751953
2018.06.26 10:24:31.032,#M,474.79998779297,474.89001464844,474.76998901367,474.79000854492,474.83999633789,474.83999633789,474.9700012207,474.82998657227,400.29000854492,475.01000976563,475.01000976563,474.89999389648,399.98001098633,474.92001342773,475.08999633789,474.95001220703,42.515998840332,38.352001190186,40.436000823975,37.555999755859,45.020000457764,42.284000396729,47.793998718262,43.583999633789,41.15599822998,42.804000854492,36.520000457764,45.470001220703,60.299999237061,39.641998291016,41.987998962402,53.666000366211,0,0,0,0,0,0,0,0,0,0,0,0,0,0,0,0,922.1015625
2018.06.26 10:24:41.034,#M,474.79000854492,474.85998535156,474.76998901367,474.80999755859,474.85998535156,474.91000366211,474.95999145508,474.82000732422,400.35998535156,475.0299987793,475.05999755859,474.89001464844,399.95999145508,474.92001342773,475.07000732422,474.95999145508,42.52799987793,38.361999511719,40.439998626709,37.560001373291,45.029998779297,42.282001495361,47.805999755859,43.588001251221,41.186000823975,42.798000335693,36.523998260498,45.470001220703,60.313999176025,39.645999908447,41.995998382568,53.751998901367,0,0,0,0,0,0,0,0,0,0,0,0,0,0,0,0,921.60314941406
2018.06.26 10:24:51.036,#M,474.79000854492,474.82998657227,474.76998901367,474.76998901367,474.85000610352,474.89001464844,474.95001220703,474.83999633789,400.35000610352,475.04000854492,475.01998901367,474.89001464844,399.95999145508,474.94000244141,475.10000610352,474.91000366211,42.534000396729,38.363998413086,40.448001861572,37.557998657227,45.032001495361,42.273998260498,47.818000793457,43.583999633789,41.186000823975,42.804000854492,36.532001495361,45.476001739502,60.326000213623,39.653999328613,41.995998382568,53.819999694824,0,0,0,0,0,0,0,0,0,0,0,0,0,0,0,0,921.63690185547
2018.06.26 10:25:01.025,#M,474.79000854492,474.82998657227,474.7799987793,474.75,474.85998535156,475.01000976563,474.92999267578,474.85000610352,400.30999755859,474.98001098633,475.01998901367,474.89001464844,399.98001098633,474.95999145508,475.08999633789,474.92001342773,42.537998199463,38.372001647949,40.462001800537,37.563999176025,45.032001495361,42.268001556396,47.81600189209,43.588001251221,41.18399810791,42.826000213623,36.526000976563,45.484001159668,60.333999633789,39.659999847412,41.993999481201,53.875999450684,0,0,0,0,0,0,0,0,0,0,0,0,0,0,0,0,922.05554199219
2018.06.26 10:25:05.147,#14,500,500,500,500,500,500,500,500,400,500,500,500,400,500,500,500,200,200,200,200,200,200,200,200,200,200,200,200,200,200,200,200,474.79000854492,474.89999389648,474.79000854492,474.76998901367,474.85998535156,475.01000976563,474.92999267578,474.83999633789,400.26998901367,474.98001098633,475,474.89001464844,399.95001220703,474.98999023438,475.10000610352,474.92999267578,42.534000396729,38.368000030518,40.462001800537,37.560001373291,45.035999298096,42.265998840332,47.818000793457,43.588001251221,41.173999786377,42.838001251221,36.529998779297,45.487998962402,60.338001251221,39.659999847412,42,53.891998291016,0,0,0,0,0,0,0,0,0,0,0,0,0,0,0,0,921.87579345703
2018.06.26 10:25:15.027,#M,499.70999145508,499.76998901367,499.82998657227,499.73001098633,499.9700012207,499.95999145508,499.79000854492,499.76998901367,400.32000732422,500.16000366211,500.01998901367,499.80999755859,399.98001098633,499.92999267578,499.92999267578,500,43.824001312256,40.152000427246,42.189998626709,38.930000305176,46.242000579834,43.925998687744,48.925998687744,45.069999694824,41.158000946045,45.048000335693,38.276000976563,47.131999969482,60.347999572754,41.131999969482,43.599998474121,55.700000762939,0,0,0,0,0,0,0,0,0,0,0,0,0,0,0,0,929.74176025391
2018.06.26 10:25:25.028,#M,499.76998901367,499.76998901367,499.85998535156,499.92999267578,499.85998535156,499.91000366211,499.85000610352,499.88000488281,400.30999755859,500.04998779297,500.10000610352,499.91000366211,399.98001098633,499.98999023438,500.01998901367,499.92999267578,43.830001831055,40.124000549316,42.200000762939,38.930000305176,46.220001220703,43.919998168945,48.92200088501,45.041999816895,41.198001861572,45.032001495361,38.268001556396,47.147998809814,60.358001708984,41.131999969482,43.597999572754,55.743999481201,0,0,0,0,0,0,0,0,0,0,0,0,0,0,0,0,930.05157470703
2018.06.26 10:25:35.035,#M,499.75,499.7799987793,499.73999023438,499.82000732422,499.86999511719,499.89999389648,499.82000732422,499.86999511719,400.41000366211,499.95999145508,500.05999755859,499.91000366211,399.98999023438,499.98001098633,500.01000976563,499.89001464844,43.838001251221,40.026000976563,42.195999145508,38.925998687744,46.206001281738,43.916000366211,48.930000305176,45.043998718262,41.226001739502,45.021999359131,38.257999420166,47.136001586914,60.363998413086,41.131999969482,43.588001251221,55.782001495361,0,0,0,0,0,0,0,0,0,0,0,0,0,0,0,0,929.30828857422
2018.06.26 10:25:45.026,#M,499.76998901367,499.7799987793,499.76998901367,499.82000732422,499.88000488281,499.89001464844,499.82000732422,499.85998535156,400.38000488281,499.92999267578,500.04000854492,499.91000366211,399.98999023438,500,500.01998901367,499.88000488281,43.841999053955,39.944000244141,42.201999664307,38.925998687744,46.228000640869,43.916000366211,48.936000823975,45.048000335693,41.234001159668,45.023998260498,38.245998382568,47.14400100708,60.377998352051,41.139999389648,43.57799911499,55.804000854492,0,0,0,0,0,0,0,0,0,0,0,0,0,0,0,0,929.28454589844
2018.06.26 10:25:55.027,#M,499.7200012207,499.7799987793,499.7799987793,499.82000732422,499.89999389648,499.89001464844,499.82000732422,499.86999511719,400.30999755859,500.04000854492,500.04998779297,499.91000366211,399.9700012207,499.95999145508,500.01000976563,499.89999389648,43.854000091553,39.90599822998,42.209999084473,38.930000305176,46.242000579834,43.909999847412,48.936000823975,45.049999237061,41.231998443604,45.026000976563,38.245998382568,47.150001525879,60.388000488281,41.141998291016,43.57799911499,55.807998657227,0,0,0,0,0,0,0,0,0,0,0,0,0,0,0,0,928.83660888672
2018.06.26 10:26:05.026,#M,499.73999023438,499.7799987793,499.85000610352,499.85000610352,499.92999267578,499.91000366211,499.82998657227,499.89001464844,400.35000610352,500.05999755859,500.01998901367,499.89999389648,399.98999023438,499.95999145508,500.04998779297,499.85998535156,43.860000610352,39.900001525879,42.220001220703,38.936000823975,46.256000518799,43.911998748779,48.930000305176,45.057998657227,41.240001678467,45.041999816895,38.243999481201,47.15599822998,60.397998809814,41.14400100708,43.585998535156,55.826000213623,0,0,0,0,0,0,0,0,0,0,0,0,0,0,0,0,929.49554443359
2018.06.26 10:26:10.135,#15,550,550,550,550,550,550,550,550,400,550,550,550,400,550,550,550,200,200,200,200,200,200,200,200,200,200,200,200,200,200,200,200,499.75,499.7799987793,499.85998535156,499.89001464844,499.92001342773,499.89999389648,499.82000732422,499.82000732422,400.32998657227,500.04998779297,500.0299987793,499.89001464844,399.98001098633,499.98001098633,500.01998901367,499.86999511719,43.863998413086,39.930000305176,42.217998504639,38.937999725342,46.256000518799,43.911998748779,48.93399810791,45.054000854492,41.242000579834,45.037998199463,38.245998382568,47.161998748779,60.40599822998,41.14400100708,43.590000152588,55.838001251221,0,0,0,0,0,0,0,0,0,0,0,0,0,0,0,0,928.98382568359
2018.06.26 10:26:20.029,#M,549.73999023438,549.76000976563,549.84002685547,549.89001464844,549.89001464844,549.95001220703,550.01000976563,549.86999511719,400.29000854492,549.96997070313,549.92999267578,549.89001464844,400,549.82000732422,550.03002929688,549.97998046875,46.27799987793,43.026000976563,45.784000396729,41.723999023438,48.529998779297,46.67200088501,51.914001464844,48.152000427246,41.242000579834,48.880001068115,41.203998565674,50.381999969482,60.395999908447,44.22200012207,46.810001373291,59.402000427246,0,0,0,0,0,0,0,0,0,0,0,0,0,0,0,0,941.03057861328
2018.06.26 10:26:30.030,#M,549.83001708984,549.77001953125,549.85998535156,549.85998535156,549.90002441406,549.94000244141,549.92999267578,549.88000488281,400.35998535156,550.02001953125,550.07000732422,549.85998535156,400,549.95001220703,550.08001708984,549.97998046875,46.285999298096,42.931999206543,45.687999725342,41.714000701904,48.560001373291,46.669998168945,51.936000823975,48.14400100708,41.245998382568,48.897998809814,41.206001281738,50.402000427246,60.40599822998,44.212001800537,46.810001373291,59.442001342773,0,0,0,0,0,0,0,0,0,0,0,0,0,0,0,0,940.90301513672
2018.06.26 10:26:40.033,#M,549.83001708984,549.78002929688,549.84002685547,549.84997558594,549.90002441406,549.92999267578,549.92999267578,549.88000488281,400.30999755859,550,550.03002929688,549.89001464844,399.95999145508,549.98999023438,550.08001708984,549.96997070313,46.301998138428,42.82799911499,45.763999938965,41.712001800537,48.560001373291,46.680000305176,51.953998565674,48.138000488281,41.248001098633,48.90599822998,41.223999023438,50.431999206543,60.419998168945,44.22200012207,46.805999755859,59.484001159668,0,0,0,0,0,0,0,0,0,0,0,0,0,0,0,0,940.427734375
2018.06.26 10:26:50.035,#M,549.79998779297,549.78002929688,549.83001708984,549.88000488281,549.90002441406,549.94000244141,549.94000244141,549.88000488281,400.35998535156,550,549.97998046875,549.92999267578,399.98001098633,550.01000976563,550.10998535156,549.97998046875,46.305999755859,42.841999053955,45.779998779297,41.706001281738,48.543998718262,46.686000823975,51.959999084473,48.13399887085,41.256000518799,48.917999267578,41.248001098633,50.430000305176,60.425998687744,44.236000061035,46.807998657227,59.506000518799,0,0,0,0,0,0,0,0,0,0,0,0,0,0,0,0,940.54083251953
2018.06.26 10:27:00.028,#M,549.80999755859,549.78997802734,549.83001708984,549.86999511719,549.90002441406,549.94000244141,549.95001220703,549.88000488281,400.29000854492,550.01000976563,550,549.94000244141,399.98999023438,550,550.09002685547,549.97998046875,46.307998657227,42.888000488281,45.799999237061,41.700000762939,48.541999816895,46.675998687744,51.964000701904,48.139999389648,41.291999816895,48.919998168945,41.257999420166,50.43399810791,60.437999725342,44.245998382568,46.810001373291,59.532001495361,0,0,0,0,0,0,0,0,0,0,0,0,0,0,0,0,940.08319091797
2018.06.26 10:27:10.028,#M,549.80999755859,549.78002929688,549.84002685547,549.86999511719,549.90997314453,549.94000244141,549.90997314453,549.89001464844,400.29998779297,550.02001953125,550.04998779297,549.94000244141,399.9700012207,550,550.09002685547,549.98999023438,46.31600189209,42.84400177002,45.812000274658,41.692001342773,48.537998199463,46.664001464844,51.97200012207,48.13399887085,41.268001556396,48.923999786377,41.257999420166,50.439998626709,60.444000244141,44.25,46.804000854492,59.537998199463,0,0,0,0,0,0,0,0,0,0,0,0,0,0,0,0,939.78637695313
2018.06.26 10:27:14.152,#16,600,600,600,600,600,600,600,600,400,600,600,600,400,600,600,600,200,200,200,200,200,200,200,200,200,200,200,200,200,200,200,200,549.78997802734,549.78002929688,549.84002685547,549.85998535156,549.91998291016,549.94000244141,549.94000244141,549.89001464844,400.32998657227,550.01000976563,550.01000976563,549.94000244141,399.9700012207,550.01000976563,550.11999511719,549.97998046875,46.31600189209,42.82799911499,45.81600189209,41.687999725342,48.537998199463,46.661998748779,51.973999023438,48.13399887085,41.273998260498,48.914001464844,41.265998840332,50.439998626709,60.444000244141,44.254001617432,46.805999755859,59.541999816895,0,0,0,0,0,0,0,0,0,0,0,0,0,0,0,0,940.21759033203
2018.06.26 10:27:24.024,#M,599.82000732422,599.78002929688,599.84002685547,599.89001464844,599.97998046875,599.90002441406,599.90002441406,599.90002441406,400.33999633789,600.10998535156,600.05999755859,599.92999267578,400,600.03997802734,600.02001953125,600.03997802734,49.254001617432,46.346000671387,49.57799911499,45.333999633789,50.692001342773,49.872001647949,55.285999298096,51.437999725342,41.220001220703,50.521999359131,44.675998687744,53.619998931885,60.437999725342,47.363998413086,49.85599899292,62.951999664307,0,0,0,0,0,0,0,0,0,0,0,0,0,0,0,0,949.23901367188
2018.06.26 10:27:34.024,#M,599.78002929688,599.78002929688,599.84997558594,599.86999511719,599.96997070313,599.90002441406,599.92999267578,599.89001464844,400.32000732422,600.03997802734,600.03997802734,599.94000244141,399.98001098633,599.92999267578,600.02001953125,600.03997802734,49.257999420166,46.347999572754,49.540000915527,45.332000732422,50.717998504639,49.967998504639,55.310001373291,51.428001403809,41.251998901367,50.540000915527,44.661998748779,53.65599822998,60.445999145508,47.368000030518,49.854000091553,63.026000976563,0,0,0,0,0,0,0,0,0,0,0,0,0,0,0,0,948.48687744141
2018.06.26 10:27:44.031,#M,599.78997802734,599.78002929688,599.85998535156,599.86999511719,599.96997070313,599.90997314453,599.91998291016,599.89001464844,400.2799987793,600.02001953125,600.03002929688,599.94000244141,399.98999023438,599.96002197266,600.02001953125,600.03002929688,49.268001556396,46.304000854492,49.569999694824,45.321998596191,50.737998962402,49.973999023438,55.307998657227,51.431999206543,41.273998260498,50.554000854492,44.658000946045,53.67200088501,60.459999084473,47.374000549316,49.854000091553,62.97200012207,0,0,0,0,0,0,0,0,0,0,0,0,0,0,0,0,948.27844238281
2018.06.26 10:27:54.031,#M,599.78997802734,599.78002929688,599.86999511719,599.85998535156,599.96002197266,599.90997314453,599.91998291016,599.89001464844,400.2799987793,600.03002929688,600.03002929688,599.94000244141,400,599.96002197266,600.03002929688,600.02001953125,49.279998779297,46.262001037598,49.312000274658,45.318000793457,50.745998382568,49.965999603271,55.31600189209,51.442001342773,41.27799987793,50.560001373291,44.664001464844,53.686000823975,60.465999603271,47.389999389648,49.847999572754,62.958000183105,0,0,0,0,0,0,0,0,0,0,0,0,0,0,0,0,948.49731445313
2018.06.26 10:28:04.033,#M,599.78997802734,599.78997802734,599.86999511719,599.88000488281,599.97998046875,599.91998291016,599.90997314453,599.89001464844,400.35000610352,600.03997802734,600.03997802734,599.94000244141,400,599.97998046875,600.03997802734,600.03002929688,49.293998718262,46.248001098633,49.548000335693,45.312000274658,50.759998321533,49.964000701904,55.313999176025,51.43399810791,41.301998138428,50.576000213623,44.666000366211,53.692001342773,60.473999023438,47.397998809814,49.838001251221,63.037998199463,0,0,0,0,0,0,0,0,0,0,0,0,0,0,0,0,947.82293701172
2018.06.26 10:28:14.036,#M,599.79998779297,599.79998779297,599.86999511719,599.88000488281,599.98999023438,599.94000244141,599.94000244141,599.90002441406,400.30999755859,600.03997802734,600.03997802734,599.95001220703,400.01000976563,599.96997070313,600.03997802734,600.03997802734,49.31600189209,46.242000579834,49.619998931885,45.312000274658,50.768001556396,50.015998840332,55.319999694824,51.439998626709,41.299999237061,50.582000732422,44.667999267578,53.709999084473,60.486000061035,47.425998687744,49.841999053955,63.127998352051,0,0,0,0,0,0,0,0,0,0,0,0,0,0,0,0,948.25476074219
2018.06.26 10:28:20.141,#17,650,650,650,650,650,650,650,650,400,650,650,650,400,650,650,650,200,200,200,200,200,200,200,200,200,200,200,200,200,200,200,200,599.79998779297,599.79998779297,599.86999511719,599.88000488281,599.98999023438,599.96002197266,599.92999267578,599.89001464844,400.33999633789,600.03997802734,600.03997802734,599.95001220703,399.98999023438,599.96997070313,600.04998779297,600.03997802734,49.321998596191,46.268001556396,49.604000091553,45.321998596191,50.770000457764,50.054000854492,55.319999694824,51.444000244141,41.282001495361,50.585998535156,44.667999267578,53.709999084473,60.492000579834,47.430000305176,49.847999572754,63.096000671387,0,0,0,0,0,0,0,0,0,0,0,0,0,0,0,0,947.90301513672
2018.06.26 10:28:30.029,#M,649.84002685547,649.78002929688,649.91998291016,649.88000488281,649.92999267578,650.01000976563,650,649.92999267578,400.2799987793,650.13000488281,650.07000732422,650.01000976563,399.9700012207,649.92999267578,650.04998779297,650.05999755859,51.88399887085,49.201999664307,53.02799987793,48.34400177002,52.875999450684,53.804000854492,60.411998748779,55.338001251221,41.279998779297,54.060001373291,47.909999847412,56.661998748779,60.486000061035,50.428001403809,51.64400100708,67.900001525879,0,0,0,0,0,0,0,0,0,0,0,0,0,0,0,0,954.67767333984
2018.06.26 10:28:40.027,#M,649.84002685547,649.78997802734,649.86999511719,649.85998535156,649.90002441406,650,649.98999023438,649.94000244141,400.29998779297,650.09002685547,650.03997802734,649.97998046875,399.9700012207,649.96002197266,650.04998779297,649.97998046875,51.881999969482,49.18399810791,52.563999176025,48.341999053955,52.863998413086,53.768001556396,60.395999908447,55.332000732422,41.304000854492,54.091999053955,47.976001739502,56.673999786377,60.492000579834,50.423999786377,51.622001647949,67.903999328613,0,0,0,0,0,0,0,0,0,0,0,0,0,0,0,0,954.10339355469
2018.06.26 10:28:50.027,#M,649.83001708984,649.78997802734,649.86999511719,649.85998535156,649.90997314453,650,650.01000976563,649.92999267578,400.33999633789,650.08001708984,650.04998779297,649.97998046875,399.98001098633,649.94000244141,650.04998779297,649.98999023438,51.900001525879,49.243999481201,52.212001800537,48.346000671387,52.875999450684,53.745998382568,60.436000823975,55.34400177002,41.298000335693,54.125999450684,47.990001678467,56.689998626709,60.509998321533,50.442001342773,51.63399887085,67.931999206543,0,0,0,0,0,0,0,0,0,0,0,0,0,0,0,0,954.08129882813
2018.06.26 10:29:00.027,#M,649.84002685547,649.78997802734,649.86999511719,649.88000488281,649.90997314453,650.02001953125,650.01000976563,649.94000244141,400.36999511719,650.08001708984,650.04998779297,649.97998046875,399.95001220703,649.94000244141,650.04998779297,650,51.930000305176,49.265998840332,52.61600112915,48.352001190186,52.889999389648,53.361999511719,60.470001220703,55.346000671387,41.321998596191,54.164001464844,48.012001037598,56.709999084473,60.521999359131,50.459999084473,51.645999908447,67.963996887207,0,0,0,0,0,0,0,0,0,0,0,0,0,0,0,0,954.30242919922
2018.06.26 10:29:10.038,#M,649.84997558594,649.78997802734,649.84997558594,649.89001464844,649.90997314453,650.02001953125,650.02001953125,649.94000244141,400.36999511719,650.09002685547,650.05999755859,649.98999023438,399.95999145508,649.94000244141,650.05999755859,650,51.962001800537,49.304000854492,52.979999542236,48.301998138428,52.902000427246,53.212001800537,60.504001617432,55.349998474121,41.335998535156,54.200000762939,48.07799911499,56.734001159668,60.541999816895,50.481998443604,51.669998168945,67.994003295898,0,0,0,0,0,0,0,0,0,0,0,0,0,0,0,0,953.89794921875
2018.06.26 10:29:20.038,#M,649.84997558594,649.79998779297,649.85998535156,649.89001464844,649.91998291016,650.02001953125,650.02001953125,649.95001220703,400.35000610352,650.09002685547,650.05999755859,649.98999023438,399.94000244141,649.95001220703,650.04998779297,650.01000976563,51.990001678467,49.481998443604,52.937999725342,48.279998779297,52.917999267578,53.534000396729,60.518001556396,55.360000610352,41.36600112915,54.223999023438,48.141998291016,56.763999938965,60.548000335693,50.512001037598,51.689998626709,68.005996704102,0,0,0,0,0,0,0,0,0,0,0,0,0,0,0,0,953.58984375
2018.06.26 10:29:24.168,#0,800,800,800,800,800,800,800,800,800,800,800,800,800,800,800,800,200,200,200,200,200,200,200,200,200,200,200,200,200,200,200,200,649.85998535156,649.78997802734,649.88000488281,649.89001464844,649.91998291016,650.02001953125,650.01000976563,649.95001220703,400.36999511719,650.08001708984,650.04998779297,649.98999023438,399.92999267578,649.95001220703,650.05999755859,650,52.001998901367,49.459999084473,53.032001495361,48.276000976563,52.92200088501,53.546001434326,60.523998260498,55.36600112915,41.372001647949,54.234001159668,48.153999328613,56.784000396729,60.555999755859,50.523998260498,51.709999084473,68.012001037598,0,0,0,0,0,0,0,0,0,0,0,0,0,0,0,0,953.76391601563

2018.06.26 10:29:24.188,SCAN Finished with result COMPLETED OK! ;
