2018.06.26 10:56:36.238,Scan triggered MANUALLY from Panel with mode Forced Enable =  FALSE
2018.06.26 10:56:36.271,Configuration used for Scan: DEFAULT

2018.06.26 10:56:36.286,HpFT0,HpFT1,HpFT2,HpFT3,HpNT0,HpNT1,HpNT2,HpNT3,HmFT0,HmFT1,HmFT2,HmFT3,HmNT0,HmNT1,HmNT2,HmNT3
2018.06.26 10:56:36.300,#channels,v0,v1,i0,i1,rUp,rDwn,triptime,vMaxSoftValue,vMon,iMon,DIP(telescope+instLumi)
2018.06.26 10:56:36.314,16,1,0,1,0,0,0,0,0,1,1,1
2018.06.26 10:56:36.454,#1,100,100,100,100,100,100,100,100,100,100,100,100,100,100,100,100,200,200,200,200,200,200,200,200,200,200,200,200,200,200,200,200,627.65997314453,626.97998046875,626.91998291016,626.28997802734,626.28997802734,626.09002685547,624.92999267578,624.97998046875,500.08999633789,633.60998535156,633.38000488281,633.14001464844,500.01998901367,632.27001953125,632.01000976563,631.41998291016,51.835998535156,46.61600112915,51.425998687744,45.360000610352,51.549999237061,50.625999450684,57.717998504639,51.673999786377,55.624000549316,53.734001159668,47.838001251221,56.549999237061,97.045997619629,49.136001586914,51.723999023438,56.984001159668,0,0,0,0,0,0,0,0,0,0,0,0,0,0,0,0,928.55627441406
2018.06.26 10:56:46.031,#M,463.7200012207,464.55999755859,464.82000732422,465.85000610352,465.91000366211,467.82000732422,466.67001342773,468.45001220703,295.75,455.95999145508,457.95001220703,457.51000976563,297.66000366211,458.64001464844,460.42001342773,459.70999145508,41.903999328613,37.546001434326,39.470001220703,36.588001251221,44.310001373291,40.953998565674,46.847999572754,42.10599899292,31.562000274658,40.321998596191,35.596000671387,43.796001434326,38.312000274658,38.425998687744,40.459999084473,47.082000732422,0,0,0,0,0,0,0,0,0,0,0,0,0,0,0,0,897.74261474609
2018.06.26 10:56:56.032,#M,214.10000610352,215.11000061035,215.42999267578,216.28999328613,216.41000366211,217.7799987793,217.63999938965,218.75999450684,101.43000030518,206.66000366211,208.44000244141,207.61000061035,99.730003356934,208.7799987793,210.64999389648,210.33000183105,17.837999343872,18.663999557495,18.351999282837,18.516000747681,18.395999908447,18.635999679565,19.025999069214,19.937999725342,12.395999908447,16.860000610352,16.684000015259,17.197999954224,13.652000427246,17.20599937439,16.934000015259,21.643999099731,0,0,0,0,0,0,0,0,0,0,0,0,0,0,0,0,292.00213623047
2018.06.26 10:57:06.035,#M,99.589996337891,99.550003051758,99.769996643066,99.720001220703,99.589996337891,100.11000061035,99.790000915527,99.680000305176,100.44999694824,99.730003356934,99.720001220703,99.709999084473,99.879997253418,99.900001525879,99.860000610352,99.720001220703,8.1520004272461,8.1780004501343,8.1540002822876,8.0799999237061,8.1099996566772,8.0939998626709,8.4919996261597,8.4060001373291,13.607999801636,7.8800001144409,7.6020002365112,8.0380001068115,15.079999923706,7.75,7.728000164032,8.3780002593994,0,0,0,0,0,0,0,0,0,0,0,0,0,0,0,0,17.296628952026
2018.06.26 10:57:16.027,#M,99.559997558594,99.519996643066,99.76000213623,99.540000915527,99.620002746582,100.13999938965,99.800003051758,99.730003356934,100.61000061035,99.889999389648,99.779998779297,99.690002441406,99.839996337891,99.849998474121,99.790000915527,99.970001220703,8.2779998779297,8.2840003967285,8.253999710083,8.1260004043579,8.2299995422363,8.2200002670288,8.6099996566772,8.5139999389648,13.602000236511,7.9980001449585,7.7080001831055,8.1599998474121,15.060000419617,7.8639998435974,7.8480000495911,8.4739999771118,0,0,0,0,0,0,0,0,0,0,0,0,0,0,0,0,20.095813751221
2018.06.26 10:57:26.032,#M,99.599998474121,99.540000915527,99.76000213623,99.529998779297,99.650001525879,100.11000061035,99.849998474121,99.709999084473,100.63999938965,99.839996337891,99.769996643066,99.720001220703,99.849998474121,99.839996337891,99.819999694824,99.940002441406,8.3719997406006,8.3699998855591,8.3439998626709,8.210000038147,8.326000213623,8.3100004196167,8.7080001831055,8.5939998626709,13.597999572754,8.0819997787476,7.7940001487732,8.253999710083,15.060000419617,7.9539999961853,7.9400000572205,8.5579996109009,0,0,0,0,0,0,0,0,0,0,0,0,0,0,0,0,21.96018409729
2018.06.26 10:57:31.157,#2,150,150,150,150,150,150,150,150,150,150,150,150,150,150,150,150,200,200,200,200,200,200,200,200,200,200,200,200,200,200,200,200,99.610000610352,99.550003051758,99.73999786377,99.610000610352,99.660003662109,100.0299987793,99.830001831055,99.699996948242,100.62999725342,99.889999389648,99.779998779297,99.720001220703,99.819999694824,99.839996337891,99.790000915527,99.860000610352,8.3999996185303,8.3959999084473,8.3719997406006,8.246000289917,8.3559999465942,8.3339996337891,8.7399997711182,8.6180000305176,13.602000236511,8.1099996566772,7.8220000267029,8.28600025177,15.062000274658,7.9840002059937,7.9679999351501,8.5839996337891,0,0,0,0,0,0,0,0,0,0,0,0,0,0,0,0,22.601762771606
2018.06.26 10:57:41.025,#M,149.50999450684,149.42999267578,150.33000183105,150.50999450684,150.32000732422,150.22999572754,151.32000732422,151.32000732422,149.92999267578,150.39999389648,150.11000061035,149.61999511719,149.97999572754,149.63999938965,149.83000183105,149.75999450684,13.593999862671,13.631999969482,13.640000343323,13.425999641418,13.630000114441,13.432000160217,14.22200012207,13.961999893188,19.944000244141,13.227999687195,12.803999900818,13.663999557495,22.549999237061,13.223999977112,13.175999641418,14.482000350952,0,0,0,0,0,0,0,0,0,0,0,0,0,0,0,0,262.14096069336
2018.06.26 10:57:51.034,#M,149.63999938965,149.5299987793,150.11000061035,150.61000061035,150.38999938965,149.63999938965,150.96000671387,150.47999572754,150.0299987793,150.05999755859,150.39999389648,149.80000305176,149.91999816895,149.77000427246,149.77000427246,150.02000427246,13.437999725342,13.46399974823,13.451999664307,13.225999832153,13.470000267029,13.3140001297,14.024000167847,13.833999633789,19.878000259399,13.041999816895,12.623999595642,13.416000366211,22.454000473022,13.013999938965,12.961999893188,14.272000312805,0,0,0,0,0,0,0,0,0,0,0,0,0,0,0,0,250.76361083984
2018.06.26 10:58:01.033,#M,149.66000366211,149.57000732422,150.11000061035,149.66999816895,150.32000732422,149.67999267578,150.91999816895,150.49000549316,150.08999633789,149.94000244141,150.36999511719,149.7799987793,149.89999389648,149.78999328613,149.88999938965,149.96000671387,13.253999710083,13.303999900818,13.279999732971,13.074000358582,13.284000396729,13.159999847412,13.807999610901,13.697999954224,19.808000564575,12.868000030518,12.449999809265,13.201999664307,22.374000549316,12.817999839783,12.75,14.067999839783,0,0,0,0,0,0,0,0,0,0,0,0,0,0,0,0,241.42906188965
2018.06.26 10:58:05.157,#3,200,200,200,200,200,200,200,200,200,200,200,200,200,200,200,200,200,200,200,200,200,200,200,200,200,200,200,200,200,200,200,200,149.66000366211,149.58000183105,150.17999267578,149.69000244141,150.33999633789,149.71000671387,150.80999755859,150.32000732422,150.13999938965,149.94999694824,150.30000305176,149.78999328613,149.88000488281,149.72999572754,149.80999755859,149.96000671387,13.178000450134,13.24199962616,13.208000183105,13.043999671936,13.206000328064,13.102000236511,13.720000267029,13.645999908447,19.799999237061,12.795999526978,12.387999534607,13.123999595642,22.347999572754,12.75,12.680000305176,14,0,0,0,0,0,0,0,0,0,0,0,0,0,0,0,0,238.88642883301
2018.06.26 10:58:15.030,#M,199.82000732422,199.60000610352,199.7200012207,199,200.21000671387,199.42999267578,200.27000427246,199.88999938965,200,199.83999633789,199.71000671387,199.83999633789,199.61000061035,199.75999450684,199.77000427246,199.96000671387,18.555999755859,18.635999679565,18.663999557495,18.32799911499,18.695999145508,18.464000701904,19.451999664307,19.20599937439,25.583999633789,18.35000038147,17.739999771118,18.878000259399,29.554000854492,18.389999389648,18.281999588013,21.492000579834,0,0,0,0,0,0,0,0,0,0,0,0,0,0,0,0,298.95190429688
2018.06.26 10:58:25.033,#M,199.83999633789,199.63999938965,199.83999633789,199.58000183105,200.08000183105,199.66999816895,200.08999633789,200.14999389648,199.91000366211,199.89999389648,200.05999755859,199.75,199.83000183105,199.82000732422,199.89999389648,199.85000610352,18.347999572754,18.42799949646,18.42200088501,18.145999908447,18.440000534058,18.239999771118,19.162000656128,19.02799987793,25.445999145508,18.052000045776,17.474000930786,18.538000106812,29.434000015259,18.090000152588,17.950000762939,21.219999313354,0,0,0,0,0,0,0,0,0,0,0,0,0,0,0,0,302.68490600586
2018.06.26 10:58:35.033,#M,199.69999694824,199.63999938965,199.86000061035,199.60000610352,200.16000366211,199.61999511719,200.21000671387,200.11000061035,199.69000244141,199.92999267578,200.02000427246,199.80999755859,199.86000061035,199.86999511719,199.86999511719,199.86999511719,18.083999633789,18.228000640869,18.187999725342,17.95599937439,18.187999725342,18.02799987793,18.860000610352,18.851999282837,25.351999282837,17.780000686646,17.225999832153,18.229999542236,29.347999572754,17.815999984741,17.64999961853,20.974000930786,0,0,0,0,0,0,0,0,0,0,0,0,0,0,0,0,305.64147949219
2018.06.26 10:58:40.168,#4,250,250,250,250,250,250,250,250,250,250,250,250,250,250,250,250,200,200,200,200,200,200,200,200,200,200,200,200,200,200,200,200,199.61999511719,199.64999389648,199.83999633789,199.64999389648,200.22999572754,199.63000488281,200.33000183105,200.13000488281,199.74000549316,199.92999267578,200.05000305176,199.83000183105,199.88000488281,199.91000366211,199.94000244141,199.86000061035,17.997999191284,18.159999847412,18.107999801636,17.881999969482,18.101999282837,17.954000473022,18.760000228882,18.791999816895,25.340000152588,17.690000534058,17.145999908447,18.121999740601,29.323999404907,17.719999313354,17.524000167847,20.895999908447,0,0,0,0,0,0,0,0,0,0,0,0,0,0,0,0,305.77688598633
2018.06.26 10:58:50.031,#M,249.5299987793,249.63000488281,249.77000427246,249.63999938965,249.63000488281,249.55000305176,249.94000244141,249.80999755859,249.74000549316,249.80000305176,249.39999389648,249.72999572754,249.7799987793,249.80999755859,249.89999389648,249.82000732422,24.152000427246,24.030000686646,24.229999542236,23.64999961853,24.802000045776,24.200000762939,25.851999282837,25.131999969482,29.20599937439,24.068000793457,22.961999893188,24.687999725342,35.445999145508,23.992000579834,23.857999801636,29.513999938965,0,0,0,0,0,0,0,0,0,0,0,0,0,0,0,0,295.92385864258
2018.06.26 10:59:00.027,#M,249.55999755859,249.53999328613,249.80999755859,249.63999938965,249.72999572754,249.7799987793,249.74000549316,249.80999755859,250.0299987793,249.94999694824,249.97999572754,249.77000427246,249.92999267578,249.83999633789,249.9700012207,249.86999511719,23.871999740601,23.813999176025,23.97200012207,23.441999435425,24.535999298096,23.979999542236,25.54400062561,24.944000244141,29.180000305176,23.747999191284,22.681999206543,24.309999465942,35.363998413086,23.658000946045,23.469999313354,29.379999160767,0,0,0,0,0,0,0,0,0,0,0,0,0,0,0,0,289.62768554688
2018.06.26 10:59:10.028,#M,249.55999755859,249.66000366211,249.80999755859,249.77000427246,249.7200012207,249.66000366211,249.78999328613,249.75,250.02000427246,249.97999572754,249.83000183105,249.74000549316,249.88000488281,249.83999633789,249.96000671387,249.91000366211,23.638000488281,23.666000366211,23.757999420166,23.29400062561,24.323999404907,23.92799949646,25.318000793457,24.874000549316,29.159999847412,23.534000396729,22.461999893188,24.020000457764,35.318000793457,23.408000946045,23.200000762939,29.492000579834,0,0,0,0,0,0,0,0,0,0,0,0,0,0,0,0,285.04290771484
2018.06.26 10:59:16.177,#5,300,300,300,300,300,300,300,300,300,300,300,300,300,300,300,300,200,200,200,200,200,200,200,200,200,200,200,200,200,200,200,200,249.57000732422,249.58999633789,249.74000549316,249.82000732422,249.75,249.71000671387,249.7799987793,249.74000549316,249.94000244141,249.96000671387,249.85000610352,249.75999450684,249.89999389648,249.86000061035,249.96000671387,249.91000366211,23.520000457764,23.590000152588,23.638000488281,23.204000473022,24.209999084473,24.021999359131,25.22200012207,24.893999099731,29.152000427246,23.42200088501,22.343999862671,23.865999221802,35.296001434326,23.274000167847,23.04400062561,29.562000274658,0,0,0,0,0,0,0,0,0,0,0,0,0,0,0,0,283.07263183594
2018.06.26 10:59:26.027,#M,299.91000366211,299.57998657227,299.82998657227,299.76998901367,299.75,299.79000854492,299.88000488281,299.70001220703,300.07000732422,300.10998535156,299.79998779297,299.67999267578,299.82000732422,299.76998901367,300.07000732422,299.80999755859,30.125999450684,28.313999176025,29.114000320435,27.475999832153,31.684000015259,31.195999145508,33.624000549316,30.997999191284,32.551998138428,30.045999526978,27.048000335693,30.885999679565,39.136001586914,28.875999450684,29.770000457764,37.40599822998,0,0,0,0,0,0,0,0,0,0,0,0,0,0,0,0,540.12255859375
2018.06.26 10:59:36.025,#M,299.73001098633,299.73999023438,299.75,299.7799987793,299.80999755859,299.79000854492,299.75,299.7200012207,300.01000976563,299.98999023438,299.80999755859,299.7799987793,299.82000732422,299.85998535156,299.98001098633,299.91000366211,29.968000411987,28.261999130249,29.038000106812,27.441999435425,31.513999938965,31.011999130249,33.38399887085,30.959999084473,32.548000335693,29.920000076294,26.978000640869,30.714000701904,39.119998931885,28.766000747681,29.614000320435,37.324001312256,0,0,0,0,0,0,0,0,0,0,0,0,0,0,0,0,521.46295166016
2018.06.26 10:59:46.029,#M,299.70999145508,299.7200012207,299.76998901367,299.7200012207,299.75,299.82000732422,299.79000854492,299.7200012207,300.05999755859,299.98999023438,299.83999633789,299.88000488281,299.85998535156,299.83999633789,299.95999145508,299.91000366211,29.832000732422,28.238000869751,28.958000183105,27.416000366211,31.365999221802,30.856000900269,33.195999145508,30.920000076294,32.557998657227,29.802000045776,26.92200088501,30.563999176025,39.11600112915,28.670000076294,29.468000411987,37.414001464844,0,0,0,0,0,0,0,0,0,0,0,0,0,0,0,0,510.77719116211
2018.06.26 10:59:52.169,#6,325,325,325,325,325,325,325,325,325,325,325,325,325,325,325,325,200,200,200,200,200,200,200,200,200,200,200,200,200,200,200,200,299.66000366211,299.70999145508,299.7799987793,299.70001220703,299.76000976563,299.82000732422,299.75,299.7200012207,299.9700012207,300.01998901367,299.85000610352,299.88000488281,299.82998657227,299.82000732422,299.95999145508,299.92999267578,29.760000228882,28.218000411987,28.916000366211,27.39999961853,31.284000396729,30.77799987793,33.091999053955,30.885999679565,32.557998657227,29.738000869751,26.889999389648,30.478000640869,39.119998931885,28.614000320435,29.392000198364,37.520000457764,0,0,0,0,0,0,0,0,0,0,0,0,0,0,0,0,503.75524902344
2018.06.26 11:00:02.033,#M,324.70999145508,324.73999023438,324.79000854492,324.70001220703,324.85000610352,324.70999145508,324.83999633789,324.7799987793,324.91000366211,324.98999023438,324.88000488281,324.88000488281,325.04998779297,324.94000244141,324.92999267578,324.76000976563,32.569999694824,30.065999984741,30.909999847412,29.195999145508,34.596000671387,33.341999053955,36.763999938965,33.180000305176,34.479999542236,32.242000579834,28.513999938965,33.492000579834,40.810001373291,30.687999725342,32.166000366211,40.548000335693,0,0,0,0,0,0,0,0,0,0,0,0,0,0,0,0,668.28411865234
2018.06.26 11:00:12.030,#M,324.75,324.76998901367,324.7799987793,324.76000976563,324.79000854492,324.80999755859,324.80999755859,324.79998779297,324.89999389648,325.01998901367,324.85000610352,324.89999389648,324.85998535156,324.86999511719,324.95001220703,324.89001464844,32.534000396729,30.054000854492,30.888000488281,29.180000305176,34.546001434326,33.273998260498,36.680000305176,33.169998168945,34.473999023438,32.212001800537,28.496000289917,33.448001861572,40.804000854492,30.666000366211,32.125999450684,40.631999969482,0,0,0,0,0,0,0,0,0,0,0,0,0,0,0,0,663.56457519531
2018.06.26 11:00:22.030,#M,324.73999023438,324.7799987793,324.76000976563,324.75,324.80999755859,324.83999633789,324.82000732422,324.79998779297,324.92001342773,325.01998901367,324.85000610352,324.89999389648,324.86999511719,324.91000366211,324.94000244141,324.89999389648,32.487998962402,30.038000106812,30.871999740601,29.167999267578,34.486000061035,33.217998504639,36.602001190186,33.161998748779,34.47200012207,32.180000305176,28.47200012207,33.391998291016,40.796001434326,30.638000488281,32.07799911499,40.681999206543,0,0,0,0,0,0,0,0,0,0,0,0,0,0,0,0,658.67108154297
2018.06.26 11:00:26.167,#7,350,350,350,350,350,350,350,350,350,350,350,350,350,350,350,350,200,200,200,200,200,200,200,200,200,200,200,200,200,200,200,200,324.73999023438,324.79000854492,324.76000976563,324.76998901367,324.80999755859,324.85000610352,324.82000732422,324.79998779297,324.92999267578,325.01998901367,324.85998535156,324.89001464844,324.85998535156,324.88000488281,324.95001220703,324.89999389648,32.47200012207,30.034000396729,30.864000320435,29.162000656128,34.465999603271,33.195999145508,36.571998596191,33.15599822998,34.473999023438,32.169998168945,28.465999603271,33.369998931885,40.793998718262,30.628000259399,32.062000274658,40.687999725342,0,0,0,0,0,0,0,0,0,0,0,0,0,0,0,0,656.66558837891
2018.06.26 11:00:36.033,#M,349.83999633789,349.83999633789,349.82000732422,349.79998779297,349.92001342773,349.92001342773,349.80999755859,349.82000732422,349.95001220703,350.20999145508,349.92999267578,349.89999389648,350.07998657227,350.2799987793,349.95001220703,350.07998657227,34.807998657227,31.634000778198,32.560001373291,30.799999237061,37.187999725342,35.130001068115,39.627998352051,35.153999328613,36.576000213623,34.15599822998,29.934000015259,35.847999572754,43.430000305176,32.417999267578,34.301998138428,43.043998718262,0,0,0,0,0,0,0,0,0,0,0,0,0,0,0,0,764.87634277344
2018.06.26 11:00:46.027,#M,349.73999023438,349.79998779297,349.83999633789,349.64999389648,349.82998657227,349.92001342773,349.85000610352,349.92001342773,349.95999145508,349.82000732422,349.88000488281,349.89001464844,349.95999145508,349.85000610352,349.92999267578,349.83999633789,34.784000396729,31.638000488281,32.529998779297,30.791999816895,37.161998748779,35.108001708984,39.585998535156,35.139999389648,36.583999633789,34.110000610352,29.913999557495,35.824001312256,43.448001861572,32.402000427246,34.273998260498,43.054000854492,0,0,0,0,0,0,0,0,0,0,0,0,0,0,0,0,762.78826904297
2018.06.26 11:00:56.026,#M,349.70001220703,349.79000854492,349.79000854492,349.67999267578,349.86999511719,349.91000366211,349.82000732422,349.92001342773,350,349.85998535156,349.92999267578,349.86999511719,349.95001220703,350.04000854492,349.92999267578,349.85998535156,34.762001037598,31.614000320435,32.521999359131,30.788000106812,37.139999389648,35.076000213623,39.541999816895,35.152000427246,36.591999053955,34.130001068115,29.89999961853,35.805999755859,43.478000640869,32.386001586914,34.251998901367,43.083999633789,0,0,0,0,0,0,0,0,0,0,0,0,0,0,0,0,762.01245117188
2018.06.26 11:01:00.165,#8,375,375,375,375,375,375,375,375,375,375,375,375,375,375,375,375,200,200,200,200,200,200,200,200,200,200,200,200,200,200,200,200,349.70999145508,349.80999755859,349.85998535156,349.70001220703,349.88000488281,349.92999267578,349.83999633789,349.92001342773,349.95999145508,349.92001342773,349.92001342773,349.89001464844,349.95001220703,349.9700012207,349.94000244141,349.85000610352,34.756000518799,31.610000610352,32.518001556396,30.788000106812,37.13399887085,35.068000793457,39.534000396729,35.152000427246,36.588001251221,34.127998352051,29.895999908447,35.804000854492,43.490001678467,32.38399887085,34.245998382568,43.09400177002,0,0,0,0,0,0,0,0,0,0,0,0,0,0,0,0,762.40307617188
2018.06.26 11:01:10.033,#M,374.67001342773,374.73001098633,374.89999389648,375.07998657227,375.05999755859,374.76998901367,374.95999145508,375.07998657227,374.80999755859,374.61999511719,374.92999267578,374.73001098633,374.89001464844,374.9700012207,375,374.89999389648,36.666000366211,33.125999450684,34.145999908447,32.389999389648,39.259998321533,36.61600112915,41.821998596191,36.944000244141,38.886001586914,35.868000030518,31.318000793457,38.026000976563,49.43399810791,34.046001434326,36.111999511719,45.139999389648,0,0,0,0,0,0,0,0,0,0,0,0,0,0,0,0,816.84759521484
2018.06.26 11:01:20.025,#M,374.67999267578,374.76998901367,374.98001098633,374.76000976563,374.95999145508,374.76000976563,374.82000732422,374.98001098633,375.13000488281,375.0299987793,374.89001464844,374.89001464844,374.86999511719,374.92001342773,375,374.91000366211,36.630001068115,33.110000610352,34.136001586914,32.386001586914,39.245998382568,36.638000488281,41.812000274658,36.953998565674,38.90599822998,35.868000030518,31.313999176025,38.034000396729,49.5,34.032001495361,36.090000152588,45.122001647949,0,0,0,0,0,0,0,0,0,0,0,0,0,0,0,0,817.44506835938
2018.06.26 11:01:30.027,#M,374.67999267578,374.76000976563,374.83999633789,374.80999755859,374.92999267578,374.73999023438,374.82998657227,374.94000244141,375.13000488281,375,374.89999389648,374.91000366211,374.85000610352,374.91000366211,374.98999023438,374.92999267578,36.63399887085,33.111999511719,34.145999908447,32.388000488281,39.25,36.645999908447,41.807998657227,36.962001800537,38.916000366211,35.858001708984,31.308000564575,38.035999298096,49.588001251221,34.032001495361,36.069999694824,45.124000549316,0,0,0,0,0,0,0,0,0,0,0,0,0,0,0,0,816.74578857422
2018.06.26 11:01:34.163,#9,400,400,400,400,400,400,400,400,400,400,400,400,400,400,400,400,200,200,200,200,200,200,200,200,200,200,200,200,200,200,200,200,374.70001220703,374.73001098633,374.85000610352,374.80999755859,374.94000244141,374.80999755859,374.82998657227,374.95999145508,375.10000610352,374.98001098633,374.89001464844,374.92999267578,374.85000610352,374.92999267578,374.9700012207,374.94000244141,36.638000488281,33.113998413086,34.150001525879,32.388000488281,39.25,36.647998809814,41.805999755859,36.976001739502,38.916000366211,35.861999511719,31.304000854492,38.035999298096,49.636001586914,34.032001495361,36.06600189209,45.124000549316,0,0,0,0,0,0,0,0,0,0,0,0,0,0,0,0,815.96875
2018.06.26 11:01:44.031,#M,399.67999267578,399.76998901367,400.13000488281,399.73001098633,399.92001342773,400.01998901367,399.95001220703,399.88000488281,400.2799987793,400.01998901367,399.89999389648,399.92999267578,399.89999389648,399.79998779297,399.83999633789,399.85998535156,38.486000061035,34.285999298096,35.812000274658,33.979999542236,41.043998718262,38.150001525879,43.652000427246,38.638000488281,41.462001800537,37.484001159668,32.768001556396,40.152000427246,58.515998840332,35.624000549316,37.694000244141,47.004001617432,0,0,0,0,0,0,0,0,0,0,0,0,0,0,0,0,847.52874755859
2018.06.26 11:01:54.031,#M,399.73001098633,399.75,399.95001220703,399.73001098633,399.95001220703,399.70999145508,399.92001342773,399.89999389648,400.35000610352,400.01998901367,399.92001342773,399.89999389648,399.88000488281,400.0299987793,399.9700012207,399.92001342773,38.487998962402,34.290000915527,35.82799911499,33.970001220703,41.043998718262,38.096000671387,43.650001525879,38.631999969482,41.509998321533,37.458000183105,32.751998901367,40.152000427246,58.666000366211,35.618000030518,37.675998687744,47.006000518799,0,0,0,0,0,0,0,0,0,0,0,0,0,0,0,0,846.78265380859
2018.06.26 11:02:04.031,#M,399.76998901367,399.79000854492,399.92001342773,399.79998779297,399.98001098633,399.80999755859,399.92999267578,399.85998535156,400.29000854492,400.01998901367,399.92999267578,399.88000488281,399.89001464844,399.95001220703,399.94000244141,399.91000366211,38.492000579834,34.301998138428,35.82799911499,33.97200012207,41.051998138428,38.097999572754,43.65599822998,38.650001525879,41.481998443604,37.453998565674,32.745998382568,40.159999847412,58.849998474121,35.622001647949,37.67200088501,47.02799987793,0,0,0,0,0,0,0,0,0,0,0,0,0,0,0,0,846.17102050781
2018.06.26 11:02:06.162,#10,450,450,450,450,450,450,450,450,450,450,450,450,450,450,450,450,200,200,200,200,200,200,200,200,200,200,200,200,200,200,200,200,399.75,399.79000854492,399.92001342773,399.79998779297,399.9700012207,399.82000732422,399.89999389648,399.83999633789,400.29000854492,400.01000976563,399.91000366211,399.88000488281,399.91000366211,399.95999145508,399.94000244141,399.91000366211,38.493999481201,34.304000854492,35.832000732422,33.973999023438,41.054000854492,38.09400177002,43.658000946045,38.653999328613,41.479999542236,37.451999664307,32.745998382568,40.161998748779,58.875999450684,35.622001647949,37.67200088501,47.032001495361,0,0,0,0,0,0,0,0,0,0,0,0,0,0,0,0,846.34759521484
2018.06.26 11:02:16.034,#M,449.70001220703,449.86999511719,449.91000366211,449.73001098633,450.01000976563,449.9700012207,449.89001464844,449.91000366211,450.07998657227,450.10998535156,449.89999389648,449.82000732422,450.04998779297,449.9700012207,450.14001464844,449.95999145508,41.875999450684,36.708000183105,39.363998413086,36.658000946045,43.998001098633,40.678001403809,46.650001525879,41.743999481201,47.687999725342,40.436000823975,35.840000152588,43.995998382568,78.129997253418,38.576000213623,40.613998413086,50.666000366211,0,0,0,0,0,0,0,0,0,0,0,0,0,0,0,0,880.79327392578
2018.06.26 11:02:26.033,#M,449.76998901367,449.7799987793,449.73999023438,449.75,449.92999267578,449.89001464844,449.82000732422,449.91000366211,449.86999511719,450.0299987793,450.0299987793,449.88000488281,450.04000854492,450,449.9700012207,449.9700012207,41.854000091553,36.715999603271,39.352001190186,36.664001464844,44.026000976563,40.695999145508,46.661998748779,41.754001617432,47.723999023438,40.417999267578,35.846000671387,43.995998382568,78.267997741699,38.571998596191,40.608001708984,50.736000061035,0,0,0,0,0,0,0,0,0,0,0,0,0,0,0,0,880.13586425781
2018.06.26 11:02:36.035,#M,449.76998901367,449.83999633789,449.7799987793,449.75,449.92001342773,449.85998535156,449.79998779297,449.88000488281,449.91000366211,450.04000854492,450.01998901367,449.89999389648,450,449.98001098633,450.01998901367,449.9700012207,41.86600112915,36.723999023438,39.361999511719,36.667999267578,44.046001434326,40.712001800537,46.667999267578,41.762001037598,47.751998901367,40.436000823975,35.84400177002,44.015998840332,78.391998291016,38.576000213623,40.602001190186,50.807998657227,0,0,0,0,0,0,0,0,0,0,0,0,0,0,0,0,880.24499511719
2018.06.26 11:02:41.179,#11,500,500,500,500,500,500,500,500,500,500,500,500,500,500,500,500,200,200,200,200,200,200,200,200,200,200,200,200,200,200,200,200,449.76998901367,449.82000732422,449.76998901367,449.7799987793,449.92001342773,449.89001464844,449.82000732422,449.88000488281,450.0299987793,450.07000732422,450.01998901367,449.89001464844,450,449.95999145508,450,449.95001220703,41.874000549316,36.736000061035,39.374000549316,36.678001403809,44.06600189209,40.72200012207,46.673999786377,41.782001495361,47.765998840332,40.445999145508,35.847999572754,44.02799987793,78.459999084473,38.582000732422,40.599998474121,50.846000671387,0,0,0,0,0,0,0,0,0,0,0,0,0,0,0,0,879.27862548828
2018.06.26 11:02:51.033,#M,499.70001220703,499.76998901367,499.51998901367,499.95001220703,499.92999267578,499.88000488281,499.91000366211,499.89001464844,500.11999511719,499.98999023438,499.9700012207,500.01998901367,500.19000244141,500.07000732422,499.92001342773,499.92999267578,44.846000671387,39.223999023438,42.914001464844,39.307998657227,46.47200012207,43.388000488281,49.554000854492,44.740001678467,56.402000427246,44.049999237061,38.812000274658,47.548000335693,99.575996398926,41.549999237061,43.397998809814,54.532001495361,0,0,0,0,0,0,0,0,0,0,0,0,0,0,0,0,898.18438720703
2018.06.26 11:03:01.024,#M,499.76998901367,499.76998901367,499.79998779297,499.92001342773,499.85000610352,499.89001464844,499.76998901367,499.70001220703,500.10000610352,500.14001464844,499.9700012207,499.89001464844,499.91000366211,499.94000244141,499.94000244141,499.98001098633,44.863998413086,39.236000061035,42.919998168945,39.319999694824,46.492000579834,43.397998809814,49.610000610352,44.743999481201,56.448001861572,44.023998260498,38.805999755859,47.585998535156,99.737998962402,41.560001373291,43.411998748779,54.597999572754,0,0,0,0,0,0,0,0,0,0,0,0,0,0,0,0,897.8466796875
2018.06.26 11:03:11.029,#M,499.75,499.79000854492,499.73999023438,499.82000732422,499.83999633789,499.88000488281,499.76998901367,499.85998535156,500.07998657227,500.04998779297,499.98001098633,499.89999389648,499.92999267578,499.94000244141,500.01000976563,499.92001342773,44.886001586914,39.251998901367,42.937999725342,39.332000732422,46.523998260498,43.42200088501,49.63399887085,44.770000457764,56.487998962402,44.018001556396,38.821998596191,47.60599899292,99.833999633789,41.571998596191,43.436000823975,54.681999206543,0,0,0,0,0,0,0,0,0,0,0,0,0,0,0,0,897.79534912109
2018.06.26 11:03:17.163,#12,550,550,550,550,550,550,550,550,500,550,550,550,500,550,550,550,200,200,200,200,200,200,200,200,200,200,200,200,200,200,200,200,499.7200012207,499.76998901367,499.75,499.86999511719,499.83999633789,499.88000488281,499.76000976563,499.86999511719,500.08999633789,500.10000610352,499.98999023438,499.89999389648,500,499.95999145508,499.95001220703,499.88000488281,44.902000427246,39.268001556396,42.953998565674,39.347999572754,46.541999816895,43.442001342773,49.64400100708,44.793998718262,56.507999420166,44.012001037598,38.830001831055,47.625999450684,99.90599822998,41.583999633789,43.451999664307,54.743999481201,0,0,0,0,0,0,0,0,0,0,0,0,0,0,0,0,897.98211669922
2018.06.26 11:03:27.031,#M,549.82000732422,549.77001953125,549.84002685547,549.90002441406,549.90002441406,549.90997314453,549.77001953125,549.90002441406,500.08999633789,550.02001953125,550.03997802734,549.89001464844,499.98999023438,549.86999511719,550.03997802734,549.96002197266,47.661998748779,41.89400100708,46.541999816895,42.049999237061,48.714000701904,46.903999328613,52.821998596191,47.562000274658,56.540000915527,47.880001068115,42.15599822998,51.209999084473,99.991996765137,44.686000823975,46.456001281738,58.507999420166,0,0,0,0,0,0,0,0,0,0,0,0,0,0,0,0,909.548828125
2018.06.26 11:03:37.027,#M,549.78997802734,549.77001953125,549.79998779297,549.83001708984,549.89001464844,549.90002441406,549.83001708984,549.89001464844,500.07998657227,550.03002929688,549.94000244141,549.89001464844,499.9700012207,549.92999267578,550.15997314453,549.91998291016,47.678001403809,41.911998748779,46.554000854492,42.060001373291,48.708000183105,46.914001464844,52.833999633789,47.571998596191,56.576000213623,47.868000030518,42.167999267578,51.229999542236,100.05799865723,44.709999084473,46.470001220703,58.560001373291,0,0,0,0,0,0,0,0,0,0,0,0,0,0,0,0,909.58361816406
2018.06.26 11:03:47.032,#M,549.79998779297,549.78002929688,549.80999755859,549.84002685547,549.88000488281,549.90997314453,549.88000488281,549.88000488281,500.10000610352,550.02001953125,549.96997070313,549.90002441406,500.01998901367,549.97998046875,550.07000732422,549.91998291016,47.701999664307,41.916000366211,46.582000732422,42.076000213623,48.737998962402,46.945999145508,52.854000091553,47.59400177002,56.608001708984,47.903999328613,42.192001342773,51.242000579834,100.11799621582,44.726001739502,46.495998382568,58.627998352051,0,0,0,0,0,0,0,0,0,0,0,0,0,0,0,0,908.92810058594
2018.06.26 11:03:53.174,#13,600,600,600,600,600,600,600,600,500,600,600,600,500,600,600,600,200,200,200,200,200,200,200,200,200,200,200,200,200,200,200,200,549.82000732422,549.78997802734,549.80999755859,549.84997558594,549.88000488281,549.91998291016,549.89001464844,549.86999511719,500.10000610352,550.01000976563,549.97998046875,549.90002441406,500,549.96002197266,550.07000732422,549.91998291016,47.717998504639,41.923999786377,46.597999572754,42.085998535156,48.754001617432,46.964000701904,52.863998413086,47.608001708984,56.622001647949,47.92200088501,42.206001281738,51.254001617432,100.15000152588,44.740001678467,46.509998321533,58.673999786377,0,0,0,0,0,0,0,0,0,0,0,0,0,0,0,0,909.66162109375
2018.06.26 11:04:03.031,#M,599.78997802734,599.82000732422,599.91998291016,599.88000488281,600,599.90002441406,599.97998046875,599.86999511719,500.10000610352,600.03002929688,600.02001953125,599.91998291016,499.9700012207,599.97998046875,600,600.02001953125,51.054000854492,45.358001708984,50.268001556396,45.285999298096,50.695999145508,49.799999237061,56.361999511719,50.762001037598,56.636001586914,51.698001861572,45.728000640869,54.826000213623,100.18399810791,47.805999755859,49.703998565674,62.271999359131,0,0,0,0,0,0,0,0,0,0,0,0,0,0,0,0,917.69897460938
2018.06.26 11:04:13.029,#M,599.80999755859,599.78997802734,599.90002441406,599.88000488281,599.97998046875,599.90002441406,599.95001220703,599.90002441406,500.10000610352,600,600.02001953125,599.91998291016,499.98001098633,599.92999267578,600.03997802734,600.04998779297,51.060001373291,45.31600189209,50.276000976563,45.279998779297,50.717998504639,49.790000915527,56.358001708984,50.784000396729,56.667999267578,51.726001739502,45.731998443604,54.838001251221,100.21399688721,47.824001312256,49.714000701904,62.299999237061,0,0,0,0,0,0,0,0,0,0,0,0,0,0,0,0,917.93780517578
2018.06.26 11:04:23.027,#M,599.80999755859,599.80999755859,599.90997314453,599.85998535156,599.96997070313,599.90002441406,599.95001220703,599.89001464844,500.10998535156,600,600.01000976563,599.90997314453,500.01000976563,599.92999267578,600.03997802734,600.03997802734,51.069999694824,45.270000457764,50.287998199463,45.298000335693,50.717998504639,49.787998199463,56.354000091553,50.791999816895,56.687999725342,51.75,45.742000579834,54.85599899292,100.24800109863,47.833999633789,49.729999542236,62.369998931885,0,0,0,0,0,0,0,0,0,0,0,0,0,0,0,0,917.02947998047
2018.06.26 11:04:29.170,#14,650,650,650,650,650,650,650,650,500,650,650,650,500,650,650,650,200,200,200,200,200,200,200,200,200,200,200,200,200,200,200,200,599.79998779297,599.82000732422,599.90997314453,599.85998535156,599.96002197266,599.90997314453,599.95001220703,599.89001464844,500.11999511719,600.01000976563,600.02001953125,599.90997314453,499.92001342773,599.94000244141,600.03997802734,600.03997802734,51.069999694824,45.236000061035,50.291999816895,45.298000335693,50.715999603271,49.790000915527,56.349998474121,50.791999816895,56.695999145508,51.754001617432,45.748001098633,54.869998931885,100.26399993896,47.84400177002,49.737998962402,62.380001068115,0,0,0,0,0,0,0,0,0,0,0,0,0,0,0,0,918.96490478516
2018.06.26 11:04:39.024,#M,649.89001464844,649.79998779297,649.88000488281,649.86999511719,649.90997314453,650.02001953125,650,649.96002197266,500.10000610352,650.08001708984,649.98999023438,649.94000244141,499.98999023438,649.94000244141,650.09997558594,650.08001708984,53.877998352051,48.673999786377,54.203998565674,49.473999023438,52.464000701904,53.335998535156,60.268001556396,54.262001037598,56.695999145508,55.897998809814,49.380001068115,58.518001556396,100.2679977417,50.835998535156,53.228000640869,66.026000976563,0,0,0,0,0,0,0,0,0,0,0,0,0,0,0,0,923.92309570313
2018.06.26 11:04:49.028,#M,649.84997558594,649.79998779297,649.89001464844,649.84997558594,649.91998291016,650.01000976563,650.02001953125,649.96002197266,500.10998535156,650.03002929688,650.03997802734,649.96002197266,500.11999511719,649.92999267578,650.09002685547,650.04998779297,53.872001647949,48.742000579834,54.200000762939,49.541999816895,52.476001739502,53.313999176025,60.223999023438,54.388000488281,56.708000183105,55.917999267578,49.416000366211,58.537998199463,100.28399658203,50.849998474121,53.242000579834,66.052001953125,0,0,0,0,0,0,0,0,0,0,0,0,0,0,0,0,923.57055664063
2018.06.26 11:04:59.025,#M,649.84997558594,649.79998779297,649.89001464844,649.84002685547,649.92999267578,650.01000976563,650.01000976563,649.95001220703,500.10998535156,650.03002929688,650.02001953125,649.95001220703,500.07000732422,649.94000244141,650.09002685547,650.03002929688,53.88399887085,48.647998809814,54.187999725342,49.641998291016,52.470001220703,53.313999176025,60.198001861572,54.388000488281,56.701999664307,55.925998687744,49.439998626709,58.763999938965,100.297996521,50.85599899292,53.234001159668,66.059997558594,0,0,0,0,0,0,0,0,0,0,0,0,0,0,0,0,924.18823242188
2018.06.26 11:05:05.162,#15,700,700,700,700,700,700,700,700,500,700,700,700,500,700,700,700,200,200,200,200,200,200,200,200,200,200,200,200,200,200,200,200,649.86999511719,649.79998779297,649.89001464844,649.84997558594,649.91998291016,650.03002929688,650.01000976563,649.96002197266,500.10998535156,650.03997802734,650.03002929688,649.94000244141,500.01998901367,649.94000244141,650.08001708984,650.03002929688,53.889999389648,48.585998535156,54.198001861572,49.65599822998,52.464000701904,53.313999176025,60.256000518799,54.386001586914,56.700000762939,55.919998168945,49.47200012207,58.85599899292,100.297996521,50.860000610352,53.223999023438,66.050003051758,0,0,0,0,0,0,0,0,0,0,0,0,0,0,0,0,922.04321289063
2018.06.26 11:05:15.027,#M,699.97998046875,699.82000732422,700.01000976563,699.92999267578,699.96997070313,700.07000732422,699.90002441406,699.85998535156,500.10998535156,700.05999755859,700.14001464844,699.96997070313,500.05999755859,699.98999023438,700.16998291016,699.96997070313,56.458000183105,51.708000183105,56.515998840332,53.091999053955,54.389999389648,57.448001861572,61.993999481201,58.256000518799,56.68399810791,60.849998474121,53.262001037598,60.90599822998,100.28600311279,54.051998138428,57.122001647949,70.073997497559,0,0,0,0,0,0,0,0,0,0,0,0,0,0,0,0,929.09637451172
2018.06.26 11:05:25.031,#M,699.91998291016,699.82000732422,700,699.90997314453,699.95001220703,700.02001953125,699.90002441406,699.84997558594,500.10998535156,700.07000732422,700.15002441406,699.96997070313,500.05999755859,699.90997314453,700.14001464844,700.04998779297,56.478000640869,51.425998687744,56.569999694824,53.076000213623,54.389999389648,57.411998748779,61.930000305176,58.251998901367,56.680000305176,60.799999237061,52.978000640869,60.888000488281,100.28600311279,54.054000854492,57.110000610352,70.059997558594,0,0,0,0,0,0,0,0,0,0,0,0,0,0,0,0,928.54290771484
2018.06.26 11:05:35.035,#M,699.94000244141,699.83001708984,700.01000976563,699.88000488281,699.95001220703,700.01000976563,699.90002441406,699.85998535156,500.10998535156,700.07000732422,700.13000488281,699.96997070313,499.98999023438,699.91998291016,700.14001464844,700.08001708984,56.479999542236,51.265998840332,56.596000671387,54.360000610352,54.389999389648,57.39400100708,61.886001586914,58.245998382568,56.673999786377,60.793998718262,52.880001068115,60.891998291016,100.29399871826,54.057998657227,57.108001708984,68.328002929688,0,0,0,0,0,0,0,0,0,0,0,0,0,0,0,0,928.26153564453
2018.06.26 11:05:41.165,#16,750,750,750,750,750,750,750,750,500,750,750,750,500,750,750,750,200,200,200,200,200,200,200,200,200,200,200,200,200,200,200,200,699.92999267578,699.83001708984,700.02001953125,699.88000488281,699.95001220703,700.01000976563,699.90002441406,699.84997558594,500.10998535156,700.07000732422,700.10998535156,699.97998046875,500.0299987793,699.91998291016,700.14001464844,700.05999755859,56.481998443604,51.180000305176,56.613998413086,54.349998474121,54.380001068115,57.386001586914,61.846000671387,58.557998657227,56.673999786377,60.799999237061,52.832000732422,60.909999847412,100.29399871826,54.062000274658,57.096000671387,68.092002868652,0,0,0,0,0,0,0,0,0,0,0,0,0,0,0,0,928.84851074219
2018.06.26 11:05:51.035,#M,749.90997314453,749.84002685547,750,749.88000488281,749.92999267578,750.07000732422,749.95001220703,749.84997558594,500.11999511719,750.15002441406,750.13000488281,750,500.04998779297,749.94000244141,750.08001708984,750.09002685547,59.111999511719,56.950000762939,59.847999572754,58.416000366211,56.669998168945,63.456001281738,65.389999389648,63.080001831055,56.661998748779,63.088001251221,57.453998565674,64.071998596191,100.28600311279,57.734001159668,59.354000091553,71.982002258301,0,0,0,0,0,0,0,0,0,0,0,0,0,0,0,0,933.20074462891
2018.06.26 11:06:01.033,#M,749.89001464844,749.84997558594,750.01000976563,749.85998535156,749.92999267578,750.04998779297,749.88000488281,749.84997558594,500.10998535156,750.09997558594,750.14001464844,749.98999023438,499.98999023438,749.96002197266,750.09002685547,750.03997802734,59.125999450684,56.717998504639,59.888000488281,58.431999206543,56.678001403809,63.448001861572,65.27799987793,63.029998779297,56.661998748779,63.040000915527,57.318000793457,64.103996276855,100.29599761963,57.736000061035,59.298000335693,71.973999023438,0,0,0,0,0,0,0,0,0,0,0,0,0,0,0,0,934.68182373047
2018.06.26 11:06:11.025,#M,749.89001464844,749.84997558594,750.01000976563,749.85998535156,749.92999267578,750.04998779297,749.88000488281,749.84002685547,500.10998535156,750.09997558594,750.14001464844,750,499.9700012207,749.92999267578,750.08001708984,750.03997802734,59.139999389648,56.555999755859,59.936000823975,58.442001342773,56.678001403809,63.442001342773,65.143997192383,63.209999084473,56.664001464844,62.962001800537,56.765998840332,64.110000610352,100.30400085449,57.748001098633,59.237998962402,71.986000061035,0,0,0,0,0,0,0,0,0,0,0,0,0,0,0,0,934.6103515625
2018.06.26 11:06:15.167,#17,800,800,800,800,800,800,800,800,500,800,800,800,500,800,800,800,200,200,200,200,200,200,200,200,200,200,200,200,200,200,200,200,749.89001464844,749.85998535156,750.01000976563,749.85998535156,749.92999267578,750.05999755859,749.89001464844,749.84002685547,500.10998535156,750.09997558594,750.20001220703,750.03002929688,500.08999633789,749.92999267578,750.09002685547,750.03002929688,59.147998809814,56.509998321533,59.956001281738,58.445999145508,56.678001403809,63.442001342773,65.120002746582,63.228000640869,56.669998168945,62.90599822998,53.951999664307,62.604000091553,100.30999755859,57.756000518799,59.215999603271,72.003997802734,0,0,0,0,0,0,0,0,0,0,0,0,0,0,0,0,933.98559570313
2018.06.26 11:06:25.034,#M,799.90997314453,799.92999267578,800.02001953125,799.96997070313,800,800,799.96002197266,799.85998535156,500.10998535156,800.17999267578,800.09002685547,800.03002929688,500.01000976563,800,800.04998779297,800.04998779297,62.812000274658,62.088001251221,64.167999267578,63.021999359131,59.588001251221,67.977996826172,71.054000854492,66.482002258301,56.673999786377,68.143997192383,55.604000091553,66.97200012207,100.30999755859,61.987998962402,59.194000244141,76.463996887207,0,0,0,0,0,0,0,0,0,0,0,0,0,0,0,0,937.28533935547
2018.06.26 11:06:35.026,#M,799.90997314453,799.90997314453,800.03002929688,799.95001220703,800,800.01000976563,799.95001220703,799.84997558594,500.10998535156,800.09997558594,800.10998535156,800.01000976563,500.04000854492,799.98999023438,800.04998779297,800.10998535156,62.81600189209,62.013999938965,64.232002258301,63.001998901367,59.569999694824,67.998001098633,70.814002990723,66.517997741699,56.686000823975,68.080001831055,55.625999450684,66.982002258301,100.32399749756,61.998001098633,58.923999786377,76.496002197266,0,0,0,0,0,0,0,0,0,0,0,0,0,0,0,0,936.21942138672
2018.06.26 11:06:45.030,#M,799.90002441406,799.90002441406,800.02001953125,799.94000244141,799.98999023438,800.01000976563,799.95001220703,799.84997558594,500.11999511719,800.09997558594,800.09997558594,800.01000976563,500.04000854492,800.03002929688,800.04998779297,800.09002685547,62.824001312256,61.956001281738,64.190002441406,63.001998901367,59.560001373291,68.012001037598,70.692001342773,66.541999816895,56.694000244141,68.082000732422,55.650001525879,66.970001220703,100.33399963379,61.970001220703,58.798000335693,76.442001342773,0,0,0,0,0,0,0,0,0,0,0,0,0,0,0,0,937.36810302734
2018.06.26 11:06:49.116,#0,800,800,800,800,800,800,800,800,500,800,800,800,500,800,800,800,200,200,200,200,200,200,200,200,200,200,200,200,200,200,200,200,799.90002441406,799.90997314453,800,799.95001220703,799.97998046875,800.02001953125,799.95001220703,799.85998535156,500.10998535156,800.09997558594,800.09997558594,800.01000976563,499.98001098633,800.02001953125,800.04998779297,800.09002685547,62.826000213623,61.928001403809,66.653999328613,62.998001098633,59.557998657227,68.013999938965,70.669998168945,66.552001953125,56.695999145508,68.075996398926,55.65599822998,66.977996826172,100.34200286865,61.791999816895,58.861999511719,76.396003723145,0,0,0,0,0,0,0,0,0,0,0,0,0,0,0,0,936.55926513672

2018.06.26 11:06:49.138,SCAN Finished with result COMPLETED OK! ;
