27 32
32657799 32685511 51841 117.846153 116.384613 51841 51724.617188 116.384613 119 126 96 96 85 119 119 111 111 126 148 136 121
32748126 32777282 54531 0.230769 0.153846 54531 54530.847656 0.153846 0 1 0 0 0 0 0 1 0 0 0 0 0
32787462 32816605 54487 0.307692 0.153846 54487 54486.847656 0.153846 0 0 0 0 0 0 0 0 0 2 0 0 0
32828258 32856009 51915 0.538462 0.307692 51915 51914.691406 0.307692 0 1 1 0 0 0 0 0 0 1 1 0 0
32867657 32896759 54446 0.769231 0.538462 54446 54445.460938 0.538462 1 0 0 1 0 1 0 0 0 2 1 1 0
32908460 32936077 51662 1.846154 1.692308 51662 51660.308594 1.692308 0 0 0 1 2 2 2 1 4 1 5 2 2
32947718 32976898 54557 5.307693 5.153846 54557 54551.847656 5.153846 4 9 4 5 4 7 0 3 9 7 4 7 4
32987123 33016284 54542 10.538462 10.307693 54542 54531.691406 10.307693 14 14 6 10 8 10 13 4 9 7 12 11 16
33027922 33055574 51713 19.769230 19.384615 51713 51693.617188 19.384615 14 22 10 19 21 17 28 21 20 23 23 13 21
33067189 33094943 51901 40.923077 39.692307 51901 51861.308594 39.692307 49 39 32 29 31 40 48 33 41 49 42 51 32
33106574 33135707 54489 65.461540 63.615383 54489 54425.382812 63.615383 72 64 64 48 67 70 66 42 59 73 68 63 71
33145887 33175050 54544 90.076920 88.846153 54544 54455.152344 88.846153 115 101 73 78 70 83 93 81 100 88 84 111 78
33185204 33214378 54565 113.461540 110.923080 54565 54454.078125 110.923080 138 119 82 93 99 110 114 74 106 113 159 144 91
33226014 33253757 51900 107.230766 105.153847 51900 51794.847656 105.153847 117 119 89 91 77 110 124 83 104 126 116 106 105
33265414 33294474 54349 109.692307 106.923080 54349 54242.078125 106.923080 138 134 83 79 95 111 111 73 112 117 122 104 111
33304691 33333903 54653 92.384613 90.615387 54653 54562.382812 90.615387 100 106 68 65 86 95 105 89 94 103 105 84 78
33344032 33373231 54609 61.538460 60.461540 54609 54548.539062 60.461540 59 55 56 46 54 58 68 43 66 74 87 64 56
33384870 33412556 51774 37.000000 36.153847 51774 51737.847656 36.153847 52 43 37 31 27 41 35 25 34 35 30 39 41
33424152 33453338 54546 20.769230 20.692308 54546 54525.308594 20.692308 27 21 14 9 30 18 27 16 23 20 23 17 24
33463488 33492694 54557 10.153846 10.153846 54557 54546.847656 10.153846 13 10 9 6 13 8 19 12 17 9 10 2 4
33502909 33532004 54415 4.615385 4.461538 54415 54410.539062 4.461538 3 1 2 5 7 5 5 5 2 5 5 6 7
33543637 33571376 51858 1.923077 1.615385 51858 51856.382812 1.615385 3 2 0 0 0 3 2 0 2 3 1 2 3
33583020 33612086 54326 0.846154 0.769231 54326 54325.230469 0.769231 0 2 0 0 3 0 0 1 0 1 0 3 0
33622297 33651471 54565 0.384615 0.307692 54565 54564.691406 0.307692 0 1 0 0 0 1 0 0 0 1 1 0 0
33661702 33690794 54409 0.230769 0.076923 54409 54408.921875 0.076923 0 0 0 0 0 0 0 0 0 1 0 0 0
33702425 33730184 51910 0.692308 0.307692 51910 51909.691406 0.307692 1 1 0 1 0 0 0 0 1 0 0 0 0
33792814 33821957 54488 128.846161 126.538460 54488 54361.460938 126.538460 139 106 104 114 107 130 139 123 110 154 172 131 116
