27 32
32657799 32685511 51838 89.846153 88.153847 51838 51749.847656 88.153847 106 104 78 97 94 101 133 91 109 112 120 0 1
32748126 32777282 54526 0.230769 0.230769 54526 54525.769531 0.230769 0 1 0 0 1 0 0 0 0 1 0 0 0
32787462 32816605 54483 0.153846 0.000000 54483 54483.000000 0.000000 0 0 0 0 0 0 0 0 0 0 0 0 0
32828258 32856009 51909 0.384615 0.384615 51909 51908.617188 0.384615 0 1 0 0 0 1 2 1 0 0 0 0 0
32867657 32896759 54440 0.615385 0.615385 54440 54439.382812 0.615385 1 1 1 2 0 0 0 0 1 0 2 0 0
32908460 32936077 51659 1.153846 1.076923 51659 51657.921875 1.076923 0 1 1 0 3 0 2 2 3 1 1 0 0
32947718 32976898 54552 3.769231 3.538461 54552 54548.460938 3.538461 5 5 4 4 2 4 8 4 3 5 2 0 0
32987123 33016284 54536 10.000000 9.846154 54536 54526.152344 9.846154 12 12 9 10 12 10 11 12 10 13 17 0 0
33027922 33055574 51707 18.769230 18.461538 51707 51688.539062 18.461538 21 21 28 20 17 26 27 13 23 22 22 0 0
33067189 33094943 51898 34.769230 33.846153 51898 51864.152344 33.846153 32 34 42 33 30 43 41 37 51 50 46 0 1
33106574 33135707 54484 50.615383 50.076923 54484 54433.921875 50.076923 77 57 41 50 46 62 64 58 59 63 74 0 0
33145887 33175050 54539 76.615387 75.153847 54539 54463.847656 75.153847 98 80 79 88 97 85 89 86 73 85 116 0 1
33185204 33214378 54559 89.076920 87.692307 54559 54471.308594 87.692307 110 99 73 102 85 109 108 97 113 126 118 0 0
33226014 33253757 51895 87.076920 85.615387 51895 51809.382812 85.615387 135 86 81 86 96 104 122 107 93 98 105 0 0
33265414 33294474 54344 94.076920 91.923080 54344 54252.078125 91.923080 94 109 90 90 100 136 139 95 94 107 141 0 0
33304691 33333903 54647 73.846153 72.000000 54647 54575.000000 72.000000 93 80 77 76 71 85 83 71 85 98 116 0 1
33344032 33373231 54605 51.769230 51.000000 54605 54554.000000 51.000000 62 66 48 55 61 60 71 46 42 69 83 0 0
33384870 33412556 51771 32.846153 32.384617 51771 51738.617188 32.384617 48 33 39 34 32 36 32 30 41 39 57 0 0
33424152 33453338 54541 18.846153 18.076923 54541 54522.921875 18.076923 0 0 19 26 16 22 20 24 22 28 20 19 19
33463488 33492694 54550 7.307693 7.076923 54550 54542.921875 7.076923 2 4 8 6 9 9 6 10 9 9 9 7 4
33502909 33532004 54412 4.384615 4.153846 54412 54407.847656 4.153846 1 7 5 2 6 2 1 3 5 5 7 5 5
33543637 33571376 51851 0.692308 0.692308 51851 51850.308594 0.692308 2 0 1 0 0 0 0 0 1 1 2 1 1
33583020 33612086 54319 0.384615 0.307692 54319 54318.691406 0.307692 1 1 0 0 0 0 0 0 0 0 1 1 0
33622297 33651471 54561 0.615385 0.307692 54561 54560.691406 0.307692 1 0 0 1 0 0 1 0 0 1 0 0 0
33661702 33690794 54406 0.000000 0.000000 54406 54406.000000 0.000000 0 0 0 0 0 0 0 0 0 0 0 0 0
33702425 33730184 51908 0.076923 0.000000 51908 51908.000000 0.000000 0 0 0 0 0 0 0 0 0 0 0 0 0
33792814 33821957 54483 119.153847 116.230766 54483 54366.769531 116.230766 120 100 110 99 100 133 133 108 103 121 127 126 131
