27 32
32657799 32685511 51840 114.307693 112.384613 51840 51727.617188 112.384613 103 102 107 105 92 112 96 111 122 141 117 125 128
32748126 32777282 54529 0.230769 0.076923 54529 54528.921875 0.076923 0 1 0 0 0 0 0 0 0 0 0 0 0
32787462 32816605 54486 0.461538 0.153846 54486 54485.847656 0.153846 0 0 0 0 0 0 0 0 0 0 0 2 0
32828258 32856009 51913 0.307692 0.230769 51913 51912.769531 0.230769 0 1 0 0 0 1 1 0 0 0 0 0 0
32867657 32896759 54444 0.923077 0.692308 54444 54443.308594 0.692308 2 0 0 0 3 0 1 0 1 0 1 0 1
32908460 32936077 51661 1.692308 1.461538 51661 51659.539062 1.461538 1 4 0 1 3 2 0 1 2 2 2 0 1
32947718 32976898 54554 4.846154 4.846154 54554 54549.152344 4.846154 4 5 6 8 3 3 4 7 7 4 6 4 2
32987123 33016284 54538 9.615385 9.230769 54538 54528.769531 9.230769 12 9 6 5 8 8 9 8 7 11 17 9 11
33027922 33055574 51710 19.000000 18.230770 51710 51691.769531 18.230770 27 12 20 14 11 9 24 16 21 16 26 25 16
33067189 33094943 51901 38.000000 37.153847 51901 51863.847656 37.153847 45 36 31 29 38 37 24 24 37 48 49 46 39
33106574 33135707 54485 64.384613 62.923077 54485 54422.078125 62.923077 63 54 58 46 55 61 71 58 55 70 91 66 70
33145887 33175050 54540 89.692307 87.538460 54540 54452.460938 87.538460 83 82 86 66 76 82 107 76 82 104 110 90 94
33185204 33214378 54563 114.461540 111.846153 54563 54451.152344 111.846153 86 112 91 92 103 116 109 97 116 115 138 166 113
33226014 33253757 51897 114.461540 112.461540 51897 51784.539062 112.461540 106 88 112 82 118 123 118 89 105 118 139 141 123
33265414 33294474 54347 108.461540 105.769234 54347 54241.230469 105.769234 106 87 89 90 110 113 113 107 98 109 113 132 108
33304691 33333903 54652 92.692307 90.692307 54652 54561.308594 90.692307 97 87 76 80 77 87 96 78 86 100 111 99 105
33344032 33373231 54607 67.461540 65.538460 54607 54541.460938 65.538460 61 64 62 52 53 77 74 37 58 71 79 89 75
33384870 33412556 51771 38.230770 37.153847 51771 51733.847656 37.153847 31 43 28 31 34 30 40 36 39 38 43 45 45
33424152 33453338 54546 22.538462 22.000000 54546 54524.000000 22.000000 27 23 26 18 20 26 17 26 19 24 24 23 13
33463488 33492694 54553 8.923077 8.769231 54553 54544.230469 8.769231 10 13 12 7 9 3 7 10 12 9 8 11 3
33502909 33532004 54415 4.538462 4.461538 54415 54410.539062 4.461538 4 1 3 6 9 4 6 3 6 4 3 5 4
33543637 33571376 51854 1.692308 1.538462 51854 51852.460938 1.538462 0 1 5 0 2 0 1 1 2 3 2 2 1
33583020 33612086 54324 0.769231 0.692308 54324 54323.308594 0.692308 0 0 1 0 1 1 2 0 0 2 2 0 0
33622297 33651471 54563 0.230769 0.230769 54563 54562.769531 0.230769 2 0 1 0 0 0 0 0 0 0 0 0 0
33661702 33690794 54408 0.307692 0.153846 54408 54407.847656 0.153846 0 0 0 0 0 0 1 0 0 0 0 1 0
33702425 33730184 51908 0.230769 0.076923 51908 51907.921875 0.076923 0 0 0 0 0 0 0 0 0 0 0 1 0
33792814 33821957 54485 130.384613 127.769234 54485 54357.230469 127.769234 154 136 101 105 111 95 94 96 130 131 160 193 155
