27 32
32657799 32685511 51839 112.615387 110.846153 51839 51728.152344 110.846153 103 120 89 114 96 117 124 99 114 127 125 132 81
32748126 32777282 54528 0.076923 0.076923 54528 54527.921875 0.076923 0 1 0 0 0 0 0 0 0 0 0 0 0
32787462 32816605 54485 0.461538 0.384615 54485 54484.617188 0.384615 1 2 1 0 0 0 0 0 0 0 0 1 0
32828258 32856009 51912 0.384615 0.384615 51912 51911.617188 0.384615 2 0 0 0 1 0 0 0 1 1 0 0 0
32867657 32896759 54444 0.384615 0.230769 54444 54443.769531 0.230769 0 0 0 0 0 0 0 0 1 1 0 0 1
32908460 32936077 51661 1.153846 1.153846 51661 51659.847656 1.153846 0 2 0 1 1 0 0 1 1 2 2 4 1
32947718 32976898 54555 4.384615 4.076923 54555 54550.921875 4.076923 1 2 3 2 4 4 3 4 5 2 15 4 4
32987123 33016284 54538 9.692307 9.692307 54538 54528.308594 9.692307 15 6 4 11 10 9 14 12 5 11 8 12 9
33027922 33055574 51709 20.230770 19.461538 51709 51689.539062 19.461538 22 16 17 19 16 21 21 14 20 23 16 23 25
33067189 33094943 51901 39.153847 38.076923 51901 51862.921875 38.076923 49 38 36 31 37 43 39 35 31 34 48 36 38
33106574 33135707 54485 66.846153 65.230766 54485 54419.769531 65.230766 76 70 50 45 58 59 68 57 72 77 74 75 67
33145887 33175050 54541 93.769234 92.461540 54541 54448.539062 92.461540 109 95 76 67 94 99 102 70 87 104 114 110 75
33185204 33214378 54563 111.307693 109.000000 54563 54454.000000 109.000000 107 110 84 92 96 112 114 109 85 123 140 128 117
33226014 33253757 51897 115.307693 112.692307 51897 51784.308594 112.692307 129 117 78 94 83 113 120 95 116 144 135 141 100
33265414 33294474 54348 112.923080 110.538460 54348 54237.460938 110.538460 118 110 109 91 108 97 132 94 101 136 129 117 95
33304691 33333903 54650 90.692307 88.461540 54650 54561.539062 88.461540 95 99 88 78 65 95 94 68 80 102 101 92 93
33344032 33373231 54607 64.692307 63.307693 54607 54543.691406 63.307693 60 64 59 47 62 69 53 62 62 76 72 78 59
33384870 33412556 51771 37.923077 37.384617 51771 51733.617188 37.384617 34 28 26 33 33 41 45 33 45 47 29 47 45
33424152 33453338 54544 16.230770 15.846154 54544 54528.152344 15.846154 26 12 13 10 15 24 18 15 15 18 15 10 15
33463488 33492694 54551 3.846154 3.538461 54551 54547.460938 3.538461 13 5 0 0 0 8 7 5 0 0 0 5 3
33502909 33532004 54415 0.692308 0.615385 54415 54414.382812 0.615385 3 1 0 0 0 0 0 0 0 0 0 3 1
33543637 33571376 51855 0.384615 0.384615 51855 51854.617188 0.384615 2 0 0 0 0 0 0 0 0 0 0 2 1
33583020 33612086 54321 0.000000 0.000000 54321 54321.000000 0.000000 0 0 0 0 0 0 0 0 0 0 0 0 0
33622297 33651471 54561 0.076923 0.000000 54561 54561.000000 0.000000 0 0 0 0 0 0 0 0 0 0 0 0 0
33661702 33690794 54409 0.153846 0.076923 54409 54408.921875 0.076923 0 0 0 0 0 0 0 0 0 0 0 0 1
33702425 33730184 51908 0.000000 0.000000 51908 51908.000000 0.000000 0 0 0 0 0 0 0 0 0 0 0 0 0
33792814 33821957 54485 29.923077 28.923077 54485 54456.078125 28.923077 92 77 0 0 0 0 0 0 1 1 0 116 89
