27 32
32657799 32685511 51840 17.307692 17.153847 51840 51822.847656 17.153847 0 0 1 0 0 0 0 0 0 1 0 132 89
32748126 32777282 54529 0.000000 0.000000 54529 54529.000000 0.000000 0 0 0 0 0 0 0 0 0 0 0 0 0
32787462 32816605 54486 0.000000 0.000000 54486 54486.000000 0.000000 0 0 0 0 0 0 0 0 0 0 0 0 0
32828258 32856009 51913 0.153846 0.000000 51913 51913.000000 0.000000 0 0 0 0 0 0 0 0 0 0 0 0 0
32867657 32896759 54444 0.076923 0.076923 54444 54443.921875 0.076923 0 0 0 0 0 0 0 0 0 0 0 0 1
32908460 32936077 51661 0.230769 0.230769 51661 51660.769531 0.230769 0 0 0 0 0 0 0 0 0 0 1 2 0
32947718 32976898 54554 1.307692 1.153846 54554 54552.847656 1.153846 0 0 0 0 0 0 0 0 0 0 0 8 7
32987123 33016284 54538 1.307692 1.230769 54538 54536.769531 1.230769 0 0 0 0 0 0 0 0 0 1 0 5 10
33027922 33055574 51710 3.230769 3.230769 51710 51706.769531 3.230769 0 0 0 0 0 1 0 0 1 0 0 21 19
33067189 33094943 51901 5.846154 5.769231 51901 51895.230469 5.769231 0 0 0 0 0 0 0 0 1 0 0 47 27
33106574 33135707 54485 9.307693 9.153846 54485 54475.847656 9.153846 0 0 0 0 0 0 0 0 1 0 0 57 61
33145887 33175050 54540 14.461538 14.076923 54540 54525.921875 14.076923 0 0 0 0 0 1 1 0 0 0 0 100 81
33185204 33214378 54562 17.615385 17.076923 54562 54544.921875 17.076923 0 0 1 0 0 0 0 0 0 0 0 130 91
33226014 33253757 51897 14.846154 14.692307 51897 51882.308594 14.692307 0 0 0 0 0 0 0 0 0 0 0 109 82
33265414 33294474 54347 15.076923 14.076923 54347 54332.921875 14.076923 0 0 0 1 0 0 0 0 0 0 0 80 102
33304691 33333903 54653 14.461538 14.000000 54653 54639.000000 14.000000 0 0 0 0 0 0 0 0 0 0 0 91 91
33344032 33373231 54607 9.769231 9.384615 54607 54597.617188 9.384615 0 0 0 0 0 1 0 0 1 0 0 63 57
33384870 33412556 51771 5.307693 5.230769 51771 51765.769531 5.230769 0 0 1 0 0 0 0 0 0 0 0 39 28
33424152 33453338 54546 18.307692 17.846153 54546 54528.152344 17.846153 27 26 21 12 15 6 5 4 17 23 34 27 15
33463488 33492694 54553 10.769231 10.230769 54553 54542.769531 10.230769 16 13 12 6 8 14 9 4 10 16 10 10 5
33502909 33532004 54415 4.230769 4.076923 54415 54410.921875 4.076923 9 5 0 3 2 4 5 4 3 5 5 3 5
33543637 33571376 51854 2.153846 2.076923 51854 51851.921875 2.076923 3 3 2 1 2 2 3 2 2 1 2 0 4
33583020 33612086 54324 0.692308 0.615385 54324 54323.382812 0.615385 0 0 2 0 0 0 1 1 2 0 1 0 1
33622297 33651471 54563 0.461538 0.230769 54563 54562.769531 0.230769 0 0 0 0 1 0 0 0 1 1 0 0 0
33661702 33690794 54408 0.384615 0.307692 54408 54407.691406 0.307692 1 1 0 0 1 0 0 0 1 0 0 0 0
33702425 33730184 51908 0.076923 0.076923 51908 51907.921875 0.076923 0 0 0 0 0 1 0 0 0 0 0 0 0
33792814 33821957 54485 127.923080 124.923080 54485 54360.078125 124.923080 115 110 92 103 105 137 165 109 112 153 141 150 132
