27 32
32657799 32685511 51839 111.692307 109.307693 51839 51729.691406 109.307693 111 81 99 100 94 115 122 111 94 122 136 117 119
32748126 32777282 54528 0.461538 0.230769 54528 54527.769531 0.230769 0 0 0 0 0 0 1 0 0 0 1 1 0
32787462 32816605 54485 0.153846 0.076923 54485 54484.921875 0.076923 1 0 0 0 0 0 0 0 0 0 0 0 0
32828258 32856009 51912 0.230769 0.230769 51912 51911.769531 0.230769 0 1 0 0 0 1 0 0 0 1 0 0 0
32867657 32896759 54444 0.230769 0.153846 54444 54443.847656 0.153846 0 0 0 0 0 0 0 0 0 1 0 1 0
32908460 32936077 51661 1.692308 1.692308 51661 51659.308594 1.692308 1 0 1 2 1 2 1 3 4 2 1 2 2
32947718 32976898 54555 3.153846 2.923077 54555 54552.078125 2.923077 5 2 2 3 5 3 5 1 3 3 1 3 2
32987123 33016284 54538 9.153846 8.692307 54538 54529.308594 8.692307 5 9 9 14 5 7 10 6 8 15 8 8 9
33027922 33055574 51709 19.538462 19.076923 51709 51689.921875 19.076923 23 22 15 17 18 23 18 12 17 14 26 17 26
33067189 33094943 51901 35.923077 35.230770 51901 51865.769531 35.230770 35 30 32 30 20 36 43 30 29 45 50 43 35
33106574 33135707 54485 62.692307 61.384617 54485 54423.617188 61.384617 63 63 52 57 58 52 64 49 68 60 78 65 69
33145887 33175050 54541 82.923080 81.153847 54541 54459.847656 81.153847 63 74 76 61 72 83 94 82 89 100 91 95 75
33185204 33214378 54563 112.769234 110.846153 54563 54452.152344 110.846153 109 107 85 81 107 123 119 107 103 136 124 125 115
33226014 33253757 51897 109.230766 107.153847 51897 51789.847656 107.153847 103 98 69 85 103 102 119 85 118 133 136 122 120
33265414 33294474 54348 109.076920 107.076920 54348 54240.921875 107.076920 105 89 95 93 92 114 101 101 111 124 137 120 110
33304691 33333903 54651 94.615387 92.538460 54651 54558.460938 92.538460 100 92 80 78 99 76 94 71 105 108 110 95 95
33344032 33373231 54607 63.307693 61.384617 54607 54545.617188 61.384617 64 59 68 45 44 61 56 53 66 70 84 68 60
33384870 33412556 51771 35.769230 35.076923 51771 51735.921875 35.076923 34 27 35 32 33 38 36 27 21 54 45 36 38
33424152 33453338 54544 22.846153 22.153847 54544 54521.847656 22.153847 30 25 14 15 21 14 29 20 18 22 35 25 20
33463488 33492694 54552 9.000000 8.461538 54552 54543.539062 8.461538 9 7 11 10 13 7 12 8 4 5 14 2 8
33502909 33532004 54415 3.384615 3.230769 54415 54411.769531 3.230769 4 1 7 2 3 4 3 6 2 3 2 2 3
33543637 33571376 51855 1.153846 1.076923 51855 51853.921875 1.076923 2 2 0 1 0 1 0 1 1 2 2 0 2
33583020 33612086 54321 0.692308 0.461538 54321 54320.539062 0.461538 0 0 0 2 1 0 1 0 1 1 0 0 0
33622297 33651471 54561 0.307692 0.230769 54561 54560.769531 0.230769 0 0 0 1 0 1 0 0 0 0 1 0 0
33661702 33690794 54409 0.230769 0.230769 54409 54408.769531 0.230769 0 0 0 1 0 0 1 0 0 0 0 1 0
33702425 33730184 51908 0.230769 0.076923 51908 51907.921875 0.076923 0 0 0 0 0 1 0 0 0 0 0 0 0
33792814 33821957 54485 128.076920 125.230766 54485 54359.769531 125.230766 135 126 114 95 129 121 123 96 125 107 152 169 136
