27 32
32657799 32685511 51840 120.769234 117.153847 51840 51722.847656 117.153847 141 102 88 91 104 99 109 97 115 133 151 157 136
32748126 32777282 54529 0.307692 0.076923 54529 54528.921875 0.076923 0 0 0 0 0 0 1 0 0 0 0 0 0
32787462 32816605 54486 0.538462 0.307692 54486 54485.691406 0.307692 0 0 0 0 0 0 0 1 0 1 1 1 0
32828258 32856009 51913 0.538462 0.461538 51913 51912.539062 0.461538 0 2 1 0 0 0 1 0 1 0 1 0 0
32867657 32896759 54445 1.000000 0.846154 54445 54444.152344 0.846154 1 1 1 2 0 0 0 2 0 1 1 0 2
32908460 32936077 51662 1.384615 1.230769 51662 51660.769531 1.230769 0 3 0 0 2 1 1 0 1 2 2 2 2
32947718 32976898 54556 4.923077 4.538462 54556 54551.460938 4.538462 7 2 2 2 7 3 3 4 7 6 9 4 3
32987123 33016284 54538 11.000000 10.923077 54538 54527.078125 10.923077 13 8 10 9 9 13 7 4 16 15 12 12 14
33027922 33055574 51711 21.461538 21.307692 51711 51689.691406 21.307692 26 25 16 9 24 18 28 18 20 23 27 24 19
33067189 33094943 51900 41.384617 40.076923 51900 51859.921875 40.076923 55 47 36 35 36 37 41 35 36 42 30 44 47
33106574 33135707 54487 70.846153 68.923080 54487 54418.078125 68.923080 80 59 60 53 70 73 86 58 50 67 82 93 65
33145887 33175050 54540 103.461540 101.615387 54540 54438.382812 101.615387 116 86 87 89 79 87 113 93 97 104 119 122 129
33185204 33214378 54564 121.538460 118.769234 54564 54445.230469 118.769234 118 93 103 103 108 104 142 92 131 132 134 143 141
33226014 33253757 51898 120.076920 117.538460 51898 51780.460938 117.538460 123 109 95 104 103 126 116 105 130 123 146 122 126
33265414 33294474 54347 119.923080 117.846153 54347 54229.152344 117.846153 111 128 100 74 108 123 122 96 131 135 137 158 109
33304691 33333903 54654 96.076920 94.461540 54654 54559.539062 94.461540 93 79 78 80 77 92 101 85 100 110 124 97 112
33344032 33373231 54608 73.384613 71.384613 54608 54536.617188 71.384613 83 68 55 44 72 64 68 66 80 64 80 90 94
33384870 33412556 51772 41.615383 40.846153 51772 51731.152344 40.846153 40 33 38 38 33 48 35 33 40 46 39 61 47
33424152 33453338 54546 18.384615 18.076923 54546 54527.921875 18.076923 23 19 5 4 3 23 33 19 21 25 25 21 14
33463488 33492694 54556 11.769231 11.307693 54556 54544.691406 11.307693 8 12 5 7 18 12 14 9 15 13 15 15 4
33502909 33532004 54414 3.692308 3.461539 54414 54410.539062 3.461539 2 2 4 3 10 3 2 1 2 3 6 5 2
33543637 33571376 51856 0.769231 0.769231 51856 51855.230469 0.769231 0 1 1 0 3 0 1 1 0 0 2 1 0
33583020 33612086 54325 0.538462 0.307692 54325 54324.691406 0.307692 0 0 1 0 1 1 1 0 0 0 0 0 0
33622297 33651471 54564 0.384615 0.307692 54564 54563.691406 0.307692 0 1 0 1 0 0 1 0 0 0 0 1 0
33661702 33690794 54408 0.307692 0.153846 54408 54407.847656 0.153846 0 0 0 1 0 0 1 0 0 0 0 0 0
33702425 33730184 51908 0.230769 0.076923 51908 51907.921875 0.076923 1 0 0 0 0 0 0 0 0 0 0 0 0
33792814 33821957 54486 130.769226 128.000000 54486 54358.000000 128.000000 121 102 134 113 130 124 116 104 146 159 176 126 113
