27 32
32657799 32685511 51839 90.076920 88.153847 51839 51750.847656 88.153847 108 120 66 95 115 106 112 92 94 132 106 0 0
32748126 32777282 54528 0.230769 0.000000 54528 54528.000000 0.000000 0 0 0 0 0 0 0 0 0 0 0 0 0
32787462 32816605 54485 0.000000 0.000000 54485 54485.000000 0.000000 0 0 0 0 0 0 0 0 0 0 0 0 0
32828258 32856009 51912 0.538462 0.384615 51912 51911.617188 0.384615 0 1 1 0 0 0 1 1 0 0 1 0 0
32867657 32896759 54444 0.461538 0.307692 54444 54443.691406 0.307692 1 0 0 1 0 0 0 0 0 2 0 0 0
32908460 32936077 51661 1.692308 1.615385 51661 51659.382812 1.615385 1 4 0 1 1 2 3 1 5 1 2 0 0
32947718 32976898 54555 3.615385 3.461539 54555 54551.539062 3.461539 3 3 1 4 7 6 5 5 1 3 5 1 1
32987123 33016284 54538 9.692307 9.384615 54538 54528.617188 9.384615 11 11 13 5 11 12 13 9 9 12 16 0 0
33027922 33055574 51709 17.230770 16.846153 51709 51692.152344 16.846153 22 15 21 19 11 20 18 21 27 25 20 0 0
33067189 33094943 51901 32.307693 31.538462 51901 51869.460938 31.538462 43 28 25 34 34 40 51 32 35 44 43 0 1
33106574 33135707 54485 54.384617 53.307693 54485 54431.691406 53.307693 57 71 60 58 46 58 67 70 78 65 63 0 0
33145887 33175050 54541 70.615387 69.384613 54541 54471.617188 69.384613 100 81 76 71 98 78 75 70 96 83 74 0 0
33185204 33214378 54563 87.769234 85.538460 54563 54477.460938 85.538460 110 104 75 77 102 95 104 87 95 126 135 2 0
33226014 33253757 51897 90.846153 88.615387 51897 51808.382812 88.615387 109 115 91 84 96 114 102 100 100 117 124 0 0
33265414 33294474 54347 88.615387 87.230766 54347 54259.769531 87.230766 109 103 105 89 95 106 105 90 92 109 131 0 0
33304691 33333903 54651 72.076920 70.846153 54651 54580.152344 70.846153 86 79 83 68 67 80 86 66 91 103 111 0 1
33344032 33373231 54607 50.923077 50.230770 54607 54556.769531 50.230770 72 66 55 54 52 54 48 47 61 67 76 1 0
33384870 33412556 51771 31.307692 30.769230 51771 51740.230469 30.769230 46 45 26 28 22 41 40 26 34 43 47 1 1
33424152 33453338 54544 16.230770 15.846154 54544 54528.152344 15.846154 26 20 17 15 24 25 16 11 4 4 3 22 19
33463488 33492694 54553 8.923077 8.615385 54553 54544.382812 8.615385 9 7 10 8 9 5 6 3 12 10 11 17 5
33502909 33532004 54415 3.769231 3.538461 54415 54411.460938 3.538461 3 4 4 0 3 2 6 3 3 2 8 2 6
33543637 33571376 51854 1.230769 1.230769 51854 51852.769531 1.230769 2 2 1 2 2 2 0 1 0 0 1 1 2
33583020 33612086 54321 0.538462 0.461538 54321 54320.539062 0.461538 1 0 0 1 1 0 1 0 0 1 1 0 0
33622297 33651471 54561 0.307692 0.307692 54561 54560.691406 0.307692 0 0 0 0 0 1 1 1 0 0 1 0 0
33661702 33690794 54409 0.153846 0.153846 54409 54408.847656 0.153846 1 0 0 0 0 0 0 0 0 1 0 0 0
33702425 33730184 51908 0.076923 0.000000 51908 51908.000000 0.000000 0 0 0 0 0 0 0 0 0 0 0 0 0
33792814 33821957 54485 120.230766 117.615387 54485 54367.382812 117.615387 144 143 101 101 105 112 124 100 108 110 120 134 127
