27 32
32657799 32685511 51840 107.461540 104.846153 51840 51735.152344 104.846153 126 115 81 96 94 104 102 85 96 110 109 135 110
32748126 32777282 54529 0.230769 0.230769 54529 54528.769531 0.230769 0 0 0 0 1 0 1 0 0 0 1 0 0
32787462 32816605 54486 0.230769 0.153846 54486 54485.847656 0.153846 1 0 0 0 1 0 0 0 0 0 0 0 0
32828258 32856009 51915 0.307692 0.230769 51915 51914.769531 0.230769 0 1 0 1 0 0 0 0 0 1 0 0 0
32867657 32896759 54446 0.769231 0.692308 54446 54445.308594 0.692308 1 3 0 1 0 0 0 0 2 1 0 1 0
32908460 32936077 51662 2.384615 2.230769 51662 51659.769531 2.230769 4 2 0 0 2 0 4 3 3 1 3 4 3
32947718 32976898 54557 4.692307 4.307693 54557 54552.691406 4.307693 5 7 3 4 5 5 3 5 4 3 1 7 4
32987123 33016284 54538 11.153846 11.076923 54538 54526.921875 11.076923 13 11 9 6 10 13 11 12 6 14 13 12 14
33027922 33055574 51711 20.230770 19.692308 51711 51691.308594 19.692308 20 16 15 17 21 21 18 12 20 26 23 27 20
33067189 33094943 51900 36.153847 35.076923 51900 51864.921875 35.076923 42 27 24 26 29 37 29 32 33 45 36 46 50
33106574 33135707 54487 61.153847 59.769230 54487 54427.230469 59.769230 71 49 64 58 49 52 55 48 61 64 73 73 60
33145887 33175050 54543 83.153847 81.153847 54543 54461.847656 81.153847 82 74 67 64 70 87 103 69 58 97 89 107 88
33185204 33214378 54564 109.769234 107.307693 54564 54456.691406 107.307693 128 119 91 82 86 101 110 82 109 133 119 124 111
33226014 33253757 51900 108.923080 106.384613 51900 51793.617188 106.384613 132 94 83 85 100 98 101 78 98 119 120 144 131
33265414 33294474 54347 105.846153 103.615387 54347 54243.382812 103.615387 124 108 88 95 103 102 100 83 85 112 113 129 105
33304691 33333903 54654 84.538460 82.153847 54654 54571.847656 82.153847 79 71 71 66 72 91 90 76 71 90 102 91 98
33344032 33373231 54609 64.307693 62.923077 54609 54546.078125 62.923077 70 68 50 42 50 73 62 55 59 68 67 90 64
33384870 33412556 51772 36.846153 36.230770 51772 51735.769531 36.230770 38 28 32 25 30 40 35 33 32 37 46 49 46
33424152 33453338 54546 20.076923 19.384615 54546 54526.617188 19.384615 0 0 19 18 18 28 26 14 33 31 24 24 17
33463488 33492694 54557 9.307693 9.076923 54557 54547.921875 9.076923 3 2 5 15 6 12 11 10 11 13 11 14 5
33502909 33532004 54414 4.769231 4.615385 54414 54409.382812 4.615385 4 5 0 9 4 8 3 3 2 8 4 5 5
33543637 33571376 51856 1.923077 1.769231 51856 51854.230469 1.769231 1 3 2 3 2 0 2 2 1 0 1 6 0
33583020 33612086 54326 0.538462 0.538462 54326 54325.460938 0.538462 0 0 1 0 0 1 0 0 1 1 2 0 1
33622297 33651471 54564 0.461538 0.307692 54564 54563.691406 0.307692 1 0 0 0 1 0 0 1 0 0 0 1 0
33661702 33690794 54408 0.307692 0.230769 54408 54407.769531 0.230769 0 0 0 0 0 1 0 1 0 0 1 0 0
33702425 33730184 51908 0.307692 0.153846 51908 51907.847656 0.153846 0 0 0 0 0 0 0 0 0 1 1 0 0
33792814 33821957 54487 140.769226 137.769226 54487 54349.230469 137.769226 154 131 105 120 100 166 165 139 120 138 157 150 146
