27 32
32657799 32685511 51839 39.461540 38.538460 51839 51800.460938 38.538460 129 134 0 0 0 0 0 1 0 0 0 113 124
32748126 32777282 54529 0.153846 0.076923 54529 54528.921875 0.076923 0 0 0 0 0 0 0 0 0 0 0 0 1
32787462 32816605 54485 0.076923 0.000000 54485 54485.000000 0.000000 0 0 0 0 0 0 0 0 0 0 0 0 0
32828258 32856009 51912 0.230769 0.230769 51912 51911.769531 0.230769 0 0 0 0 0 1 0 0 0 0 0 0 2
32867657 32896759 54443 0.461538 0.384615 54443 54442.617188 0.384615 2 0 0 0 0 0 0 0 0 0 0 1 2
32908460 32936077 51661 0.615385 0.384615 51661 51660.617188 0.384615 1 0 0 0 0 0 0 0 0 0 0 0 4
32947718 32976898 54555 1.615385 1.538462 54555 54553.460938 1.538462 2 9 0 0 0 0 0 0 0 0 0 5 4
32987123 33016284 54537 4.615385 4.461538 54537 54532.539062 4.461538 10 13 0 0 1 0 0 0 0 0 0 19 15
33027922 33055574 51708 7.076923 6.846154 51708 51701.152344 6.846154 27 16 0 0 0 0 0 0 0 0 0 23 23
33067189 33094943 51900 13.230769 13.000000 51900 51887.000000 13.000000 42 42 1 0 0 1 0 0 0 0 0 46 37
33106574 33135707 54484 20.153847 19.769230 54484 54464.230469 19.769230 62 50 0 0 1 0 0 1 0 0 0 78 65
33145887 33175050 54541 30.000000 29.153847 54541 54511.847656 29.153847 98 108 0 0 1 0 3 0 0 0 0 96 73
33185204 33214378 54560 38.769230 37.615383 54560 54522.382812 37.615383 127 97 0 1 0 0 0 0 1 0 0 137 126
33226014 33253757 51897 39.461540 38.615383 51897 51858.382812 38.615383 127 109 0 0 1 1 0 0 0 1 0 136 127
33265414 33294474 54346 36.230770 35.230770 54346 54310.769531 35.230770 111 128 1 0 0 0 0 0 0 0 0 118 100
33304691 33333903 54649 30.461538 30.076923 54649 54618.921875 30.076923 94 91 0 0 0 1 2 0 0 0 0 116 87
33344032 33373231 54607 19.461538 18.923077 54607 54588.078125 18.923077 71 60 0 1 0 0 0 0 0 0 0 61 53
33384870 33412556 51771 11.384615 11.076923 51771 51759.921875 11.076923 38 36 0 0 0 0 0 0 0 0 0 34 36
33424152 33453338 54541 15.384615 14.923077 54541 54526.078125 14.923077 21 20 18 18 19 5 11 2 30 26 18 6 0
33463488 33492694 54550 6.692307 6.538462 54550 54543.460938 6.538462 10 5 9 6 6 7 10 10 3 2 10 7 0
33502909 33532004 54414 2.153846 1.923077 54414 54412.078125 1.923077 0 0 5 8 1 0 0 0 6 1 4 0 0
33543637 33571376 51851 0.769231 0.769231 51851 51850.230469 0.769231 0 0 1 1 1 0 0 0 3 3 1 0 0
33583020 33612086 54322 0.615385 0.538462 54322 54321.460938 0.538462 0 0 1 1 1 0 0 0 0 2 2 0 0
33622297 33651471 54562 0.153846 0.153846 54562 54561.847656 0.153846 0 0 0 1 0 0 0 0 0 1 0 0 0
33661702 33690794 54409 0.307692 0.153846 54409 54408.847656 0.153846 1 0 0 0 0 0 0 0 1 0 0 0 0
33702425 33730184 51909 0.307692 0.076923 51909 51908.921875 0.076923 0 0 0 0 0 0 0 0 0 1 0 0 0
33792814 33821957 54485 59.923077 58.538460 54485 54426.460938 58.538460 0 0 124 109 125 0 0 2 113 133 155 0 0
