27 32
32657799 32685511 51837 129.307693 126.461540 51837 51710.539062 126.461540 127 95 119 101 114 139 145 117 139 143 158 136 111
32748126 32777282 54524 0.230769 0.076923 54524 54523.921875 0.076923 1 0 0 0 0 0 0 0 0 0 0 0 0
32787462 32816605 54481 0.230769 0.230769 54481 54480.769531 0.230769 1 0 0 0 0 1 0 0 0 0 1 0 0
32828258 32856009 51908 0.153846 0.153846 51908 51907.847656 0.153846 0 0 0 0 1 0 1 0 0 0 0 0 0
32867657 32896759 54439 0.923077 0.692308 54439 54438.308594 0.692308 1 0 0 0 1 0 1 0 1 2 2 0 1
32908460 32936077 51657 2.000000 1.846154 51657 51655.152344 1.846154 1 0 5 0 1 2 2 1 2 1 2 5 2
32947718 32976898 54551 4.307693 4.230769 54551 54546.769531 4.230769 1 2 3 1 8 3 9 1 4 7 10 1 5
32987123 33016284 54535 11.000000 10.615385 54535 54524.382812 10.615385 10 9 12 16 9 13 12 9 15 12 7 5 9
33027922 33055574 51707 27.153847 27.000000 51707 51680.000000 27.000000 24 23 24 19 29 35 35 23 29 29 27 28 26
33067189 33094943 51896 43.153847 42.538460 51896 51853.460938 42.538460 45 35 35 28 34 34 50 40 48 51 51 52 50
33106574 33135707 54484 77.692307 75.384613 54484 54408.617188 75.384613 79 72 66 79 59 74 94 72 77 82 83 78 65
33145887 33175050 54537 106.461540 103.923080 54537 54433.078125 103.923080 90 91 100 68 99 90 103 111 115 120 154 107 103
33185204 33214378 54558 135.307693 132.615387 54558 54425.382812 132.615387 113 111 121 119 130 138 150 115 157 143 160 152 115
33226014 33253757 51894 122.923080 120.384613 51894 51773.617188 120.384613 109 98 104 108 108 128 122 114 131 151 132 139 121
33265414 33294474 54344 127.615387 125.307693 54344 54218.691406 125.307693 126 93 109 129 104 127 141 108 120 157 154 148 113
33304691 33333903 54647 100.846153 98.230766 54647 54548.769531 98.230766 92 93 93 92 83 93 115 86 88 117 119 110 96
33344032 33373231 54603 76.615387 75.230766 54603 54527.769531 75.230766 73 65 59 64 87 94 76 64 64 85 91 77 79
33384870 33412556 51769 44.538460 43.384617 51769 51725.617188 43.384617 42 35 51 27 40 48 51 31 56 56 53 45 29
33424152 33453338 54539 18.461538 17.846153 54539 54521.152344 17.846153 23 22 17 21 16 17 24 17 26 21 19 9 0
33463488 33492694 54550 8.461538 8.153846 54550 54541.847656 8.153846 8 5 6 7 5 14 5 9 9 12 15 11 0
33502909 33532004 54409 2.461539 2.384615 54409 54406.617188 2.384615 0 0 3 2 7 4 0 5 2 3 5 0 0
33543637 33571376 51851 0.846154 0.846154 51851 51850.152344 0.846154 0 0 1 0 2 1 1 3 1 0 2 0 0
33583020 33612086 54319 0.461538 0.384615 54319 54318.617188 0.384615 0 0 0 1 0 0 0 1 1 1 1 0 0
33622297 33651471 54559 0.384615 0.230769 54559 54558.769531 0.230769 0 0 0 1 0 0 1 0 0 0 1 0 0
33661702 33690794 54404 0.384615 0.153846 54404 54403.847656 0.153846 0 0 0 0 0 1 0 0 1 0 0 0 0
33702425 33730184 51905 0.230769 0.153846 51905 51904.847656 0.153846 0 0 0 0 0 1 0 0 0 0 1 0 0
33792814 33821957 54482 92.538460 90.384613 54482 54391.617188 90.384613 0 0 131 116 119 105 113 96 157 153 185 0 0
