27 32
32657799 32685511 51839 90.846153 89.000000 51839 51750.000000 89.000000 87 79 112 89 113 99 118 105 113 109 130 1 2
32748126 32777282 54529 0.153846 0.076923 54529 54528.921875 0.076923 0 1 0 0 0 0 0 0 0 0 0 0 0
32787462 32816605 54484 0.153846 0.076923 54484 54483.921875 0.076923 0 0 1 0 0 0 0 0 0 0 0 0 0
32828258 32856009 51912 0.538462 0.384615 51912 51911.617188 0.384615 0 0 0 0 0 0 0 1 0 2 2 0 0
32867657 32896759 54442 1.076923 1.000000 54442 54441.000000 1.000000 1 3 2 3 0 0 1 1 1 1 0 0 0
32908460 32936077 51661 1.384615 1.230769 51661 51659.769531 1.230769 2 0 0 0 1 3 1 2 1 2 4 0 0
32947718 32976898 54554 3.923077 3.923077 54554 54550.078125 3.923077 3 1 7 9 3 2 5 5 9 3 4 0 0
32987123 33016284 54536 8.615385 8.230769 54536 54527.769531 8.230769 8 9 8 10 6 11 16 6 10 12 11 0 0
33027922 33055574 51708 15.923077 15.615385 51708 51692.382812 15.615385 19 15 18 16 16 21 11 17 19 18 33 0 0
33067189 33094943 51900 31.923077 31.230770 51900 51868.769531 31.230770 25 31 39 36 36 42 36 30 29 49 52 0 1
33106574 33135707 54484 54.461540 53.692307 54484 54430.308594 53.692307 62 38 61 56 59 86 50 70 74 76 65 0 1
33145887 33175050 54541 68.615387 67.076920 54541 54473.921875 67.076920 57 50 70 70 83 99 79 76 92 86 109 0 1
33185204 33214378 54560 88.615387 87.230766 54560 54472.769531 87.230766 87 84 67 80 117 123 110 107 104 127 127 0 1
33226014 33253757 51897 85.307693 83.153847 51897 51813.847656 83.153847 96 71 79 66 98 109 115 92 109 110 135 1 0
33265414 33294474 54345 83.230766 82.000000 54345 54263.000000 82.000000 87 69 78 82 109 88 103 95 89 117 149 0 0
33304691 33333903 54649 72.692307 71.230766 54649 54577.769531 71.230766 75 56 79 74 88 100 89 71 100 86 107 1 0
33344032 33373231 54607 50.769230 49.538460 54607 54557.460938 49.538460 44 53 45 57 56 54 62 54 66 80 73 0 0
33384870 33412556 51772 28.923077 28.307692 51772 51743.691406 28.307692 32 31 45 24 33 33 39 31 33 22 45 0 0
33424152 33453338 54540 14.307693 14.000000 54540 54526.000000 14.000000 22 17 23 14 18 17 13 13 4 3 2 28 8
33463488 33492694 54551 10.000000 9.846154 54551 54541.152344 9.846154 14 14 16 9 9 4 6 4 11 14 12 10 5
33502909 33532004 54414 4.000000 3.615385 54414 54410.382812 3.615385 3 5 6 2 1 8 1 0 5 2 5 9 0
33543637 33571376 51851 0.846154 0.846154 51851 51850.152344 0.846154 2 1 0 2 0 1 1 1 1 1 0 1 0
33583020 33612086 54322 1.076923 0.923077 54322 54321.078125 0.923077 0 0 0 0 3 0 2 1 0 1 1 2 2
33622297 33651471 54562 0.384615 0.230769 54562 54561.769531 0.230769 0 1 0 0 0 0 0 0 0 1 0 1 0
33661702 33690794 54409 0.076923 0.076923 54409 54408.921875 0.076923 0 0 0 0 0 1 0 0 0 0 0 0 0
33702425 33730184 51909 0.230769 0.076923 51909 51908.921875 0.076923 0 0 0 1 0 0 0 0 0 0 0 0 0
33792814 33821957 54485 133.153839 130.307693 54485 54354.691406 130.307693 143 127 131 96 119 146 120 78 139 159 156 142 138
