27 32
32657799 32685511 51839 125.000000 122.307693 51839 51716.691406 122.307693 143 152 113 90 118 127 122 100 126 135 147 113 104
32748126 32777282 54529 0.076923 0.076923 54529 54528.921875 0.076923 0 0 0 0 0 0 0 0 0 1 0 0 0
32787462 32816605 54485 0.307692 0.153846 54485 54484.847656 0.153846 0 0 1 0 0 1 0 0 0 0 0 0 0
32828258 32856009 51912 0.461538 0.307692 51912 51911.691406 0.307692 0 0 0 1 0 0 0 2 0 1 0 0 0
32867657 32896759 54442 1.076923 1.000000 54442 54441.000000 1.000000 1 1 1 2 1 1 1 2 0 0 1 1 1
32908460 32936077 51661 1.923077 1.692308 51661 51659.308594 1.692308 4 1 1 2 0 2 3 2 2 0 2 1 2
32947718 32976898 54554 4.076923 4.000000 54554 54550.000000 4.000000 5 5 3 2 5 5 5 2 2 8 7 2 1
32987123 33016284 54536 10.923077 10.538462 54536 54525.460938 10.538462 7 12 11 14 14 8 7 10 6 9 12 14 13
33027922 33055574 51708 22.538462 22.307692 51708 51685.691406 22.307692 24 21 16 20 21 14 24 23 18 31 26 31 21
33067189 33094943 51900 39.692307 39.461540 51900 51860.539062 39.461540 38 34 37 30 34 41 37 35 47 50 59 38 33
33106574 33135707 54484 68.769234 67.384613 54484 54416.617188 67.384613 85 77 55 65 57 67 57 58 60 82 78 77 58
33145887 33175050 54541 98.692307 96.461540 54541 54444.539062 96.461540 116 87 91 80 94 118 98 79 97 108 102 94 90
33185204 33214378 54560 120.692307 117.076920 54560 54442.921875 117.076920 142 141 107 104 109 104 134 97 118 102 152 111 101
33226014 33253757 51897 122.461540 119.692307 51897 51777.308594 119.692307 148 129 94 102 108 116 117 103 119 140 150 121 109
33265414 33294474 54346 120.153847 117.846153 54346 54228.152344 117.846153 129 148 102 90 113 106 131 95 109 154 141 123 91
33304691 33333903 54649 100.153847 98.769234 54649 54550.230469 98.769234 104 93 99 97 100 94 100 75 92 132 124 87 87
33344032 33373231 54607 66.307693 64.769234 54607 54542.230469 64.769234 84 76 44 47 61 65 62 48 71 81 83 66 54
33384870 33412556 51771 37.769230 37.000000 51771 51734.000000 37.000000 32 47 31 33 23 48 44 33 45 38 37 33 37
33424152 33453338 54540 16.307692 15.846154 54540 54524.152344 15.846154 13 11 4 4 3 15 27 19 21 23 26 27 13
33463488 33492694 54550 10.384615 10.000000 54550 54540.000000 10.000000 13 6 15 8 20 9 7 6 6 18 14 7 1
33502909 33532004 54414 4.615385 4.230769 54414 54409.769531 4.230769 4 3 3 3 1 6 4 6 5 7 3 7 3
33543637 33571376 51851 2.000000 1.846154 51851 51849.152344 1.846154 1 4 2 2 2 1 4 0 2 0 2 3 1
33583020 33612086 54322 0.692308 0.538462 54322 54321.460938 0.538462 0 0 0 0 1 2 2 0 0 0 1 0 1
33622297 33651471 54562 0.384615 0.230769 54562 54561.769531 0.230769 0 0 0 0 0 1 0 0 0 1 0 1 0
33661702 33690794 54409 0.307692 0.230769 54409 54408.769531 0.230769 0 0 0 0 0 0 2 0 1 0 0 0 0
33702425 33730184 51909 0.076923 0.000000 51909 51909.000000 0.000000 0 0 0 0 0 0 0 0 0 0 0 0 0
33792814 33821957 54485 126.230766 124.461540 54485 54360.539062 124.461540 141 141 117 98 100 114 97 112 113 162 153 138 132
