27 32
32657799 32685511 51839 36.076923 34.846153 51839 51804.152344 34.846153 115 119 0 0 0 1 0 0 1 0 0 131 86
32748126 32777282 54526 0.000000 0.000000 54526 54526.000000 0.000000 0 0 0 0 0 0 0 0 0 0 0 0 0
32787462 32816605 54483 0.153846 0.000000 54483 54483.000000 0.000000 0 0 0 0 0 0 0 0 0 0 0 0 0
32828258 32856009 51910 0.076923 0.076923 51910 51909.921875 0.076923 0 1 0 0 0 0 0 0 0 0 0 0 0
32867657 32896759 54442 0.461538 0.461538 54442 54441.539062 0.461538 2 1 0 0 0 0 0 0 0 0 0 1 2
32908460 32936077 51660 0.538462 0.538462 51660 51659.460938 0.538462 3 1 0 0 0 0 0 0 0 0 0 2 1
32947718 32976898 54552 1.076923 0.923077 54552 54551.078125 0.923077 1 2 0 0 0 0 0 0 0 0 0 3 6
32987123 33016284 54536 3.384615 3.153846 54536 54532.847656 3.153846 5 9 0 0 0 0 0 0 0 0 0 16 11
33027922 33055574 51707 5.384615 5.230769 51707 51701.769531 5.230769 19 12 0 0 0 0 0 0 0 0 0 16 21
33067189 33094943 51898 12.076923 11.846154 51898 51886.152344 11.846154 28 32 0 0 0 0 0 0 0 0 0 55 39
33106574 33135707 54484 18.076923 17.461538 54484 54466.539062 17.461538 61 47 0 0 0 1 0 0 0 0 1 68 49
33145887 33175050 54540 29.230770 28.384615 54540 54511.617188 28.384615 101 72 1 0 0 0 0 0 0 0 0 111 84
33185204 33214378 54559 37.538460 36.615383 54559 54522.382812 36.615383 114 108 2 0 0 2 0 1 0 0 0 128 121
33226014 33253757 51895 33.230770 32.076923 51895 51862.921875 32.076923 90 106 0 0 0 0 0 0 2 1 0 112 106
33265414 33294474 54344 34.846153 34.153847 54344 54309.847656 34.153847 131 104 0 0 0 0 0 0 0 0 1 105 103
33304691 33333903 54648 29.230770 28.461538 54648 54619.539062 28.461538 94 90 0 0 0 0 0 0 1 0 2 95 88
33344032 33373231 54606 19.307692 19.000000 54606 54587.000000 19.000000 58 57 0 1 0 0 0 0 0 1 0 65 65
33384870 33412556 51771 12.692307 12.461538 51771 51758.539062 12.461538 45 29 0 0 0 0 0 0 0 0 0 44 44
33424152 33453338 54541 16.307692 15.615385 54541 54525.382812 15.615385 18 19 17 23 21 3 2 1 16 23 28 23 9
33463488 33492694 54550 10.307693 10.076923 54550 54539.921875 10.076923 12 8 11 9 10 8 15 11 10 12 11 8 6
33502909 33532004 54413 4.076923 3.923077 54413 54409.078125 3.923077 6 4 3 1 7 3 8 0 3 5 6 3 2
33543637 33571376 51851 1.769231 1.538462 51851 51849.460938 1.538462 2 4 2 2 1 0 1 2 1 0 1 2 2
33583020 33612086 54321 0.923077 0.692308 54321 54320.308594 0.692308 1 1 2 0 1 0 1 0 0 0 0 2 1
33622297 33651471 54562 0.384615 0.384615 54562 54561.617188 0.384615 0 0 0 1 0 1 0 1 0 1 0 1 0
33661702 33690794 54406 0.153846 0.000000 54406 54406.000000 0.000000 0 0 0 0 0 0 0 0 0 0 0 0 0
33702425 33730184 51908 0.153846 0.000000 51908 51908.000000 0.000000 0 0 0 0 0 0 0 0 0 0 0 0 0
33792814 33821957 54484 124.000000 121.923080 54484 54362.078125 121.923080 132 126 97 114 97 125 172 127 120 107 119 142 107
