27 32
32657799 32685511 51837 116.846153 114.153847 51837 51722.847656 114.153847 105 92 106 103 119 126 132 91 115 126 142 126 101
32748126 32777282 54526 0.230769 0.153846 54526 54525.847656 0.153846 1 0 0 0 0 0 0 0 0 1 0 0 0
32787462 32816605 54483 0.230769 0.230769 54483 54482.769531 0.230769 0 0 0 0 1 1 0 0 0 0 0 1 0
32828258 32856009 51909 0.384615 0.076923 51909 51908.921875 0.076923 0 0 0 0 0 0 0 0 0 0 1 0 0
32867657 32896759 54439 0.923077 0.923077 54439 54438.078125 0.923077 1 1 1 1 0 0 0 3 0 0 2 1 2
32908460 32936077 51658 2.076923 1.923077 51658 51656.078125 1.923077 2 1 5 0 3 2 0 1 0 3 2 3 3
32947718 32976898 54552 5.230769 5.153846 54552 54546.847656 5.153846 1 4 3 3 6 8 10 6 5 2 6 8 5
32987123 33016284 54535 11.076923 10.538462 54535 54524.460938 10.538462 16 17 9 5 9 10 11 9 7 17 9 11 7
33027922 33055574 51707 20.615385 19.769230 51707 51687.230469 19.769230 17 17 22 14 17 17 25 20 26 16 23 26 17
33067189 33094943 51897 42.076923 41.153847 51897 51855.847656 41.153847 30 46 42 35 40 46 41 30 39 50 45 50 41
33106574 33135707 54484 66.153847 64.846153 54484 54419.152344 64.846153 61 56 57 53 56 66 64 53 67 86 86 72 66
33145887 33175050 54538 91.769234 89.538460 54538 54448.460938 89.538460 82 67 77 82 87 88 101 89 115 112 106 85 73
33185204 33214378 54558 111.692307 109.307693 54558 54448.691406 109.307693 95 85 86 106 102 124 142 98 107 105 141 129 101
33226014 33253757 51894 109.923080 107.153847 51894 51786.847656 107.153847 107 91 71 105 105 124 114 82 95 119 146 141 93
33265414 33294474 54344 112.615387 110.615387 54344 54233.382812 110.615387 102 100 90 97 111 112 133 102 101 117 134 124 115
33304691 33333903 54647 94.307693 93.000000 54647 54554.000000 93.000000 74 72 86 76 86 92 102 102 108 101 115 95 100
33344032 33373231 54604 68.846153 67.692307 54604 54536.308594 67.692307 56 63 67 58 57 47 79 68 86 72 83 76 68
33384870 33412556 51770 41.538460 40.769230 51770 51729.230469 40.769230 43 22 32 43 39 43 49 38 50 41 52 32 46
33424152 33453338 54540 21.076923 20.615385 54540 54519.382812 20.615385 23 19 12 16 18 27 22 23 14 27 30 20 17
33463488 33492694 54550 10.538462 10.384615 54550 54539.617188 10.384615 6 10 12 9 8 13 14 14 11 16 4 14 4
33502909 33532004 54410 3.769231 3.769231 54410 54406.230469 3.769231 1 1 5 4 3 3 5 3 6 6 2 6 4
33543637 33571376 51851 1.076923 1.000000 51851 51850.000000 1.000000 1 2 0 1 1 1 0 1 0 0 3 1 2
33583020 33612086 54319 0.923077 0.846154 54319 54318.152344 0.846154 2 0 0 1 2 1 0 2 1 0 0 1 1
33622297 33651471 54560 0.384615 0.384615 54560 54559.617188 0.384615 1 0 0 0 0 1 1 0 0 0 0 1 1
33661702 33690794 54405 0.307692 0.230769 54405 54404.769531 0.230769 1 0 1 0 0 0 0 0 0 1 0 0 0
33702425 33730184 51905 0.230769 0.230769 51905 51904.769531 0.230769 0 0 0 0 0 1 0 0 0 1 1 0 0
33792814 33821957 54483 132.923080 129.384613 54483 54353.617188 129.384613 118 109 127 97 123 115 128 118 153 178 180 140 96
