27 32
32657799 32685511 51839 39.923077 38.923077 51839 51800.078125 38.923077 111 109 1 0 0 0 0 0 0 0 1 145 139
32748126 32777282 54528 0.076923 0.076923 54528 54527.921875 0.076923 0 1 0 0 0 0 0 0 0 0 0 0 0
32787462 32816605 54485 0.153846 0.076923 54485 54484.921875 0.076923 0 0 0 0 0 0 0 0 0 0 0 0 1
32828258 32856009 51912 0.076923 0.076923 51912 51911.921875 0.076923 0 0 0 0 0 0 0 0 0 0 0 1 0
32867657 32896759 54443 0.692308 0.615385 54443 54442.382812 0.615385 2 2 0 0 0 0 0 0 0 0 0 1 3
32908460 32936077 51661 0.538462 0.461538 51661 51660.539062 0.461538 3 0 0 0 0 0 0 0 0 0 0 0 3
32947718 32976898 54555 1.384615 1.384615 54555 54553.617188 1.384615 1 3 0 0 0 0 0 0 0 0 0 6 8
32987123 33016284 54538 3.000000 2.769231 54538 54535.230469 2.769231 8 7 0 0 0 0 0 0 0 0 0 9 12
33027922 33055574 51709 7.153846 6.846154 51709 51702.152344 6.846154 27 16 0 0 0 1 0 0 0 0 0 25 20
33067189 33094943 51901 15.230769 15.000000 51901 51886.000000 15.000000 44 44 1 0 0 0 0 0 0 0 0 62 44
33106574 33135707 54485 21.692308 21.384615 54485 54463.617188 21.384615 54 55 1 0 0 0 0 0 0 0 1 88 79
33145887 33175050 54541 33.230770 32.230770 54541 54508.769531 32.230770 96 77 0 0 1 0 0 0 0 0 1 134 110
33185204 33214378 54563 42.153847 41.461540 54563 54521.539062 41.461540 123 89 0 0 2 0 0 1 0 0 0 181 143
33226014 33253757 51897 39.615383 38.923077 51897 51858.078125 38.923077 123 92 0 0 0 1 0 0 1 1 0 161 127
33265414 33294474 54348 40.307693 39.461540 54348 54308.539062 39.461540 116 109 0 0 0 0 1 0 1 0 0 145 141
33304691 33333903 54650 32.076923 31.461538 54650 54618.539062 31.461538 101 76 0 0 0 0 0 0 1 1 0 128 102
33344032 33373231 54607 20.461538 19.846153 54607 54587.152344 19.846153 52 63 0 0 0 0 0 1 0 0 0 76 66
33384870 33412556 51771 12.153846 12.076923 51771 51758.921875 12.076923 37 29 0 0 0 0 0 0 0 0 0 49 42
33424152 33453338 54544 14.846154 14.461538 54544 54529.539062 14.461538 28 28 6 6 4 9 1 1 28 23 15 17 22
33463488 33492694 54551 9.384615 9.153846 54551 54541.847656 9.153846 9 13 7 3 8 10 9 3 16 16 9 12 4
33502909 33532004 54415 5.384615 5.230769 54415 54409.769531 5.230769 3 5 4 2 2 3 5 8 9 9 8 4 6
33543637 33571376 51855 1.769231 1.692308 51855 51853.308594 1.692308 2 2 1 2 4 0 1 1 2 2 3 1 1
33583020 33612086 54322 0.615385 0.615385 54322 54321.382812 0.615385 0 0 0 2 0 0 0 0 2 1 1 2 0
33622297 33651471 54561 0.153846 0.153846 54561 54560.847656 0.153846 0 0 0 0 0 0 0 0 0 2 0 0 0
33661702 33690794 54409 0.153846 0.076923 54409 54408.921875 0.076923 0 0 0 0 1 0 0 0 0 0 0 0 0
33702425 33730184 51908 0.307692 0.153846 51908 51907.847656 0.153846 1 0 0 0 0 0 0 0 0 0 0 0 1
33792814 33821957 54485 121.692307 119.153847 54485 54365.847656 119.153847 141 136 80 89 89 140 150 120 84 109 128 155 128
