27 32
32657799 32685511 51839 99.000000 97.076920 51839 51741.921875 97.076920 134 151 62 73 62 74 92 67 81 87 111 154 114
32748126 32777282 54528 0.230769 0.153846 54528 54527.847656 0.153846 0 0 0 0 0 1 0 0 0 1 0 0 0
32787462 32816605 54486 0.384615 0.384615 54486 54485.617188 0.384615 0 1 0 1 1 1 0 0 0 0 0 0 1
32828258 32856009 51912 0.461538 0.384615 51912 51911.617188 0.384615 2 0 1 0 0 1 0 0 0 0 0 1 0
32867657 32896759 54444 0.769231 0.692308 54444 54443.308594 0.692308 0 1 2 0 0 0 0 2 2 0 1 0 1
32908460 32936077 51661 1.769231 1.769231 51661 51659.230469 1.769231 1 2 0 3 0 1 2 2 0 1 4 4 3
32947718 32976898 54554 4.615385 4.384615 54554 54549.617188 4.384615 7 7 2 1 3 3 6 5 3 4 9 2 5
32987123 33016284 54538 8.153846 8.076923 54538 54529.921875 8.076923 7 14 8 7 6 5 6 9 6 6 14 9 8
33027922 33055574 51709 17.923077 17.692308 51709 51691.308594 17.692308 29 27 15 13 12 14 16 11 12 19 21 16 25
33067189 33094943 51901 32.846153 31.769230 51901 51869.230469 31.769230 46 46 23 24 31 27 31 24 29 27 25 48 32
33106574 33135707 54485 59.230770 57.769230 54485 54427.230469 57.769230 81 60 39 39 53 49 58 45 54 57 64 81 71
33145887 33175050 54541 81.230766 79.769234 54541 54461.230469 79.769234 114 91 57 79 72 73 67 60 73 70 70 113 98
33185204 33214378 54563 93.461540 91.923080 54563 54471.078125 91.923080 108 123 71 68 59 79 89 65 76 96 72 169 120
33226014 33253757 51897 100.307693 97.461540 51897 51799.539062 97.461540 137 112 78 76 72 78 96 82 79 87 108 135 127
33265414 33294474 54347 96.923080 95.076920 54347 54251.921875 95.076920 127 108 69 81 69 89 85 80 87 103 92 136 110
33304691 33333903 54652 79.615387 78.000000 54652 54574.000000 78.000000 107 95 65 63 81 68 61 53 60 74 83 107 97
33344032 33373231 54607 54.230770 52.846153 54607 54554.152344 52.846153 67 60 32 48 38 40 48 40 57 56 50 77 74
33384870 33412556 51771 36.076923 35.538460 51771 51735.460938 35.538460 52 33 20 23 34 31 40 33 30 33 43 53 37
33424152 33453338 54544 16.307692 15.846154 54544 54528.152344 15.846154 18 24 18 15 21 11 17 20 11 28 20 3 0
33463488 33492694 54553 6.615385 6.384615 54553 54546.617188 6.384615 13 6 11 10 10 6 2 6 3 4 2 10 0
33502909 33532004 54415 2.307692 2.153846 54415 54412.847656 2.153846 0 0 0 4 4 0 0 0 2 5 13 0 0
33543637 33571376 51854 1.307692 1.307692 51854 51852.691406 1.307692 0 0 0 5 3 0 0 0 3 1 3 1 1
33583020 33612086 54321 0.230769 0.076923 54321 54320.921875 0.076923 0 0 0 0 0 0 0 0 1 0 0 0 0
33622297 33651471 54561 0.307692 0.153846 54561 54560.847656 0.153846 0 0 0 0 0 0 0 0 1 0 0 0 1
33661702 33690794 54408 0.076923 0.076923 54408 54407.921875 0.076923 0 0 0 0 1 0 0 0 0 0 0 0 0
33702425 33730184 51908 0.153846 0.076923 51908 51907.921875 0.076923 0 0 0 0 1 0 0 0 0 0 0 0 0
33792814 33821957 54485 65.769234 64.153847 54485 54420.847656 64.153847 0 0 129 116 115 0 0 2 127 161 184 0 0
