27 32
32657799 32685511 51839 96.384613 94.538460 51839 51744.460938 94.538460 1 0 118 107 121 145 147 125 124 166 173 1 1
32748126 32777282 54529 0.000000 0.000000 54529 54529.000000 0.000000 0 0 0 0 0 0 0 0 0 0 0 0 0
32787462 32816605 54485 0.076923 0.076923 54485 54484.921875 0.076923 0 0 0 0 0 0 0 0 0 0 1 0 0
32828258 32856009 51912 0.000000 0.000000 51912 51912.000000 0.000000 0 0 0 0 0 0 0 0 0 0 0 0 0
32867657 32896759 54443 0.538462 0.307692 54443 54442.691406 0.307692 0 0 1 0 0 0 0 1 2 0 0 0 0
32908460 32936077 51661 1.153846 1.000000 51661 51660.000000 1.000000 0 0 1 0 1 1 3 1 1 3 2 0 0
32947718 32976898 54555 2.923077 2.923077 54555 54552.078125 2.923077 0 0 4 5 2 8 6 1 4 4 4 0 0
32987123 33016284 54538 7.615385 7.384615 54538 54530.617188 7.384615 0 0 12 7 15 11 12 11 8 9 11 0 0
33027922 33055574 51708 14.923077 14.692307 51708 51693.308594 14.692307 0 0 16 27 15 23 28 15 24 17 26 0 0
33067189 33094943 51901 27.692308 27.000000 51901 51874.000000 27.000000 0 0 35 32 36 42 53 31 32 44 46 0 0
33106574 33135707 54485 50.846153 49.769230 54485 54435.230469 49.769230 0 0 56 67 64 61 79 72 69 83 96 0 0
33145887 33175050 54541 74.615387 72.692307 54541 54468.308594 72.692307 0 0 84 89 103 96 112 107 107 117 130 0 0
33185204 33214378 54561 87.230766 86.384613 54561 54474.617188 86.384613 0 0 99 115 146 119 133 123 118 129 140 0 1
33226014 33253757 51897 97.461540 95.692307 51897 51801.308594 95.692307 0 0 97 151 126 144 146 124 130 150 176 0 0
33265414 33294474 54347 90.846153 89.461540 54347 54257.539062 89.461540 0 0 112 106 157 126 145 105 129 125 158 0 0
33304691 33333903 54649 77.307693 75.615387 54649 54573.382812 75.615387 0 1 101 74 101 117 125 90 113 121 140 0 0
33344032 33373231 54607 53.615383 52.615383 54607 54554.382812 52.615383 1 0 65 78 45 78 89 84 67 94 83 0 0
33384870 33412556 51771 27.846153 27.307692 51771 51743.691406 27.307692 0 0 40 31 37 47 46 33 36 44 41 0 0
33424152 33453338 54540 22.153847 21.846153 54540 54518.152344 21.846153 22 18 20 27 19 28 20 17 27 22 31 21 12
33463488 33492694 54551 10.230769 9.846154 54551 54541.152344 9.846154 8 9 7 8 12 11 12 8 14 9 14 11 5
33502909 33532004 54414 4.230769 3.846154 54414 54410.152344 3.846154 3 2 3 5 7 3 2 4 2 5 6 3 5
33543637 33571376 51853 1.846154 1.538462 51853 51851.460938 1.538462 3 0 1 1 0 1 2 1 1 3 3 1 3
33583020 33612086 54322 0.692308 0.538462 54322 54321.460938 0.538462 1 0 0 0 0 2 0 0 1 0 2 1 0
33622297 33651471 54562 0.461538 0.384615 54562 54561.617188 0.384615 1 0 0 0 1 0 0 0 0 2 0 0 1
33661702 33690794 54409 0.230769 0.153846 54409 54408.847656 0.153846 0 0 0 0 1 0 0 0 0 0 1 0 0
33702425 33730184 51909 0.000000 0.000000 51909 51909.000000 0.000000 0 0 0 0 0 0 0 0 0 0 0 0 0
33792814 33821957 54485 123.153847 120.230766 54485 54364.769531 120.230766 113 117 94 90 101 138 149 106 100 144 143 133 135
