27 32
32657799 32685511 51839 118.230766 115.384613 51839 51723.617188 115.384613 114 123 94 99 103 123 112 100 124 115 121 154 118
32748126 32777282 54528 0.230769 0.153846 54528 54527.847656 0.153846 0 0 0 0 0 0 1 0 0 0 0 1 0
32787462 32816605 54485 0.153846 0.076923 54485 54484.921875 0.076923 0 0 0 0 0 0 1 0 0 0 0 0 0
32828258 32856009 51912 0.230769 0.230769 51912 51911.769531 0.230769 0 0 0 0 2 0 0 0 0 0 0 1 0
32867657 32896759 54443 0.692308 0.615385 54443 54442.382812 0.615385 0 0 0 0 0 3 0 0 3 1 0 1 0
32908460 32936077 51661 1.923077 1.615385 51661 51659.382812 1.615385 3 2 0 1 0 0 3 3 6 1 0 1 1
32947718 32976898 54555 4.076923 3.769231 54555 54551.230469 3.769231 5 4 0 6 4 2 1 2 4 5 3 4 9
32987123 33016284 54538 11.461538 11.461538 54538 54526.539062 11.461538 10 10 9 14 15 17 11 6 11 12 11 9 14
33027922 33055574 51709 21.538462 21.230770 51709 51687.769531 21.230770 35 26 19 14 11 20 22 20 18 17 29 26 19
33067189 33094943 51901 39.769230 38.538460 51901 51862.460938 38.538460 41 32 37 31 27 35 39 25 44 44 48 53 45
33106574 33135707 54485 64.538460 62.846153 54485 54422.152344 62.846153 66 52 58 46 68 64 56 56 58 61 72 81 79
33145887 33175050 54541 95.846153 93.923080 54541 54447.078125 93.923080 95 90 71 64 98 69 106 79 102 111 113 117 106
33185204 33214378 54563 119.230766 116.923080 54563 54446.078125 116.923080 117 122 90 101 110 110 129 77 137 127 121 158 121
33226014 33253757 51898 114.846153 112.384613 51898 51785.617188 112.384613 114 124 104 76 107 92 112 92 107 141 121 146 125
33265414 33294474 54348 116.538460 114.076920 54348 54233.921875 114.076920 120 114 100 102 94 121 132 83 124 101 141 137 114
33304691 33333903 54650 94.923080 92.615387 54650 54557.382812 92.615387 86 105 65 91 70 85 95 66 116 102 107 107 109
33344032 33373231 54607 65.923080 64.769234 54607 54542.230469 64.769234 77 73 51 58 66 69 69 50 70 64 60 70 65
33384870 33412556 51771 39.615383 38.769230 51771 51732.230469 38.769230 35 39 35 22 39 39 44 36 40 35 60 45 35
33424152 33453338 54544 21.846153 21.846153 54544 54522.152344 21.846153 29 19 16 17 17 21 27 19 26 27 29 19 18
33463488 33492694 54551 8.846154 8.769231 54551 54542.230469 8.769231 3 6 9 9 10 6 12 7 12 12 15 9 4
33502909 33532004 54415 4.307693 4.153846 54415 54410.847656 4.153846 3 3 4 2 1 10 9 2 5 5 5 4 1
33543637 33571376 51854 1.769231 1.461538 51854 51852.539062 1.461538 0 2 2 0 1 2 5 3 2 1 0 1 0
33583020 33612086 54322 0.846154 0.769231 54322 54321.230469 0.769231 2 1 0 0 0 0 0 2 0 2 0 3 0
33622297 33651471 54562 0.384615 0.384615 54562 54561.617188 0.384615 0 0 1 1 0 0 0 1 0 1 1 0 0
33661702 33690794 54409 0.307692 0.307692 54409 54408.691406 0.307692 1 1 0 0 0 0 1 0 0 1 0 0 0
33702425 33730184 51908 0.538462 0.307692 51908 51907.691406 0.307692 1 0 0 0 0 1 1 0 0 1 0 0 0
33792814 33821957 54485 115.923080 113.153847 54485 54371.847656 113.153847 125 116 88 102 110 111 123 87 113 126 128 146 96
