27 32
32657799 32685511 51840 125.230766 123.461540 51840 51716.539062 123.461540 126 134 91 121 116 130 138 104 137 140 157 122 89
32748126 32777282 54529 0.307692 0.230769 54529 54528.769531 0.230769 0 1 0 0 0 0 0 0 0 1 0 0 1
32787462 32816605 54486 0.307692 0.307692 54486 54485.691406 0.307692 0 0 0 0 0 2 0 1 0 0 0 1 0
32828258 32856009 51913 0.846154 0.538462 51913 51912.460938 0.538462 0 3 0 1 0 0 0 0 0 0 3 0 0
32867657 32896759 54445 0.615385 0.615385 54445 54444.382812 0.615385 1 2 0 1 1 0 0 0 1 0 1 1 0
32908460 32936077 51662 2.769231 2.538461 51662 51659.460938 2.538461 3 2 2 1 1 2 3 1 1 5 4 7 1
32947718 32976898 54555 4.923077 4.846154 54555 54550.152344 4.846154 2 6 1 2 5 8 9 6 4 5 7 3 5
32987123 33016284 54538 10.461538 10.153846 54538 54527.847656 10.153846 7 5 13 8 8 15 13 8 9 12 16 10 8
33027922 33055574 51710 22.461538 22.000000 51710 51688.000000 22.000000 20 22 22 14 25 33 23 19 28 25 20 19 16
33067189 33094943 51901 41.923077 41.000000 51901 51860.000000 41.000000 44 46 40 34 41 37 33 41 43 41 51 27 55
33106574 33135707 54486 69.692307 68.076920 54486 54417.921875 68.076920 66 60 62 65 55 73 81 67 77 74 83 62 60
33145887 33175050 54540 96.076920 94.000000 54540 54446.000000 94.000000 117 107 77 78 87 120 84 82 109 100 97 89 75
33185204 33214378 54562 118.692307 117.461540 54562 54444.539062 117.461540 131 130 119 98 92 127 143 95 104 124 159 99 106
33226014 33253757 51898 121.076920 118.153847 51898 51779.847656 118.153847 114 118 109 103 118 133 139 103 118 133 140 96 112
33265414 33294474 54347 127.461540 125.000000 54347 54222.000000 125.000000 129 125 112 105 116 122 154 99 135 150 148 129 101
33304691 33333903 54654 97.923080 96.000000 54654 54558.000000 96.000000 99 96 82 99 83 104 90 75 102 124 111 93 90
33344032 33373231 54608 67.461540 65.538460 54608 54542.460938 65.538460 65 58 59 73 70 66 69 62 66 72 68 73 51
33384870 33412556 51772 38.923077 37.769230 51772 51734.230469 37.769230 32 39 30 25 37 40 33 48 32 48 47 34 46
33424152 33453338 54546 19.076923 18.692308 54546 54527.308594 18.692308 11 17 19 22 20 14 17 19 19 17 22 29 17
33463488 33492694 54555 9.461538 9.076923 54555 54545.921875 9.076923 11 12 8 11 9 9 10 9 8 7 16 7 1
33502909 33532004 54414 5.153846 4.923077 54414 54409.078125 4.923077 5 8 4 3 4 2 4 4 6 8 7 4 5
33543637 33571376 51854 1.615385 1.538462 51854 51852.460938 1.538462 3 2 3 2 0 0 3 2 1 1 1 0 2
33583020 33612086 54324 1.000000 0.769231 54324 54323.230469 0.769231 0 2 1 0 0 2 0 0 2 1 1 0 1
33622297 33651471 54563 0.384615 0.230769 54563 54562.769531 0.230769 1 0 0 0 0 0 0 0 0 1 0 1 0
33661702 33690794 54408 0.461538 0.153846 54408 54407.847656 0.153846 0 1 0 0 0 0 1 0 0 0 0 0 0
33702425 33730184 51908 0.461538 0.384615 51908 51907.617188 0.384615 0 0 0 0 0 0 0 0 0 1 2 1 1
33792814 33821957 54486 138.615387 136.000000 54486 54350.000000 136.000000 108 80 129 125 158 152 172 142 150 171 166 129 86
