27 32
32657799 32685511 51841 72.923080 71.384613 51841 51769.617188 71.384613 0 1 100 80 89 104 93 95 109 127 130 0 0
32748126 32777282 54531 0.230769 0.153846 54531 54530.847656 0.153846 0 0 0 0 1 0 0 1 0 0 0 0 0
32787462 32816605 54488 0.076923 0.000000 54488 54488.000000 0.000000 0 0 0 0 0 0 0 0 0 0 0 0 0
32828258 32856009 51914 0.307692 0.307692 51914 51913.691406 0.307692 0 0 1 0 1 0 0 0 0 1 1 0 0
32867657 32896759 54445 0.692308 0.538462 54445 54444.460938 0.538462 1 0 0 1 1 1 2 0 0 0 1 0 0
32908460 32936077 51663 1.076923 0.846154 51663 51662.152344 0.846154 0 0 2 0 1 3 1 2 1 0 1 0 0
32947718 32976898 54557 2.692308 2.615385 54557 54554.382812 2.615385 0 0 2 2 5 4 4 3 4 5 5 0 0
32987123 33016284 54542 6.923077 6.769231 54542 54535.230469 6.769231 0 0 7 15 6 13 11 8 7 9 12 0 0
33027922 33055574 51713 13.692307 13.384615 51713 51699.617188 13.384615 0 0 10 17 23 20 15 18 20 25 26 0 0
33067189 33094943 51901 27.692308 26.846153 51901 51874.152344 26.846153 0 0 34 37 35 33 45 32 40 38 55 0 0
33106574 33135707 54489 42.076923 41.000000 54489 54448.000000 41.000000 0 1 52 57 50 59 66 64 56 67 60 0 1
33145887 33175050 54544 57.230770 56.307693 54544 54487.691406 56.307693 1 0 69 74 65 85 90 79 83 93 93 0 0
33185204 33214378 54565 73.000000 71.461540 54565 54493.539062 71.461540 0 0 91 95 97 93 112 90 102 114 135 0 0
33226014 33253757 51900 79.230766 77.384613 51900 51822.617188 77.384613 0 0 101 108 101 119 128 105 110 135 98 0 1
33265414 33294474 54349 75.076920 72.769234 54349 54276.230469 72.769234 0 0 88 100 83 109 98 109 106 122 129 1 1
33304691 33333903 54653 63.846153 62.384617 54653 54590.617188 62.384617 2 0 75 82 77 104 102 84 66 124 95 0 0
33344032 33373231 54609 46.846153 45.769230 54609 54563.230469 45.769230 0 0 67 54 52 61 70 58 61 81 91 0 0
33384870 33412556 51774 24.153847 23.615385 51774 51750.382812 23.615385 0 0 29 39 31 32 32 37 38 40 28 1 0
33424152 33453338 54546 20.230770 19.769230 54546 54526.230469 19.769230 24 19 25 15 15 19 25 17 18 20 29 16 15
33463488 33492694 54557 10.538462 10.230769 54557 54546.769531 10.230769 13 10 11 12 7 11 11 8 13 15 13 7 2
33502909 33532004 54416 3.461539 3.307692 54416 54412.691406 3.307692 2 2 4 1 1 2 6 3 4 5 3 7 3
33543637 33571376 51858 1.307692 1.153846 51858 51856.847656 1.153846 1 3 2 0 2 1 2 1 0 1 0 0 2
33583020 33612086 54326 0.384615 0.307692 54326 54325.691406 0.307692 0 1 0 0 0 0 2 0 0 0 1 0 0
33622297 33651471 54565 0.307692 0.153846 54565 54564.847656 0.153846 0 0 0 0 1 0 0 0 0 0 0 0 1
33661702 33690794 54410 0.230769 0.000000 54410 54410.000000 0.000000 0 0 0 0 0 0 0 0 0 0 0 0 0
33702425 33730184 51910 0.384615 0.384615 51910 51909.617188 0.384615 0 0 1 0 0 1 2 0 0 0 1 0 0
33792814 33821957 54488 112.769234 110.538460 54488 54377.460938 110.538460 86 111 94 98 100 125 115 106 114 122 137 120 109
