27 32
32657799 32685511 51839 140.307693 136.692307 51839 51702.308594 136.692307 120 122 122 114 110 154 125 138 131 171 188 136 146
32748126 32777282 54528 0.076923 0.076923 54528 54527.921875 0.076923 0 0 0 0 0 0 0 0 0 0 1 0 0
32787462 32816605 54487 0.461538 0.230769 54487 54486.769531 0.230769 0 0 0 1 0 1 0 0 0 0 0 0 1
32828258 32856009 51913 0.384615 0.307692 51913 51912.691406 0.307692 0 1 0 1 0 0 1 0 0 0 0 1 0
32867657 32896759 54444 0.692308 0.615385 54444 54443.382812 0.615385 0 1 0 0 0 0 0 0 1 1 2 2 1
32908460 32936077 51661 2.769231 2.692308 51661 51658.308594 2.692308 5 1 1 2 1 5 3 1 2 3 4 3 4
32947718 32976898 54554 4.461538 4.461538 54554 54549.539062 4.461538 3 5 2 2 6 1 5 2 8 8 4 5 7
32987123 33016284 54538 8.769231 8.307693 54538 54529.691406 8.307693 8 7 4 3 2 14 8 9 12 7 11 15 8
33027922 33055574 51710 20.153847 19.769230 51710 51690.230469 19.769230 25 15 13 20 19 20 20 10 24 15 18 26 32
33067189 33094943 51901 41.769230 40.846153 51901 51860.152344 40.846153 32 40 35 29 26 44 47 37 40 56 54 45 46
33106574 33135707 54485 72.923080 72.000000 54485 54413.000000 72.000000 63 69 76 49 71 71 90 59 65 84 78 78 83
33145887 33175050 54541 108.230766 105.692307 54541 54435.308594 105.692307 113 92 87 91 88 96 109 84 115 138 133 129 99
33185204 33214378 54563 142.307693 139.384613 54563 54423.617188 139.384613 133 128 133 117 126 137 152 126 152 163 164 157 124
33226014 33253757 51897 142.615387 139.769226 51897 51757.230469 139.769226 123 114 104 116 136 141 146 122 137 180 186 163 149
33265414 33294474 54347 135.307693 132.846161 54347 54214.152344 132.846161 148 112 117 110 137 144 133 104 95 168 153 180 126
33304691 33333903 54652 108.307693 106.538460 54652 54545.460938 106.538460 100 94 92 106 94 98 123 97 113 118 142 108 100
33344032 33373231 54607 77.076920 75.230766 54607 54531.769531 75.230766 60 65 86 60 65 80 66 66 86 90 107 69 78
33384870 33412556 51771 41.769230 40.461540 51771 51730.539062 40.461540 36 41 29 32 29 36 53 41 42 49 52 41 45
33424152 33453338 54545 20.615385 20.153847 54545 54524.847656 20.153847 19 19 16 30 16 16 17 19 22 17 31 23 17
33463488 33492694 54553 8.384615 8.076923 54553 54544.921875 8.076923 11 6 6 9 3 8 12 3 14 6 15 9 3
33502909 33532004 54415 4.000000 3.923077 54415 54411.078125 3.923077 6 6 2 3 1 1 4 2 4 5 7 5 5
33543637 33571376 51854 2.230769 1.846154 51854 51852.152344 1.846154 1 1 2 1 0 2 3 2 5 0 1 2 4
33583020 33612086 54322 1.000000 0.923077 54322 54321.078125 0.923077 0 0 0 3 0 0 1 0 0 2 1 3 2
33622297 33651471 54561 0.230769 0.153846 54561 54560.847656 0.153846 0 0 0 1 0 1 0 0 0 0 0 0 0
33661702 33690794 54408 0.076923 0.076923 54408 54407.921875 0.076923 1 0 0 0 0 0 0 0 0 0 0 0 0
33702425 33730184 51908 0.153846 0.076923 51908 51907.921875 0.076923 0 0 0 0 0 0 0 0 0 0 0 1 0
33792814 33821957 54485 117.384613 114.846153 54485 54370.152344 114.846153 146 147 79 75 83 103 139 107 98 106 93 177 140
