27 32
32657799 32685511 51839 103.923080 102.076920 51839 51736.921875 102.076920 126 118 89 76 95 90 118 96 98 116 115 111 79
32748126 32777282 54528 0.076923 0.076923 54528 54527.921875 0.076923 1 0 0 0 0 0 0 0 0 0 0 0 0
32787462 32816605 54485 0.384615 0.307692 54485 54484.691406 0.307692 0 1 0 0 0 0 1 1 0 0 0 0 1
32828258 32856009 51912 0.692308 0.692308 51912 51911.308594 0.692308 0 1 1 0 0 1 1 3 0 1 1 0 0
32867657 32896759 54443 0.461538 0.384615 54443 54442.617188 0.384615 0 1 0 0 0 1 0 0 2 0 0 0 1
32908460 32936077 51661 2.000000 1.846154 51661 51659.152344 1.846154 0 1 1 3 0 4 0 3 1 4 3 1 3
32947718 32976898 54555 5.538462 5.230769 54555 54549.769531 5.230769 3 5 6 6 3 8 7 1 3 11 4 8 3
32987123 33016284 54538 11.384615 11.000000 54538 54527.000000 11.000000 7 11 9 12 9 11 13 6 14 17 15 10 9
33027922 33055574 51709 17.846153 17.307692 51709 51691.691406 17.307692 10 21 18 5 24 22 15 18 17 19 21 17 18
33067189 33094943 51901 37.000000 35.615383 51901 51865.382812 35.615383 52 40 38 38 26 30 51 26 36 31 34 32 29
33106574 33135707 54485 58.000000 56.846153 54485 54428.152344 56.846153 69 59 39 55 55 59 52 61 49 67 72 56 46
33145887 33175050 54541 81.153847 79.153847 54541 54461.847656 79.153847 110 84 65 64 83 80 90 51 85 90 99 57 71
33185204 33214378 54563 96.692307 94.461540 54563 54468.539062 94.461540 106 121 83 70 92 91 90 91 92 117 117 80 78
33226014 33253757 51898 97.769234 95.153847 51898 51802.847656 95.153847 115 112 90 85 85 92 94 101 96 101 104 83 79
33265414 33294474 54348 95.000000 93.538460 54348 54254.460938 93.538460 113 122 84 70 89 96 110 77 91 106 117 73 68
33304691 33333903 54650 80.384613 78.230766 54650 54571.769531 78.230766 92 111 62 61 70 74 55 78 74 89 99 83 69
33344032 33373231 54607 59.461540 58.230770 54607 54548.769531 58.230770 76 46 50 63 62 63 65 55 54 50 66 64 43
33384870 33412556 51771 36.076923 35.307693 51771 51735.691406 35.307693 40 47 22 22 28 36 44 34 39 50 45 25 27
33424152 33453338 54544 16.153847 15.846154 54544 54528.152344 15.846154 23 19 16 19 17 14 25 19 3 3 5 27 16
33463488 33492694 54551 7.846154 7.615385 54551 54543.382812 7.615385 8 8 7 10 8 3 3 1 10 14 11 13 3
33502909 33532004 54415 3.692308 3.461539 54415 54411.539062 3.461539 4 2 1 1 3 8 2 2 5 4 6 2 5
33543637 33571376 51855 1.461538 1.307692 51855 51853.691406 1.307692 3 0 1 0 3 0 1 0 2 0 3 4 0
33583020 33612086 54322 0.461538 0.384615 54322 54321.617188 0.384615 0 0 0 0 0 1 1 0 1 0 2 0 0
33622297 33651471 54562 0.307692 0.230769 54562 54561.769531 0.230769 1 0 0 0 1 1 0 0 0 0 0 0 0
33661702 33690794 54409 0.230769 0.076923 54409 54408.921875 0.076923 0 0 0 0 0 0 0 0 0 1 0 0 0
33702425 33730184 51908 0.076923 0.076923 51908 51907.921875 0.076923 0 0 0 0 0 0 0 0 0 0 0 0 1
33792814 33821957 54485 121.230766 118.076920 54485 54366.921875 118.076920 122 95 84 117 101 125 145 118 120 136 148 111 113
