27 32
31476274 31505353 54384 146.384613 143.384613 54384 54240.617188 143.384613 123 119 111 137 129 160 167 137 148 169 171 165 128
31569528 31598614 54415 0.307692 0.307692 54415 54414.691406 0.307692 0 0 1 1 0 1 0 0 0 1 0 0 0
31610269 31639427 54513 0.230769 0.153846 54513 54512.847656 0.153846 0 0 0 1 0 0 0 1 0 0 0 0 0
31651096 31680211 54415 0.384615 0.230769 54415 54414.769531 0.230769 0 0 0 0 0 1 0 0 1 0 0 0 1
31690451 31719582 54481 0.846154 0.615385 54481 54480.382812 0.615385 0 1 1 2 0 0 0 0 0 0 0 2 2
31731225 31760375 54534 1.692308 1.615385 54534 54532.382812 1.615385 3 2 1 2 0 1 1 2 3 1 2 2 1
31770597 31799675 54400 4.615385 4.307693 54400 54395.691406 4.307693 3 3 5 6 3 2 7 1 9 5 4 6 2
31811355 31839062 51811 8.846154 8.461538 51811 51802.539062 8.461538 11 7 4 5 11 10 6 7 7 9 11 13 9
31850725 31878410 51770 23.000000 22.538462 51770 51747.460938 22.538462 18 17 16 17 21 21 29 26 35 24 21 28 20
31890060 31919209 54516 39.384617 38.538460 54516 54477.460938 38.538460 38 38 37 37 29 43 45 39 31 45 44 43 32
31929370 31958487 54456 73.076920 71.615387 54456 54384.382812 71.615387 69 61 53 65 74 74 69 57 72 85 116 70 66
31970114 31999295 54575 105.230766 103.153847 54575 54471.847656 103.153847 88 88 88 96 109 128 105 91 111 119 134 102 82
32009516 32038634 54458 133.153839 129.692307 54458 54328.308594 129.692307 120 103 123 117 124 127 127 138 135 154 180 110 128
32048872 32077956 54320 139.076920 136.307693 54320 54183.691406 136.307693 125 97 117 122 147 136 156 129 154 150 176 160 103
32089612 32117301 51797 125.230766 122.923080 51797 51674.078125 122.923080 107 112 106 103 114 114 146 119 140 140 163 126 108
32128986 32158095 54438 111.461540 109.538460 54438 54328.460938 109.538460 79 95 128 96 109 98 132 95 101 135 126 130 100
32169772 32198941 54553 70.384613 68.923080 54553 54484.078125 68.923080 69 61 63 52 62 70 76 76 64 75 88 66 74
32209133 32238228 54415 42.615383 41.846153 54415 54373.152344 41.846153 37 40 37 33 32 39 42 36 42 68 55 39 44
32249856 32279024 54551 23.076923 22.615385 54551 54528.382812 22.615385 20 11 26 19 16 19 15 29 24 33 31 28 23
32289186 32318350 54525 8.076923 7.615385 54525 54517.382812 7.615385 9 8 5 11 6 5 3 3 6 13 9 9 12
32330031 32357694 51749 4.307693 4.230769 51749 51744.769531 4.230769 2 3 3 3 5 2 6 6 7 5 4 4 5
32369392 32398503 54461 1.307692 1.230769 54461 54459.769531 1.230769 2 0 0 1 3 1 2 0 0 2 3 2 0
32410199 32437856 51736 0.384615 0.384615 51736 51735.617188 0.384615 0 0 0 1 0 1 0 0 2 0 0 1 0
32449470 32478609 54479 0.692308 0.692308 54479 54478.308594 0.692308 0 0 0 1 0 2 2 2 0 0 2 0 0
32488794 32517915 54444 0.000000 0.000000 54444 54444.000000 0.000000 0 0 0 0 0 0 0 0 0 0 0 0 0
32528151 32557308 54532 0.384615 0.153846 54532 54531.847656 0.153846 1 0 0 0 0 1 0 0 0 0 0 0 0
32621403 32650595 54596 140.153839 136.384613 54596 54459.617188 136.384613 133 114 129 131 130 151 151 139 149 162 173 117 94
