27 32
31476274 31505353 54385 125.153847 121.692307 54385 54263.308594 121.692307 144 113 114 96 94 120 136 132 124 160 122 118 109
31569528 31598614 54414 0.230769 0.076923 54414 54413.921875 0.076923 0 0 0 0 0 0 0 0 0 0 0 0 1
31610269 31639427 54514 0.230769 0.000000 54514 54514.000000 0.000000 0 0 0 0 0 0 0 0 0 0 0 0 0
31651096 31680211 54415 0.153846 0.153846 54415 54414.847656 0.153846 0 0 0 0 0 0 0 0 0 0 0 1 1
31690451 31719582 54481 0.846154 0.846154 54481 54480.152344 0.846154 1 0 1 2 0 0 2 1 0 2 2 0 0
31731225 31760375 54534 1.461538 1.230769 54534 54532.769531 1.230769 2 2 1 0 1 4 1 0 0 1 3 1 0
31770597 31799675 54400 3.384615 3.230769 54400 54396.769531 3.230769 2 7 2 3 7 3 2 1 5 3 3 3 1
31811355 31839062 51811 9.923077 9.307693 51811 51801.691406 9.307693 7 8 7 6 13 13 12 10 6 13 6 13 7
31850725 31878410 51770 20.076923 19.461538 51770 51750.539062 19.461538 27 22 17 12 21 20 26 15 12 24 23 21 13
31890060 31919209 54516 39.230770 38.461540 54516 54477.539062 38.461540 47 41 32 37 42 38 48 33 28 40 37 43 34
31929370 31958487 54456 64.230766 63.153847 54456 54392.847656 63.153847 69 61 55 56 44 52 77 48 64 76 82 77 60
31970114 31999295 54575 96.846153 95.000000 54575 54480.000000 95.000000 129 93 75 84 71 89 104 84 109 103 122 98 74
32009516 32038634 54458 114.230766 112.153847 54458 54345.847656 112.153847 108 130 91 89 106 84 118 124 110 116 133 120 129
32048872 32077956 54321 122.923080 120.307693 54321 54200.691406 120.307693 157 117 104 101 125 122 134 103 147 112 117 130 95
32089612 32117301 51797 110.615387 107.538460 51797 51689.460938 107.538460 102 102 87 111 97 120 122 87 117 130 131 103 89
32128986 32158095 54438 95.307693 92.923080 54438 54345.078125 92.923080 117 107 83 70 96 81 85 85 89 116 110 85 84
32169772 32198941 54554 70.307693 68.000000 54554 54486.000000 68.000000 71 57 54 55 67 74 66 73 70 87 75 77 58
32209133 32238228 54415 40.846153 40.384617 54415 54374.617188 40.384617 44 40 39 40 33 49 39 40 38 37 49 43 34
32249856 32279024 54551 20.461538 20.307692 54551 54530.691406 20.307692 25 19 19 19 24 14 28 14 20 36 21 12 13
32289186 32318350 54525 8.615385 8.538462 54525 54516.460938 8.538462 10 9 5 9 14 9 7 7 12 10 7 4 8
32330031 32357694 51749 3.615385 3.461539 51749 51745.539062 3.461539 4 2 0 4 4 6 1 4 5 3 3 6 3
32369392 32398503 54461 1.923077 1.769231 54461 54459.230469 1.769231 4 1 1 2 2 1 3 1 1 4 1 1 1
32410199 32437856 51736 0.923077 0.846154 51736 51735.152344 0.846154 0 0 3 1 2 3 0 1 0 0 1 0 0
32449470 32478609 54479 0.307692 0.076923 54479 54478.921875 0.076923 0 0 0 0 0 0 0 0 0 1 0 0 0
32488794 32517915 54445 0.538462 0.461538 54445 54444.539062 0.461538 1 0 1 0 1 0 0 1 2 0 0 0 0
32528151 32557308 54532 0.076923 0.000000 54532 54532.000000 0.000000 0 0 0 0 0 0 0 0 0 0 0 0 0
32621403 32650595 54596 127.615387 125.000000 54596 54471.000000 125.000000 129 118 97 127 131 130 135 113 116 121 172 124 112
