27 32
31476274 31505353 54383 96.461540 94.538460 54383 54288.460938 94.538460 93 76 109 95 117 110 117 93 132 137 148 1 1
31569528 31598614 54415 0.307692 0.307692 54415 54414.691406 0.307692 1 1 0 1 1 0 0 0 0 0 0 0 0
31610269 31639427 54513 0.153846 0.076923 54513 54512.921875 0.076923 0 1 0 0 0 0 0 0 0 0 0 0 0
31651096 31680211 54411 0.230769 0.230769 54411 54410.769531 0.230769 0 1 0 0 0 1 0 0 0 0 0 1 0
31690451 31719582 54481 0.461538 0.461538 54481 54480.539062 0.461538 3 3 0 0 0 0 0 0 0 0 0 0 0
31731225 31760375 54534 1.538462 1.461538 54534 54532.539062 1.461538 6 5 0 1 1 2 1 1 1 1 0 0 0
31770597 31799675 54398 4.307693 4.153846 54398 54393.847656 4.153846 6 14 1 2 1 0 8 6 2 7 7 0 0
31811355 31839062 51808 8.230769 8.076923 51808 51799.921875 8.076923 19 18 2 8 7 9 6 4 5 11 16 0 0
31850725 31878410 51769 18.923077 18.615385 51769 51750.382812 18.615385 38 30 11 21 21 15 25 12 20 25 24 0 0
31890060 31919209 54514 32.076923 31.076923 54514 54482.921875 31.076923 44 45 30 27 24 42 36 34 37 38 46 1 0
31929370 31958487 54455 54.230770 53.153847 54455 54401.847656 53.153847 73 77 51 53 52 64 62 48 59 78 74 0 0
31970114 31999295 54575 70.307693 68.692307 54575 54506.308594 68.692307 76 79 65 47 87 70 102 76 88 101 101 1 0
32009516 32038634 54457 91.846153 89.923080 54457 54367.078125 89.923080 103 68 84 95 112 121 116 87 119 140 123 0 1
32048872 32077956 54316 96.153847 94.769234 54316 54221.230469 94.769234 106 76 99 93 106 114 127 105 100 142 163 1 0
32089612 32117301 51795 87.000000 85.307693 51795 51709.691406 85.307693 98 81 82 91 86 111 119 92 126 114 108 1 0
32128986 32158095 54436 69.769234 68.153847 54436 54367.847656 68.153847 72 63 77 66 81 88 90 92 70 93 94 0 0
32169772 32198941 54551 53.076923 52.153847 54551 54498.847656 52.153847 58 54 49 54 64 69 72 51 61 61 84 0 1
32209133 32238228 54412 34.384617 33.769230 54412 54378.230469 33.769230 53 36 25 31 38 36 45 41 35 50 49 0 0
32249856 32279024 54551 19.461538 19.076923 54551 54531.921875 19.076923 47 27 11 16 24 20 25 23 17 18 19 0 1
32289186 32318350 54523 8.923077 8.615385 54523 54514.382812 8.615385 16 24 6 8 9 11 8 8 7 5 10 0 0
32330031 32357694 51746 4.769231 4.692307 51746 51741.308594 4.692307 15 16 6 4 0 5 3 4 0 5 3 0 0
32369392 32398503 54461 2.692308 2.615385 54461 54458.382812 2.615385 10 8 0 1 4 2 0 1 2 4 2 0 0
32410199 32437856 51734 0.538462 0.384615 51734 51733.617188 0.384615 3 2 0 0 0 0 0 0 0 0 0 0 0
32449470 32478609 54477 0.307692 0.230769 54477 54476.769531 0.230769 0 1 0 0 0 0 0 1 0 1 0 0 0
32488794 32517915 54444 0.076923 0.000000 54444 54444.000000 0.000000 0 0 0 0 0 0 0 0 0 0 0 0 0
32528151 32557308 54529 0.153846 0.153846 54529 54528.847656 0.153846 1 1 0 0 0 0 0 0 0 0 0 0 0
32621403 32650595 54596 97.692307 95.846153 54596 54500.152344 95.846153 97 101 82 84 108 133 121 95 155 127 142 0 1
