27 32
31476274 31505353 54384 151.923080 148.923080 54384 54235.078125 148.923080 174 130 124 101 123 152 131 137 154 180 189 183 158
31569528 31598614 54415 0.076923 0.076923 54415 54414.921875 0.076923 0 1 0 0 0 0 0 0 0 0 0 0 0
31610269 31639427 54514 0.230769 0.076923 54514 54513.921875 0.076923 0 0 0 0 1 0 0 0 0 0 0 0 0
31651096 31680211 54415 0.230769 0.153846 54415 54414.847656 0.153846 1 1 0 0 0 0 0 0 0 0 0 0 0
31690451 31719582 54481 0.615385 0.461538 54481 54480.539062 0.461538 0 0 1 0 0 0 1 1 0 1 1 0 1
31731225 31760375 54535 3.230769 3.153846 54535 54531.847656 3.153846 3 1 1 6 4 5 5 3 2 1 5 3 2
31770597 31799675 54400 3.538461 3.384615 54400 54396.617188 3.384615 3 0 2 5 2 3 7 2 3 6 6 3 2
31811355 31839062 51809 9.384615 9.230769 51809 51799.769531 9.230769 7 10 14 7 8 10 10 11 14 10 6 7 6
31850725 31878410 51769 19.153847 18.692308 51769 51750.308594 18.692308 10 10 21 15 16 22 23 19 25 22 20 21 19
31890060 31919209 54516 41.307693 40.615383 54516 54475.382812 40.615383 39 40 31 29 47 45 45 31 34 44 64 46 33
31929370 31958487 54456 72.076920 70.000000 54456 54386.000000 70.000000 61 73 69 58 55 55 87 58 66 90 98 68 72
31970114 31999295 54575 108.692307 106.538460 54575 54468.460938 106.538460 114 120 88 89 87 108 107 93 113 105 118 127 116
32009516 32038634 54458 133.307693 130.538467 54458 54327.460938 130.538467 132 134 117 125 127 108 145 109 122 147 151 149 131
32048872 32077956 54318 142.692307 140.000000 54318 54178.000000 140.000000 140 151 122 98 148 148 134 124 137 179 136 164 139
32089612 32117301 51796 121.384613 119.307693 51796 51676.691406 119.307693 122 116 93 94 123 128 126 100 116 115 137 143 138
32128986 32158095 54437 102.307693 100.230766 54437 54336.769531 100.230766 91 117 93 91 80 101 118 103 87 109 97 114 102
32169772 32198941 54553 74.384613 73.538460 54553 54479.460938 73.538460 85 81 70 50 68 62 78 57 65 79 100 85 76
32209133 32238228 54415 42.846153 42.076923 54415 54372.921875 42.076923 49 28 30 35 40 47 45 35 44 47 51 50 46
32249856 32279024 54551 19.615385 19.076923 54551 54531.921875 19.076923 19 13 14 26 21 18 20 15 11 30 23 16 22
32289186 32318350 54525 10.538462 10.384615 54525 54514.617188 10.384615 10 3 6 13 9 17 14 8 7 16 12 11 9
32330031 32357694 51747 3.461539 3.307692 51747 51743.691406 3.307692 2 4 4 0 1 2 4 2 4 4 5 8 3
32369392 32398503 54461 1.538462 1.384615 54461 54459.617188 1.384615 1 2 0 0 3 4 2 0 0 2 2 1 1
32410199 32437856 51735 0.923077 0.923077 51735 51734.078125 0.923077 0 1 0 0 1 0 0 1 1 2 1 3 2
32449470 32478609 54479 0.230769 0.230769 54479 54478.769531 0.230769 0 1 0 0 0 1 0 0 0 0 0 0 1
32488794 32517915 54444 0.076923 0.000000 54444 54444.000000 0.000000 0 0 0 0 0 0 0 0 0 0 0 0 0
32528151 32557308 54530 0.000000 0.000000 54530 54530.000000 0.000000 0 0 0 0 0 0 0 0 0 0 0 0 0
32621403 32650595 54596 143.230774 140.000000 54596 54456.000000 140.000000 123 160 107 133 130 132 126 115 153 149 161 184 147
