27 32
31476274 31505353 54384 133.384613 130.538467 54384 54253.460938 130.538467 182 109 110 124 113 146 133 113 123 143 162 129 110
31569528 31598614 54415 0.076923 0.000000 54415 54415.000000 0.000000 0 0 0 0 0 0 0 0 0 0 0 0 0
31610269 31639427 54513 0.538462 0.307692 54513 54512.691406 0.307692 0 0 0 0 2 0 0 1 0 0 0 1 0
31651096 31680211 54414 0.461538 0.307692 54414 54413.691406 0.307692 0 0 0 0 0 0 1 0 0 1 0 1 1
31690451 31719582 54481 0.538462 0.538462 54481 54480.460938 0.538462 0 1 1 0 0 0 1 0 1 2 0 0 1
31731225 31760375 54534 1.846154 1.692308 54534 54532.308594 1.692308 3 0 4 1 0 2 1 4 1 3 2 0 1
31770597 31799675 54400 4.769231 4.692307 54400 54395.308594 4.692307 5 3 2 2 3 9 7 3 3 7 8 5 4
31811355 31839062 51808 9.615385 9.076923 51808 51798.921875 9.076923 10 15 5 11 2 11 9 5 13 14 5 11 7
31850725 31878410 51770 17.230770 16.769230 51770 51753.230469 16.769230 16 19 22 7 15 12 21 19 15 18 13 26 15
31890060 31919209 54515 36.384617 35.461540 54515 54479.539062 35.461540 46 34 15 27 30 34 44 37 38 42 37 44 33
31929370 31958487 54455 70.000000 68.692307 54455 54386.308594 68.692307 86 70 53 50 46 71 81 70 61 84 88 75 58
31970114 31999295 54574 100.000000 98.076920 54574 54475.921875 98.076920 141 102 76 92 91 91 116 74 100 100 118 97 77
32009516 32038634 54457 127.692307 125.384613 54457 54331.617188 125.384613 146 122 107 113 112 105 136 98 133 156 160 136 106
32048872 32077956 54317 134.307693 131.538467 54317 54185.460938 131.538467 158 149 117 108 128 127 136 108 141 153 137 148 100
32089612 32117301 51795 111.615387 109.230766 51795 51685.769531 109.230766 121 118 109 86 114 95 109 82 106 119 137 122 102
32128986 32158095 54436 101.923080 99.846153 54436 54336.152344 99.846153 113 120 87 86 78 106 125 81 104 120 122 83 73
32169772 32198941 54553 65.153847 63.000000 54553 54490.000000 63.000000 65 83 44 46 52 55 61 57 77 78 86 59 56
32209133 32238228 54413 38.692307 37.692307 54413 54375.308594 37.692307 58 42 24 34 36 31 28 30 50 47 34 43 33
32249856 32279024 54552 20.538462 20.000000 54552 54532.000000 20.000000 22 27 8 20 15 26 19 17 23 19 33 14 17
32289186 32318350 54525 9.230769 9.076923 54525 54515.921875 9.076923 12 10 8 12 5 10 5 4 6 12 13 8 13
32330031 32357694 51747 4.230769 4.076923 51747 51742.921875 4.076923 5 3 2 2 3 3 5 5 5 9 6 0 5
32369392 32398503 54462 2.153846 2.153846 54462 54459.847656 2.153846 1 2 2 0 2 4 3 3 1 4 4 0 2
32410199 32437856 51735 0.538462 0.461538 51735 51734.539062 0.461538 1 0 0 0 2 0 1 0 1 1 0 0 0
32449470 32478609 54478 0.461538 0.307692 54478 54477.691406 0.307692 1 1 0 0 1 0 0 0 0 0 0 0 1
32488794 32517915 54444 0.230769 0.230769 54444 54443.769531 0.230769 0 0 0 0 0 0 0 1 1 0 1 0 0
32528151 32557308 54530 0.384615 0.076923 54530 54529.921875 0.076923 1 0 0 0 0 0 0 0 0 0 0 0 0
32621403 32650595 54596 131.846161 128.846161 54596 54467.152344 128.846161 168 126 113 97 113 132 142 106 148 149 155 117 109
