27 32
31476274 31505353 54384 120.846153 118.307693 54384 54265.691406 118.307693 96 94 100 98 125 119 140 108 133 132 150 138 105
31569528 31598614 54415 0.230769 0.230769 54415 54414.769531 0.230769 1 0 0 0 0 0 0 0 1 0 1 0 0
31610269 31639427 54513 0.153846 0.000000 54513 54513.000000 0.000000 0 0 0 0 0 0 0 0 0 0 0 0 0
31651096 31680211 54416 0.153846 0.153846 54416 54415.847656 0.153846 0 0 0 1 0 0 0 0 0 0 0 1 0
31690451 31719582 54481 0.384615 0.307692 54481 54480.691406 0.307692 0 0 0 1 0 0 0 0 0 0 2 1 0
31731225 31760375 54535 1.000000 0.923077 54535 54534.078125 0.923077 1 1 0 3 0 1 0 1 0 3 0 1 1
31770597 31799675 54400 3.307692 3.076923 54400 54396.921875 3.076923 3 2 2 2 4 2 3 3 1 4 5 6 3
31811355 31839062 51809 9.000000 8.769231 51809 51800.230469 8.769231 8 9 6 4 10 11 12 10 10 5 4 8 17
31850725 31878410 51770 18.000000 17.538462 51770 51752.460938 17.538462 20 18 16 15 10 20 20 16 25 20 17 17 14
31890060 31919209 54516 40.615383 39.692307 54516 54476.308594 39.692307 43 42 40 30 31 45 39 35 41 46 39 39 46
31929370 31958487 54456 66.230766 64.153847 54456 54391.847656 64.153847 55 49 58 59 66 65 68 55 59 79 77 67 77
31970114 31999295 54575 96.230766 94.538460 54575 54480.460938 94.538460 94 78 91 87 89 86 114 84 96 110 116 95 89
32009516 32038634 54458 115.307693 113.384613 54458 54344.617188 113.384613 98 92 102 90 124 112 139 107 116 139 134 121 100
32048872 32077956 54319 123.076920 120.384613 54319 54198.617188 120.384613 114 104 96 127 107 136 127 96 107 143 153 140 115
32089612 32117301 51797 110.615387 107.923080 51797 51689.078125 107.923080 104 104 99 108 84 117 119 95 101 127 117 126 102
32128986 32158095 54438 91.923080 90.615387 54438 54347.382812 90.615387 66 89 69 86 102 92 98 74 117 91 104 103 87
32169772 32198941 54553 63.076923 62.230770 54553 54490.769531 62.230770 68 46 55 61 50 66 56 49 71 84 69 69 65
32209133 32238228 54415 34.846153 33.769230 54415 54381.230469 33.769230 25 31 22 36 29 38 37 29 37 39 45 38 33
32249856 32279024 54551 19.461538 19.230770 54551 54531.769531 19.230770 14 15 12 18 16 22 20 17 27 17 22 15 35
32289186 32318350 54525 9.384615 8.923077 54525 54516.078125 8.923077 9 10 10 7 8 8 8 11 8 10 9 12 6
32330031 32357694 51747 2.846154 2.692308 51747 51744.308594 2.692308 5 1 3 4 0 1 6 1 1 4 4 3 2
32369392 32398503 54461 1.307692 1.153846 54461 54459.847656 1.153846 2 0 0 1 1 2 1 1 2 1 1 2 1
32410199 32437856 51736 0.615385 0.615385 51736 51735.382812 0.615385 0 0 0 1 1 0 1 0 0 0 0 1 4
32449470 32478609 54479 0.384615 0.307692 54479 54478.691406 0.307692 0 0 0 0 1 0 1 0 0 1 0 0 1
32488794 32517915 54444 0.153846 0.076923 54444 54443.921875 0.076923 0 0 0 0 0 0 0 0 0 1 0 0 0
32528151 32557308 54532 0.000000 0.000000 54532 54532.000000 0.000000 0 0 0 0 0 0 0 0 0 0 0 0 0
32621403 32650595 54596 127.230766 124.153847 54596 54471.847656 124.153847 116 99 103 102 112 130 121 119 127 149 159 138 139
