27 32
31476274 31505353 54385 136.230774 133.538467 54385 54251.460938 133.538467 116 108 122 106 114 134 160 122 132 205 165 127 125
31569528 31598614 54414 0.461538 0.307692 54414 54413.691406 0.307692 2 0 0 0 1 0 0 0 0 1 0 0 0
31610269 31639427 54514 0.230769 0.230769 54514 54513.769531 0.230769 1 0 0 0 0 1 0 0 0 1 0 0 0
31651096 31680211 54415 0.615385 0.307692 54415 54414.691406 0.307692 0 0 0 2 0 0 0 0 0 0 0 1 1
31690451 31719582 54482 0.307692 0.153846 54482 54481.847656 0.153846 1 0 0 0 0 0 0 0 0 0 1 0 0
31731225 31760375 54534 2.230769 2.153846 54534 54531.847656 2.153846 0 2 2 4 3 2 1 2 5 2 1 0 4
31770597 31799675 54400 3.769231 3.615385 54400 54396.382812 3.615385 7 2 2 2 4 1 7 6 2 3 1 7 3
31811355 31839062 51811 7.769231 7.769231 51811 51803.230469 7.769231 13 5 10 3 11 3 8 8 7 7 8 6 12
31850725 31878410 51770 21.692308 21.384615 51770 51748.617188 21.384615 19 14 22 14 20 27 16 21 21 23 34 26 21
31890060 31919209 54516 40.461540 39.846153 54516 54476.152344 39.846153 47 35 30 28 47 51 49 44 36 40 41 37 33
31929370 31958487 54456 74.923080 73.538460 54456 54382.460938 73.538460 86 64 71 50 73 65 82 62 77 86 106 68 66
31970114 31999295 54575 108.384613 106.769234 54575 54468.230469 106.769234 94 107 104 96 108 110 116 98 116 138 127 99 75
32009516 32038634 54458 129.923080 127.230766 54458 54330.769531 127.230766 114 112 108 100 133 119 140 115 147 169 169 120 108
32048872 32077956 54321 143.461533 140.153839 54321 54180.847656 140.153839 134 104 123 124 155 150 137 137 145 182 179 134 118
32089612 32117301 51796 128.230774 125.923080 51796 51670.078125 125.923080 101 96 103 109 123 153 133 120 148 160 152 136 103
32128986 32158095 54438 108.615387 107.384613 54438 54330.617188 107.384613 89 90 83 105 103 110 131 82 122 130 158 105 88
32169772 32198941 54554 77.384613 75.923080 54554 54478.078125 75.923080 75 55 68 69 83 75 85 74 70 93 101 78 61
32209133 32238228 54415 42.230770 41.538460 54415 54373.460938 41.538460 43 45 41 47 32 42 37 36 39 55 42 37 44
32249856 32279024 54551 22.615385 22.153847 54551 54528.847656 22.153847 19 19 17 22 18 30 26 25 19 28 19 26 20
32289186 32318350 54525 10.076923 9.615385 54525 54515.382812 9.615385 10 2 8 9 14 10 12 8 9 13 14 6 10
32330031 32357694 51749 3.692308 3.538461 51749 51745.460938 3.538461 3 2 2 3 1 1 5 2 6 5 5 9 2
32369392 32398503 54461 1.461538 1.153846 54461 54459.847656 1.153846 1 1 2 1 0 1 1 1 1 0 0 3 3
32410199 32437856 51736 0.692308 0.384615 51736 51735.617188 0.384615 1 0 0 0 0 0 0 0 2 0 0 1 1
32449470 32478609 54479 0.230769 0.230769 54479 54478.769531 0.230769 1 0 0 0 0 1 0 0 0 0 1 0 0
32488794 32517915 54445 0.153846 0.076923 54445 54444.921875 0.076923 0 0 0 0 0 0 0 1 0 0 0 0 0
32528151 32557308 54532 0.153846 0.076923 54532 54531.921875 0.076923 0 0 0 0 0 0 1 0 0 0 0 0 0
32621403 32650595 54596 139.769226 136.384613 54596 54459.617188 136.384613 139 113 127 128 134 140 150 118 139 157 194 128 106
