27 32
31476274 31505353 54384 143.461533 140.923080 54384 54243.078125 140.923080 150 116 120 124 130 131 164 129 141 162 191 150 124
31569528 31598614 54415 0.384615 0.153846 54415 54414.847656 0.153846 1 0 0 0 1 0 0 0 0 0 0 0 0
31610269 31639427 54514 0.076923 0.076923 54514 54513.921875 0.076923 0 0 0 0 0 1 0 0 0 0 0 0 0
31651096 31680211 54416 0.230769 0.153846 54416 54415.847656 0.153846 0 0 0 0 0 0 0 0 1 1 0 0 0
31690451 31719582 54481 0.769231 0.615385 54481 54480.382812 0.615385 0 1 0 0 1 1 2 0 1 0 1 1 0
31731225 31760375 54535 1.307692 1.076923 54535 54533.921875 1.076923 3 2 0 0 1 0 1 2 1 0 1 0 3
31770597 31799675 54400 3.307692 3.230769 54400 54396.769531 3.230769 2 5 1 3 3 2 2 5 3 6 0 7 3
31811355 31839062 51809 9.461538 9.230769 51809 51799.769531 9.230769 14 14 7 3 9 6 12 5 12 7 9 11 11
31850725 31878410 51770 19.384615 19.076923 51770 51750.921875 19.076923 18 15 17 21 20 18 24 12 21 22 24 17 19
31890060 31919209 54516 39.846153 38.615383 54516 54477.382812 38.615383 36 37 34 34 34 34 47 31 35 44 52 53 31
31929370 31958487 54456 74.846153 73.692307 54456 54382.308594 73.692307 84 62 65 55 56 85 70 63 68 88 104 92 66
31970114 31999295 54575 105.769234 103.846153 54575 54471.152344 103.846153 87 88 87 85 91 95 121 90 108 125 143 128 102
32009516 32038634 54458 136.307693 133.615387 54458 54324.382812 133.615387 108 105 118 133 131 146 141 121 125 149 174 154 132
32048872 32077956 54319 148.692307 146.384613 54319 54172.617188 146.384613 110 135 113 145 131 172 151 144 142 159 181 179 141
32089612 32117301 51796 130.076920 128.076920 51796 51667.921875 128.076920 115 108 113 113 148 135 127 121 118 119 165 151 132
32128986 32158095 54437 105.692307 103.230766 54437 54333.769531 103.230766 107 88 87 86 88 112 102 94 115 109 128 123 103
32169772 32198941 54553 73.230766 72.153847 54553 54480.847656 72.153847 56 59 73 70 73 64 87 59 71 70 84 92 80
32209133 32238228 54415 40.076923 38.923077 54415 54376.078125 38.923077 39 31 39 29 26 35 42 35 44 51 49 50 36
32249856 32279024 54551 22.230770 21.692308 54551 54529.308594 21.692308 24 26 17 19 23 25 23 22 19 15 20 28 21
32289186 32318350 54525 10.461538 10.153846 54525 54514.847656 10.153846 19 5 8 7 7 15 7 10 6 7 12 13 16
32330031 32357694 51747 3.307692 3.000000 51747 51744.000000 3.000000 1 3 4 1 5 2 2 3 5 4 1 5 3
32369392 32398503 54461 1.307692 1.230769 54461 54459.769531 1.230769 0 0 2 2 0 3 3 0 3 0 1 1 1
32410199 32437856 51736 0.153846 0.076923 51736 51735.921875 0.076923 1 0 0 0 0 0 0 0 0 0 0 0 0
32449470 32478609 54479 0.384615 0.307692 54479 54478.691406 0.307692 1 0 0 2 0 0 1 0 0 0 0 0 0
32488794 32517915 54444 0.153846 0.076923 54444 54443.921875 0.076923 0 0 0 0 1 0 0 0 0 0 0 0 0
32528151 32557308 54530 0.307692 0.153846 54530 54529.847656 0.153846 0 1 0 0 0 0 0 0 0 0 0 1 0
32621403 32650595 54596 149.769226 146.538467 54596 54449.460938 146.538467 144 117 143 133 123 147 143 141 148 192 169 151 154
