27 32
31476274 31505353 54384 104.461540 101.538460 54384 54282.460938 101.538460 169 127 81 58 77 92 86 60 106 122 98 138 106
31569528 31598614 54415 0.000000 0.000000 54415 54415.000000 0.000000 0 0 0 0 0 0 0 0 0 0 0 0 0
31610269 31639427 54514 0.846154 0.692308 54514 54513.308594 0.692308 0 0 2 0 0 1 0 1 0 2 2 1 0
31651096 31680211 54416 1.076923 1.000000 54416 54415.000000 1.000000 0 2 0 0 1 1 2 0 4 2 0 1 0
31690451 31719582 54481 2.692308 2.461539 54481 54478.539062 2.461539 0 0 1 5 5 2 6 3 2 4 4 0 0
31731225 31760375 54535 5.846154 5.538462 54535 54529.460938 5.538462 0 1 3 3 9 9 6 9 9 7 12 1 3
31770597 31799675 54400 8.538462 8.230769 54400 54391.769531 8.230769 3 4 6 4 9 9 18 8 12 13 11 4 6
31811355 31839062 51809 16.230770 15.923077 51809 51793.078125 15.923077 12 6 16 14 20 21 19 15 16 22 26 11 9
31850725 31878410 51769 27.307692 26.615385 51769 51742.382812 26.615385 29 19 33 21 22 35 25 25 41 29 31 18 18
31890060 31919209 54516 45.230770 44.153847 54516 54471.847656 44.153847 49 46 44 30 40 39 32 44 55 48 54 50 43
31929370 31958487 54456 61.307693 60.461540 54456 54395.539062 60.461540 81 77 54 55 51 53 61 49 58 63 66 64 54
31970114 31999295 54575 83.769234 82.384613 54575 54492.617188 82.384613 102 94 61 72 71 63 92 68 72 77 109 101 89
32009516 32038634 54458 95.769234 93.538460 54458 54364.460938 93.538460 131 112 68 83 96 72 81 64 87 79 102 124 117
32048872 32077956 54318 103.692307 101.307693 54318 54216.691406 101.307693 133 143 85 91 67 84 82 68 91 89 119 149 116
32089612 32117301 51796 92.692307 90.846153 51796 51705.152344 90.846153 129 122 64 58 65 91 77 60 102 89 82 124 118
32128986 32158095 54437 83.153847 81.692307 54437 54355.308594 81.692307 118 82 60 75 74 77 72 64 75 92 82 93 98
32169772 32198941 54553 61.846153 60.538460 54553 54492.460938 60.538460 73 55 72 41 45 53 51 45 73 67 76 63 73
32209133 32238228 54415 44.076923 43.384617 54415 54371.617188 43.384617 49 43 43 33 38 51 50 33 43 43 57 43 38
32249856 32279024 54551 27.307692 26.692308 54551 54524.308594 26.692308 13 25 30 23 33 31 22 22 28 31 42 22 25
32289186 32318350 54525 17.615385 17.461538 54525 54507.539062 17.461538 13 8 22 16 17 27 19 14 24 22 24 11 10
32330031 32357694 51747 8.692307 8.307693 51747 51738.691406 8.307693 3 5 12 5 12 16 10 11 7 11 8 3 5
32369392 32398503 54461 4.230769 3.615385 54461 54457.382812 3.615385 1 2 4 4 2 7 7 4 5 5 4 0 2
32410199 32437856 51735 1.692308 1.692308 51735 51733.308594 1.692308 1 0 3 1 2 1 1 5 1 3 4 0 0
32449470 32478609 54479 0.769231 0.538462 54479 54478.460938 0.538462 1 0 0 0 0 0 1 0 2 2 1 0 0
32488794 32517915 54444 0.692308 0.615385 54444 54443.382812 0.615385 0 1 0 0 4 0 0 2 0 0 0 1 0
32528151 32557308 54530 0.461538 0.384615 54530 54529.617188 0.384615 1 0 0 0 0 0 0 0 0 3 1 0 0
32621403 32650595 54596 103.307693 100.615387 54596 54495.382812 100.615387 129 144 77 81 68 79 76 82 76 105 127 148 116
