27 32
31476274 31505353 54383 123.538460 120.153847 54383 54262.847656 120.153847 110 104 109 91 121 141 134 98 117 143 144 141 109
31569528 31598614 54410 0.000000 0.000000 54410 54410.000000 0.000000 0 0 0 0 0 0 0 0 0 0 0 0 0
31610269 31639427 54511 0.000000 0.000000 54511 54511.000000 0.000000 0 0 0 0 0 0 0 0 0 0 0 0 0
31651096 31680211 54409 0.384615 0.307692 54409 54408.691406 0.307692 0 1 0 0 1 0 0 0 0 0 0 0 2
31690451 31719582 54480 0.538462 0.307692 54480 54479.691406 0.307692 1 0 0 0 0 0 0 1 0 1 0 0 1
31731225 31760375 54531 1.846154 1.846154 54531 54529.152344 1.846154 5 2 0 1 2 3 0 0 3 1 1 3 3
31770597 31799675 54395 3.461539 3.076923 54395 54391.921875 3.076923 5 2 2 2 1 3 3 3 4 3 6 3 3
31811355 31839062 51806 8.307693 8.000000 51806 51798.000000 8.000000 10 10 8 6 6 5 9 4 6 13 10 11 6
31850725 31878410 51767 16.615385 16.076923 51767 51750.921875 16.076923 16 15 13 11 13 29 14 19 17 15 15 14 18
31890060 31919209 54512 37.307693 36.153847 54512 54475.847656 36.153847 41 37 30 31 29 36 32 39 40 34 48 38 35
31929370 31958487 54452 64.692307 63.230770 54452 54388.769531 63.230770 47 56 52 55 71 62 68 44 67 82 94 64 60
31970114 31999295 54573 94.307693 92.692307 54573 54480.308594 92.692307 85 83 76 85 88 92 105 80 100 118 111 103 79
32009516 32038634 54454 108.230766 105.692307 54454 54348.308594 105.692307 101 73 108 83 105 114 107 93 86 122 151 138 93
32048872 32077956 54316 119.538460 116.923080 54316 54199.078125 116.923080 90 94 97 120 114 116 137 107 130 119 155 122 119
32089612 32117301 51793 99.538460 97.692307 51793 51695.308594 97.692307 94 71 100 83 83 88 99 113 107 89 127 104 112
32128986 32158095 54434 94.692307 92.153847 54434 54341.847656 92.153847 77 74 67 71 99 89 99 75 95 135 129 98 90
32169772 32198941 54549 61.692307 60.538460 54549 54488.460938 60.538460 51 49 55 67 80 66 52 51 55 68 62 68 63
32209133 32238228 54410 37.230770 36.769230 54410 54373.230469 36.769230 35 31 35 26 40 36 34 35 47 33 45 42 39
32249856 32279024 54546 20.846153 20.461538 54546 54525.539062 20.461538 27 25 22 23 19 17 14 21 18 25 28 16 11
32289186 32318350 54521 8.461538 8.307693 54521 54512.691406 8.307693 7 5 12 7 7 11 7 9 7 14 10 9 3
32330031 32357694 51745 3.538461 3.538461 51745 51741.460938 3.538461 2 7 3 4 5 4 3 2 2 3 3 6 2
32369392 32398503 54459 1.692308 1.538462 54459 54457.460938 1.538462 2 2 1 3 2 2 0 0 1 3 2 0 2
32410199 32437856 51733 0.307692 0.307692 51733 51732.691406 0.307692 1 0 0 0 0 1 0 0 0 1 0 0 1
32449470 32478609 54476 0.384615 0.307692 54476 54475.691406 0.307692 2 0 1 0 0 0 0 0 0 0 0 0 1
32488794 32517915 54440 0.076923 0.076923 54440 54439.921875 0.076923 0 0 0 0 0 0 0 0 0 0 1 0 0
32528151 32557308 54527 0.153846 0.000000 54527 54527.000000 0.000000 0 0 0 0 0 0 0 0 0 0 0 0 0
32621403 32650595 54593 129.692307 126.769234 54593 54466.230469 126.769234 107 105 115 90 138 115 154 111 129 129 164 160 131
