27 32
31476274 31505353 54383 127.923080 126.230766 54383 54256.769531 126.230766 168 133 123 111 115 105 151 98 129 124 153 119 112
31569528 31598614 54415 0.384615 0.076923 54415 54414.921875 0.076923 0 0 0 0 0 0 0 0 0 1 0 0 0
31610269 31639427 54513 0.230769 0.230769 54513 54512.769531 0.230769 0 1 0 0 0 0 0 0 0 0 2 0 0
31651096 31680211 54412 0.230769 0.153846 54412 54411.847656 0.153846 1 0 0 0 0 0 1 0 0 0 0 0 0
31690451 31719582 54481 0.230769 0.153846 54481 54480.847656 0.153846 0 0 0 0 2 0 0 0 0 0 0 0 0
31731225 31760375 54534 1.153846 1.153846 54534 54532.847656 1.153846 3 3 0 2 1 0 3 1 0 1 0 1 0
31770597 31799675 54398 4.384615 4.076923 54398 54393.921875 4.076923 6 2 1 2 4 6 6 6 3 2 8 4 3
31811355 31839062 51808 8.692307 8.615385 51808 51799.382812 8.615385 11 6 9 4 12 10 8 7 6 8 11 9 11
31850725 31878410 51770 18.769230 18.230770 51770 51751.769531 18.230770 18 28 13 23 19 11 17 11 16 16 29 19 17
31890060 31919209 54514 40.538460 40.000000 54514 54474.000000 40.000000 46 41 36 36 35 51 45 26 43 41 43 43 34
31929370 31958487 54455 67.615387 66.076920 54455 54388.921875 66.076920 94 81 54 44 57 56 70 47 59 79 79 69 70
31970114 31999295 54574 93.153847 91.000000 54574 54483.000000 91.000000 115 105 75 79 79 85 101 68 92 100 129 84 71
32009516 32038634 54457 114.307693 111.923080 54457 54345.078125 111.923080 139 116 95 91 92 105 123 104 102 132 136 131 89
32048872 32077956 54316 130.230774 128.000000 54316 54188.000000 128.000000 155 129 120 109 106 119 158 114 115 144 171 114 110
32089612 32117301 51795 114.076920 112.384613 51795 51682.617188 112.384613 131 146 90 116 107 102 132 81 118 127 141 94 76
32128986 32158095 54436 92.307693 91.076920 54436 54344.921875 91.076920 117 103 63 68 90 98 96 84 92 90 114 97 72
32169772 32198941 54551 64.538460 63.692307 54551 54487.308594 63.692307 77 58 58 42 70 72 62 38 56 81 86 67 61
32209133 32238228 54413 37.538460 36.769230 54413 54376.230469 36.769230 42 44 28 25 39 31 28 37 35 35 41 57 36
32249856 32279024 54551 15.923077 15.384615 54551 54535.617188 15.384615 21 16 14 12 11 19 17 14 13 20 15 19 9
32289186 32318350 54523 8.846154 8.615385 54523 54514.382812 8.615385 13 8 6 2 9 9 13 5 8 8 11 12 8
32330031 32357694 51746 3.000000 2.846154 51746 51743.152344 2.846154 1 2 2 4 0 5 7 6 2 2 2 2 2
32369392 32398503 54461 0.846154 0.846154 54461 54460.152344 0.846154 0 1 0 0 2 2 1 0 2 1 0 1 1
32410199 32437856 51734 0.615385 0.384615 51734 51733.617188 0.384615 0 0 0 1 0 1 0 0 1 1 1 0 0
32449470 32478609 54478 0.461538 0.384615 54478 54477.617188 0.384615 1 0 0 0 0 0 0 0 0 0 2 1 1
32488794 32517915 54444 0.076923 0.076923 54444 54443.921875 0.076923 0 0 0 0 0 0 0 0 0 0 1 0 0
32528151 32557308 54529 0.230769 0.153846 54529 54528.847656 0.153846 1 0 0 0 0 1 0 0 0 0 0 0 0
32621403 32650595 54596 130.230774 127.461540 54596 54468.539062 127.461540 162 138 83 120 126 122 151 112 150 146 144 113 90
