27 32
31476274 31505353 54383 126.076920 123.461540 54383 54259.539062 123.461540 110 90 100 118 96 120 136 111 127 146 154 149 148
31569528 31598614 54413 0.000000 0.000000 54413 54413.000000 0.000000 0 0 0 0 0 0 0 0 0 0 0 0 0
31610269 31639427 54513 0.153846 0.000000 54513 54513.000000 0.000000 0 0 0 0 0 0 0 0 0 0 0 0 0
31651096 31680211 54411 0.153846 0.153846 54411 54410.847656 0.153846 0 1 0 0 0 0 0 0 0 0 0 1 0
31690451 31719582 54482 0.461538 0.307692 54482 54481.691406 0.307692 0 0 0 0 1 0 0 0 0 0 2 1 0
31731225 31760375 54533 0.923077 0.846154 54533 54532.152344 0.846154 1 1 0 2 0 1 2 0 1 2 0 0 1
31770597 31799675 54397 3.769231 3.615385 54397 54393.382812 3.615385 2 2 3 5 5 3 3 2 4 6 4 6 2
31811355 31839062 51808 8.461538 8.230769 51808 51799.769531 8.230769 11 3 6 8 7 1 8 8 5 14 11 12 13
31850725 31878410 51769 17.307692 17.000000 51769 51752.000000 17.000000 19 21 21 11 17 13 12 10 20 16 20 24 17
31890060 31919209 54514 38.307693 37.153847 54514 54476.847656 37.153847 35 35 26 34 40 42 36 35 36 37 42 47 38
31929370 31958487 54453 63.230770 62.538460 54453 54390.460938 62.538460 57 58 49 65 66 67 69 46 58 52 77 78 71
31970114 31999295 54574 96.846153 95.000000 54574 54479.000000 95.000000 93 73 70 77 75 112 94 89 87 136 105 135 89
32009516 32038634 54456 115.615387 112.538460 54456 54343.460938 112.538460 100 78 100 95 123 113 130 83 117 114 123 156 131
32048872 32077956 54316 126.615387 123.307693 54316 54192.691406 123.307693 103 85 84 97 113 131 138 116 121 144 153 180 138
32089612 32117301 51795 113.846153 111.000000 51795 51684.000000 111.000000 102 102 90 91 106 103 134 92 110 128 139 120 126
32128986 32158095 54435 97.384613 95.384613 54435 54339.617188 95.384613 85 77 69 63 94 114 89 93 93 113 110 132 108
32169772 32198941 54550 64.230766 63.000000 54550 54487.000000 63.000000 56 58 58 58 60 64 56 56 65 72 72 71 73
32209133 32238228 54411 35.461540 34.615383 54411 54376.382812 34.615383 34 34 34 24 35 29 39 20 37 44 37 39 44
32249856 32279024 54549 17.846153 17.384615 54549 54531.617188 17.384615 17 18 18 11 11 12 24 13 15 17 24 20 26
32289186 32318350 54522 8.076923 8.076923 54522 54513.921875 8.076923 12 11 5 7 5 5 7 9 7 7 6 19 5
32330031 32357694 51745 2.923077 2.923077 51745 51742.078125 2.923077 1 0 4 3 3 4 3 3 3 2 4 4 4
32369392 32398503 54461 1.153846 1.000000 54461 54460.000000 1.000000 4 2 0 0 1 0 1 1 0 0 1 1 2
32410199 32437856 51734 0.384615 0.307692 51734 51733.691406 0.307692 0 0 0 0 0 0 1 0 1 0 0 2 0
32449470 32478609 54477 0.384615 0.384615 54477 54476.617188 0.384615 1 0 1 0 0 0 0 1 1 0 1 0 0
32488794 32517915 54443 0.230769 0.076923 54443 54442.921875 0.076923 0 0 0 0 0 0 0 0 0 0 1 0 0
32528151 32557308 54527 0.538462 0.076923 54527 54526.921875 0.076923 0 1 0 0 0 0 0 0 0 0 0 0 0
32621403 32650595 54596 126.461540 124.153847 54596 54471.847656 124.153847 119 117 102 115 85 115 129 111 107 135 137 175 167
