27 32
31476274 31505353 54383 39.076923 38.076923 54383 54344.921875 38.076923 121 129 2 0 1 0 0 1 0 1 0 126 114
31569528 31598614 54412 0.000000 0.000000 54412 54412.000000 0.000000 0 0 0 0 0 0 0 0 0 0 0 0 0
31610269 31639427 54513 0.153846 0.076923 54513 54512.921875 0.076923 0 0 0 0 0 0 0 0 0 0 0 1 0
31651096 31680211 54411 0.076923 0.000000 54411 54411.000000 0.000000 0 0 0 0 0 0 0 0 0 0 0 0 0
31690451 31719582 54482 0.153846 0.153846 54482 54481.847656 0.153846 0 0 0 0 0 0 0 0 0 0 0 2 0
31731225 31760375 54532 0.307692 0.307692 54532 54531.691406 0.307692 1 2 0 0 0 0 0 0 0 0 0 0 1
31770597 31799675 54397 1.846154 1.769231 54397 54395.230469 1.769231 2 7 0 1 0 0 0 0 0 0 0 9 4
31811355 31839062 51808 2.692308 2.538461 51808 51805.460938 2.538461 7 8 0 0 0 0 0 0 0 0 0 12 6
31850725 31878410 51768 6.230769 6.153846 51768 51761.847656 6.153846 22 14 0 0 0 0 0 0 0 0 0 23 21
31890060 31919209 54515 12.538462 12.384615 54515 54502.617188 12.384615 38 32 0 1 1 0 0 0 0 1 0 55 33
31929370 31958487 54453 17.461538 17.076923 54453 54435.921875 17.076923 65 47 0 0 0 0 0 0 0 0 0 61 49
31970114 31999295 54574 29.000000 28.615385 54574 54545.382812 28.615385 97 91 0 0 0 0 0 0 0 0 0 98 86
32009516 32038634 54455 31.923077 30.769230 54455 54424.230469 30.769230 94 92 0 0 0 0 0 1 0 0 0 121 92
32048872 32077956 54316 38.000000 36.461540 54316 54279.539062 36.461540 130 92 0 0 1 0 0 1 0 0 0 138 112
32089612 32117301 51795 32.153847 31.923077 51795 51763.078125 31.923077 109 78 0 0 0 2 0 0 0 0 1 133 92
32128986 32158095 54435 26.615385 26.000000 54435 54409.000000 26.000000 84 65 0 0 0 0 0 2 0 0 0 93 94
32169772 32198941 54550 20.076923 19.538462 54550 54530.460938 19.538462 64 63 0 0 0 1 0 0 0 0 0 68 58
32209133 32238228 54411 12.461538 11.923077 54411 54399.078125 11.923077 26 42 0 0 0 0 1 0 0 0 0 49 37
32249856 32279024 54549 6.461538 6.153846 54549 54542.847656 6.153846 18 18 0 0 0 0 0 0 0 0 0 19 25
32289186 32318350 54522 3.615385 3.461539 54522 54518.539062 3.461539 10 5 0 0 0 0 0 0 0 0 0 19 11
32330031 32357694 51745 1.000000 0.923077 51745 51744.078125 0.923077 0 3 0 0 0 0 0 0 0 0 0 6 3
32369392 32398503 54459 0.461538 0.384615 54459 54458.617188 0.384615 0 4 0 0 0 0 0 0 0 0 0 0 1
32410199 32437856 51734 0.153846 0.153846 51734 51733.847656 0.153846 0 0 0 0 0 0 0 0 0 0 0 0 2
32449470 32478609 54477 0.230769 0.230769 54477 54476.769531 0.230769 0 1 0 0 0 0 0 0 0 0 0 2 0
32488794 32517915 54443 0.076923 0.076923 54443 54442.921875 0.076923 0 1 0 0 0 0 0 0 0 0 0 0 0
32528151 32557308 54527 0.153846 0.076923 54527 54526.921875 0.076923 0 1 0 0 0 0 0 0 0 0 0 0 0
32621403 32650595 54596 36.769230 35.846153 54596 54560.152344 35.846153 105 117 0 0 1 0 0 0 0 1 0 123 119
