27 32
31476274 31505353 54384 91.230766 89.230766 54384 54294.769531 89.230766 131 88 89 88 104 110 133 92 94 105 126 0 0
31569528 31598614 54415 0.076923 0.076923 54415 54414.921875 0.076923 0 0 0 0 0 0 0 0 0 1 0 0 0
31610269 31639427 54514 0.000000 0.000000 54514 54514.000000 0.000000 0 0 0 0 0 0 0 0 0 0 0 0 0
31651096 31680211 54415 0.076923 0.076923 54415 54414.921875 0.076923 0 0 0 0 0 0 0 0 0 0 1 0 0
31690451 31719582 54481 0.461538 0.461538 54481 54480.539062 0.461538 0 0 0 0 1 1 1 0 1 1 1 0 0
31731225 31760375 54535 1.538462 1.538462 54535 54533.460938 1.538462 2 2 1 2 3 0 3 1 2 2 1 1 0
31770597 31799675 54400 2.538461 2.384615 54400 54397.617188 2.384615 3 2 3 5 1 3 1 1 2 6 3 0 1
31811355 31839062 51809 6.384615 6.076923 51809 51802.921875 6.076923 8 5 6 7 6 4 10 2 10 14 7 0 0
31850725 31878410 51769 15.384615 15.153846 51769 51753.847656 15.153846 10 16 24 13 15 14 21 22 20 19 23 0 0
31890060 31919209 54516 29.076923 28.692308 54516 54487.308594 28.692308 30 38 34 27 39 32 45 22 29 38 39 0 0
31929370 31958487 54456 49.692307 48.384617 54456 54407.617188 48.384617 68 53 46 40 55 57 52 58 50 79 70 0 1
31970114 31999295 54575 71.769234 70.230766 54575 54504.769531 70.230766 87 85 72 76 72 80 86 68 88 107 92 0 0
32009516 32038634 54457 85.461540 83.692307 54457 54373.308594 83.692307 100 101 76 77 86 114 95 94 99 121 124 1 0
32048872 32077956 54318 91.076920 89.000000 54318 54229.000000 89.000000 113 101 69 87 106 107 123 95 97 138 120 1 0
32089612 32117301 51796 86.384613 84.692307 51796 51711.308594 84.692307 110 116 89 72 106 104 97 78 110 104 114 1 0
32128986 32158095 54437 71.923080 70.846153 54437 54366.152344 70.846153 95 72 59 62 85 102 104 58 84 98 101 1 0
32169772 32198941 54553 49.692307 48.846153 54553 54504.152344 48.846153 68 61 43 54 52 55 61 58 53 73 57 0 0
32209133 32238228 54415 29.769230 28.846153 54415 54386.152344 28.846153 34 36 30 36 29 35 37 31 29 38 40 0 0
32249856 32279024 54551 14.846154 14.769231 54551 54536.230469 14.769231 10 21 20 15 15 20 23 14 28 15 11 0 0
32289186 32318350 54525 9.153846 8.769231 54525 54516.230469 8.769231 8 11 9 6 13 11 18 10 13 7 8 0 0
32330031 32357694 51747 2.692308 2.615385 51747 51744.382812 2.615385 4 5 1 1 1 4 1 2 3 4 8 0 0
32369392 32398503 54462 1.153846 1.076923 54462 54460.921875 1.076923 1 0 0 3 0 3 2 1 0 1 3 0 0
32410199 32437856 51735 0.461538 0.153846 51735 51734.847656 0.153846 0 0 0 0 0 0 0 0 0 1 1 0 0
32449470 32478609 54479 0.230769 0.153846 54479 54478.847656 0.153846 0 1 1 0 0 0 0 0 0 0 0 0 0
32488794 32517915 54444 0.307692 0.000000 54444 54444.000000 0.000000 0 0 0 0 0 0 0 0 0 0 0 0 0
32528151 32557308 54530 0.461538 0.153846 54530 54529.847656 0.153846 0 0 0 0 0 0 0 0 0 0 2 0 0
32621403 32650595 54596 98.307693 96.461540 54596 54499.539062 96.461540 142 122 93 86 93 101 126 99 106 137 148 1 0
