27 32
31476274 31505353 54384 119.076920 116.461540 54384 54267.539062 116.461540 135 109 99 96 98 137 106 106 119 137 160 100 112
31569528 31598614 54415 0.461538 0.230769 54415 54414.769531 0.230769 0 0 1 0 0 0 1 0 0 0 1 0 0
31610269 31639427 54513 0.307692 0.076923 54513 54512.921875 0.076923 0 0 0 0 0 0 0 0 0 0 0 1 0
31651096 31680211 54412 0.076923 0.076923 54412 54411.921875 0.076923 0 0 0 0 0 0 0 1 0 0 0 0 0
31690451 31719582 54481 0.769231 0.769231 54481 54480.230469 0.769231 0 0 2 0 0 0 1 0 1 3 1 0 2
31731225 31760375 54534 2.076923 1.846154 54534 54532.152344 1.846154 1 0 2 1 0 4 4 0 1 2 2 3 4
31770597 31799675 54400 3.923077 3.923077 54400 54396.078125 3.923077 3 2 3 8 2 3 10 1 1 5 6 4 3
31811355 31839062 51808 8.615385 8.384615 51808 51799.617188 8.384615 8 1 5 4 8 11 12 6 8 11 16 9 10
31850725 31878410 51770 19.076923 18.846153 51770 51751.152344 18.846153 19 15 25 17 16 24 21 14 18 23 21 21 11
31890060 31919209 54514 40.076923 39.307693 54514 54474.691406 39.307693 37 33 40 33 43 28 42 32 32 56 48 32 55
31929370 31958487 54455 60.538460 58.846153 54455 54396.152344 58.846153 66 54 53 48 58 50 68 48 59 79 86 56 40
31970114 31999295 54574 89.153847 87.846153 54574 54486.152344 87.846153 80 88 78 86 69 87 93 93 82 115 108 76 87
32009516 32038634 54457 108.307693 106.538460 54457 54350.460938 106.538460 128 105 96 96 97 105 117 82 106 101 134 123 95
32048872 32077956 54316 117.923080 115.384613 54316 54200.617188 115.384613 114 113 99 93 134 91 127 118 104 133 145 110 119
32089612 32117301 51795 102.153847 99.923080 51795 51695.078125 99.923080 107 87 86 103 93 92 105 95 95 125 148 93 70
32128986 32158095 54436 88.153847 86.538460 54436 54349.460938 86.538460 80 89 83 71 82 83 88 75 80 113 117 96 68
32169772 32198941 54553 62.000000 60.769230 54553 54492.230469 60.769230 51 66 52 39 70 52 66 61 69 65 71 70 58
32209133 32238228 54413 40.076923 39.230770 54413 54373.769531 39.230770 26 30 36 31 46 47 53 32 35 52 39 45 38
32249856 32279024 54551 21.692308 20.923077 54551 54530.078125 20.923077 24 11 15 28 17 24 24 13 21 23 23 28 21
32289186 32318350 54523 9.538462 9.230769 54523 54513.769531 9.230769 9 8 10 8 9 10 14 7 6 11 6 10 12
32330031 32357694 51746 5.384615 5.076923 51746 51740.921875 5.076923 7 4 4 9 4 5 3 6 2 7 4 4 7
32369392 32398503 54461 0.846154 0.846154 54461 54460.152344 0.846154 0 1 1 1 1 0 2 0 0 1 1 3 0
32410199 32437856 51735 0.769231 0.692308 51735 51734.308594 0.692308 1 0 2 1 1 0 2 0 0 1 0 1 0
32449470 32478609 54478 0.000000 0.000000 54478 54478.000000 0.000000 0 0 0 0 0 0 0 0 0 0 0 0 0
32488794 32517915 54444 0.307692 0.076923 54444 54443.921875 0.076923 0 0 0 0 1 0 0 0 0 0 0 0 0
32528151 32557308 54529 0.000000 0.000000 54529 54529.000000 0.000000 0 0 0 0 0 0 0 0 0 0 0 0 0
32621403 32650595 54597 109.846153 107.923080 54597 54489.078125 107.923080 110 96 96 74 100 103 142 87 114 121 159 107 94
