27 32
31476274 31505353 54384 17.846153 17.076923 54384 54366.921875 17.076923 0 0 0 0 1 1 1 1 0 0 1 113 104
31569528 31598614 54415 0.000000 0.000000 54415 54415.000000 0.000000 0 0 0 0 0 0 0 0 0 0 0 0 0
31610269 31639427 54513 0.153846 0.153846 54513 54512.847656 0.153846 0 0 0 0 0 0 0 0 0 0 0 1 1
31651096 31680211 54415 0.307692 0.076923 54415 54414.921875 0.076923 0 0 0 0 0 0 0 0 0 0 1 0 0
31690451 31719582 54481 0.076923 0.000000 54481 54481.000000 0.000000 0 0 0 0 0 0 0 0 0 0 0 0 0
31731225 31760375 54535 0.384615 0.307692 54535 54534.691406 0.307692 0 0 0 0 0 0 0 1 0 0 0 2 1
31770597 31799675 54400 0.615385 0.615385 54400 54399.382812 0.615385 0 0 0 0 0 0 0 0 0 0 0 5 3
31811355 31839062 51810 2.461539 2.461539 51810 51807.539062 2.461539 0 0 0 0 0 0 0 0 0 0 0 19 13
31850725 31878410 51770 2.153846 2.076923 51770 51767.921875 2.076923 0 0 0 0 0 0 0 0 0 0 0 16 11
31890060 31919209 54516 5.076923 5.000000 54516 54511.000000 5.000000 0 0 0 0 0 0 0 0 0 0 0 32 33
31929370 31958487 54456 9.230769 9.153846 54456 54446.847656 9.153846 0 0 0 0 0 0 0 0 1 0 0 68 50
31970114 31999295 54575 14.615385 14.307693 54575 54560.691406 14.307693 0 1 0 0 0 0 0 0 0 0 0 109 76
32009516 32038634 54458 17.384615 17.076923 54458 54440.921875 17.076923 0 0 0 0 0 0 0 0 1 3 1 105 112
32048872 32077956 54320 14.307693 13.846154 54320 54306.152344 13.846154 0 0 0 0 0 0 0 0 0 1 0 97 82
32089612 32117301 51797 14.230769 13.769231 51797 51783.230469 13.769231 0 0 0 0 0 0 1 0 0 0 1 95 82
32128986 32158095 54438 14.307693 14.153846 54438 54423.847656 14.153846 0 0 0 1 0 0 1 0 0 0 0 105 77
32169772 32198941 54553 9.230769 9.153846 54553 54543.847656 9.153846 0 1 0 0 0 0 0 0 2 0 0 62 54
32209133 32238228 54415 4.153846 3.923077 54415 54411.078125 3.923077 0 0 0 0 0 0 0 0 0 0 0 27 24
32249856 32279024 54551 3.076923 3.076923 54551 54547.921875 3.076923 0 0 0 0 0 0 0 0 0 1 0 22 17
32289186 32318350 54525 1.000000 1.000000 54525 54524.000000 1.000000 0 0 0 0 0 0 0 0 0 1 0 4 8
32330031 32357694 51748 0.307692 0.230769 51748 51747.769531 0.230769 0 0 0 0 0 0 0 0 0 0 0 2 1
32369392 32398503 54461 0.230769 0.153846 54461 54460.847656 0.153846 0 0 0 0 0 0 0 0 0 0 1 1 0
32410199 32437856 51736 0.153846 0.153846 51736 51735.847656 0.153846 0 0 0 0 0 0 0 0 0 0 1 1 0
32449470 32478609 54479 0.230769 0.153846 54479 54478.847656 0.153846 0 0 0 0 0 0 0 0 1 0 1 0 0
32488794 32517915 54444 0.000000 0.000000 54444 54444.000000 0.000000 0 0 0 0 0 0 0 0 0 0 0 0 0
32528151 32557308 54532 0.230769 0.153846 54532 54531.847656 0.153846 0 0 0 0 0 0 0 2 0 0 0 0 0
32621403 32650595 54596 18.769230 18.461538 54596 54577.539062 18.461538 1 0 0 0 1 0 0 0 0 2 0 127 109
