27 32
31476274 31505353 54388 139.000000 136.615387 54388 54251.382812 136.615387 94 110 116 113 146 160 156 118 150 168 191 139 115
31569528 31598614 54415 0.461538 0.153846 54415 54414.847656 0.153846 0 0 0 1 0 0 0 0 0 1 0 0 0
31610269 31639427 54517 0.384615 0.153846 54517 54516.847656 0.153846 0 0 2 0 0 0 0 0 0 0 0 0 0
31651096 31680211 54416 0.153846 0.153846 54416 54415.847656 0.153846 0 0 0 0 1 0 0 0 0 0 1 0 0
31690451 31719582 54486 0.307692 0.230769 54486 54485.769531 0.230769 0 0 0 0 0 0 0 0 0 3 0 0 0
31731225 31760375 54537 1.153846 1.076923 54537 54535.921875 1.076923 1 1 1 0 3 2 2 0 2 0 0 2 0
31770597 31799675 54401 4.000000 3.769231 54401 54397.230469 3.769231 5 3 2 2 4 7 6 3 2 5 4 4 2
31811355 31839062 51810 7.230769 6.769231 51810 51803.230469 6.769231 10 9 5 5 8 7 8 5 4 9 5 7 6
31850725 31878410 51773 18.000000 17.461538 51773 51755.539062 17.461538 19 14 15 8 19 15 26 14 23 18 25 21 10
31890060 31919209 54519 37.076923 36.384617 54519 54482.617188 36.384617 38 40 40 25 34 42 38 22 39 35 53 32 35
31929370 31958487 54459 67.615387 66.000000 54459 54393.000000 66.000000 61 54 51 62 57 88 80 52 72 79 74 57 71
31970114 31999295 54579 97.076920 94.923080 54579 54484.078125 94.923080 83 86 75 99 86 109 102 84 90 108 122 96 94
32009516 32038634 54460 127.846153 125.076920 54460 54334.921875 125.076920 98 98 108 131 131 124 143 125 112 143 163 120 130
32048872 32077956 54323 139.923080 136.692307 54323 54186.308594 136.692307 125 98 135 97 145 153 145 142 136 184 176 146 95
32089612 32117301 51799 123.384613 120.615387 51799 51678.382812 120.615387 81 112 102 114 125 123 133 122 118 157 135 118 128
32128986 32158095 54438 104.923080 103.307693 54438 54334.691406 103.307693 93 92 90 107 78 92 119 95 112 122 137 119 87
32169772 32198941 54555 68.538460 67.230766 54555 54487.769531 67.230766 61 68 50 59 60 61 64 66 64 89 95 86 51
32209133 32238228 54417 40.230770 39.153847 54417 54377.847656 39.153847 27 28 36 28 33 44 64 43 40 45 44 37 40
32249856 32279024 54553 18.461538 18.076923 54553 54534.921875 18.076923 18 19 10 18 14 10 20 18 17 23 27 22 19
32289186 32318350 54529 7.923077 7.692307 54529 54521.308594 7.692307 9 6 4 3 5 9 6 7 8 9 14 11 9
32330031 32357694 51751 3.000000 2.923077 51751 51748.078125 2.923077 4 4 2 1 3 4 3 1 4 5 5 1 1
32369392 32398503 54465 1.000000 0.769231 54465 54464.230469 0.769231 0 1 2 0 2 0 1 0 1 0 0 2 1
32410199 32437856 51739 0.615385 0.615385 51739 51738.382812 0.615385 3 0 0 0 0 1 0 2 0 0 0 2 0
32449470 32478609 54483 0.076923 0.076923 54483 54482.921875 0.076923 0 0 0 0 0 0 0 0 0 0 0 1 0
32488794 32517915 54446 0.307692 0.076923 54446 54445.921875 0.076923 0 0 0 0 0 0 0 0 1 0 0 0 0
32528151 32557308 54534 0.000000 0.000000 54534 54534.000000 0.000000 0 0 0 0 0 0 0 0 0 0 0 0 0
32621403 32650595 54599 142.230774 139.307693 54599 54459.691406 139.307693 123 99 136 129 128 148 168 140 155 138 198 138 111
