27 32
31476274 31505353 54386 106.769234 104.692307 54386 54281.308594 104.692307 115 95 78 80 83 100 122 86 88 104 132 160 118
31569528 31598614 54414 0.153846 0.076923 54414 54413.921875 0.076923 0 0 0 0 0 1 0 0 0 0 0 0 0
31610269 31639427 54515 0.076923 0.076923 54515 54514.921875 0.076923 0 0 0 0 0 0 0 0 0 1 0 0 0
31651096 31680211 54415 0.230769 0.076923 54415 54414.921875 0.076923 0 0 1 0 0 0 0 0 0 0 0 0 0
31690451 31719582 54483 0.538462 0.538462 54483 54482.460938 0.538462 1 0 1 0 1 0 1 0 0 1 0 1 1
31731225 31760375 54536 1.769231 1.538462 54536 54534.460938 1.538462 1 2 1 3 4 2 1 1 1 1 0 1 2
31770597 31799675 54399 4.307693 4.230769 54399 54394.769531 4.230769 3 9 2 2 1 3 2 4 7 4 9 4 5
31811355 31839062 51810 6.923077 6.692307 51810 51803.308594 6.692307 8 12 4 3 6 7 6 4 8 5 9 9 6
31850725 31878410 51771 17.000000 16.692308 51771 51754.308594 16.692308 20 15 19 12 10 16 15 18 14 24 13 24 17
31890060 31919209 54517 37.692307 36.538460 54517 54480.460938 36.538460 27 42 34 39 31 26 37 42 40 39 39 39 40
31929370 31958487 54459 60.692307 59.230770 54459 54399.769531 59.230770 73 62 45 54 47 55 72 54 63 62 67 68 48
31970114 31999295 54576 83.153847 80.923080 54576 54495.078125 80.923080 86 73 63 60 80 77 83 54 78 98 110 99 91
32009516 32038634 54458 102.153847 99.923080 54458 54358.078125 99.923080 109 93 83 77 96 98 92 85 91 99 124 147 105
32048872 32077956 54321 112.076920 109.076920 54321 54211.921875 109.076920 118 103 97 80 91 120 136 102 99 104 129 127 112
32089612 32117301 51798 94.615387 92.692307 51798 51705.308594 92.692307 131 89 65 85 80 83 86 75 71 110 105 126 99
32128986 32158095 54439 83.384613 81.538460 54439 54357.460938 81.538460 79 91 74 81 68 81 102 64 85 88 95 89 63
32169772 32198941 54554 58.461540 57.538460 54554 54496.460938 57.538460 69 60 48 39 53 50 53 51 52 61 69 75 68
32209133 32238228 54415 35.384617 34.307693 54415 54380.691406 34.307693 47 41 34 24 34 30 35 38 23 33 33 36 38
32249856 32279024 54551 17.692308 17.230770 54551 54533.769531 17.230770 22 16 11 9 16 19 15 17 22 21 19 15 22
32289186 32318350 54525 8.384615 8.076923 54525 54516.921875 8.076923 13 11 9 4 12 5 7 9 6 6 9 7 7
32330031 32357694 51749 3.230769 3.153846 51749 51745.847656 3.153846 4 2 4 2 1 4 4 4 0 3 4 6 3
32369392 32398503 54461 1.153846 1.000000 54461 54460.000000 1.000000 3 0 1 0 1 4 1 2 0 0 1 0 0
32410199 32437856 51738 1.153846 0.923077 51738 51737.078125 0.923077 2 2 0 1 1 2 0 3 0 1 0 0 0
32449470 32478609 54480 0.153846 0.076923 54480 54479.921875 0.076923 0 0 0 0 0 0 0 0 0 0 0 1 0
32488794 32517915 54446 0.153846 0.076923 54446 54445.921875 0.076923 0 0 0 0 0 1 0 0 0 0 0 0 0
32528151 32557308 54532 0.076923 0.076923 54532 54531.921875 0.076923 0 0 0 0 0 0 0 0 0 0 0 0 1
32621403 32650595 54596 111.230766 109.153847 54596 54486.847656 109.153847 127 113 91 86 91 114 98 89 110 112 133 148 107
