27 32
31476274 31505353 54388 119.461540 116.846153 54388 54271.152344 116.846153 130 137 94 102 119 113 91 100 105 127 146 140 115
31569528 31598614 54415 0.000000 0.000000 54415 54415.000000 0.000000 0 0 0 0 0 0 0 0 0 0 0 0 0
31610269 31639427 54516 0.000000 0.000000 54516 54516.000000 0.000000 0 0 0 0 0 0 0 0 0 0 0 0 0
31651096 31680211 54415 0.307692 0.307692 54415 54414.691406 0.307692 0 2 0 0 0 0 0 0 0 2 0 0 0
31690451 31719582 54486 0.692308 0.384615 54486 54485.617188 0.384615 1 0 1 0 0 1 1 0 0 0 0 0 1
31731225 31760375 54536 1.000000 1.000000 54536 54535.000000 1.000000 1 1 0 2 1 1 1 1 1 1 0 2 1
31770597 31799675 54400 3.153846 2.923077 54400 54397.078125 2.923077 1 2 3 4 2 3 0 2 1 8 4 5 3
31811355 31839062 51810 7.923077 7.615385 51810 51802.382812 7.615385 3 17 8 6 8 9 8 6 7 10 2 7 8
31850725 31878410 51772 17.461538 16.769230 51772 51755.230469 16.769230 18 15 15 16 13 17 20 16 13 12 20 25 18
31890060 31919209 54519 32.076923 31.307692 54519 54487.691406 31.307692 30 35 21 23 30 36 27 33 24 34 32 46 36
31929370 31958487 54459 63.846153 61.769230 54459 54397.230469 61.769230 59 62 50 46 52 60 64 49 60 76 86 68 71
31970114 31999295 54578 81.538460 79.846153 54578 54498.152344 79.846153 94 70 68 63 64 57 97 78 89 109 98 71 80
32009516 32038634 54460 108.230766 106.461540 54460 54353.539062 106.461540 134 103 105 101 84 106 115 103 98 115 115 109 96
32048872 32077956 54322 122.076920 119.692307 54322 54202.308594 119.692307 143 137 101 103 109 116 129 116 107 125 150 110 110
32089612 32117301 51799 104.076920 101.923080 51799 51697.078125 101.923080 127 109 105 69 78 96 126 89 86 105 112 119 104
32128986 32158095 54439 88.000000 86.615387 54439 54352.382812 86.615387 94 91 71 71 85 89 97 72 74 94 113 86 89
32169772 32198941 54555 63.384617 62.461540 54555 54492.539062 62.461540 82 62 46 54 52 59 53 56 54 71 73 81 69
32209133 32238228 54416 36.692307 35.846153 54416 54380.152344 35.846153 39 39 28 30 31 46 35 30 32 38 35 41 42
32249856 32279024 54552 19.307692 19.076923 54552 54532.921875 19.076923 19 16 16 15 22 15 23 17 21 21 17 26 20
32289186 32318350 54527 8.538462 8.076923 54527 54518.921875 8.076923 10 10 10 5 6 7 7 10 8 7 8 14 3
32330031 32357694 51750 3.000000 2.923077 51750 51747.078125 2.923077 4 4 5 1 3 5 2 3 1 4 2 3 1
32369392 32398503 54463 1.153846 1.153846 54463 54461.847656 1.153846 4 2 1 0 1 2 1 0 1 1 2 0 0
32410199 32437856 51739 0.615385 0.461538 51739 51738.539062 0.461538 2 0 0 0 0 0 0 0 1 3 0 0 0
32449470 32478609 54482 0.384615 0.230769 54482 54481.769531 0.230769 1 0 0 0 1 0 0 0 1 0 0 0 0
32488794 32517915 54446 0.076923 0.076923 54446 54445.921875 0.076923 0 0 0 0 0 0 1 0 0 0 0 0 0
32528151 32557308 54534 0.230769 0.076923 54534 54533.921875 0.076923 0 0 0 0 0 0 0 1 0 0 0 0 0
32621403 32650595 54598 117.615387 114.923080 54598 54483.078125 114.923080 127 131 99 101 97 122 120 93 105 117 136 127 119
