27 32
31476274 31505353 54384 37.153847 36.384617 54384 54347.617188 36.384617 133 116 0 0 0 0 0 0 0 0 0 116 108
31569528 31598614 54415 0.307692 0.230769 54415 54414.769531 0.230769 0 0 0 1 0 0 0 0 0 0 0 2 0
31610269 31639427 54513 0.307692 0.307692 54513 54512.691406 0.307692 0 1 0 0 1 0 0 0 0 0 0 1 1
31651096 31680211 54415 0.153846 0.153846 54415 54414.847656 0.153846 1 0 0 0 0 0 0 0 1 0 0 0 0
31690451 31719582 54481 0.230769 0.076923 54481 54480.921875 0.076923 0 0 0 0 0 0 0 0 0 0 0 1 0
31731225 31760375 54535 0.461538 0.461538 54535 54534.539062 0.461538 0 4 0 0 0 0 0 0 0 0 0 1 1
31770597 31799675 54400 1.230769 1.230769 54400 54398.769531 1.230769 3 3 0 0 0 0 0 0 0 0 0 3 7
31811355 31839062 51809 2.692308 2.615385 51809 51806.382812 2.615385 9 10 0 0 0 0 0 0 0 0 0 10 5
31850725 31878410 51769 5.384615 5.076923 51769 51763.921875 5.076923 15 17 0 0 0 0 0 0 0 0 0 18 16
31890060 31919209 54515 12.461538 12.307693 54515 54502.691406 12.307693 51 39 0 0 0 0 0 0 0 0 0 34 36
31929370 31958487 54455 19.461538 18.615385 54455 54436.382812 18.615385 71 60 0 0 0 1 1 0 0 1 1 52 55
31970114 31999295 54574 29.384615 28.307692 54574 54545.691406 28.307692 95 97 0 0 0 1 0 0 0 1 0 91 83
32009516 32038634 54457 33.153847 32.153847 54457 54424.847656 32.153847 126 99 0 0 1 0 0 0 0 0 0 101 91
32048872 32077956 54318 42.000000 40.923077 54318 54277.078125 40.923077 142 130 1 0 0 0 0 0 2 0 0 145 112
32089612 32117301 51795 32.461540 31.461538 51795 51763.539062 31.461538 119 86 0 0 0 0 2 0 0 1 1 98 102
32128986 32158095 54436 29.230770 28.230770 54436 54407.769531 28.230770 107 83 0 0 0 1 0 0 0 0 1 82 93
32169772 32198941 54553 19.384615 19.000000 54553 54534.000000 19.000000 72 67 0 0 0 0 0 0 0 0 0 54 54
32209133 32238228 54413 12.384615 11.923077 54413 54401.078125 11.923077 35 39 0 0 0 0 1 0 0 0 0 42 38
32249856 32279024 54552 6.692307 6.384615 54552 54545.617188 6.384615 22 18 0 0 0 0 1 0 1 0 0 21 20
32289186 32318350 54525 1.769231 1.615385 54525 54523.382812 1.615385 6 5 0 0 0 0 0 0 0 0 0 4 6
32330031 32357694 51747 1.230769 1.000000 51747 51746.000000 1.000000 5 2 0 0 0 0 0 0 0 0 0 3 3
32369392 32398503 54462 0.769231 0.615385 54462 54461.382812 0.615385 1 3 0 0 0 0 0 0 1 0 0 3 0
32410199 32437856 51735 0.384615 0.307692 51735 51734.691406 0.307692 1 2 0 0 0 0 0 0 0 0 0 1 0
32449470 32478609 54478 0.230769 0.153846 54478 54477.847656 0.153846 0 0 0 0 0 0 0 1 0 1 0 0 0
32488794 32517915 54444 0.076923 0.076923 54444 54443.921875 0.076923 0 0 0 0 0 0 0 0 0 0 0 1 0
32528151 32557308 54530 0.076923 0.000000 54530 54530.000000 0.000000 0 0 0 0 0 0 0 0 0 0 0 0 0
32621403 32650595 54596 38.307693 37.461540 54596 54558.539062 37.461540 135 121 0 0 1 1 0 0 0 0 1 122 106
