27 32
31476274 31505353 54386 127.846153 124.384613 54386 54261.617188 124.384613 134 115 88 111 127 122 158 114 122 145 150 114 117
31569528 31598614 54414 0.307692 0.076923 54414 54413.921875 0.076923 0 0 0 1 0 0 0 0 0 0 0 0 0
31610269 31639427 54516 0.230769 0.230769 54516 54515.769531 0.230769 0 0 1 0 1 0 0 0 0 0 0 1 0
31651096 31680211 54415 0.307692 0.153846 54415 54414.847656 0.153846 0 0 0 0 0 0 0 1 0 0 1 0 0
31690451 31719582 54485 0.615385 0.615385 54485 54484.382812 0.615385 0 1 0 0 4 1 0 0 1 1 0 0 0
31731225 31760375 54536 1.461538 1.384615 54536 54534.617188 1.384615 1 0 0 2 2 4 0 0 2 0 2 3 2
31770597 31799675 54400 3.538461 3.230769 54400 54396.769531 3.230769 3 4 2 2 3 5 5 3 2 3 3 3 4
31811355 31839062 51810 7.846154 7.692307 51810 51802.308594 7.692307 6 8 5 5 6 5 7 7 6 12 13 10 10
31850725 31878410 51771 20.076923 19.538462 51771 51751.460938 19.538462 25 25 15 21 22 15 27 16 19 17 23 17 12
31890060 31919209 54519 36.153847 35.384617 54519 54483.617188 35.384617 37 38 28 26 31 46 37 31 38 38 48 41 21
31929370 31958487 54460 65.230766 64.153847 54460 54395.847656 64.153847 74 64 69 51 60 65 65 49 62 70 80 62 63
31970114 31999295 54577 93.153847 92.000000 54577 54485.000000 92.000000 121 113 82 70 94 101 95 70 78 85 110 92 85
32009516 32038634 54458 117.000000 114.846153 54458 54343.152344 114.846153 150 117 92 102 107 110 120 110 96 141 138 107 103
32048872 32077956 54322 123.692307 120.923080 54322 54201.078125 120.923080 147 131 89 105 117 144 119 115 104 130 140 117 114
32089612 32117301 51799 110.000000 108.230766 51799 51690.769531 108.230766 134 110 93 80 106 107 123 93 111 132 130 101 87
32128986 32158095 54439 96.000000 94.000000 54439 54345.000000 94.000000 104 89 75 82 73 77 125 82 104 115 111 95 90
32169772 32198941 54555 66.307693 64.923080 54555 54490.078125 64.923080 81 53 66 64 56 62 77 54 74 74 72 63 48
32209133 32238228 54416 38.153847 37.615383 54416 54378.382812 37.615383 35 38 38 27 29 37 44 33 40 49 50 39 30
32249856 32279024 54551 19.384615 18.923077 54551 54532.078125 18.923077 20 12 16 19 13 16 23 13 23 33 24 22 12
32289186 32318350 54526 8.076923 8.000000 54526 54518.000000 8.000000 14 7 7 5 10 11 14 5 7 9 8 5 2
32330031 32357694 51750 2.846154 2.846154 51750 51747.152344 2.846154 4 4 2 1 5 6 2 2 2 1 1 4 3
32369392 32398503 54462 2.076923 2.076923 54462 54459.921875 2.076923 0 3 2 0 5 1 2 1 4 2 4 1 2
32410199 32437856 51738 0.615385 0.538462 51738 51737.460938 0.538462 0 0 0 0 1 1 0 1 0 1 3 0 0
32449470 32478609 54481 0.230769 0.230769 54481 54480.769531 0.230769 1 1 0 0 0 0 0 0 0 0 0 0 1
32488794 32517915 54446 0.153846 0.153846 54446 54445.847656 0.153846 0 0 0 0 0 0 0 0 0 0 1 1 0
32528151 32557308 54532 0.153846 0.153846 54532 54531.847656 0.153846 0 0 0 0 0 0 0 0 0 1 0 1 0
32621403 32650595 54598 123.384613 120.846153 54598 54477.152344 120.846153 143 136 97 99 99 100 143 103 124 136 151 131 109
