1 1464337522.0 1464337550.0 -0.590493
2 1464337561.0 1464337589.0 -0.541285
3 1464337601.0 1464337630.0 -0.492077
4 1464337641.0 1464337670.0 -0.44287
5 1464337681.0 1464337710.0 -0.393662
6 1464337721.0 1464337749.0 -0.344454
7 1464337761.0 1464337790.0 -0.295246
8 1464337800.0 1464337829.0 -0.246039
9 1464337841.0 1464337870.0 -0.196831
10 1464337880.0 1464337909.0 -0.147623
11 1464337921.0 1464337949.0 -0.098416
12 1464337960.0 1464337988.0 -0.049208
13 1464338001.0 1464338029.0 -0.0
14 1464338041.0 1464338068.0 0.049208
15 1464338081.0 1464338109.0 0.098416
16 1464338121.0 1464338150.0 0.147623
17 1464338161.0 1464338189.0 0.196831
18 1464338201.0 1464338228.0 0.246039
19 1464338240.0 1464338269.0 0.295246
20 1464338281.0 1464338309.0 0.344454
21 1464338320.0 1464338349.0 0.393662
22 1464338361.0 1464338389.0 0.44287
23 1464338400.0 1464338430.0 0.492077
24 1464338440.0 1464338469.0 0.541285
25 1464338479.0 1464338508.0 0.590493 
