27 32
70906880 70936060 7619 16.928572 16.571428 7619 7602.428711 16.571428 22 20 23 14 20 17 8 15 21 16 15 22 9 10
71000093 71027859 7249 0.000000 0.000000 7249 7249.000000 0.000000 0 0 0 0 0 0 0 0 0 0 0 0 0 0
71038061 71067102 7582 0.000000 0.000000 7582 7582.000000 0.000000 0 0 0 0 0 0 0 0 0 0 0 0 0 0
71077300 71105037 7242 0.000000 0.000000 7242 7242.000000 0.000000 0 0 0 0 0 0 0 0 0 0 0 0 0 0
71115230 71144370 7606 0.000000 0.000000 7606 7606.000000 0.000000 0 0 0 0 0 0 0 0 0 0 0 0 0 0
71154564 71182251 7227 0.071429 0.071429 7227 7226.928711 0.071429 0 0 0 0 0 0 0 1 0 0 0 0 0 0
71192465 71221560 7595 0.142857 0.142857 7595 7594.856934 0.142857 0 0 0 0 0 0 0 0 1 0 1 0 0 0
71231752 71259517 7249 0.142857 0.142857 7249 7248.856934 0.142857 0 0 1 0 0 0 0 1 0 0 0 0 0 0
71269711 71298785 7591 1.000000 0.857143 7591 7590.143066 0.857143 0 1 0 1 3 1 1 0 0 1 1 0 2 1
71308984 71336667 7227 2.571429 2.428571 7227 7224.571289 2.428571 3 3 5 2 3 2 2 3 5 0 1 2 2 1
71346862 71376060 7622 6.642857 6.357143 7622 7615.643066 6.357143 6 4 5 7 4 5 2 3 11 8 9 9 8 8
71386257 71413939 7226 10.285714 10.000000 7226 7216.000000 10.000000 16 10 12 15 8 4 10 8 15 10 9 8 6 9
71424137 71453196 7586 15.857142 15.357142 7586 7570.643066 15.357142 23 17 11 14 15 15 17 11 10 19 21 19 10 13
71461973 71491075 7598 17.357143 16.857143 7598 7581.143066 16.857143 15 16 16 13 19 15 17 18 30 19 18 19 15 6
71501270 71530437 7616 13.857142 13.642858 7616 7602.356934 13.642858 15 11 16 12 11 22 9 10 16 16 14 14 9 16
71540633 71568349 7236 10.142858 9.857142 7236 7226.143066 9.857142 17 14 10 8 9 9 13 9 6 7 9 9 8 10
71578541 71607695 7610 7.071429 6.928571 7610 7603.071289 6.928571 8 7 8 8 4 9 3 13 7 9 6 3 3 9
71617923 71645588 7221 3.000000 3.000000 7221 7218.000000 3.000000 3 4 4 0 3 8 3 4 3 5 1 0 0 4
71655724 71684915 7620 0.571429 0.571429 7620 7619.428711 0.571429 0 0 1 0 1 0 0 0 2 2 0 0 1 1
71695115 71722790 7225 0.714286 0.642857 7225 7224.356934 0.642857 0 0 1 2 1 1 1 0 0 1 1 0 1 0
71732988 71762065 7592 0.357143 0.285714 7592 7591.714355 0.285714 1 0 0 1 2 0 0 0 0 0 0 0 0 0
71772260 71800037 7252 0.071429 0.000000 7252 7252.000000 0.000000 0 0 0 0 0 0 0 0 0 0 0 0 0 0
71810202 71839281 7591 0.000000 0.000000 7591 7591.000000 0.000000 0 0 0 0 0 0 0 0 0 0 0 0 0 0
71849485 71877177 7228 0.000000 0.000000 7228 7228.000000 0.000000 0 0 0 0 0 0 0 0 0 0 0 0 0 0
71887367 71916544 7617 0.000000 0.000000 7617 7617.000000 0.000000 0 0 0 0 0 0 0 0 0 0 0 0 0 0
71926737 71954427 7229 0.000000 0.000000 7229 7229.000000 0.000000 0 0 0 0 0 0 0 0 0 0 0 0 0 0
72018562 72046168 7207 15.142858 14.714286 7207 7192.285645 14.714286 13 17 13 19 16 13 17 15 13 14 16 14 9 17
