27 32
70906880 70936060 7619 16.357143 15.785714 7619 7603.214355 15.785714 14 21 22 12 16 12 13 14 19 20 16 16 13 13
71000093 71027859 7249 0.000000 0.000000 7249 7249.000000 0.000000 0 0 0 0 0 0 0 0 0 0 0 0 0 0
71038061 71067102 7583 0.000000 0.000000 7583 7583.000000 0.000000 0 0 0 0 0 0 0 0 0 0 0 0 0 0
71077300 71105037 7242 0.000000 0.000000 7242 7242.000000 0.000000 0 0 0 0 0 0 0 0 0 0 0 0 0 0
71115230 71144370 7608 0.071429 0.071429 7608 7607.928711 0.071429 1 0 0 0 0 0 0 0 0 0 0 0 0 0
71154564 71182251 7227 0.214286 0.214286 7227 7226.785645 0.214286 0 0 2 0 0 1 0 0 0 0 0 0 0 0
71192465 71221560 7595 0.142857 0.142857 7595 7594.856934 0.142857 0 0 0 0 0 0 0 0 1 0 1 0 0 0
71231752 71259517 7249 0.642857 0.642857 7249 7248.356934 0.642857 2 1 0 0 1 1 1 0 1 0 0 1 0 1
71269711 71298785 7592 1.000000 1.000000 7592 7591.000000 1.000000 1 1 1 0 3 1 1 3 1 0 1 1 0 0
71308984 71336667 7229 3.500000 3.357143 7229 7225.643066 3.357143 4 5 0 7 4 4 3 3 3 4 3 3 2 2
71346862 71376060 7621 7.285714 7.071429 7621 7613.928711 7.071429 10 9 9 6 9 6 2 11 3 9 7 8 5 5
71386257 71413939 7225 11.928572 11.571428 7225 7213.428711 11.571428 11 15 11 11 8 17 8 16 10 10 14 14 7 10
71424137 71453196 7585 16.785715 15.928572 7585 7569.071289 15.928572 20 19 13 11 14 12 17 13 16 22 16 13 16 21
71461973 71491075 7599 17.428572 16.928572 7599 7582.071289 16.928572 20 12 22 16 8 18 13 18 17 22 14 22 23 12
71501270 71530437 7617 15.214286 14.642858 7617 7602.356934 14.642858 20 15 17 14 9 15 17 15 16 21 13 12 9 12
71540633 71568349 7236 11.071428 10.785714 7236 7225.214355 10.785714 8 10 14 14 6 13 14 12 16 12 3 11 10 8
71578541 71607695 7611 8.785714 8.642858 7611 7602.356934 8.642858 10 6 12 4 8 10 4 6 12 13 9 8 8 11
71617923 71645588 7222 2.642857 2.642857 7222 7219.356934 2.642857 3 6 2 4 1 2 4 1 3 4 0 5 1 1
71655724 71684915 7621 1.571429 1.428571 7621 7619.571289 1.428571 3 2 0 0 3 1 1 2 2 1 2 0 2 1
71695115 71722790 7227 0.357143 0.357143 7227 7226.643066 0.357143 0 1 0 0 1 1 0 0 0 1 0 1 0 0
71732988 71762065 7593 0.071429 0.071429 7593 7592.928711 0.071429 0 0 0 1 0 0 0 0 0 0 0 0 0 0
71772260 71800037 7254 0.142857 0.000000 7254 7254.000000 0.000000 0 0 0 0 0 0 0 0 0 0 0 0 0 0
71810202 71839281 7590 0.000000 0.000000 7590 7590.000000 0.000000 0 0 0 0 0 0 0 0 0 0 0 0 0 0
71849485 71877177 7228 0.000000 0.000000 7228 7228.000000 0.000000 0 0 0 0 0 0 0 0 0 0 0 0 0 0
71887367 71916544 7616 0.000000 0.000000 7616 7616.000000 0.000000 0 0 0 0 0 0 0 0 0 0 0 0 0 0
71926737 71954427 7230 0.000000 0.000000 7230 7230.000000 0.000000 0 0 0 0 0 0 0 0 0 0 0 0 0 0
72018562 72046168 7209 15.642858 15.428572 7209 7193.571289 15.428572 19 17 14 17 13 12 21 15 27 8 18 11 13 11
