27 32
70906880 70936060 7619 18.071428 17.714285 7619 7601.285645 17.714285 18 17 15 15 13 16 14 17 25 21 21 18 21 17
71000093 71027859 7249 0.000000 0.000000 7249 7249.000000 0.000000 0 0 0 0 0 0 0 0 0 0 0 0 0 0
71038061 71067102 7582 0.000000 0.000000 7582 7582.000000 0.000000 0 0 0 0 0 0 0 0 0 0 0 0 0 0
71077300 71105037 7242 0.000000 0.000000 7242 7242.000000 0.000000 0 0 0 0 0 0 0 0 0 0 0 0 0 0
71115230 71144370 7606 0.000000 0.000000 7606 7606.000000 0.000000 0 0 0 0 0 0 0 0 0 0 0 0 0 0
71154564 71182251 7227 0.142857 0.142857 7227 7226.856934 0.142857 1 0 0 0 0 0 0 0 1 0 0 0 0 0
71192465 71221560 7595 0.000000 0.000000 7595 7595.000000 0.000000 0 0 0 0 0 0 0 0 0 0 0 0 0 0
71231752 71259517 7249 0.285714 0.214286 7249 7248.785645 0.214286 0 1 0 0 0 0 0 0 0 1 1 0 0 0
71269711 71298785 7591 1.214286 1.214286 7591 7589.785645 1.214286 1 2 1 1 0 4 1 1 3 0 0 1 0 2
71308984 71336667 7228 2.714286 2.714286 7228 7225.285645 2.714286 3 2 2 6 2 4 1 4 2 4 3 2 2 1
71346862 71376060 7622 7.857143 7.500000 7622 7614.500000 7.500000 12 8 5 8 8 5 8 9 9 10 7 7 5 4
71386257 71413939 7225 11.071428 10.785714 7225 7214.214355 10.785714 8 15 8 7 11 10 12 16 9 18 11 7 10 9
71424137 71453196 7586 17.142857 16.428572 7586 7569.571289 16.428572 19 13 24 15 18 15 11 16 18 23 17 18 14 9
71461973 71491075 7598 17.714285 17.357143 7598 7580.643066 17.357143 21 16 14 13 18 15 12 26 14 30 19 13 20 12
71501270 71530437 7616 14.214286 14.000000 7616 7602.000000 14.000000 19 8 6 10 19 18 15 21 15 14 8 13 16 14
71540633 71568349 7236 11.928572 11.500000 7236 7224.500000 11.500000 11 15 11 8 11 13 8 11 14 14 14 14 9 8
71578541 71607695 7610 6.142857 6.071429 7610 7603.928711 6.071429 11 6 5 6 4 6 4 7 4 11 6 7 4 4
71617923 71645588 7221 2.214286 2.071429 7221 7218.928711 2.071429 2 3 4 2 1 2 1 2 1 3 3 0 3 2
71655724 71684915 7620 1.428571 1.357143 7620 7618.643066 1.357143 2 2 0 1 1 0 0 1 2 4 2 2 2 0
71695115 71722790 7225 0.285714 0.285714 7225 7224.714355 0.285714 1 0 0 1 0 1 0 0 1 0 0 0 0 0
71732988 71762065 7592 0.000000 0.000000 7592 7592.000000 0.000000 0 0 0 0 0 0 0 0 0 0 0 0 0 0
71772260 71800037 7252 0.000000 0.000000 7252 7252.000000 0.000000 0 0 0 0 0 0 0 0 0 0 0 0 0 0
71810202 71839281 7591 0.000000 0.000000 7591 7591.000000 0.000000 0 0 0 0 0 0 0 0 0 0 0 0 0 0
71849485 71877177 7228 0.000000 0.000000 7228 7228.000000 0.000000 0 0 0 0 0 0 0 0 0 0 0 0 0 0
71887367 71916544 7616 0.000000 0.000000 7616 7616.000000 0.000000 0 0 0 0 0 0 0 0 0 0 0 0 0 0
71926737 71954427 7230 0.000000 0.000000 7230 7230.000000 0.000000 0 0 0 0 0 0 0 0 0 0 0 0 0 0
72018562 72046168 7207 15.857142 15.500000 7207 7191.500000 15.500000 16 16 18 16 11 14 15 16 9 18 30 12 12 14
