27 32
70906880 70936060 7620 16.071428 15.785714 7620 7604.214355 15.785714 18 18 11 12 14 19 6 18 21 19 16 16 17 16
71000093 71027859 7250 0.000000 0.000000 7250 7250.000000 0.000000 0 0 0 0 0 0 0 0 0 0 0 0 0 0
71038061 71067102 7583 0.000000 0.000000 7583 7583.000000 0.000000 0 0 0 0 0 0 0 0 0 0 0 0 0 0
71077300 71105037 7242 0.000000 0.000000 7242 7242.000000 0.000000 0 0 0 0 0 0 0 0 0 0 0 0 0 0
71115230 71144370 7606 0.071429 0.071429 7606 7605.928711 0.071429 0 0 0 0 0 0 0 0 0 0 1 0 0 0
71154564 71182251 7226 0.000000 0.000000 7226 7226.000000 0.000000 0 0 0 0 0 0 0 0 0 0 0 0 0 0
71192465 71221560 7595 0.357143 0.357143 7595 7594.643066 0.357143 0 1 1 0 0 0 1 1 0 0 0 1 0 0
71231752 71259517 7249 0.357143 0.357143 7249 7248.643066 0.357143 0 2 0 0 0 0 0 0 1 1 0 0 1 0
71269711 71298785 7592 1.214286 1.142857 7592 7590.856934 1.142857 1 0 0 0 2 2 0 2 1 2 4 2 0 0
71308984 71336667 7227 3.071429 3.000000 7227 7224.000000 3.000000 4 4 5 2 4 0 0 3 2 3 6 0 6 3
71346862 71376060 7622 7.928571 7.642857 7622 7614.356934 7.642857 11 9 4 6 6 5 11 9 8 10 7 7 11 3
71386257 71413939 7225 10.500000 10.214286 7225 7214.785645 10.214286 12 11 6 8 14 10 12 9 8 11 11 15 10 6
71424137 71453196 7585 14.642858 14.071428 7585 7570.928711 14.071428 22 16 12 13 12 11 13 18 17 18 17 10 11 7
71461973 71491075 7599 16.571428 16.071428 7599 7582.928711 16.071428 21 18 15 10 8 15 17 14 17 21 20 18 15 16
71501270 71530437 7615 12.642858 11.928572 7615 7603.071289 11.928572 14 7 13 9 14 15 14 19 18 9 10 11 8 6
71540633 71568349 7237 10.214286 9.857142 7237 7227.143066 9.857142 10 9 11 4 12 9 14 16 12 15 8 6 8 4
71578541 71607695 7610 6.714286 6.714286 7610 7603.285645 6.714286 4 7 6 6 7 9 5 5 11 8 7 6 5 8
71617923 71645588 7220 2.500000 2.357143 7220 7217.643066 2.357143 1 1 2 4 1 3 5 2 4 4 2 1 1 2
71655724 71684915 7620 1.785714 1.785714 7620 7618.214355 1.785714 3 2 1 4 2 3 1 2 2 2 2 0 0 1
71695115 71722790 7225 0.357143 0.357143 7225 7224.643066 0.357143 1 1 0 0 0 1 1 1 0 0 0 0 0 0
71732988 71762065 7592 0.142857 0.142857 7592 7591.856934 0.142857 0 0 1 0 0 0 0 1 0 0 0 0 0 0
71772260 71800037 7252 0.142857 0.142857 7252 7251.856934 0.142857 0 0 0 0 0 0 0 0 0 0 1 0 0 1
71810202 71839281 7591 0.000000 0.000000 7591 7591.000000 0.000000 0 0 0 0 0 0 0 0 0 0 0 0 0 0
71849485 71877177 7228 0.142857 0.142857 7228 7227.856934 0.142857 0 0 0 0 0 0 0 0 1 0 0 1 0 0
71887367 71916544 7616 0.000000 0.000000 7616 7616.000000 0.000000 0 0 0 0 0 0 0 0 0 0 0 0 0 0
71926737 71954427 7229 0.000000 0.000000 7229 7229.000000 0.000000 0 0 0 0 0 0 0 0 0 0 0 0 0 0
72018562 72046168 7207 14.857142 14.642858 7207 7192.356934 14.642858 17 13 11 14 15 19 12 16 15 22 15 16 7 13
