27 32
70906880 70936060 7619 16.928572 16.714285 7619 7602.285645 16.714285 20 17 19 12 10 22 11 13 27 16 19 23 9 16
71000093 71027859 7249 0.071429 0.000000 7249 7249.000000 0.000000 0 0 0 0 0 0 0 0 0 0 0 0 0 0
71038061 71067102 7583 0.000000 0.000000 7583 7583.000000 0.000000 0 0 0 0 0 0 0 0 0 0 0 0 0 0
71077300 71105037 7242 0.142857 0.071429 7242 7241.928711 0.071429 0 0 0 0 0 1 0 0 0 0 0 0 0 0
71115230 71144370 7607 0.071429 0.071429 7607 7606.928711 0.071429 0 0 0 1 0 0 0 0 0 0 0 0 0 0
71154564 71182251 7227 0.071429 0.071429 7227 7226.928711 0.071429 1 0 0 0 0 0 0 0 0 0 0 0 0 0
71192465 71221560 7595 0.071429 0.071429 7595 7594.928711 0.071429 1 0 0 0 0 0 0 0 0 0 0 0 0 0
71231752 71259517 7249 0.428571 0.357143 7249 7248.643066 0.357143 1 1 1 0 0 1 0 1 0 0 0 0 0 0
71269711 71298785 7592 0.857143 0.785714 7592 7591.214355 0.785714 0 2 2 0 0 0 0 0 2 1 0 2 1 1
71308984 71336667 7227 2.285714 2.214286 7227 7224.785645 2.214286 3 1 2 3 2 1 3 2 1 2 4 2 1 4
71346862 71376060 7622 6.714286 6.500000 7622 7615.500000 6.500000 8 7 11 6 4 4 5 7 7 6 5 8 5 8
71386257 71413939 7225 13.071428 12.714286 7225 7212.285645 12.714286 13 11 13 11 11 13 8 18 19 13 12 10 13 13
71424137 71453196 7585 17.142857 16.642857 7585 7568.356934 16.642857 19 15 21 14 13 15 11 16 17 28 17 14 13 20
71461973 71491075 7599 19.214285 18.571428 7599 7580.428711 18.571428 24 18 15 13 15 17 16 18 30 28 13 24 13 16
71501270 71530437 7615 15.214286 14.785714 7615 7600.214355 14.785714 23 18 8 17 13 17 19 16 17 11 14 18 11 5
71540633 71568349 7236 10.857142 10.500000 7236 7225.500000 10.500000 9 19 11 9 10 6 15 10 14 15 7 8 9 5
71578541 71607695 7610 7.857143 7.571429 7610 7602.428711 7.571429 9 8 5 5 7 10 5 5 11 9 10 8 5 9
71617923 71645588 7221 3.357143 3.142857 7221 7217.856934 3.142857 2 4 2 2 3 4 1 4 1 6 5 1 5 4
71655724 71684915 7619 1.500000 1.500000 7619 7617.500000 1.500000 3 1 1 1 2 3 1 0 2 0 0 3 2 2
71695115 71722790 7225 0.285714 0.285714 7225 7224.714355 0.285714 1 1 0 0 0 0 0 0 0 0 1 0 1 0
71732988 71762065 7592 0.000000 0.000000 7592 7592.000000 0.000000 0 0 0 0 0 0 0 0 0 0 0 0 0 0
71772260 71800037 7252 0.142857 0.142857 7252 7251.856934 0.142857 0 0 0 0 1 1 0 0 0 0 0 0 0 0
71810202 71839281 7589 0.000000 0.000000 7589 7589.000000 0.000000 0 0 0 0 0 0 0 0 0 0 0 0 0 0
71849485 71877177 7227 0.000000 0.000000 7227 7227.000000 0.000000 0 0 0 0 0 0 0 0 0 0 0 0 0 0
71887367 71916544 7616 0.000000 0.000000 7616 7616.000000 0.000000 0 0 0 0 0 0 0 0 0 0 0 0 0 0
71926737 71954427 7230 0.071429 0.071429 7230 7229.928711 0.071429 0 0 0 0 1 0 0 0 0 0 0 0 0 0
72018562 72046168 7207 17.357143 16.642857 7207 7190.356934 16.642857 22 15 16 12 21 12 15 15 17 14 19 23 11 21
