27 32
70906880 70936060 7620 15.928572 15.500000 7620 7604.500000 15.500000 22 11 17 15 19 21 14 20 15 12 13 16 12 10
71000093 71027859 7250 0.000000 0.000000 7250 7250.000000 0.000000 0 0 0 0 0 0 0 0 0 0 0 0 0 0
71038061 71067102 7583 0.071429 0.000000 7583 7583.000000 0.000000 0 0 0 0 0 0 0 0 0 0 0 0 0 0
71077300 71105037 7241 0.000000 0.000000 7241 7241.000000 0.000000 0 0 0 0 0 0 0 0 0 0 0 0 0 0
71115230 71144370 7606 0.000000 0.000000 7606 7606.000000 0.000000 0 0 0 0 0 0 0 0 0 0 0 0 0 0
71154564 71182251 7226 0.000000 0.000000 7226 7226.000000 0.000000 0 0 0 0 0 0 0 0 0 0 0 0 0 0
71192465 71221560 7595 0.214286 0.214286 7595 7594.785645 0.214286 0 0 0 0 0 1 0 0 0 1 0 0 1 0
71231752 71259517 7249 0.214286 0.142857 7249 7248.856934 0.142857 0 0 0 0 0 0 2 0 0 0 0 0 0 0
71269711 71298785 7592 0.785714 0.785714 7592 7591.214355 0.785714 0 2 1 0 0 2 1 1 1 1 1 0 1 0
71308984 71336667 7227 3.214286 3.214286 7227 7223.785645 3.214286 6 1 3 4 5 7 3 1 2 1 2 5 3 2
71346862 71376060 7622 7.357143 7.214286 7622 7614.785645 7.214286 9 8 6 7 10 10 2 8 3 6 12 8 7 5
71386257 71413939 7225 11.357142 11.142858 7225 7213.856934 11.142858 11 14 17 10 9 9 15 9 13 10 19 10 5 5
71424137 71453196 7585 15.571428 15.000000 7585 7570.000000 15.000000 21 10 9 13 13 16 17 18 21 20 14 12 10 16
71461973 71491075 7599 16.071428 15.714286 7599 7583.285645 15.714286 21 13 16 14 16 12 15 24 17 17 18 13 11 13
71501270 71530437 7616 14.428572 14.071428 7616 7601.928711 14.071428 14 20 9 8 15 16 12 18 15 15 12 19 12 12
71540633 71568349 7237 11.142858 10.500000 7237 7226.500000 10.500000 7 15 12 10 13 11 4 12 11 14 10 11 9 8
71578541 71607695 7610 6.500000 6.357143 7610 7603.643066 6.357143 6 5 5 5 5 6 4 8 10 5 7 7 6 10
71617923 71645588 7220 3.357143 3.357143 7220 7216.643066 3.357143 4 4 4 5 3 0 1 6 3 3 5 3 2 4
71655724 71684915 7620 1.214286 1.214286 7620 7618.785645 1.214286 0 1 1 1 0 1 2 0 1 2 1 0 3 4
71695115 71722790 7225 0.428571 0.428571 7225 7224.571289 0.428571 0 1 0 0 0 0 0 0 1 1 1 1 1 0
71732988 71762065 7592 0.142857 0.142857 7592 7591.856934 0.142857 0 0 0 0 0 0 0 0 1 0 0 0 0 1
71772260 71800037 7252 0.142857 0.142857 7252 7251.856934 0.142857 0 0 0 0 0 0 0 0 0 1 1 0 0 0
71810202 71839281 7591 0.000000 0.000000 7591 7591.000000 0.000000 0 0 0 0 0 0 0 0 0 0 0 0 0 0
71849485 71877177 7228 0.000000 0.000000 7228 7228.000000 0.000000 0 0 0 0 0 0 0 0 0 0 0 0 0 0
71887367 71916544 7616 0.000000 0.000000 7616 7616.000000 0.000000 0 0 0 0 0 0 0 0 0 0 0 0 0 0
71926737 71954427 7229 0.000000 0.000000 7229 7229.000000 0.000000 0 0 0 0 0 0 0 0 0 0 0 0 0 0
72018562 72046168 7207 17.071428 16.642857 7207 7190.356934 16.642857 18 15 13 8 24 20 20 21 27 10 20 13 14 10
