27 32
70906880 70936060 7619 16.285715 16.214285 7619 7602.785645 16.214285 19 12 16 15 22 21 14 13 22 18 19 15 15 6
71000093 71027859 7249 0.000000 0.000000 7249 7249.000000 0.000000 0 0 0 0 0 0 0 0 0 0 0 0 0 0
71038061 71067102 7582 0.000000 0.000000 7582 7582.000000 0.000000 0 0 0 0 0 0 0 0 0 0 0 0 0 0
71077300 71105037 7242 0.000000 0.000000 7242 7242.000000 0.000000 0 0 0 0 0 0 0 0 0 0 0 0 0 0
71115230 71144370 7606 0.142857 0.071429 7606 7605.928711 0.071429 0 0 0 0 0 0 0 0 0 0 0 0 1 0
71154564 71182251 7227 0.071429 0.071429 7227 7226.928711 0.071429 0 0 0 0 0 0 0 0 0 1 0 0 0 0
71192465 71221560 7595 0.285714 0.285714 7595 7594.714355 0.285714 0 0 1 1 0 0 0 0 0 2 0 0 0 0
71231752 71259517 7249 0.428571 0.428571 7249 7248.571289 0.428571 0 1 0 0 0 0 0 1 1 0 0 2 1 0
71269711 71298785 7591 1.142857 1.142857 7591 7589.856934 1.142857 2 3 0 0 0 2 0 1 1 2 1 2 2 0
71308984 71336667 7228 3.071429 2.928571 7228 7225.071289 2.928571 5 3 3 0 5 2 3 2 3 5 5 1 3 1
71346862 71376060 7622 5.500000 5.357143 7622 7616.643066 5.357143 5 9 5 3 5 4 6 3 5 6 10 2 4 8
71386257 71413939 7225 11.571428 11.285714 7225 7213.714355 11.285714 15 13 11 11 7 10 8 9 14 15 14 14 9 8
71424137 71453196 7586 14.642858 14.071428 7586 7571.928711 14.071428 19 16 11 12 11 15 12 13 16 21 16 12 8 15
71461973 71491075 7598 19.000000 18.357143 7598 7579.643066 18.357143 18 14 18 14 23 22 14 11 16 27 20 24 21 15
71501270 71530437 7616 13.785714 13.500000 7616 7602.500000 13.500000 16 10 13 13 12 14 9 14 12 10 25 15 9 17
71540633 71568349 7236 12.000000 11.500000 7236 7224.500000 11.500000 14 12 16 9 11 11 8 12 4 11 19 13 9 12
71578541 71607695 7610 6.500000 6.357143 7610 7603.643066 6.357143 3 7 3 8 7 10 7 4 7 2 8 6 12 5
71617923 71645588 7221 3.714286 3.500000 7221 7217.500000 3.500000 1 6 1 2 3 5 6 2 1 7 5 3 4 3
71655724 71684915 7620 1.285714 1.285714 7620 7618.714355 1.285714 1 1 0 0 0 2 2 1 3 1 0 1 4 2
71695115 71722790 7225 0.571429 0.571429 7225 7224.428711 0.571429 1 0 2 0 1 0 1 1 0 1 0 1 0 0
71732988 71762065 7592 0.142857 0.142857 7592 7591.856934 0.142857 0 0 0 0 0 0 0 0 1 0 0 1 0 0
71772260 71800037 7252 0.142857 0.071429 7252 7251.928711 0.071429 1 0 0 0 0 0 0 0 0 0 0 0 0 0
71810202 71839281 7591 0.000000 0.000000 7591 7591.000000 0.000000 0 0 0 0 0 0 0 0 0 0 0 0 0 0
71849485 71877177 7228 0.000000 0.000000 7228 7228.000000 0.000000 0 0 0 0 0 0 0 0 0 0 0 0 0 0
71887367 71916544 7617 0.000000 0.000000 7617 7617.000000 0.000000 0 0 0 0 0 0 0 0 0 0 0 0 0 0
71926737 71954427 7230 0.000000 0.000000 7230 7230.000000 0.000000 0 0 0 0 0 0 0 0 0 0 0 0 0 0
72018562 72046168 7207 17.357143 16.928572 7207 7190.071289 16.928572 22 20 13 18 18 22 16 10 19 14 21 17 13 14
