27 32
70906880 70936060 7619 12.142858 11.714286 7619 7607.285645 11.714286 16 9 12 14 13 8 16 11 15 9 12 8 13 8
71000093 71027859 7250 0.142857 0.142857 7250 7249.856934 0.142857 0 1 0 1 0 0 0 0 0 0 0 0 0 0
71038061 71067102 7583 0.000000 0.000000 7583 7583.000000 0.000000 0 0 0 0 0 0 0 0 0 0 0 0 0 0
71077300 71105037 7241 0.000000 0.000000 7241 7241.000000 0.000000 0 0 0 0 0 0 0 0 0 0 0 0 0 0
71115230 71144370 7606 0.071429 0.071429 7606 7605.928711 0.071429 0 0 1 0 0 0 0 0 0 0 0 0 0 0
71154564 71182251 7226 0.000000 0.000000 7226 7226.000000 0.000000 0 0 0 0 0 0 0 0 0 0 0 0 0 0
71192465 71221560 7595 0.285714 0.285714 7595 7594.714355 0.285714 1 1 0 0 0 1 0 0 0 0 0 0 0 1
71231752 71259517 7249 1.071429 1.000000 7249 7248.000000 1.000000 2 1 1 1 0 0 0 1 1 0 2 0 3 2
71269711 71298785 7591 2.071429 2.071429 7591 7588.928711 2.071429 1 1 1 4 2 0 2 1 2 2 5 2 3 3
71308984 71336667 7227 4.214286 4.071429 7227 7222.928711 4.071429 4 3 2 5 3 6 5 3 2 10 6 1 4 3
71346862 71376060 7622 7.071429 6.928571 7622 7615.071289 6.928571 10 4 6 9 9 7 5 6 10 6 8 9 1 7
71386257 71413939 7226 9.785714 9.357142 7226 7216.643066 9.357142 13 9 13 7 7 12 3 11 14 10 6 10 8 8
71424137 71453196 7586 14.428572 14.071428 7586 7571.928711 14.071428 13 16 13 11 10 15 14 15 16 19 14 16 14 11
71461973 71491075 7598 13.857142 13.428572 7598 7584.571289 13.428572 17 11 20 13 12 20 13 9 15 20 13 10 9 6
71501270 71530437 7616 12.142858 11.857142 7616 7604.143066 11.857142 11 12 13 8 11 11 15 17 17 13 13 10 11 4
71540633 71568349 7236 9.714286 9.357142 7236 7226.643066 9.357142 10 9 9 8 9 10 5 13 9 15 9 7 10 8
71578541 71607695 7610 7.785714 7.571429 7610 7602.428711 7.571429 12 6 4 9 8 5 8 6 9 10 9 4 8 8
71617923 71645588 7220 4.214286 4.000000 7220 7216.000000 4.000000 5 8 1 5 4 5 3 5 8 3 3 2 2 2
71655724 71684915 7620 2.285714 2.285714 7620 7617.714355 2.285714 2 1 2 3 3 3 2 2 3 4 1 1 1 4
71695115 71722790 7225 1.142857 1.142857 7225 7223.856934 1.142857 1 0 2 1 0 0 3 2 2 1 2 1 0 1
71732988 71762065 7592 0.357143 0.357143 7592 7591.643066 0.357143 1 0 0 1 1 1 0 0 0 1 0 0 0 0
71772260 71800037 7252 0.285714 0.214286 7252 7251.785645 0.214286 0 0 0 1 0 0 0 1 0 0 0 0 0 1
71810202 71839281 7591 0.000000 0.000000 7591 7591.000000 0.000000 0 0 0 0 0 0 0 0 0 0 0 0 0 0
71849485 71877177 7228 0.000000 0.000000 7228 7228.000000 0.000000 0 0 0 0 0 0 0 0 0 0 0 0 0 0
71887367 71916544 7617 0.000000 0.000000 7617 7617.000000 0.000000 0 0 0 0 0 0 0 0 0 0 0 0 0 0
71926737 71954427 7229 0.000000 0.000000 7229 7229.000000 0.000000 0 0 0 0 0 0 0 0 0 0 0 0 0 0
72018562 72046168 7207 14.142858 13.857142 7207 7193.143066 13.857142 13 17 14 10 18 10 15 9 15 16 12 17 12 16
