27 32
70906880 70936060 7619 18.500000 18.071428 7619 7600.928711 18.071428 24 18 24 16 19 13 23 18 21 18 14 12 17 16
71000093 71027859 7249 0.000000 0.000000 7249 7249.000000 0.000000 0 0 0 0 0 0 0 0 0 0 0 0 0 0
71038061 71067102 7583 0.000000 0.000000 7583 7583.000000 0.000000 0 0 0 0 0 0 0 0 0 0 0 0 0 0
71077300 71105037 7242 0.000000 0.000000 7242 7242.000000 0.000000 0 0 0 0 0 0 0 0 0 0 0 0 0 0
71115230 71144370 7607 0.000000 0.000000 7607 7607.000000 0.000000 0 0 0 0 0 0 0 0 0 0 0 0 0 0
71154564 71182251 7227 0.000000 0.000000 7227 7227.000000 0.000000 0 0 0 0 0 0 0 0 0 0 0 0 0 0
71192465 71221560 7595 0.428571 0.428571 7595 7594.571289 0.428571 1 1 0 0 1 1 0 1 0 0 1 0 0 0
71231752 71259517 7249 0.357143 0.357143 7249 7248.643066 0.357143 1 0 1 0 0 1 0 0 0 1 1 0 0 0
71269711 71298785 7592 1.428571 1.214286 7592 7590.785645 1.214286 1 1 3 0 0 0 1 2 3 0 0 1 4 1
71308984 71336667 7227 2.857143 2.642857 7227 7224.356934 2.642857 2 6 1 2 5 2 4 2 4 1 4 1 2 1
71346862 71376060 7622 7.428571 7.142857 7622 7614.856934 7.142857 8 4 7 7 6 9 8 4 8 9 7 6 7 10
71386257 71413939 7225 10.142858 9.928572 7225 7215.071289 9.928572 14 14 5 9 9 13 4 13 14 9 6 11 12 6
71424137 71453196 7585 15.000000 14.500000 7585 7570.500000 14.500000 20 12 14 11 16 14 13 11 11 12 14 16 21 18
71461973 71491075 7599 17.500000 17.071428 7599 7581.928711 17.071428 20 19 18 16 18 22 12 14 11 22 18 17 13 19
71501270 71530437 7615 16.142857 15.785714 7615 7599.214355 15.785714 14 17 23 14 12 17 17 18 20 15 21 10 13 10
71540633 71568349 7236 10.428572 9.928572 7236 7226.071289 9.928572 12 13 5 16 7 9 10 9 10 16 13 8 6 5
71578541 71607695 7610 7.000000 6.857143 7610 7603.143066 6.857143 7 5 8 4 8 7 8 9 10 13 7 2 4 4
71617923 71645588 7221 3.571429 3.571429 7221 7217.428711 3.571429 5 8 2 4 6 0 3 5 1 3 0 2 7 4
71655724 71684915 7619 0.714286 0.714286 7619 7618.285645 0.714286 1 0 0 1 0 0 1 1 2 2 0 0 2 0
71695115 71722790 7225 0.428571 0.357143 7225 7224.643066 0.357143 0 1 1 0 0 0 1 0 0 0 0 1 0 1
71732988 71762065 7592 0.142857 0.142857 7592 7591.856934 0.142857 1 0 0 1 0 0 0 0 0 0 0 0 0 0
71772260 71800037 7252 0.142857 0.071429 7252 7251.928711 0.071429 0 0 1 0 0 0 0 0 0 0 0 0 0 0
71810202 71839281 7590 0.000000 0.000000 7590 7590.000000 0.000000 0 0 0 0 0 0 0 0 0 0 0 0 0 0
71849485 71877177 7227 0.000000 0.000000 7227 7227.000000 0.000000 0 0 0 0 0 0 0 0 0 0 0 0 0 0
71887367 71916544 7616 0.000000 0.000000 7616 7616.000000 0.000000 0 0 0 0 0 0 0 0 0 0 0 0 0 0
71926737 71954427 7229 0.000000 0.000000 7229 7229.000000 0.000000 0 0 0 0 0 0 0 0 0 0 0 0 0 0
72018562 72046168 7207 16.857143 16.642857 7207 7190.356934 16.642857 17 13 22 13 14 14 12 27 12 25 21 14 15 14
