27 32
70906880 70936060 7620 14.571428 14.428572 7620 7605.571289 14.428572 16 8 16 14 14 14 11 20 17 16 13 15 16 12
71000093 71027859 7249 0.000000 0.000000 7249 7249.000000 0.000000 0 0 0 0 0 0 0 0 0 0 0 0 0 0
71038061 71067102 7583 0.000000 0.000000 7583 7583.000000 0.000000 0 0 0 0 0 0 0 0 0 0 0 0 0 0
71077300 71105037 7243 0.000000 0.000000 7243 7243.000000 0.000000 0 0 0 0 0 0 0 0 0 0 0 0 0 0
71115230 71144370 7608 0.000000 0.000000 7608 7608.000000 0.000000 0 0 0 0 0 0 0 0 0 0 0 0 0 0
71154564 71182251 7228 0.142857 0.142857 7228 7227.856934 0.142857 0 0 0 0 1 0 0 1 0 0 0 0 0 0
71192465 71221560 7596 0.071429 0.071429 7596 7595.928711 0.071429 0 0 0 0 0 0 0 0 0 0 0 0 0 1
71231752 71259517 7249 0.642857 0.642857 7249 7248.356934 0.642857 1 1 1 1 0 1 0 2 0 1 0 0 0 1
71269711 71298785 7592 1.142857 1.000000 7592 7591.000000 1.000000 0 0 1 0 3 0 0 4 1 1 1 2 0 1
71308984 71336667 7229 3.214286 3.142857 7229 7225.856934 3.142857 3 3 5 2 5 5 4 0 5 6 1 3 1 1
71346862 71376060 7621 8.785714 8.571428 7621 7612.428711 8.571428 11 8 9 2 8 5 12 8 10 14 11 7 6 9
71386257 71413939 7225 12.357142 12.000000 7225 7213.000000 12.000000 13 10 8 9 13 14 10 12 18 16 16 13 6 10
71424137 71453196 7586 16.857143 16.500000 7586 7569.500000 16.500000 18 16 11 15 19 22 15 20 16 23 17 18 12 9
71461973 71491075 7599 18.500000 18.285715 7599 7580.714355 18.285715 24 14 27 14 18 21 11 18 20 18 23 21 15 12
71501270 71530437 7616 15.428572 14.857142 7616 7601.143066 14.857142 19 13 10 9 12 19 15 16 14 18 19 13 19 12
71540633 71568349 7237 11.214286 10.928572 7237 7226.071289 10.928572 18 8 8 10 6 15 13 10 16 16 10 9 9 5
71578541 71607695 7613 5.571429 5.428571 7613 7607.571289 5.428571 2 2 5 7 6 8 3 11 7 8 6 4 3 4
71617923 71645588 7223 3.285714 3.214286 7223 7219.785645 3.214286 5 4 4 6 3 1 1 2 4 8 2 3 2 0
71655724 71684915 7622 1.571429 1.571429 7622 7620.428711 1.571429 0 0 1 5 3 2 1 2 1 1 3 0 2 1
71695115 71722790 7228 0.571429 0.571429 7228 7227.428711 0.571429 0 1 0 0 0 1 0 2 2 0 0 1 0 1
71732988 71762065 7593 0.071429 0.071429 7593 7592.928711 0.071429 0 0 0 0 0 1 0 0 0 0 0 0 0 0
71772260 71800037 7255 0.142857 0.142857 7255 7254.856934 0.142857 1 0 0 0 0 0 0 0 1 0 0 0 0 0
71810202 71839281 7590 0.000000 0.000000 7590 7590.000000 0.000000 0 0 0 0 0 0 0 0 0 0 0 0 0 0
71849485 71877177 7228 0.000000 0.000000 7228 7228.000000 0.000000 0 0 0 0 0 0 0 0 0 0 0 0 0 0
71887367 71916544 7616 0.000000 0.000000 7616 7616.000000 0.000000 0 0 0 0 0 0 0 0 0 0 0 0 0 0
71926737 71954427 7230 0.000000 0.000000 7230 7230.000000 0.000000 0 0 0 0 0 0 0 0 0 0 0 0 0 0
72018562 72046168 7209 16.214285 15.785714 7209 7193.214355 15.785714 13 15 18 12 16 22 25 14 14 14 10 22 15 11
