27 32
70906880 70936060 7619 17.000000 16.714285 7619 7602.285645 16.714285 12 15 21 15 15 22 16 20 20 18 16 19 12 13
71000093 71027859 7249 0.071429 0.071429 7249 7248.928711 0.071429 0 0 0 0 0 0 0 0 1 0 0 0 0 0
71038061 71067102 7583 0.000000 0.000000 7583 7583.000000 0.000000 0 0 0 0 0 0 0 0 0 0 0 0 0 0
71077300 71105037 7241 0.000000 0.000000 7241 7241.000000 0.000000 0 0 0 0 0 0 0 0 0 0 0 0 0 0
71115230 71144370 7606 0.000000 0.000000 7606 7606.000000 0.000000 0 0 0 0 0 0 0 0 0 0 0 0 0 0
71154564 71182251 7226 0.000000 0.000000 7226 7226.000000 0.000000 0 0 0 0 0 0 0 0 0 0 0 0 0 0
71192465 71221560 7595 0.214286 0.214286 7595 7594.785645 0.214286 0 0 1 0 0 0 0 0 1 0 1 0 0 0
71231752 71259517 7249 0.357143 0.357143 7249 7248.643066 0.357143 0 0 1 2 0 1 0 0 0 0 0 1 0 0
71269711 71298785 7591 1.785714 1.785714 7591 7589.214355 1.785714 1 2 2 3 3 2 0 1 0 2 3 2 3 1
71308984 71336667 7227 3.928571 3.928571 7227 7223.071289 3.928571 3 2 1 6 3 8 6 2 7 6 6 3 2 0
71346862 71376060 7622 5.500000 5.214286 7622 7616.785645 5.214286 3 1 5 7 3 3 6 5 5 7 13 6 5 4
71386257 71413939 7226 10.285714 10.142858 7226 7215.856934 10.142858 7 13 11 13 12 6 11 11 3 11 8 10 13 13
71424137 71453196 7586 15.642858 15.285714 7586 7570.714355 15.285714 18 16 18 15 18 14 11 16 13 16 14 18 12 15
71461973 71491075 7598 17.214285 16.714285 7598 7581.285645 16.714285 21 11 20 15 18 8 12 19 22 23 15 24 13 13
71501270 71530437 7616 13.428572 13.142858 7616 7602.856934 13.142858 24 13 15 17 11 13 15 1 10 19 19 15 5 7
71540633 71568349 7236 9.928572 9.571428 7236 7226.428711 9.571428 14 9 4 5 12 10 5 7 8 15 15 11 9 10
71578541 71607695 7610 6.928571 6.714286 7610 7603.285645 6.714286 12 5 12 9 6 5 8 6 5 6 7 2 9 2
71617923 71645588 7220 2.928571 2.785714 7220 7217.214355 2.785714 4 4 2 5 3 3 2 3 2 2 3 3 2 1
71655724 71684915 7620 1.071429 1.071429 7620 7618.928711 1.071429 1 1 3 1 1 1 0 1 2 1 1 1 1 0
71695115 71722790 7225 0.285714 0.285714 7225 7224.714355 0.285714 1 0 0 0 0 0 0 0 1 0 1 0 1 0
71732988 71762065 7592 0.071429 0.071429 7592 7591.928711 0.071429 0 0 0 0 0 0 0 1 0 0 0 0 0 0
71772260 71800037 7252 0.000000 0.000000 7252 7252.000000 0.000000 0 0 0 0 0 0 0 0 0 0 0 0 0 0
71810202 71839281 7591 0.000000 0.000000 7591 7591.000000 0.000000 0 0 0 0 0 0 0 0 0 0 0 0 0 0
71849485 71877177 7228 0.000000 0.000000 7228 7228.000000 0.000000 0 0 0 0 0 0 0 0 0 0 0 0 0 0
71887367 71916544 7617 0.000000 0.000000 7617 7617.000000 0.000000 0 0 0 0 0 0 0 0 0 0 0 0 0 0
71926737 71954427 7229 0.000000 0.000000 7229 7229.000000 0.000000 0 0 0 0 0 0 0 0 0 0 0 0 0 0
72018562 72046168 7207 15.357142 15.071428 7207 7191.928711 15.071428 21 16 13 13 16 18 13 19 13 23 10 13 8 15
