27 32
70906880 70936060 7619 15.571428 15.285714 7619 7603.714355 15.285714 13 11 10 19 8 20 18 16 19 15 21 23 8 13
71000093 71027859 7249 0.000000 0.000000 7249 7249.000000 0.000000 0 0 0 0 0 0 0 0 0 0 0 0 0 0
71038061 71067102 7583 0.000000 0.000000 7583 7583.000000 0.000000 0 0 0 0 0 0 0 0 0 0 0 0 0 0
71077300 71105037 7242 0.000000 0.000000 7242 7242.000000 0.000000 0 0 0 0 0 0 0 0 0 0 0 0 0 0
71115230 71144370 7607 0.071429 0.071429 7607 7606.928711 0.071429 0 0 0 0 0 0 1 0 0 0 0 0 0 0
71154564 71182251 7227 0.071429 0.071429 7227 7226.928711 0.071429 1 0 0 0 0 0 0 0 0 0 0 0 0 0
71192465 71221560 7594 0.285714 0.214286 7594 7593.785645 0.214286 0 0 0 0 0 0 0 1 1 0 0 0 1 0
71231752 71259517 7250 0.857143 0.642857 7250 7249.356934 0.642857 0 0 0 0 1 0 1 1 0 2 1 0 2 1
71269711 71298785 7591 1.500000 1.428571 7591 7589.571289 1.428571 0 0 0 0 4 2 1 0 5 3 0 2 2 1
71308984 71336667 7229 4.357143 4.357143 7229 7224.643066 4.357143 8 5 3 3 5 4 4 4 3 6 6 2 5 3
71346862 71376060 7621 6.714286 6.500000 7621 7614.500000 6.500000 6 4 8 3 8 4 8 3 4 12 13 6 7 5
71386257 71413939 7225 11.857142 11.428572 7225 7213.571289 11.428572 7 15 14 10 11 10 8 12 11 15 9 16 14 8
71424137 71453196 7585 14.928572 14.642858 7585 7570.356934 14.642858 17 13 9 20 11 12 14 15 22 21 20 11 9 11
71461973 71491075 7599 18.714285 18.142857 7599 7580.856934 18.142857 19 20 12 10 16 27 13 24 21 19 21 25 15 12
71501270 71530437 7616 16.214285 15.571428 7616 7600.428711 15.571428 12 16 18 15 15 16 11 17 13 24 18 16 15 12
71540633 71568349 7236 13.500000 13.142858 7236 7222.856934 13.142858 10 19 15 15 5 19 9 17 13 21 10 11 12 8
71578541 71607695 7611 5.142857 4.857143 7611 7606.143066 4.857143 7 10 3 1 1 4 9 4 4 6 6 8 3 2
71617923 71645588 7222 2.785714 2.785714 7222 7219.214355 2.785714 6 1 2 2 7 2 4 2 4 0 2 0 5 2
71655724 71684915 7620 1.928571 1.857143 7620 7618.143066 1.857143 1 2 1 2 2 3 1 3 2 0 4 3 0 2
71695115 71722790 7227 0.214286 0.214286 7227 7226.785645 0.214286 1 1 0 0 0 0 0 0 0 0 0 1 0 0
71732988 71762065 7593 0.214286 0.214286 7593 7592.785645 0.214286 1 0 0 0 0 1 0 0 1 0 0 0 0 0
71772260 71800037 7253 0.000000 0.000000 7253 7253.000000 0.000000 0 0 0 0 0 0 0 0 0 0 0 0 0 0
71810202 71839281 7591 0.142857 0.000000 7591 7591.000000 0.000000 0 0 0 0 0 0 0 0 0 0 0 0 0 0
71849485 71877177 7228 0.000000 0.000000 7228 7228.000000 0.000000 0 0 0 0 0 0 0 0 0 0 0 0 0 0
71887367 71916544 7616 0.071429 0.000000 7616 7616.000000 0.000000 0 0 0 0 0 0 0 0 0 0 0 0 0 0
71926737 71954427 7230 0.000000 0.000000 7230 7230.000000 0.000000 0 0 0 0 0 0 0 0 0 0 0 0 0 0
72018562 72046168 7209 16.571428 16.214285 7209 7192.785645 16.214285 25 13 19 10 16 16 12 20 10 20 17 20 20 9
