27 32
70906880 70936060 7619 16.285715 16.000000 7619 7603.000000 16.000000 18 10 9 11 16 14 18 16 20 27 24 8 16 17
71000093 71027859 7249 0.000000 0.000000 7249 7249.000000 0.000000 0 0 0 0 0 0 0 0 0 0 0 0 0 0
71038061 71067102 7582 0.071429 0.071429 7582 7581.928711 0.071429 0 0 0 0 0 0 0 0 1 0 0 0 0 0
71077300 71105037 7242 0.000000 0.000000 7242 7242.000000 0.000000 0 0 0 0 0 0 0 0 0 0 0 0 0 0
71115230 71144370 7607 0.000000 0.000000 7607 7607.000000 0.000000 0 0 0 0 0 0 0 0 0 0 0 0 0 0
71154564 71182251 7227 0.000000 0.000000 7227 7227.000000 0.000000 0 0 0 0 0 0 0 0 0 0 0 0 0 0
71192465 71221560 7594 0.071429 0.071429 7594 7593.928711 0.071429 0 0 0 0 0 0 0 0 0 0 0 1 0 0
71231752 71259517 7249 0.428571 0.428571 7249 7248.571289 0.428571 0 0 1 0 3 0 0 0 0 0 1 0 0 1
71269711 71298785 7591 1.357143 1.357143 7591 7589.643066 1.357143 1 2 2 1 1 1 1 0 3 3 0 1 2 1
71308984 71336667 7228 3.571429 3.571429 7228 7224.428711 3.571429 5 1 3 3 2 2 3 5 4 8 5 2 3 4
71346862 71376060 7621 7.214286 7.071429 7621 7613.928711 7.071429 9 12 10 5 7 7 7 7 1 10 6 6 6 6
71386257 71413939 7225 11.214286 10.714286 7225 7214.285645 10.714286 9 9 4 13 9 11 11 11 19 15 12 10 10 7
71424137 71453196 7586 15.071428 14.714286 7586 7571.285645 14.714286 19 17 8 15 10 18 13 18 13 17 22 12 15 9
71461973 71491075 7599 19.214285 18.714285 7599 7580.285645 18.714285 23 17 14 12 15 22 20 16 27 24 20 21 14 17
71501270 71530437 7616 16.785715 16.285715 7616 7599.714355 16.285715 13 22 18 15 14 18 14 20 17 23 12 10 15 17
71540633 71568349 7236 10.785714 10.571428 7236 7225.428711 10.571428 9 9 10 8 11 14 12 13 7 14 9 12 10 10
71578541 71607695 7611 7.357143 7.214286 7611 7603.785645 7.214286 9 7 6 5 9 6 6 5 6 11 8 6 11 6
71617923 71645588 7221 4.500000 4.428571 7221 7216.571289 4.428571 4 7 4 8 1 3 3 6 4 4 6 4 3 5
71655724 71684915 7620 1.785714 1.714286 7620 7618.285645 1.714286 2 2 1 2 1 1 2 1 4 1 3 1 2 1
71695115 71722790 7226 0.571429 0.571429 7226 7225.428711 0.571429 1 3 1 0 1 1 0 0 0 0 0 0 0 1
71732988 71762065 7593 0.000000 0.000000 7593 7593.000000 0.000000 0 0 0 0 0 0 0 0 0 0 0 0 0 0
71772260 71800037 7252 0.071429 0.071429 7252 7251.928711 0.071429 0 0 0 0 0 0 0 0 0 1 0 0 0 0
71810202 71839281 7591 0.000000 0.000000 7591 7591.000000 0.000000 0 0 0 0 0 0 0 0 0 0 0 0 0 0
71849485 71877177 7228 0.071429 0.000000 7228 7228.000000 0.000000 0 0 0 0 0 0 0 0 0 0 0 0 0 0
71887367 71916544 7616 0.000000 0.000000 7616 7616.000000 0.000000 0 0 0 0 0 0 0 0 0 0 0 0 0 0
71926737 71954427 7230 0.000000 0.000000 7230 7230.000000 0.000000 0 0 0 0 0 0 0 0 0 0 0 0 0 0
72018562 72046168 7208 16.642857 15.928572 7208 7192.071289 15.928572 22 24 4 14 19 19 11 17 15 22 13 19 12 12
