27 32
70906880 70936060 7619 13.428572 13.142858 7619 7605.856934 13.142858 17 8 12 12 16 13 15 8 16 19 14 18 9 7
71000093 71027859 7250 0.142857 0.071429 7250 7249.928711 0.071429 0 0 0 0 0 1 0 0 0 0 0 0 0 0
71038061 71067102 7583 0.000000 0.000000 7583 7583.000000 0.000000 0 0 0 0 0 0 0 0 0 0 0 0 0 0
71077300 71105037 7242 0.000000 0.000000 7242 7242.000000 0.000000 0 0 0 0 0 0 0 0 0 0 0 0 0 0
71115230 71144370 7607 0.000000 0.000000 7607 7607.000000 0.000000 0 0 0 0 0 0 0 0 0 0 0 0 0 0
71154564 71182251 7226 0.000000 0.000000 7226 7226.000000 0.000000 0 0 0 0 0 0 0 0 0 0 0 0 0 0
71192465 71221560 7595 0.071429 0.071429 7595 7594.928711 0.071429 0 0 1 0 0 0 0 0 0 0 0 0 0 0
71231752 71259517 7249 0.357143 0.357143 7249 7248.643066 0.357143 0 0 1 0 1 0 0 1 0 1 0 0 0 1
71269711 71298785 7592 1.142857 1.000000 7592 7591.000000 1.000000 1 0 2 1 0 0 0 1 3 3 2 0 1 0
71308984 71336667 7227 4.071429 4.000000 7227 7223.000000 4.000000 4 3 4 5 0 5 7 4 7 7 3 2 2 3
71346862 71376060 7622 6.571429 6.357143 7622 7615.643066 6.357143 12 8 2 11 6 2 3 3 8 7 10 6 9 2
71386257 71413939 7225 11.071428 10.785714 7225 7214.214355 10.785714 16 3 5 14 13 9 13 11 10 20 10 8 8 11
71424137 71453196 7585 14.285714 13.857142 7585 7571.143066 13.857142 15 15 12 12 9 18 17 14 17 20 13 12 9 11
71461973 71491075 7599 15.785714 15.428572 7599 7583.571289 15.428572 12 14 11 18 17 25 14 12 10 17 14 20 16 16
71501270 71530437 7615 14.285714 13.928572 7615 7601.071289 13.928572 16 12 9 13 8 24 13 15 16 19 18 14 10 8
71540633 71568349 7237 10.071428 9.785714 7237 7227.214355 9.785714 5 10 11 11 14 12 6 8 13 11 9 9 10 8
71578541 71607695 7610 7.357143 7.071429 7610 7602.928711 7.071429 7 9 4 10 1 10 11 11 7 9 5 5 5 5
71617923 71645588 7221 2.071429 1.928571 7221 7219.071289 1.928571 1 2 5 3 1 4 0 2 2 2 1 1 2 1
71655724 71684915 7620 1.500000 1.500000 7620 7618.500000 1.500000 2 3 2 2 1 2 2 2 0 1 2 2 0 0
71695115 71722790 7225 0.214286 0.142857 7225 7224.856934 0.142857 2 0 0 0 0 0 0 0 0 0 0 0 0 0
71732988 71762065 7592 0.214286 0.142857 7592 7591.856934 0.142857 0 0 0 0 0 0 0 0 0 0 1 0 0 1
71772260 71800037 7252 0.000000 0.000000 7252 7252.000000 0.000000 0 0 0 0 0 0 0 0 0 0 0 0 0 0
71810202 71839281 7590 0.071429 0.071429 7590 7589.928711 0.071429 0 0 0 0 1 0 0 0 0 0 0 0 0 0
71849485 71877177 7228 0.000000 0.000000 7228 7228.000000 0.000000 0 0 0 0 0 0 0 0 0 0 0 0 0 0
71887367 71916544 7616 0.071429 0.000000 7616 7616.000000 0.000000 0 0 0 0 0 0 0 0 0 0 0 0 0 0
71926737 71954427 7229 0.000000 0.000000 7229 7229.000000 0.000000 0 0 0 0 0 0 0 0 0 0 0 0 0 0
72018562 72046168 7207 14.857142 14.500000 7207 7192.500000 14.500000 19 19 12 10 14 18 11 19 19 22 14 9 11 6
