27 32
70906880 70936060 7619 17.071428 16.571428 7619 7602.428711 16.571428 24 17 19 15 13 13 12 13 18 25 19 13 12 19
71000093 71027859 7250 0.142857 0.071429 7250 7249.928711 0.071429 0 0 0 0 0 0 1 0 0 0 0 0 0 0
71038061 71067102 7583 0.000000 0.000000 7583 7583.000000 0.000000 0 0 0 0 0 0 0 0 0 0 0 0 0 0
71077300 71105037 7242 0.071429 0.071429 7242 7241.928711 0.071429 0 0 0 0 0 0 0 0 1 0 0 0 0 0
71115230 71144370 7607 0.000000 0.000000 7607 7607.000000 0.000000 0 0 0 0 0 0 0 0 0 0 0 0 0 0
71154564 71182251 7226 0.142857 0.071429 7226 7225.928711 0.071429 0 0 0 0 1 0 0 0 0 0 0 0 0 0
71192465 71221560 7595 0.214286 0.214286 7595 7594.785645 0.214286 0 0 0 1 0 0 0 0 0 1 0 1 0 0
71231752 71259517 7249 0.571429 0.571429 7249 7248.428711 0.571429 1 0 0 0 0 0 0 2 2 2 0 0 0 1
71269711 71298785 7592 1.214286 1.142857 7592 7590.856934 1.142857 2 0 2 2 0 3 0 3 0 1 0 0 1 2
71308984 71336667 7228 3.642857 3.571429 7228 7224.428711 3.571429 1 5 4 2 3 7 0 3 7 5 6 2 4 1
71346862 71376060 7622 6.357143 6.285714 7622 7615.714355 6.285714 6 5 6 10 6 5 9 3 8 6 8 5 5 6
71386257 71413939 7225 10.857142 10.642858 7225 7214.356934 10.642858 8 9 4 14 12 16 13 14 4 17 13 10 9 6
71424137 71453196 7585 12.500000 11.928572 7585 7573.071289 11.928572 10 13 8 12 14 9 13 15 9 18 13 10 13 10
71461973 71491075 7599 17.571428 17.071428 7599 7581.928711 17.071428 16 14 15 17 13 14 14 21 22 23 15 14 22 19
71501270 71530437 7615 17.214285 16.928572 7615 7598.071289 16.928572 14 17 17 15 14 17 17 19 20 23 11 14 17 22
71540633 71568349 7237 11.500000 11.285714 7237 7225.714355 11.285714 18 8 9 9 12 14 9 13 11 13 13 14 7 8
71578541 71607695 7609 6.642857 6.571429 7609 7602.428711 6.571429 4 8 7 8 4 3 8 10 9 7 7 6 4 7
71617923 71645588 7221 2.500000 2.500000 7221 7218.500000 2.500000 5 3 3 1 0 3 2 5 1 4 2 0 4 2
71655724 71684915 7620 0.571429 0.571429 7620 7619.428711 0.571429 2 2 0 0 1 0 1 1 1 0 0 0 0 0
71695115 71722790 7225 0.500000 0.500000 7225 7224.500000 0.500000 1 1 2 0 0 1 0 1 0 0 0 0 1 0
71732988 71762065 7592 0.214286 0.214286 7592 7591.785645 0.214286 0 0 1 0 0 0 0 0 0 0 0 1 1 0
71772260 71800037 7252 0.000000 0.000000 7252 7252.000000 0.000000 0 0 0 0 0 0 0 0 0 0 0 0 0 0
71810202 71839281 7590 0.000000 0.000000 7590 7590.000000 0.000000 0 0 0 0 0 0 0 0 0 0 0 0 0 0
71849485 71877177 7227 0.000000 0.000000 7227 7227.000000 0.000000 0 0 0 0 0 0 0 0 0 0 0 0 0 0
71887367 71916544 7616 0.000000 0.000000 7616 7616.000000 0.000000 0 0 0 0 0 0 0 0 0 0 0 0 0 0
71926737 71954427 7229 0.000000 0.000000 7229 7229.000000 0.000000 0 0 0 0 0 0 0 0 0 0 0 0 0 0
72018562 72046168 7206 16.214285 16.000000 7206 7190.000000 16.000000 19 13 15 11 19 16 13 15 23 15 20 17 10 18
