27 32
70906880 70936060 7619 17.142857 16.714285 7619 7602.285645 16.714285 13 13 15 16 18 18 13 11 22 25 18 17 16 19
71000093 71027859 7250 0.000000 0.000000 7250 7250.000000 0.000000 0 0 0 0 0 0 0 0 0 0 0 0 0 0
71038061 71067102 7583 0.000000 0.000000 7583 7583.000000 0.000000 0 0 0 0 0 0 0 0 0 0 0 0 0 0
71077300 71105037 7241 0.000000 0.000000 7241 7241.000000 0.000000 0 0 0 0 0 0 0 0 0 0 0 0 0 0
71115230 71144370 7606 0.000000 0.000000 7606 7606.000000 0.000000 0 0 0 0 0 0 0 0 0 0 0 0 0 0
71154564 71182251 7226 0.071429 0.071429 7226 7225.928711 0.071429 0 0 0 0 1 0 0 0 0 0 0 0 0 0
71192465 71221560 7595 0.071429 0.071429 7595 7594.928711 0.071429 0 0 0 0 1 0 0 0 0 0 0 0 0 0
71231752 71259517 7249 0.357143 0.357143 7249 7248.643066 0.357143 1 0 0 0 1 0 0 0 1 1 0 1 0 0
71269711 71298785 7591 1.214286 1.214286 7591 7589.785645 1.214286 0 0 1 0 0 2 0 3 2 1 1 4 2 1
71308984 71336667 7227 3.214286 3.071429 7227 7223.928711 3.071429 2 5 5 6 2 4 1 2 3 4 3 1 4 1
71346862 71376060 7622 7.500000 7.357143 7622 7614.643066 7.357143 11 4 5 7 9 4 4 11 11 12 8 7 5 5
71386257 71413939 7226 10.500000 10.357142 7226 7215.643066 10.357142 11 12 10 9 12 18 3 8 12 12 14 6 9 9
71424137 71453196 7586 16.857143 16.500000 7586 7569.500000 16.500000 20 17 17 15 17 18 12 25 12 17 14 18 17 12
71461973 71491075 7598 16.785715 16.428572 7598 7581.571289 16.428572 18 16 11 21 16 21 19 15 14 29 15 16 5 14
71501270 71530437 7616 14.571428 14.000000 7616 7602.000000 14.000000 9 19 11 13 12 19 8 13 16 21 15 13 11 16
71540633 71568349 7236 12.500000 12.071428 7236 7223.928711 12.071428 22 10 6 12 9 9 11 16 20 7 13 9 15 10
71578541 71607695 7610 5.928571 5.785714 7610 7604.214355 5.785714 5 8 7 6 7 6 4 7 6 6 3 6 5 5
71617923 71645588 7220 3.142857 3.000000 7220 7217.000000 3.000000 4 1 2 4 5 2 1 2 4 5 1 2 5 4
71655724 71684915 7620 1.071429 1.000000 7620 7619.000000 1.000000 0 0 1 1 3 2 1 4 1 0 0 1 0 0
71695115 71722790 7225 0.428571 0.428571 7225 7224.571289 0.428571 1 0 0 0 0 0 0 1 1 2 0 1 0 0
71732988 71762065 7592 0.000000 0.000000 7592 7592.000000 0.000000 0 0 0 0 0 0 0 0 0 0 0 0 0 0
71772260 71800037 7252 0.000000 0.000000 7252 7252.000000 0.000000 0 0 0 0 0 0 0 0 0 0 0 0 0 0
71810202 71839281 7591 0.000000 0.000000 7591 7591.000000 0.000000 0 0 0 0 0 0 0 0 0 0 0 0 0 0
71849485 71877177 7228 0.000000 0.000000 7228 7228.000000 0.000000 0 0 0 0 0 0 0 0 0 0 0 0 0 0
71887367 71916544 7617 0.000000 0.000000 7617 7617.000000 0.000000 0 0 0 0 0 0 0 0 0 0 0 0 0 0
71926737 71954427 7229 0.000000 0.000000 7229 7229.000000 0.000000 0 0 0 0 0 0 0 0 0 0 0 0 0 0
72018562 72046168 7207 17.642857 16.928572 7207 7190.071289 16.928572 21 24 21 12 20 18 15 22 16 20 9 19 7 13
