27 32
70906880 70936060 7619 13.642858 13.357142 7619 7605.643066 13.357142 14 16 8 14 22 13 9 10 10 15 17 11 11 17
71000093 71027859 7249 0.000000 0.000000 7249 7249.000000 0.000000 0 0 0 0 0 0 0 0 0 0 0 0 0 0
71038061 71067102 7582 0.000000 0.000000 7582 7582.000000 0.000000 0 0 0 0 0 0 0 0 0 0 0 0 0 0
71077300 71105037 7242 0.000000 0.000000 7242 7242.000000 0.000000 0 0 0 0 0 0 0 0 0 0 0 0 0 0
71115230 71144370 7607 0.000000 0.000000 7607 7607.000000 0.000000 0 0 0 0 0 0 0 0 0 0 0 0 0 0
71154564 71182251 7227 0.285714 0.071429 7227 7226.928711 0.071429 0 0 0 0 0 0 0 0 0 0 0 0 1 0
71192465 71221560 7594 0.000000 0.000000 7594 7594.000000 0.000000 0 0 0 0 0 0 0 0 0 0 0 0 0 0
71231752 71259517 7249 0.428571 0.357143 7249 7248.643066 0.357143 0 0 2 1 0 0 0 0 0 2 0 0 0 0
71269711 71298785 7591 0.571429 0.500000 7591 7590.500000 0.500000 0 0 2 0 0 2 0 0 1 0 1 0 1 0
71308984 71336667 7229 3.000000 2.857143 7229 7226.143066 2.857143 3 0 2 5 2 1 2 2 5 3 2 3 6 4
71346862 71376060 7621 6.285714 6.142857 7621 7614.856934 6.142857 6 6 9 7 3 7 8 7 6 4 5 8 8 2
71386257 71413939 7225 11.785714 11.500000 7225 7213.500000 11.500000 12 13 10 10 10 16 13 9 10 19 14 11 7 7
71424137 71453196 7586 13.857142 13.571428 7586 7572.428711 13.571428 13 14 12 12 19 12 10 14 22 19 12 11 13 7
71461973 71491075 7599 14.285714 13.928572 7599 7585.071289 13.928572 16 10 18 11 16 18 16 10 17 15 12 11 9 16
71501270 71530437 7616 14.142858 13.785714 7616 7602.214355 13.785714 18 11 15 10 9 14 19 10 18 15 20 12 15 7
71540633 71568349 7236 10.785714 10.500000 7236 7225.500000 10.500000 11 12 7 6 13 15 8 9 17 22 8 6 6 7
71578541 71607695 7611 5.000000 4.785714 7611 7606.214355 4.785714 7 6 5 7 5 3 4 5 6 2 5 4 4 4
71617923 71645588 7221 2.357143 2.357143 7221 7218.643066 2.357143 2 1 2 1 2 4 3 4 1 4 2 3 3 1
71655724 71684915 7620 0.785714 0.785714 7620 7619.214355 0.785714 1 0 1 0 0 0 1 1 3 2 0 0 1 1
71695115 71722790 7226 0.214286 0.214286 7226 7225.785645 0.214286 0 0 1 0 0 0 0 0 1 0 0 1 0 0
71732988 71762065 7593 0.357143 0.285714 7593 7592.714355 0.285714 0 0 1 0 1 1 0 1 0 0 0 0 0 0
71772260 71800037 7252 0.000000 0.000000 7252 7252.000000 0.000000 0 0 0 0 0 0 0 0 0 0 0 0 0 0
71810202 71839281 7591 0.071429 0.071429 7591 7590.928711 0.071429 0 0 1 0 0 0 0 0 0 0 0 0 0 0
71849485 71877177 7228 0.000000 0.000000 7228 7228.000000 0.000000 0 0 0 0 0 0 0 0 0 0 0 0 0 0
71887367 71916544 7616 0.000000 0.000000 7616 7616.000000 0.000000 0 0 0 0 0 0 0 0 0 0 0 0 0 0
71926737 71954427 7230 0.000000 0.000000 7230 7230.000000 0.000000 0 0 0 0 0 0 0 0 0 0 0 0 0 0
72018562 72046168 7209 14.142858 14.000000 7209 7195.000000 14.000000 16 9 13 12 19 14 9 14 14 26 15 13 12 10
