27 32
70906880 70936060 7619 16.785715 16.357143 7619 7602.643066 16.357143 16 20 16 12 20 17 11 22 18 21 16 18 10 12
71000093 71027859 7249 0.000000 0.000000 7249 7249.000000 0.000000 0 0 0 0 0 0 0 0 0 0 0 0 0 0
71038061 71067102 7582 0.000000 0.000000 7582 7582.000000 0.000000 0 0 0 0 0 0 0 0 0 0 0 0 0 0
71077300 71105037 7242 0.142857 0.000000 7242 7242.000000 0.000000 0 0 0 0 0 0 0 0 0 0 0 0 0 0
71115230 71144370 7607 0.000000 0.000000 7607 7607.000000 0.000000 0 0 0 0 0 0 0 0 0 0 0 0 0 0
71154564 71182251 7227 0.071429 0.071429 7227 7226.928711 0.071429 0 0 0 0 0 0 0 0 0 0 0 1 0 0
71192465 71221560 7595 0.071429 0.071429 7595 7594.928711 0.071429 1 0 0 0 0 0 0 0 0 0 0 0 0 0
71231752 71259517 7249 0.500000 0.500000 7249 7248.500000 0.500000 0 1 1 1 0 0 0 0 0 2 0 0 1 1
71269711 71298785 7591 1.357143 1.357143 7591 7589.643066 1.357143 3 0 1 2 3 1 0 1 1 1 2 1 2 1
71308984 71336667 7228 3.785714 3.500000 7228 7224.500000 3.500000 4 2 4 5 4 3 2 5 3 6 2 4 3 2
71346862 71376060 7622 7.714286 7.285714 7622 7614.714355 7.285714 10 4 10 4 8 11 8 7 6 8 3 7 7 9
71386257 71413939 7225 11.428572 11.214286 7225 7213.785645 11.214286 7 6 14 11 10 9 4 10 20 16 9 11 18 12
71424137 71453196 7586 14.357142 13.928572 7586 7572.071289 13.928572 12 16 17 14 18 17 15 9 20 11 12 18 7 9
71461973 71491075 7599 17.857143 17.642857 7599 7581.356934 17.642857 20 22 19 8 20 16 16 21 15 26 22 16 14 12
71501270 71530437 7616 15.357142 14.785714 7616 7601.214355 14.785714 20 14 15 14 13 16 11 20 10 12 12 19 15 16
71540633 71568349 7236 10.428572 10.285714 7236 7225.714355 10.285714 20 11 8 10 9 7 5 15 7 9 10 7 16 10
71578541 71607695 7611 6.714286 6.714286 7611 7604.285645 6.714286 10 2 5 3 7 6 5 8 7 6 14 5 3 13
71617923 71645588 7221 3.071429 3.000000 7221 7218.000000 3.000000 3 4 3 1 1 2 7 2 0 3 5 5 5 1
71655724 71684915 7620 1.357143 1.357143 7620 7618.643066 1.357143 1 2 0 2 2 1 0 2 1 4 1 1 2 0
71695115 71722790 7226 0.571429 0.571429 7226 7225.428711 0.571429 1 0 1 1 1 0 0 1 0 1 2 0 0 0
71732988 71762065 7592 0.071429 0.071429 7592 7591.928711 0.071429 0 0 0 0 0 0 0 0 0 0 0 0 0 1
71772260 71800037 7252 0.000000 0.000000 7252 7252.000000 0.000000 0 0 0 0 0 0 0 0 0 0 0 0 0 0
71810202 71839281 7591 0.071429 0.071429 7591 7590.928711 0.071429 0 0 0 0 0 0 0 0 0 0 0 0 0 1
71849485 71877177 7228 0.000000 0.000000 7228 7228.000000 0.000000 0 0 0 0 0 0 0 0 0 0 0 0 0 0
71887367 71916544 7616 0.000000 0.000000 7616 7616.000000 0.000000 0 0 0 0 0 0 0 0 0 0 0 0 0 0
71926737 71954427 7230 0.000000 0.000000 7230 7230.000000 0.000000 0 0 0 0 0 0 0 0 0 0 0 0 0 0
72018562 72046168 7208 16.071428 15.857142 7208 7192.143066 15.857142 20 13 17 8 16 16 14 10 18 22 14 25 16 13
