27 32
70906880 70936060 7620 17.428572 17.142857 7620 7602.856934 17.142857 20 15 16 10 13 18 24 17 20 13 21 25 16 12
71000093 71027859 7250 0.000000 0.000000 7250 7250.000000 0.000000 0 0 0 0 0 0 0 0 0 0 0 0 0 0
71038061 71067102 7583 0.000000 0.000000 7583 7583.000000 0.000000 0 0 0 0 0 0 0 0 0 0 0 0 0 0
71077300 71105037 7242 0.000000 0.000000 7242 7242.000000 0.000000 0 0 0 0 0 0 0 0 0 0 0 0 0 0
71115230 71144370 7606 0.000000 0.000000 7606 7606.000000 0.000000 0 0 0 0 0 0 0 0 0 0 0 0 0 0
71154564 71182251 7226 0.000000 0.000000 7226 7226.000000 0.000000 0 0 0 0 0 0 0 0 0 0 0 0 0 0
71192465 71221560 7595 0.428571 0.428571 7595 7594.571289 0.428571 0 2 0 0 0 1 0 0 1 1 0 0 1 0
71231752 71259517 7249 0.857143 0.714286 7249 7248.285645 0.714286 0 3 1 0 1 1 0 1 0 1 1 0 0 1
71269711 71298785 7592 1.071429 1.071429 7592 7590.928711 1.071429 3 3 1 1 1 2 1 0 1 0 1 0 0 1
71308984 71336667 7227 3.000000 3.000000 7227 7224.000000 3.000000 3 1 2 2 4 6 2 1 3 5 3 2 6 2
71346862 71376060 7622 7.000000 6.642857 7622 7615.356934 6.642857 2 7 5 8 5 12 6 5 5 11 14 4 5 4
71386257 71413939 7225 10.357142 9.714286 7225 7215.285645 9.714286 12 8 13 8 13 16 12 6 4 6 7 8 14 9
71424137 71453196 7585 14.500000 14.214286 7585 7570.785645 14.214286 26 9 11 6 12 14 14 10 22 22 16 15 9 13
71461973 71491075 7599 17.928572 17.500000 7599 7581.500000 17.500000 16 16 19 16 12 19 24 18 21 14 15 17 16 22
71501270 71530437 7615 15.857142 15.357142 7615 7599.643066 15.357142 14 12 16 20 21 11 15 16 14 14 16 12 15 19
71540633 71568349 7237 10.714286 10.428572 7237 7226.571289 10.428572 12 13 13 11 12 13 14 14 4 11 12 4 7 6
71578541 71607695 7610 7.785714 7.571429 7610 7602.428711 7.571429 10 9 7 7 5 5 7 10 6 11 7 9 8 5
71617923 71645588 7220 3.642857 3.428571 7220 7216.571289 3.428571 5 1 2 2 2 6 2 5 5 3 4 7 2 2
71655724 71684915 7620 1.214286 1.214286 7620 7618.785645 1.214286 1 1 1 0 0 1 1 1 3 2 0 0 3 3
71695115 71722790 7225 0.357143 0.357143 7225 7224.643066 0.357143 2 1 1 0 0 0 0 0 0 0 1 0 0 0
71732988 71762065 7592 0.142857 0.142857 7592 7591.856934 0.142857 0 0 0 0 0 1 0 0 0 0 0 0 1 0
71772260 71800037 7252 0.000000 0.000000 7252 7252.000000 0.000000 0 0 0 0 0 0 0 0 0 0 0 0 0 0
71810202 71839281 7591 0.071429 0.071429 7591 7590.928711 0.071429 0 0 0 0 1 0 0 0 0 0 0 0 0 0
71849485 71877177 7228 0.000000 0.000000 7228 7228.000000 0.000000 0 0 0 0 0 0 0 0 0 0 0 0 0 0
71887367 71916544 7616 0.071429 0.071429 7616 7615.928711 0.071429 0 0 0 0 0 0 0 0 0 1 0 0 0 0
71926737 71954427 7229 0.000000 0.000000 7229 7229.000000 0.000000 0 0 0 0 0 0 0 0 0 0 0 0 0 0
72018562 72046168 7207 16.357143 15.857142 7207 7191.143066 15.857142 21 18 17 13 22 19 19 16 21 10 13 11 9 13
