27 32
70906880 70936060 7619 17.142857 16.785715 7619 7602.214355 16.785715 13 22 17 16 13 16 20 20 20 19 24 15 9 11
71000093 71027859 7249 0.000000 0.000000 7249 7249.000000 0.000000 0 0 0 0 0 0 0 0 0 0 0 0 0 0
71038061 71067102 7582 0.000000 0.000000 7582 7582.000000 0.000000 0 0 0 0 0 0 0 0 0 0 0 0 0 0
71077300 71105037 7242 0.071429 0.071429 7242 7241.928711 0.071429 0 0 0 0 0 0 0 1 0 0 0 0 0 0
71115230 71144370 7607 0.000000 0.000000 7607 7607.000000 0.000000 0 0 0 0 0 0 0 0 0 0 0 0 0 0
71154564 71182251 7227 0.142857 0.142857 7227 7226.856934 0.142857 0 0 0 0 0 0 0 1 0 0 0 1 0 0
71192465 71221560 7594 0.142857 0.142857 7594 7593.856934 0.142857 0 0 0 1 0 0 0 0 0 0 0 1 0 0
71231752 71259517 7249 0.428571 0.285714 7249 7248.714355 0.285714 0 0 0 0 1 0 1 0 2 0 0 0 0 0
71269711 71298785 7591 1.285714 1.214286 7591 7589.785645 1.214286 2 0 2 0 2 0 0 0 1 3 0 1 2 4
71308984 71336667 7229 3.142857 3.142857 7229 7225.856934 3.142857 3 1 2 4 3 5 4 3 5 2 4 2 1 5
71346862 71376060 7621 7.714286 7.642857 7621 7613.356934 7.642857 6 9 5 5 7 8 3 9 8 14 12 9 8 4
71386257 71413939 7225 12.214286 11.785714 7225 7213.214355 11.785714 14 8 7 17 13 14 12 12 14 10 14 11 10 9
71424137 71453196 7585 15.571428 15.142858 7585 7569.856934 15.142858 19 10 8 19 17 18 15 15 16 22 14 12 15 12
71461973 71491075 7599 17.714285 17.214285 7599 7581.785645 17.214285 15 19 16 16 20 22 14 15 20 18 22 21 14 9
71501270 71530437 7616 15.714286 15.285714 7616 7600.714355 15.285714 13 19 11 14 13 21 11 22 16 13 17 15 14 15
71540633 71568349 7236 11.357142 11.071428 7236 7224.928711 11.071428 14 8 12 7 10 15 16 15 10 7 10 13 10 8
71578541 71607695 7611 5.357143 5.357143 7611 7605.643066 5.357143 4 5 4 8 6 7 6 4 4 2 5 9 6 5
71617923 71645588 7221 2.428571 2.214286 7221 7218.785645 2.214286 2 3 3 2 1 4 1 4 2 1 4 1 1 2
71655724 71684915 7620 0.785714 0.785714 7620 7619.214355 0.785714 2 2 0 0 1 0 0 0 0 3 1 0 1 1
71695115 71722790 7226 0.357143 0.357143 7226 7225.643066 0.357143 1 0 0 0 0 0 1 0 1 2 0 0 0 0
71732988 71762065 7593 0.285714 0.285714 7593 7592.714355 0.285714 0 0 0 1 0 0 1 0 0 0 0 1 0 1
71772260 71800037 7252 0.071429 0.071429 7252 7251.928711 0.071429 0 0 0 1 0 0 0 0 0 0 0 0 0 0
71810202 71839281 7591 0.000000 0.000000 7591 7591.000000 0.000000 0 0 0 0 0 0 0 0 0 0 0 0 0 0
71849485 71877177 7228 0.000000 0.000000 7228 7228.000000 0.000000 0 0 0 0 0 0 0 0 0 0 0 0 0 0
71887367 71916544 7616 0.000000 0.000000 7616 7616.000000 0.000000 0 0 0 0 0 0 0 0 0 0 0 0 0 0
71926737 71954427 7230 0.071429 0.071429 7230 7229.928711 0.071429 0 0 0 0 0 0 0 0 0 0 0 1 0 0
72018562 72046168 7209 16.071428 15.285714 7209 7193.714355 15.285714 14 22 16 12 11 13 16 20 16 16 19 14 12 13
