27 32
70906880 70936060 7619 15.071428 14.642858 7619 7604.356934 14.642858 15 14 9 20 12 18 21 15 11 9 23 19 11 8
71000093 71027859 7250 0.000000 0.000000 7250 7250.000000 0.000000 0 0 0 0 0 0 0 0 0 0 0 0 0 0
71038061 71067102 7583 0.000000 0.000000 7583 7583.000000 0.000000 0 0 0 0 0 0 0 0 0 0 0 0 0 0
71077300 71105037 7242 0.000000 0.000000 7242 7242.000000 0.000000 0 0 0 0 0 0 0 0 0 0 0 0 0 0
71115230 71144370 7607 0.000000 0.000000 7607 7607.000000 0.000000 0 0 0 0 0 0 0 0 0 0 0 0 0 0
71154564 71182251 7226 0.214286 0.071429 7226 7225.928711 0.071429 0 0 0 0 0 0 0 0 0 0 0 0 0 1
71192465 71221560 7595 0.142857 0.142857 7595 7594.856934 0.142857 0 1 1 0 0 0 0 0 0 0 0 0 0 0
71231752 71259517 7249 0.571429 0.571429 7249 7248.428711 0.571429 1 1 0 0 2 0 2 0 1 0 0 0 0 1
71269711 71298785 7592 1.142857 1.142857 7592 7590.856934 1.142857 1 1 2 0 0 3 1 3 3 0 1 0 0 1
71308984 71336667 7227 3.000000 3.000000 7227 7224.000000 3.000000 3 2 5 1 1 2 1 4 5 2 4 6 3 3
71346862 71376060 7622 6.642857 6.500000 7622 7615.500000 6.500000 9 6 11 4 4 6 4 7 6 5 9 10 7 3
71386257 71413939 7225 10.785714 10.285714 7225 7214.714355 10.285714 11 8 9 9 11 12 6 16 12 9 16 9 10 6
71424137 71453196 7585 15.500000 15.071428 7585 7569.928711 15.071428 13 13 13 12 10 32 18 16 12 18 18 12 13 11
71461973 71491075 7599 17.642857 17.142857 7599 7581.856934 17.142857 19 13 14 21 18 17 21 19 22 12 20 18 9 17
71501270 71530437 7615 16.785715 16.214285 7615 7598.785645 16.214285 19 13 17 17 22 16 17 19 23 12 13 14 14 11
71540633 71568349 7237 10.357142 9.928572 7237 7227.071289 9.928572 10 10 9 7 10 7 16 7 14 18 6 7 12 6
71578541 71607695 7610 6.357143 6.071429 7610 7603.928711 6.071429 11 6 7 3 7 6 3 7 4 7 5 4 5 10
71617923 71645588 7221 2.142857 2.000000 7221 7219.000000 2.000000 2 4 0 3 3 2 1 1 2 2 1 2 4 1
71655724 71684915 7620 0.928571 0.857143 7620 7619.143066 0.857143 3 1 1 1 0 0 0 0 2 2 1 0 1 0
71695115 71722790 7225 0.285714 0.285714 7225 7224.714355 0.285714 1 2 0 0 0 1 0 0 0 0 0 0 0 0
71732988 71762065 7592 0.214286 0.214286 7592 7591.785645 0.214286 0 0 0 0 1 0 0 0 0 0 1 0 0 1
71772260 71800037 7252 0.214286 0.142857 7252 7251.856934 0.142857 0 0 0 0 0 0 0 0 0 0 0 1 1 0
71810202 71839281 7590 0.000000 0.000000 7590 7590.000000 0.000000 0 0 0 0 0 0 0 0 0 0 0 0 0 0
71849485 71877177 7228 0.000000 0.000000 7228 7228.000000 0.000000 0 0 0 0 0 0 0 0 0 0 0 0 0 0
71887367 71916544 7616 0.000000 0.000000 7616 7616.000000 0.000000 0 0 0 0 0 0 0 0 0 0 0 0 0 0
71926737 71954427 7229 0.000000 0.000000 7229 7229.000000 0.000000 0 0 0 0 0 0 0 0 0 0 0 0 0 0
72018562 72046168 7207 15.142858 14.571428 7207 7192.428711 14.571428 15 12 14 11 10 15 15 8 20 23 14 17 17 13
