27 32
70906880 70936060 7619 18.785715 18.357143 7619 7600.643066 18.357143 13 19 19 19 16 15 11 19 25 17 23 26 16 19
71000093 71027859 7249 0.000000 0.000000 7249 7249.000000 0.000000 0 0 0 0 0 0 0 0 0 0 0 0 0 0
71038061 71067102 7583 0.000000 0.000000 7583 7583.000000 0.000000 0 0 0 0 0 0 0 0 0 0 0 0 0 0
71077300 71105037 7242 0.000000 0.000000 7242 7242.000000 0.000000 0 0 0 0 0 0 0 0 0 0 0 0 0 0
71115230 71144370 7607 0.000000 0.000000 7607 7607.000000 0.000000 0 0 0 0 0 0 0 0 0 0 0 0 0 0
71154564 71182251 7226 0.000000 0.000000 7226 7226.000000 0.000000 0 0 0 0 0 0 0 0 0 0 0 0 0 0
71192465 71221560 7595 0.357143 0.285714 7595 7594.714355 0.285714 0 0 0 0 0 0 0 1 1 1 0 0 1 0
71231752 71259517 7249 0.285714 0.285714 7249 7248.714355 0.285714 0 0 0 1 0 0 0 1 1 0 0 0 0 1
71269711 71298785 7592 1.285714 1.285714 7592 7590.714355 1.285714 1 0 4 1 2 1 0 0 1 1 1 1 4 1
71308984 71336667 7228 2.785714 2.714286 7228 7225.285645 2.714286 2 5 2 5 2 1 3 4 2 5 2 1 1 3
71346862 71376060 7622 7.928571 7.500000 7622 7614.500000 7.500000 7 7 9 9 7 10 7 8 7 5 8 9 5 7
71386257 71413939 7225 13.571428 13.285714 7225 7211.714355 13.285714 11 14 10 15 14 16 19 14 15 10 9 12 11 16
71424137 71453196 7585 16.500000 15.785714 7585 7569.214355 15.785714 16 14 19 14 18 18 12 20 17 15 12 16 14 16
71461973 71491075 7599 19.142857 18.857143 7599 7580.143066 18.857143 23 16 21 14 24 31 15 13 23 14 22 17 17 14
71501270 71530437 7615 15.785714 15.357142 7615 7599.643066 15.357142 13 13 13 14 17 21 14 18 23 18 22 7 13 9
71540633 71568349 7237 10.142858 9.714286 7237 7227.285645 9.714286 14 7 9 4 9 11 8 17 10 7 9 12 9 10
71578541 71607695 7609 5.642857 5.428571 7609 7603.571289 5.428571 4 6 5 5 3 8 6 4 9 2 6 9 7 2
71617923 71645588 7221 3.000000 2.714286 7221 7218.285645 2.714286 5 2 4 1 2 1 3 4 2 1 4 1 7 1
71655724 71684915 7619 1.285714 1.285714 7619 7617.714355 1.285714 1 0 1 1 2 2 0 1 2 1 0 4 1 2
71695115 71722790 7225 0.785714 0.785714 7225 7224.214355 0.785714 3 0 1 1 0 1 0 0 1 2 0 0 1 1
71732988 71762065 7592 0.142857 0.142857 7592 7591.856934 0.142857 0 1 0 0 0 1 0 0 0 0 0 0 0 0
71772260 71800037 7252 0.071429 0.071429 7252 7251.928711 0.071429 0 0 0 0 0 1 0 0 0 0 0 0 0 0
71810202 71839281 7590 0.000000 0.000000 7590 7590.000000 0.000000 0 0 0 0 0 0 0 0 0 0 0 0 0 0
71849485 71877177 7227 0.000000 0.000000 7227 7227.000000 0.000000 0 0 0 0 0 0 0 0 0 0 0 0 0 0
71887367 71916544 7616 0.000000 0.000000 7616 7616.000000 0.000000 0 0 0 0 0 0 0 0 0 0 0 0 0 0
71926737 71954427 7229 0.000000 0.000000 7229 7229.000000 0.000000 0 0 0 0 0 0 0 0 0 0 0 0 0 0
72018562 72046168 7206 16.142857 15.857142 7206 7190.143066 15.857142 27 11 14 12 20 18 22 10 15 19 15 14 12 13
