27 32
70906880 70936060 7620 15.857142 15.428572 7620 7604.571289 15.428572 13 15 15 16 8 19 17 18 18 17 17 17 12 14
71000093 71027859 7250 0.000000 0.000000 7250 7250.000000 0.000000 0 0 0 0 0 0 0 0 0 0 0 0 0 0
71038061 71067102 7583 0.000000 0.000000 7583 7583.000000 0.000000 0 0 0 0 0 0 0 0 0 0 0 0 0 0
71077300 71105037 7241 0.071429 0.071429 7241 7240.928711 0.071429 0 0 0 0 1 0 0 0 0 0 0 0 0 0
71115230 71144370 7606 0.142857 0.142857 7606 7605.856934 0.142857 0 0 0 1 1 0 0 0 0 0 0 0 0 0
71154564 71182251 7226 0.071429 0.071429 7226 7225.928711 0.071429 0 0 0 0 0 0 0 0 0 1 0 0 0 0
71192465 71221560 7595 0.285714 0.285714 7595 7594.714355 0.285714 1 0 1 0 0 0 0 2 0 0 0 0 0 0
71231752 71259517 7249 0.857143 0.857143 7249 7248.143066 0.857143 2 2 1 0 0 1 0 2 0 0 1 1 1 1
71269711 71298785 7591 1.000000 1.000000 7591 7590.000000 1.000000 0 1 0 1 1 0 0 1 2 2 1 2 1 2
71308984 71336667 7227 2.928571 2.928571 7227 7224.071289 2.928571 2 2 2 1 3 1 1 0 7 6 6 5 2 3
71346862 71376060 7622 6.214286 6.000000 7622 7616.000000 6.000000 6 5 6 8 6 6 4 6 6 11 6 5 6 3
71386257 71413939 7226 8.285714 8.071428 7226 7217.928711 8.071428 5 7 7 6 7 11 7 6 13 10 8 12 9 5
71424137 71453196 7586 12.857142 12.714286 7586 7573.285645 12.714286 14 14 16 11 9 11 12 11 15 22 12 11 9 11
71461973 71491075 7598 15.357142 14.714286 7598 7583.285645 14.714286 13 18 11 12 9 18 12 13 18 19 16 14 20 13
71501270 71530437 7616 15.500000 14.857142 7616 7601.143066 14.857142 14 18 14 16 10 14 18 12 15 22 14 17 13 11
71540633 71568349 7236 10.285714 10.071428 7236 7225.928711 10.071428 6 14 3 11 8 10 13 13 12 17 8 10 9 7
71578541 71607695 7610 6.214286 5.785714 7610 7604.214355 5.785714 8 9 5 2 8 5 6 7 8 6 1 3 8 5
71617923 71645588 7220 2.500000 2.428571 7220 7217.571289 2.428571 3 1 1 1 2 2 1 4 4 4 2 3 3 3
71655724 71684915 7620 1.142857 1.142857 7620 7618.856934 1.142857 1 1 1 0 2 2 0 1 4 2 0 1 0 1
71695115 71722790 7225 0.500000 0.500000 7225 7224.500000 0.500000 1 0 1 2 1 0 1 0 0 0 0 0 0 1
71732988 71762065 7592 0.285714 0.285714 7592 7591.714355 0.285714 1 0 0 0 0 0 0 1 1 0 0 0 0 1
71772260 71800037 7252 0.071429 0.071429 7252 7251.928711 0.071429 0 0 0 0 0 0 0 0 0 1 0 0 0 0
71810202 71839281 7591 0.000000 0.000000 7591 7591.000000 0.000000 0 0 0 0 0 0 0 0 0 0 0 0 0 0
71849485 71877177 7228 0.000000 0.000000 7228 7228.000000 0.000000 0 0 0 0 0 0 0 0 0 0 0 0 0 0
71887367 71916544 7616 0.000000 0.000000 7616 7616.000000 0.000000 0 0 0 0 0 0 0 0 0 0 0 0 0 0
71926737 71954427 7229 0.000000 0.000000 7229 7229.000000 0.000000 0 0 0 0 0 0 0 0 0 0 0 0 0 0
72018562 72046168 7207 14.571428 14.142858 7207 7192.856934 14.142858 15 10 12 12 12 23 11 16 11 23 17 14 8 14
