27 32
70906880 70936060 7615 0.000000 0.000000 7615 7615.000000 0.000000 0 0 0 0 0 0 0 0 0 0 0 0 0 0
71000093 71027859 7245 0.000000 0.000000 7245 7245.000000 0.000000 0 0 0 0 0 0 0 0 0 0 0 0 0 0
71038061 71067102 7580 0.000000 0.000000 7580 7580.000000 0.000000 0 0 0 0 0 0 0 0 0 0 0 0 0 0
71077300 71105037 7239 0.000000 0.000000 7239 7239.000000 0.000000 0 0 0 0 0 0 0 0 0 0 0 0 0 0
71115230 71144370 7602 0.000000 0.000000 7602 7602.000000 0.000000 0 0 0 0 0 0 0 0 0 0 0 0 0 0
71154564 71182251 7222 0.000000 0.000000 7222 7222.000000 0.000000 0 0 0 0 0 0 0 0 0 0 0 0 0 0
71192465 71221560 7589 0.000000 0.000000 7589 7589.000000 0.000000 0 0 0 0 0 0 0 0 0 0 0 0 0 0
71231752 71259517 7243 0.000000 0.000000 7243 7243.000000 0.000000 0 0 0 0 0 0 0 0 0 0 0 0 0 0
71269711 71298785 7587 0.000000 0.000000 7587 7587.000000 0.000000 0 0 0 0 0 0 0 0 0 0 0 0 0 0
71308984 71336667 7223 0.000000 0.000000 7223 7223.000000 0.000000 0 0 0 0 0 0 0 0 0 0 0 0 0 0
71346862 71376060 7617 0.000000 0.000000 7617 7617.000000 0.000000 0 0 0 0 0 0 0 0 0 0 0 0 0 0
71386257 71413939 7220 0.000000 0.000000 7220 7220.000000 0.000000 0 0 0 0 0 0 0 0 0 0 0 0 0 0
71424137 71453196 7579 0.000000 0.000000 7579 7579.000000 0.000000 0 0 0 0 0 0 0 0 0 0 0 0 0 0
71461973 71491075 7596 0.000000 0.000000 7596 7596.000000 0.000000 0 0 0 0 0 0 0 0 0 0 0 0 0 0
71501270 71530437 7610 0.000000 0.000000 7610 7610.000000 0.000000 0 0 0 0 0 0 0 0 0 0 0 0 0 0
71540633 71568349 7232 0.000000 0.000000 7232 7232.000000 0.000000 0 0 0 0 0 0 0 0 0 0 0 0 0 0
71578541 71607695 7607 0.000000 0.000000 7607 7607.000000 0.000000 0 0 0 0 0 0 0 0 0 0 0 0 0 0
71617923 71645588 7216 0.000000 0.000000 7216 7216.000000 0.000000 0 0 0 0 0 0 0 0 0 0 0 0 0 0
71655724 71684915 7617 0.000000 0.000000 7617 7617.000000 0.000000 0 0 0 0 0 0 0 0 0 0 0 0 0 0
71695115 71722790 7223 0.000000 0.000000 7223 7223.000000 0.000000 0 0 0 0 0 0 0 0 0 0 0 0 0 0
71732988 71762065 7588 0.000000 0.000000 7588 7588.000000 0.000000 0 0 0 0 0 0 0 0 0 0 0 0 0 0
71772260 71800037 7250 0.000000 0.000000 7250 7250.000000 0.000000 0 0 0 0 0 0 0 0 0 0 0 0 0 0
71810202 71839281 7584 0.000000 0.000000 7584 7584.000000 0.000000 0 0 0 0 0 0 0 0 0 0 0 0 0 0
71849485 71877177 7222 0.000000 0.000000 7222 7222.000000 0.000000 0 0 0 0 0 0 0 0 0 0 0 0 0 0
71887367 71916544 7612 0.000000 0.000000 7612 7612.000000 0.000000 0 0 0 0 0 0 0 0 0 0 0 0 0 0
71926737 71954427 7226 0.000000 0.000000 7226 7226.000000 0.000000 0 0 0 0 0 0 0 0 0 0 0 0 0 0
72018562 72046168 7204 0.000000 0.000000 7204 7204.000000 0.000000 0 0 0 0 0 0 0 0 0 0 0 0 0 0
