27 32
70906880 70936060 7620 17.571428 17.142857 7620 7602.856934 17.142857 15 15 19 15 17 15 9 15 24 24 24 14 15 19
71000093 71027859 7250 0.071429 0.000000 7250 7250.000000 0.000000 0 0 0 0 0 0 0 0 0 0 0 0 0 0
71038061 71067102 7583 0.071429 0.000000 7583 7583.000000 0.000000 0 0 0 0 0 0 0 0 0 0 0 0 0 0
71077300 71105037 7241 0.000000 0.000000 7241 7241.000000 0.000000 0 0 0 0 0 0 0 0 0 0 0 0 0 0
71115230 71144370 7606 0.071429 0.071429 7606 7605.928711 0.071429 0 0 0 0 0 0 0 0 0 0 0 1 0 0
71154564 71182251 7226 0.071429 0.071429 7226 7225.928711 0.071429 0 0 0 0 0 0 0 0 1 0 0 0 0 0
71192465 71221560 7595 0.214286 0.214286 7595 7594.785645 0.214286 0 0 0 0 1 0 1 0 0 0 0 1 0 0
71231752 71259517 7249 0.357143 0.357143 7249 7248.643066 0.357143 0 1 0 0 1 1 1 0 0 0 1 0 0 0
71269711 71298785 7592 1.642857 1.571429 7592 7590.428711 1.571429 0 1 2 2 2 2 0 1 3 2 1 3 1 2
71308984 71336667 7227 3.357143 3.285714 7227 7223.714355 3.285714 3 3 3 5 5 5 3 4 2 3 2 5 0 3
71346862 71376060 7622 7.285714 7.000000 7622 7615.000000 7.000000 5 8 8 2 7 12 6 5 8 8 5 11 6 7
71386257 71413939 7225 10.571428 10.214286 7225 7214.785645 10.214286 13 9 10 8 5 12 8 15 11 12 11 8 10 11
71424137 71453196 7585 14.928572 14.642858 7585 7570.356934 14.642858 19 16 13 9 24 15 14 16 16 16 15 10 15 7
71461973 71491075 7599 18.285715 17.785715 7599 7581.214355 17.785715 10 17 9 24 15 16 16 22 26 13 26 24 16 15
71501270 71530437 7616 14.428572 13.928572 7616 7602.071289 13.928572 16 15 18 18 11 12 12 13 15 19 11 14 8 13
71540633 71568349 7236 10.928572 10.642858 7236 7225.356934 10.642858 9 14 5 9 9 17 9 12 11 17 14 6 8 9
71578541 71607695 7610 6.785714 6.428571 7610 7603.571289 6.428571 8 6 4 5 9 10 5 6 3 9 8 7 6 4
71617923 71645588 7220 3.285714 3.214286 7220 7216.785645 3.214286 3 6 1 2 3 3 4 6 0 2 3 3 5 4
71655724 71684915 7620 1.500000 1.500000 7620 7618.500000 1.500000 1 3 1 2 0 0 1 1 2 4 1 1 1 3
71695115 71722790 7225 0.285714 0.214286 7225 7224.785645 0.214286 0 0 0 0 0 0 0 0 0 2 0 0 1 0
71732988 71762065 7592 0.000000 0.000000 7592 7592.000000 0.000000 0 0 0 0 0 0 0 0 0 0 0 0 0 0
71772260 71800037 7252 0.000000 0.000000 7252 7252.000000 0.000000 0 0 0 0 0 0 0 0 0 0 0 0 0 0
71810202 71839281 7591 0.071429 0.000000 7591 7591.000000 0.000000 0 0 0 0 0 0 0 0 0 0 0 0 0 0
71849485 71877177 7228 0.142857 0.142857 7228 7227.856934 0.142857 1 0 1 0 0 0 0 0 0 0 0 0 0 0
71887367 71916544 7616 0.000000 0.000000 7616 7616.000000 0.000000 0 0 0 0 0 0 0 0 0 0 0 0 0 0
71926737 71954427 7229 0.000000 0.000000 7229 7229.000000 0.000000 0 0 0 0 0 0 0 0 0 0 0 0 0 0
72018562 72046168 7207 16.571428 15.928572 7207 7191.071289 15.928572 20 17 21 11 13 11 20 11 17 19 15 15 16 17
