27 32
70906880 70936060 7619 17.071428 16.571428 7619 7602.428711 16.571428 19 21 13 11 22 9 12 18 19 21 24 14 17 12
71000093 71027859 7249 0.000000 0.000000 7249 7249.000000 0.000000 0 0 0 0 0 0 0 0 0 0 0 0 0 0
71038061 71067102 7583 0.000000 0.000000 7583 7583.000000 0.000000 0 0 0 0 0 0 0 0 0 0 0 0 0 0
71077300 71105037 7242 0.000000 0.000000 7242 7242.000000 0.000000 0 0 0 0 0 0 0 0 0 0 0 0 0 0
71115230 71144370 7607 0.000000 0.000000 7607 7607.000000 0.000000 0 0 0 0 0 0 0 0 0 0 0 0 0 0
71154564 71182251 7227 0.071429 0.071429 7227 7226.928711 0.071429 0 0 1 0 0 0 0 0 0 0 0 0 0 0
71192465 71221560 7594 0.071429 0.071429 7594 7593.928711 0.071429 0 0 0 0 0 0 0 0 0 0 0 1 0 0
71231752 71259517 7250 0.285714 0.285714 7250 7249.714355 0.285714 1 0 0 0 0 0 1 0 0 0 1 0 1 0
71269711 71298785 7591 1.357143 1.357143 7591 7589.643066 1.357143 1 1 1 2 0 2 1 3 2 1 3 1 1 0
71308984 71336667 7229 3.214286 2.785714 7229 7226.214355 2.785714 3 3 4 4 2 3 4 3 1 2 5 3 1 1
71346862 71376060 7621 6.857143 6.857143 7621 7614.143066 6.857143 5 5 7 3 8 7 7 11 8 13 7 4 4 7
71386257 71413939 7225 11.714286 11.428572 7225 7213.571289 11.428572 16 9 7 14 11 13 11 12 6 17 13 14 12 5
71424137 71453196 7585 15.642858 15.285714 7585 7569.714355 15.285714 20 9 20 13 12 27 12 15 13 15 18 13 17 10
71461973 71491075 7599 15.857142 15.285714 7599 7583.714355 15.285714 14 16 17 12 15 18 11 17 12 13 18 25 5 21
71501270 71530437 7616 15.357142 15.285714 7616 7600.714355 15.285714 17 11 14 17 14 17 12 19 20 8 18 17 12 18
71540633 71568349 7236 9.428572 9.142858 7236 7226.856934 9.142858 11 9 9 6 10 11 9 11 6 10 12 10 6 8
71578541 71607695 7611 5.857143 5.857143 7611 7605.143066 5.857143 3 5 4 9 3 7 5 5 13 8 5 7 3 5
71617923 71645588 7221 2.142857 2.142857 7221 7218.856934 2.142857 3 2 2 2 0 3 3 3 4 3 2 1 1 1
71655724 71684915 7620 1.357143 1.357143 7620 7618.643066 1.357143 0 0 2 2 3 3 0 0 3 2 0 0 2 2
71695115 71722790 7227 0.500000 0.500000 7227 7226.500000 0.500000 1 0 0 0 1 0 0 0 0 2 2 0 1 0
71732988 71762065 7593 0.000000 0.000000 7593 7593.000000 0.000000 0 0 0 0 0 0 0 0 0 0 0 0 0 0
71772260 71800037 7252 0.071429 0.071429 7252 7251.928711 0.071429 0 0 0 0 0 1 0 0 0 0 0 0 0 0
71810202 71839281 7591 0.000000 0.000000 7591 7591.000000 0.000000 0 0 0 0 0 0 0 0 0 0 0 0 0 0
71849485 71877177 7228 0.000000 0.000000 7228 7228.000000 0.000000 0 0 0 0 0 0 0 0 0 0 0 0 0 0
71887367 71916544 7616 0.000000 0.000000 7616 7616.000000 0.000000 0 0 0 0 0 0 0 0 0 0 0 0 0 0
71926737 71954427 7230 0.142857 0.000000 7230 7230.000000 0.000000 0 0 0 0 0 0 0 0 0 0 0 0 0 0
72018562 72046168 7209 15.000000 14.785714 7209 7194.214355 14.785714 15 18 12 14 19 13 19 18 17 15 19 9 9 10
