27 32
70906880 70936060 7619 16.714285 16.285715 7619 7602.714355 16.285715 16 16 19 19 9 17 15 16 26 14 15 19 18 9
71000093 71027859 7249 0.000000 0.000000 7249 7249.000000 0.000000 0 0 0 0 0 0 0 0 0 0 0 0 0 0
71038061 71067102 7583 0.000000 0.000000 7583 7583.000000 0.000000 0 0 0 0 0 0 0 0 0 0 0 0 0 0
71077300 71105037 7242 0.000000 0.000000 7242 7242.000000 0.000000 0 0 0 0 0 0 0 0 0 0 0 0 0 0
71115230 71144370 7607 0.071429 0.000000 7607 7607.000000 0.000000 0 0 0 0 0 0 0 0 0 0 0 0 0 0
71154564 71182251 7227 0.071429 0.071429 7227 7226.928711 0.071429 0 0 0 0 0 0 0 1 0 0 0 0 0 0
71192465 71221560 7594 0.142857 0.142857 7594 7593.856934 0.142857 0 0 1 0 0 0 0 0 0 0 1 0 0 0
71231752 71259517 7249 0.571429 0.571429 7249 7248.428711 0.571429 1 0 0 1 0 1 0 1 0 1 1 1 1 0
71269711 71298785 7591 1.142857 1.142857 7591 7589.856934 1.142857 2 2 1 0 0 2 1 1 1 2 1 0 2 1
71308984 71336667 7229 3.071429 3.000000 7229 7226.000000 3.000000 1 2 4 3 4 3 2 9 2 4 2 5 0 1
71346862 71376060 7621 7.428571 7.214286 7621 7613.785645 7.214286 11 8 8 4 6 13 5 9 6 9 8 5 2 7
71386257 71413939 7225 10.928572 10.642858 7225 7214.356934 10.642858 11 10 13 9 11 19 12 8 12 10 13 5 10 6
71424137 71453196 7585 15.928572 15.571428 7585 7569.428711 15.571428 20 16 15 12 12 12 13 19 19 20 18 13 15 14
71461973 71491075 7599 17.785715 17.214285 7599 7581.785645 17.214285 16 18 9 14 17 14 19 19 26 20 19 17 17 16
71501270 71530437 7616 16.357143 15.642858 7616 7600.356934 15.642858 17 20 5 13 19 19 20 11 24 18 12 12 10 19
71540633 71568349 7236 11.142858 10.785714 7236 7225.214355 10.785714 10 12 6 12 11 13 9 11 10 10 15 9 12 11
71578541 71607695 7611 8.428572 7.928571 7611 7603.071289 7.928571 11 7 12 8 7 5 11 5 8 10 6 7 9 5
71617923 71645588 7222 3.428571 3.285714 7222 7218.714355 3.285714 3 3 1 4 5 5 4 2 5 6 2 2 3 1
71655724 71684915 7620 0.928571 0.785714 7620 7619.214355 0.785714 2 1 1 1 0 0 2 1 1 1 1 0 0 0
71695115 71722790 7227 0.714286 0.714286 7227 7226.285645 0.714286 0 2 0 2 0 0 0 2 1 1 1 0 0 1
71732988 71762065 7593 0.071429 0.071429 7593 7592.928711 0.071429 0 0 0 0 0 0 0 0 1 0 0 0 0 0
71772260 71800037 7253 0.000000 0.000000 7253 7253.000000 0.000000 0 0 0 0 0 0 0 0 0 0 0 0 0 0
71810202 71839281 7591 0.000000 0.000000 7591 7591.000000 0.000000 0 0 0 0 0 0 0 0 0 0 0 0 0 0
71849485 71877177 7228 0.071429 0.071429 7228 7227.928711 0.071429 0 0 0 1 0 0 0 0 0 0 0 0 0 0
71887367 71916544 7616 0.000000 0.000000 7616 7616.000000 0.000000 0 0 0 0 0 0 0 0 0 0 0 0 0 0
71926737 71954427 7230 0.071429 0.000000 7230 7230.000000 0.000000 0 0 0 0 0 0 0 0 0 0 0 0 0 0
72018562 72046168 7209 17.428572 17.214285 7209 7191.785645 17.214285 19 20 13 22 20 16 14 12 19 18 23 19 9 17
