27 32
70906880 70936060 7619 14.428572 14.071428 7619 7604.928711 14.071428 17 16 7 12 10 17 14 19 14 17 15 15 12 12
71000093 71027859 7250 0.000000 0.000000 7250 7250.000000 0.000000 0 0 0 0 0 0 0 0 0 0 0 0 0 0
71038061 71067102 7583 0.000000 0.000000 7583 7583.000000 0.000000 0 0 0 0 0 0 0 0 0 0 0 0 0 0
71077300 71105037 7242 0.000000 0.000000 7242 7242.000000 0.000000 0 0 0 0 0 0 0 0 0 0 0 0 0 0
71115230 71144370 7607 0.000000 0.000000 7607 7607.000000 0.000000 0 0 0 0 0 0 0 0 0 0 0 0 0 0
71154564 71182251 7226 0.142857 0.142857 7226 7225.856934 0.142857 0 0 0 0 0 1 0 1 0 0 0 0 0 0
71192465 71221560 7595 0.071429 0.000000 7595 7595.000000 0.000000 0 0 0 0 0 0 0 0 0 0 0 0 0 0
71231752 71259517 7249 0.285714 0.285714 7249 7248.714355 0.285714 0 0 1 0 0 1 0 0 0 0 0 1 1 0
71269711 71298785 7592 1.214286 1.142857 7592 7590.856934 1.142857 1 4 1 1 0 1 4 1 0 0 0 0 1 2
71308984 71336667 7227 3.214286 3.000000 7227 7224.000000 3.000000 3 5 3 2 1 4 2 2 3 3 3 5 3 3
71346862 71376060 7622 5.928571 5.714286 7622 7616.285645 5.714286 6 7 4 8 5 5 4 7 8 6 2 3 3 12
71386257 71413939 7225 10.500000 10.285714 7225 7214.714355 10.285714 10 10 14 9 10 5 8 10 15 21 8 7 6 11
71424137 71453196 7585 12.642858 11.928572 7585 7573.071289 11.928572 19 16 15 12 10 10 9 8 13 16 11 7 7 14
71461973 71491075 7599 16.142857 15.642858 7599 7583.356934 15.642858 21 17 16 16 13 17 9 15 20 12 20 19 10 14
71501270 71530437 7615 13.357142 13.000000 7615 7602.000000 13.000000 22 7 12 11 15 13 8 17 11 21 13 12 13 7
71540633 71568349 7237 10.142858 10.000000 7237 7227.000000 10.000000 12 6 8 4 12 4 10 12 18 12 13 12 9 8
71578541 71607695 7610 7.357143 7.142857 7610 7602.856934 7.142857 9 7 3 8 6 7 8 8 7 9 7 9 5 7
71617923 71645588 7220 2.357143 2.357143 7220 7217.643066 2.357143 4 3 2 1 1 2 2 2 5 3 1 2 1 4
71655724 71684915 7620 0.357143 0.357143 7620 7619.643066 0.357143 0 2 1 0 1 0 0 0 1 0 0 0 0 0
71695115 71722790 7225 0.214286 0.214286 7225 7224.785645 0.214286 0 0 0 0 0 0 1 1 0 1 0 0 0 0
71732988 71762065 7592 0.000000 0.000000 7592 7592.000000 0.000000 0 0 0 0 0 0 0 0 0 0 0 0 0 0
71772260 71800037 7252 0.000000 0.000000 7252 7252.000000 0.000000 0 0 0 0 0 0 0 0 0 0 0 0 0 0
71810202 71839281 7591 0.000000 0.000000 7591 7591.000000 0.000000 0 0 0 0 0 0 0 0 0 0 0 0 0 0
71849485 71877177 7228 0.000000 0.000000 7228 7228.000000 0.000000 0 0 0 0 0 0 0 0 0 0 0 0 0 0
71887367 71916544 7616 0.000000 0.000000 7616 7616.000000 0.000000 0 0 0 0 0 0 0 0 0 0 0 0 0 0
71926737 71954427 7229 0.000000 0.000000 7229 7229.000000 0.000000 0 0 0 0 0 0 0 0 0 0 0 0 0 0
72018562 72046168 7207 13.714286 13.285714 7207 7193.714355 13.285714 15 16 9 7 20 15 7 14 16 16 13 15 11 12
