27 32
44849572 44877317 51900 80.076920 77.923080 51900 51822.078125 77.923080 0 0 85 88 105 138 149 99 101 106 0 142 0
44942813 44970496 51765 0.000000 0.000000 51765 51765.000000 0.000000 0 0 0 0 0 0 0 0 0 0 0 0 0
44982234 45011366 54463 0.153846 0.153846 54463 54462.847656 0.153846 0 0 0 0 0 2 0 0 0 0 0 0 0
45022941 45050693 51913 0.076923 0.076923 51913 51912.921875 0.076923 0 0 0 0 0 0 0 0 0 1 0 0 0
45062279 45091505 54634 0.461538 0.307692 54634 54633.691406 0.307692 0 0 2 1 0 0 0 0 0 0 0 1 0
45103156 45130817 51740 0.461538 0.307692 51740 51739.691406 0.307692 0 0 0 0 0 2 1 0 0 1 0 0 0
45143904 45171581 51755 2.153846 1.923077 51755 51753.078125 1.923077 0 0 4 2 2 1 1 3 0 7 0 5 0
45183239 45210927 51755 4.384615 4.230769 51755 51750.769531 4.230769 0 0 5 7 4 8 6 3 8 9 0 5 0
45222635 45251750 54449 11.153846 10.923077 54449 54438.078125 10.923077 0 0 16 11 16 18 15 11 17 22 0 16 0
45261904 45291075 54535 23.000000 22.384615 54535 54512.617188 22.384615 0 0 29 23 27 43 33 24 29 39 0 44 0
45302746 45331906 54533 39.000000 37.615383 54533 54495.382812 37.615383 0 0 37 44 50 66 65 60 52 52 0 63 0
45343467 45371210 51893 58.538460 57.076923 51893 51835.921875 57.076923 0 0 62 51 65 84 91 82 88 113 0 106 0
45382831 45411985 54503 77.461540 75.692307 54503 54427.308594 75.692307 0 0 101 89 80 135 144 94 106 103 0 132 0
45423670 45451394 51843 75.384613 73.692307 51843 51769.308594 73.692307 0 0 97 114 88 116 121 110 96 110 0 106 0
45463032 45492095 54352 71.461540 69.615387 54352 54282.382812 69.615387 0 0 90 77 82 109 120 98 91 113 0 125 0
45502326 45531450 54467 60.000000 58.692307 54467 54408.308594 58.692307 0 0 67 69 77 93 93 90 72 105 0 97 0
45543110 45570823 51839 34.461540 33.307693 51839 51805.691406 33.307693 0 0 40 45 48 60 43 39 44 69 0 45 0
45582487 45610113 51677 20.846153 20.153847 51677 51656.847656 20.153847 0 0 27 24 25 28 38 22 26 31 0 41 0
45621795 45650914 54472 11.153846 10.923077 54472 54461.078125 10.923077 0 0 11 16 15 12 19 18 9 19 0 23 0
45662565 45690273 51809 4.461538 4.307693 51809 51804.691406 4.307693 0 0 4 6 3 9 11 6 9 3 0 5 0
45701950 45731109 54530 2.615385 2.461539 54530 54527.539062 2.461539 3 4 2 3 3 3 1 3 2 2 3 1 2
45742729 45770426 51773 1.230769 0.923077 51773 51772.078125 0.923077 1 1 0 1 0 0 1 0 0 1 3 3 1
45782081 45811233 54519 0.615385 0.461538 54519 54518.539062 0.461538 0 1 1 0 1 0 1 0 0 1 0 1 0
45822823 45850578 51917 0.230769 0.153846 51917 51916.847656 0.153846 0 0 0 1 0 0 0 0 0 0 0 0 1
45862232 45891372 54512 0.076923 0.076923 54512 54511.921875 0.076923 1 0 0 0 0 0 0 0 0 0 0 0 0
45902961 45930629 51754 0.000000 0.000000 51754 51754.000000 0.000000 0 0 0 0 0 0 0 0 0 0 0 0 0
45996271 46023870 51608 120.538460 117.538460 51608 51490.460938 117.538460 135 122 100 98 120 105 119 84 121 146 135 140 103
