27 32
44849572 44877317 51897 84.538460 82.923080 51897 51814.078125 82.923080 0 0 105 96 98 133 139 113 123 119 0 152 0
44942813 44970496 51764 0.076923 0.076923 51764 51763.921875 0.076923 0 0 0 0 0 0 1 0 0 0 0 0 0
44982234 45011366 54461 0.000000 0.000000 54461 54461.000000 0.000000 0 0 0 0 0 0 0 0 0 0 0 0 0
45022941 45050693 51913 0.076923 0.000000 51913 51913.000000 0.000000 0 0 0 0 0 0 0 0 0 0 0 0 0
45062279 45091505 54634 0.615385 0.384615 54634 54633.617188 0.384615 0 0 0 2 0 0 1 1 0 0 0 1 0
45103156 45130817 51740 0.538462 0.461538 51740 51739.539062 0.461538 0 0 2 2 0 1 0 0 0 1 0 0 0
45143904 45171581 51755 1.846154 1.692308 51755 51753.308594 1.692308 0 0 2 3 3 3 3 2 2 2 0 2 0
45183239 45210927 51755 4.692307 4.692307 51755 51750.308594 4.692307 0 0 10 7 6 2 8 5 2 9 0 12 0
45222635 45251750 54449 12.307693 12.076923 54449 54436.921875 12.076923 0 0 17 12 20 23 15 21 10 18 0 21 0
45261904 45291075 54535 27.461538 26.538462 54535 54508.460938 26.538462 0 0 30 31 28 46 47 27 48 39 0 49 0
45302746 45331906 54531 49.230770 48.153847 54531 54482.847656 48.153847 0 0 73 53 63 69 74 64 69 80 0 81 0
45343467 45371210 51892 65.461540 63.846153 51892 51828.152344 63.846153 0 0 101 63 82 92 115 76 87 104 0 110 0
45382831 45411985 54502 83.769234 82.076920 54502 54419.921875 82.076920 0 0 93 93 95 128 149 98 124 143 0 144 0
45423670 45451394 51842 84.846153 82.923080 51842 51759.078125 82.923080 0 0 111 92 103 120 135 112 123 137 0 145 0
45463032 45492095 54352 88.153847 86.692307 54352 54265.308594 86.692307 0 0 105 97 100 148 137 114 132 140 0 154 0
45502326 45531450 54466 67.615387 66.461540 54466 54399.539062 66.461540 0 0 76 75 95 93 117 96 103 85 0 124 0
45543110 45570823 51839 40.769230 39.461540 51839 51799.539062 39.461540 0 0 44 45 39 65 69 65 51 64 0 71 0
45582487 45610113 51677 24.307692 23.538462 51677 51653.460938 23.538462 0 0 31 21 42 34 50 23 34 33 0 38 0
45621795 45650914 54472 11.692307 11.384615 54472 54460.617188 11.384615 0 0 11 17 12 17 21 14 25 16 0 15 0
45662565 45690273 51808 4.846154 4.769231 51808 51803.230469 4.769231 0 0 5 8 6 13 6 4 7 7 0 6 0
45701950 45731109 54530 2.846154 2.846154 54530 54527.152344 2.846154 6 0 3 3 2 5 2 3 1 4 3 4 1
45742729 45770426 51772 0.846154 0.538462 51772 51771.460938 0.538462 3 0 0 0 1 0 0 1 0 0 0 2 0
45782081 45811233 54519 0.615385 0.461538 54519 54518.539062 0.461538 1 0 1 1 1 0 1 1 0 0 0 0 0
45822823 45850578 51917 0.153846 0.153846 51917 51916.847656 0.153846 0 0 0 0 0 0 0 1 0 1 0 0 0
45862232 45891372 54511 0.076923 0.076923 54511 54510.921875 0.076923 0 0 0 1 0 0 0 0 0 0 0 0 0
45902961 45930629 51754 0.230769 0.076923 51754 51753.921875 0.076923 0 0 0 1 0 0 0 0 0 0 0 0 0
45996271 46023870 51608 134.692307 131.538467 51608 51476.460938 131.538467 143 130 125 111 109 126 126 109 127 139 142 151 172
