27 32
44849572 44877317 51901 39.384617 38.538460 51901 51862.460938 38.538460 0 0 0 0 0 133 130 129 0 1 0 108 0
44942813 44970496 51768 0.000000 0.000000 51768 51768.000000 0.000000 0 0 0 0 0 0 0 0 0 0 0 0 0
44982234 45011366 54465 0.000000 0.000000 54465 54465.000000 0.000000 0 0 0 0 0 0 0 0 0 0 0 0 0
45022941 45050693 51914 0.076923 0.076923 51914 51913.921875 0.076923 0 0 0 0 0 1 0 0 0 0 0 0 0
45062279 45091505 54638 0.307692 0.230769 54638 54637.769531 0.230769 0 0 0 0 0 2 0 0 0 0 0 1 0
45103156 45130817 51744 0.461538 0.461538 51744 51743.539062 0.461538 0 0 1 0 0 0 2 1 0 0 0 2 0
45143904 45171581 51756 1.000000 1.000000 51756 51755.000000 1.000000 0 0 0 0 0 4 3 2 0 0 0 4 0
45183239 45210927 51757 2.461539 2.384615 51757 51754.617188 2.384615 0 0 0 1 1 8 10 6 0 0 0 5 0
45222635 45251750 54451 5.692307 5.538462 54451 54445.460938 5.538462 0 0 0 0 0 17 10 20 0 0 0 25 0
45261904 45291075 54537 10.769231 10.461538 54537 54526.539062 10.461538 0 0 0 1 0 38 33 23 0 1 0 40 0
45302746 45331906 54535 24.923077 24.538462 54535 54510.460938 24.538462 0 0 0 0 2 79 86 55 0 0 0 97 0
45343467 45371210 51897 28.615385 28.230770 51897 51868.769531 28.230770 0 0 2 1 0 96 102 73 1 0 0 92 0
45382831 45411985 54506 37.461540 36.000000 54506 54470.000000 36.000000 0 0 0 1 0 135 127 94 0 0 0 111 0
45423670 45451394 51844 37.384617 36.615383 51844 51807.382812 36.615383 0 0 2 1 0 118 133 108 0 0 0 114 0
45463032 45492095 54354 36.076923 35.153847 54354 54318.847656 35.153847 0 1 0 0 0 97 134 100 1 0 0 124 0
45502326 45531450 54468 30.461538 29.461538 54468 54438.539062 29.461538 0 0 1 0 1 99 91 98 0 0 0 93 0
45543110 45570823 51841 19.846153 19.307692 51841 51821.691406 19.307692 0 0 0 2 1 55 68 56 0 1 0 68 0
45582487 45610113 51678 10.000000 9.923077 51678 51668.078125 9.923077 0 0 1 0 0 35 21 29 0 0 0 43 0
45621795 45650914 54475 5.615385 5.384615 54475 54469.617188 5.384615 0 0 0 0 0 18 13 15 0 0 0 24 0
45662565 45690273 51811 1.461538 1.384615 51811 51809.617188 1.384615 0 0 0 0 0 0 6 4 0 0 0 8 0
45701950 45731109 54535 0.769231 0.615385 54535 54534.382812 0.615385 3 0 1 0 2 0 0 0 0 0 0 2 0
45742729 45770426 51774 0.153846 0.153846 51774 51773.847656 0.153846 1 0 0 0 1 0 0 0 0 0 0 0 0
45782081 45811233 54521 0.230769 0.153846 54521 54520.847656 0.153846 0 0 2 0 0 0 0 0 0 0 0 0 0
45822823 45850578 51920 0.000000 0.000000 51920 51920.000000 0.000000 0 0 0 0 0 0 0 0 0 0 0 0 0
45862232 45891372 54516 0.230769 0.153846 54516 54515.847656 0.153846 1 0 0 0 0 0 0 0 0 0 0 0 1
45902961 45930629 51756 0.307692 0.076923 51756 51755.921875 0.076923 0 0 1 0 0 0 0 0 0 0 0 0 0
45996271 46023870 51611 66.692307 65.461540 51611 51545.539062 65.461540 160 134 100 110 97 0 1 0 0 0 0 128 121
