27 32
44849572 44877317 51901 56.384617 55.000000 51901 51846.000000 55.000000 0 0 106 107 120 0 0 0 124 135 0 123 0
44942813 44970496 51767 0.076923 0.076923 51767 51766.921875 0.076923 0 0 0 0 0 0 0 0 0 0 0 1 0
44982234 45011366 54464 0.153846 0.076923 54464 54463.921875 0.076923 0 0 0 0 0 0 0 0 0 0 0 1 0
45022941 45050693 51914 0.153846 0.076923 51914 51913.921875 0.076923 0 0 0 0 0 0 0 0 1 0 0 0 0
45062279 45091505 54636 0.230769 0.153846 54636 54635.847656 0.153846 0 0 0 0 1 0 0 0 0 1 0 0 0
45103156 45130817 51743 0.153846 0.153846 51743 51742.847656 0.153846 0 0 0 0 0 0 0 0 0 2 0 0 0
45143904 45171581 51755 1.769231 1.692308 51755 51753.308594 1.692308 0 0 3 2 3 0 0 0 7 2 0 5 0
45183239 45210927 51756 3.384615 3.307692 51756 51752.691406 3.307692 0 0 5 4 8 0 0 0 8 9 0 9 0
45222635 45251750 54449 8.000000 7.923077 54449 54441.078125 7.923077 0 0 13 10 19 0 0 0 21 19 0 21 0
45261904 45291075 54535 14.615385 14.461538 54535 54520.539062 14.461538 0 0 25 22 31 1 1 1 36 34 0 37 0
45302746 45331906 54533 26.461538 26.000000 54533 54507.000000 26.000000 0 0 48 52 49 0 1 0 60 57 0 71 0
45343467 45371210 51895 43.384617 41.846153 51895 51853.152344 41.846153 0 0 74 82 102 0 1 0 93 90 0 102 0
45382831 45411985 54505 50.923077 49.538460 54505 54455.460938 49.538460 0 0 93 91 118 0 3 0 115 120 0 104 0
45423670 45451394 51844 49.384617 48.615383 51844 51795.382812 48.615383 0 0 92 95 110 0 0 0 111 108 0 116 0
45463032 45492095 54352 52.538460 51.692307 54352 54300.308594 51.692307 0 0 104 90 106 0 0 0 126 127 0 119 0
45502326 45531450 54468 41.769230 41.307693 54468 54426.691406 41.307693 0 0 72 70 81 1 1 0 104 108 0 100 0
45543110 45570823 51840 23.615385 23.230770 51840 51816.769531 23.230770 0 0 30 38 53 0 0 0 49 70 0 62 0
45582487 45610113 51677 14.461538 14.230769 51677 51662.769531 14.230769 0 0 21 19 31 0 0 0 46 30 0 38 0
45621795 45650914 54474 8.000000 8.000000 54474 54466.000000 8.000000 0 0 14 17 15 0 0 0 17 23 0 18 0
45662565 45690273 51811 2.846154 2.615385 51811 51808.382812 2.615385 0 0 5 2 3 0 0 0 9 7 0 8 0
45701950 45731109 54532 1.076923 1.000000 54532 54531.000000 1.000000 2 3 0 0 0 2 4 1 0 0 0 0 1
45742729 45770426 51774 0.461538 0.461538 51774 51773.539062 0.461538 2 1 0 0 0 0 1 0 0 0 0 1 1
45782081 45811233 54521 0.153846 0.153846 54521 54520.847656 0.153846 0 0 0 0 0 0 0 1 0 0 0 0 1
45822823 45850578 51918 0.307692 0.230769 51918 51917.769531 0.230769 0 1 0 0 0 0 0 1 0 0 0 1 0
45862232 45891372 54516 0.153846 0.153846 54516 54515.847656 0.153846 0 0 0 0 0 1 0 0 0 0 0 1 0
45902961 45930629 51755 0.153846 0.076923 51755 51754.921875 0.076923 0 0 0 0 0 0 0 0 0 0 0 0 1
45996271 46023870 51609 64.538460 63.230770 51609 51545.769531 63.230770 127 111 1 0 0 110 129 103 0 0 0 124 117
