27 32
44849572 44877317 51901 77.461540 76.307693 51901 51824.691406 76.307693 0 0 83 111 101 102 128 109 101 110 0 147 0
44942813 44970496 51768 0.153846 0.076923 51768 51767.921875 0.076923 0 0 0 0 0 0 0 0 0 0 0 1 0
44982234 45011366 54465 0.307692 0.153846 54465 54464.847656 0.153846 0 0 0 0 1 1 0 0 0 0 0 0 0
45022941 45050693 51913 0.153846 0.076923 51913 51912.921875 0.076923 0 0 1 0 0 0 0 0 0 0 0 0 0
45062279 45091505 54638 0.307692 0.230769 54638 54637.769531 0.230769 0 0 1 0 1 0 0 1 0 0 0 0 0
45103156 45130817 51744 0.538462 0.538462 51744 51743.460938 0.538462 0 0 2 0 1 0 1 1 0 0 0 2 0
45143904 45171581 51756 1.230769 1.230769 51756 51754.769531 1.230769 0 0 1 1 4 0 1 2 1 2 0 4 0
45183239 45210927 51758 3.846154 3.692308 51758 51754.308594 3.692308 0 0 7 1 8 5 3 7 3 5 0 9 0
45222635 45251750 54451 12.538462 12.461538 54451 54438.539062 12.461538 0 0 14 19 17 11 22 19 21 23 0 16 0
45261904 45291075 54537 23.923077 23.230770 54537 54513.769531 23.230770 0 0 26 30 31 39 37 31 39 29 0 40 0
45302746 45331906 54534 45.230770 44.230770 54534 54489.769531 44.230770 0 0 49 39 64 66 72 56 70 69 0 90 0
45343467 45371210 51897 58.538460 57.076923 51897 51839.921875 57.076923 0 0 57 68 70 93 107 84 84 90 0 89 0
45382831 45411985 54506 76.076920 74.846153 54506 54431.152344 74.846153 0 0 103 106 106 99 115 103 82 125 0 134 0
45423670 45451394 51844 73.846153 72.153847 51844 51771.847656 72.153847 0 0 90 86 119 122 100 95 98 98 0 130 0
45463032 45492095 54354 73.000000 71.076920 54354 54282.921875 71.076920 0 0 80 90 92 101 100 99 108 122 0 132 0
45502326 45531450 54468 57.615383 56.692307 54468 54411.308594 56.692307 0 0 48 72 73 84 89 89 84 92 0 106 0
45543110 45570823 51841 37.000000 36.384617 51841 51804.617188 36.384617 0 0 41 42 49 60 52 48 54 65 0 62 0
45582487 45610113 51678 19.538462 19.538462 51678 51658.460938 19.538462 0 0 31 27 20 28 30 29 31 32 0 26 0
45621795 45650914 54476 9.846154 9.615385 54476 54466.382812 9.615385 0 0 9 9 15 15 14 15 14 19 0 15 0
45662565 45690273 51811 4.846154 4.769231 51811 51806.230469 4.769231 0 0 4 7 9 5 8 10 5 8 0 6 0
45701950 45731109 54535 2.000000 1.846154 54535 54533.152344 1.846154 1 1 2 1 2 2 2 1 2 3 1 4 2
45742729 45770426 51775 1.000000 0.846154 51775 51774.152344 0.846154 1 1 0 3 0 0 0 0 0 3 1 1 1
45782081 45811233 54521 0.615385 0.384615 54521 54520.617188 0.384615 0 0 0 1 0 0 0 0 1 1 0 2 0
45822823 45850578 51920 0.230769 0.076923 51920 51919.921875 0.076923 0 0 0 0 0 0 0 0 1 0 0 0 0
45862232 45891372 54515 0.538462 0.230769 54515 54514.769531 0.230769 0 0 0 1 0 0 1 0 0 0 0 1 0
45902961 45930629 51757 0.230769 0.076923 51757 51756.921875 0.076923 0 0 1 0 0 0 0 0 0 0 0 0 0
45996271 46023870 51611 130.692307 128.538467 51611 51482.460938 128.538467 141 124 90 105 104 106 144 96 149 170 178 133 131
