27 32
44849572 44877317 51903 77.846153 76.153847 51903 51826.847656 76.153847 0 0 79 111 108 107 122 76 126 138 0 123 0
44942813 44970496 51768 0.230769 0.000000 51768 51768.000000 0.000000 0 0 0 0 0 0 0 0 0 0 0 0 0
44982234 45011366 54468 0.076923 0.076923 54468 54467.921875 0.076923 0 0 0 0 0 0 0 0 0 1 0 0 0
45022941 45050693 51915 0.076923 0.076923 51915 51914.921875 0.076923 0 0 0 0 1 0 0 0 0 0 0 0 0
45062279 45091505 54639 0.461538 0.384615 54639 54638.617188 0.384615 0 0 1 1 1 0 0 0 1 1 0 0 0
45103156 45130817 51745 0.923077 0.769231 51745 51744.230469 0.769231 0 0 3 1 1 2 1 1 1 0 0 0 0
45143904 45171581 51760 2.076923 2.000000 51760 51758.000000 2.000000 0 0 4 6 3 4 1 4 1 2 0 1 0
45183239 45210927 51757 5.461538 5.307693 51757 51751.691406 5.307693 0 0 6 5 11 9 9 3 7 11 0 8 0
45222635 45251750 54454 12.076923 11.769231 54454 54442.230469 11.769231 0 0 19 15 20 11 28 8 20 22 0 10 0
45261904 45291075 54540 25.923077 25.230770 54540 54514.769531 25.230770 0 0 34 31 39 36 48 20 47 35 0 38 0
45302746 45331906 54535 42.230770 41.384617 54535 54493.617188 41.384617 0 0 49 51 53 57 54 62 74 80 0 58 0
45343467 45371210 51898 60.615383 59.538460 51898 51838.460938 59.538460 0 0 81 72 83 92 87 67 97 104 0 91 0
45382831 45411985 54508 80.615387 79.307693 54508 54428.691406 79.307693 0 0 94 92 111 105 123 94 120 148 0 144 0
45423670 45451394 51846 79.307693 77.153847 51846 51768.847656 77.153847 0 0 116 97 102 103 104 87 96 144 0 154 0
45463032 45492095 54357 78.923080 77.538460 54357 54279.460938 77.538460 0 0 112 107 125 80 125 91 121 127 0 120 0
45502326 45531450 54471 62.461540 60.846153 54471 54410.152344 60.846153 0 0 90 79 67 84 86 70 108 93 0 114 0
45543110 45570823 51842 37.153847 36.076923 51842 51805.921875 36.076923 0 0 39 47 41 51 54 45 60 53 0 79 0
45582487 45610113 51679 20.153847 19.538462 51679 51659.460938 19.538462 0 0 20 27 22 33 30 25 30 35 0 32 0
45621795 45650914 54477 12.000000 11.461538 54477 54465.539062 11.461538 0 0 15 18 11 23 20 16 15 11 0 20 0
45662565 45690273 51814 5.000000 4.769231 51814 51809.230469 4.769231 0 0 5 4 7 3 5 8 8 14 0 8 0
45701950 45731109 54535 4.538462 4.384615 54535 54530.617188 4.384615 4 5 0 1 4 3 3 4 3 4 3 11 12
45742729 45770426 51777 2.230769 2.153846 51777 51774.847656 2.153846 3 2 0 1 2 1 1 1 1 1 3 7 5
45782081 45811233 54522 0.846154 0.769231 54522 54521.230469 0.769231 2 0 0 0 0 1 2 0 0 1 1 2 1
45822823 45850578 51923 0.538462 0.384615 51923 51922.617188 0.384615 2 0 0 0 0 0 0 0 0 0 0 1 2
45862232 45891372 54516 0.153846 0.076923 54516 54515.921875 0.076923 0 0 0 1 0 0 0 0 0 0 0 0 0
45902961 45930629 51757 0.384615 0.230769 51757 51756.769531 0.230769 0 0 0 0 0 1 0 0 1 0 0 0 1
45996271 46023870 51611 116.615387 114.384613 51611 51496.617188 114.384613 142 130 92 84 84 109 136 102 123 160 153 94 78
