27 32
44849572 44877317 51901 49.538460 48.538460 51901 51852.460938 48.538460 0 0 85 93 101 0 0 1 101 114 0 136 0
44942813 44970496 51768 0.076923 0.076923 51768 51767.921875 0.076923 0 0 0 0 0 0 0 0 1 0 0 0 0
44982234 45011366 54465 0.230769 0.000000 54465 54465.000000 0.000000 0 0 0 0 0 0 0 0 0 0 0 0 0
45022941 45050693 51913 0.076923 0.076923 51913 51912.921875 0.076923 0 0 0 0 0 0 0 0 0 1 0 0 0
45062279 45091505 54638 0.153846 0.153846 54638 54637.847656 0.153846 0 0 0 1 1 0 0 0 0 0 0 0 0
45103156 45130817 51744 1.076923 0.923077 51744 51743.078125 0.923077 0 0 1 3 3 0 0 0 3 0 0 2 0
45143904 45171581 51756 1.230769 1.153846 51756 51754.847656 1.153846 0 0 0 1 2 0 0 0 5 4 0 3 0
45183239 45210927 51757 2.923077 2.923077 51757 51754.078125 2.923077 0 0 6 5 6 0 0 0 7 10 0 4 0
45222635 45251750 54451 7.153846 6.769231 54451 54444.230469 6.769231 0 0 9 15 11 0 0 0 14 22 0 17 0
45261904 45291075 54537 16.923077 16.384615 54537 54520.617188 16.384615 0 0 41 33 32 0 0 0 33 39 0 35 0
45302746 45331906 54534 28.076923 27.461538 54534 54506.539062 27.461538 0 0 39 37 56 0 0 0 69 79 0 77 0
45343467 45371210 51897 40.230770 39.153847 51897 51857.847656 39.153847 0 0 80 73 57 0 0 0 82 110 0 107 0
45382831 45411985 54506 52.538460 51.307693 54506 54454.691406 51.307693 0 0 98 87 94 0 1 0 98 109 0 180 0
45423670 45451394 51844 54.846153 54.076923 51844 51789.921875 54.076923 0 0 87 100 96 0 0 0 108 149 0 163 0
45463032 45492095 54354 55.615383 54.230770 54354 54299.769531 54.230770 0 0 101 91 117 0 0 2 100 138 0 156 0
45502326 45531450 54468 39.307693 38.461540 54468 54429.539062 38.461540 0 0 78 71 75 0 0 0 78 89 0 109 0
45543110 45570823 51841 26.307692 25.769230 51841 51815.230469 25.769230 0 0 61 39 51 0 0 0 57 64 0 63 0
45582487 45610113 51678 15.307693 15.076923 51678 51662.921875 15.076923 0 0 30 31 24 0 1 0 29 38 0 43 0
45621795 45650914 54475 7.692307 7.461538 54475 54467.539062 7.461538 0 0 16 13 17 0 0 0 11 19 0 21 0
45662565 45690273 51811 3.230769 3.153846 51811 51807.847656 3.153846 0 0 6 6 5 0 0 0 9 6 0 9 0
45701950 45731109 54535 3.384615 3.384615 54535 54531.617188 3.384615 2 2 0 0 0 1 3 0 7 8 13 4 4
45742729 45770426 51775 2.000000 1.769231 51775 51773.230469 1.769231 0 2 0 0 0 0 3 0 3 5 6 4 0
45782081 45811233 54521 0.769231 0.615385 54521 54520.382812 0.615385 1 0 0 0 0 0 0 0 1 1 3 0 2
45822823 45850578 51920 0.384615 0.230769 51920 51919.769531 0.230769 0 0 0 0 0 0 1 0 1 1 0 0 0
45862232 45891372 54516 0.076923 0.000000 54516 54516.000000 0.000000 0 0 0 0 0 0 0 0 0 0 0 0 0
45902961 45930629 51756 0.307692 0.230769 51756 51755.769531 0.230769 0 0 0 0 0 0 0 0 0 1 2 0 0
45996271 46023870 51611 84.846153 83.384613 51611 51527.617188 83.384613 140 114 0 0 0 97 111 94 86 85 98 137 122
