27 32
44849572 44877317 51901 71.461540 70.076920 51901 51830.921875 70.076920 0 0 113 109 114 129 95 85 116 150 0 0 0
44942813 44970496 51768 0.230769 0.076923 51768 51767.921875 0.076923 0 0 0 0 1 0 0 0 0 0 0 0 0
44982234 45011366 54465 0.076923 0.000000 54465 54465.000000 0.000000 0 0 0 0 0 0 0 0 0 0 0 0 0
45022941 45050693 51914 0.076923 0.000000 51914 51914.000000 0.000000 0 0 0 0 0 0 0 0 0 0 0 0 0
45062279 45091505 54638 0.384615 0.230769 54638 54637.769531 0.230769 0 0 0 0 0 0 0 1 0 1 0 1 0
45103156 45130817 51744 0.769231 0.692308 51744 51743.308594 0.692308 0 0 0 0 2 0 0 3 0 4 0 0 0
45143904 45171581 51756 1.846154 1.769231 51756 51754.230469 1.769231 0 0 5 3 1 2 3 3 4 2 0 0 0
45183239 45210927 51758 4.615385 4.384615 51758 51753.617188 4.384615 0 0 5 10 4 6 7 8 6 11 0 0 0
45222635 45251750 54451 13.230769 12.923077 54451 54438.078125 12.923077 0 0 23 26 24 12 24 9 25 25 0 0 0
45261904 45291075 54538 23.384615 23.000000 54538 54515.000000 23.000000 0 0 24 51 44 32 41 23 39 45 0 0 0
45302746 45331906 54534 41.923077 40.923077 54534 54493.078125 40.923077 0 0 70 57 76 64 51 53 73 88 0 0 0
45343467 45371210 51897 54.153847 52.769230 51897 51844.230469 52.769230 0 0 88 78 85 76 70 67 98 124 0 0 0
45382831 45411985 54506 73.076920 71.769234 54506 54434.230469 71.769234 0 0 114 109 113 104 131 85 125 152 0 0 0
45423670 45451394 51844 72.384613 70.538460 51844 51773.460938 70.538460 0 0 119 92 101 98 117 99 151 140 0 0 0
45463032 45492095 54354 70.076920 68.692307 54354 54285.308594 68.692307 0 0 114 90 137 106 95 79 129 143 0 0 0
45502326 45531450 54468 56.692307 55.538460 54468 54412.460938 55.538460 0 0 97 90 92 81 94 58 104 106 0 0 0
45543110 45570823 51841 34.615383 33.769230 51841 51807.230469 33.769230 0 0 49 54 52 55 51 45 70 62 0 1 0
45582487 45610113 51678 20.000000 19.692308 51678 51658.308594 19.692308 0 0 33 34 38 31 25 26 30 38 0 1 0
45621795 45650914 54476 10.692307 10.307693 54476 54465.691406 10.307693 0 0 17 13 12 19 18 19 19 17 0 0 0
45662565 45690273 51810 3.846154 3.769231 51810 51806.230469 3.769231 0 0 4 3 7 3 11 4 7 10 0 0 0
45701950 45731109 54535 3.615385 3.461539 54535 54531.539062 3.461539 4 1 3 4 2 3 2 3 2 5 1 7 8
45742729 45770426 51775 1.000000 0.923077 51775 51774.078125 0.923077 0 2 2 0 1 0 0 3 0 2 1 0 1
45782081 45811233 54520 0.692308 0.615385 54520 54519.382812 0.615385 2 0 0 0 0 1 0 0 0 2 0 1 2
45822823 45850578 51920 0.230769 0.230769 51920 51919.769531 0.230769 0 0 0 0 0 0 0 0 0 1 1 1 0
45862232 45891372 54515 0.076923 0.076923 54515 54514.921875 0.076923 0 0 0 0 0 0 0 0 0 0 0 1 0
45902961 45930629 51757 0.307692 0.230769 51757 51756.769531 0.230769 0 0 0 0 0 0 0 0 1 0 0 0 2
45996271 46023870 51611 115.153847 112.923080 51611 51498.078125 112.923080 100 126 80 77 75 158 125 110 110 125 144 138 100
