27 32
44849572 44877317 51897 93.307693 91.230766 51897 51805.769531 91.230766 0 0 126 119 112 135 159 116 140 150 0 129 0
44942813 44970496 51764 0.153846 0.153846 51764 51763.847656 0.153846 0 0 1 0 0 1 0 0 0 0 0 0 0
44982234 45011366 54461 0.230769 0.000000 54461 54461.000000 0.000000 0 0 0 0 0 0 0 0 0 0 0 0 0
45022941 45050693 51910 0.230769 0.076923 51910 51909.921875 0.076923 0 0 0 0 0 0 0 0 0 1 0 0 0
45062279 45091505 54634 0.692308 0.615385 54634 54633.382812 0.615385 0 0 1 0 1 1 2 1 1 0 0 1 0
45103156 45130817 51740 0.846154 0.846154 51740 51739.152344 0.846154 0 0 2 1 2 1 1 0 2 1 0 1 0
45143904 45171581 51753 2.230769 2.153846 51753 51750.847656 2.153846 0 0 4 4 3 1 2 1 3 6 0 4 0
45183239 45210927 51753 4.307693 4.000000 51753 51749.000000 4.000000 0 0 6 5 8 6 4 2 8 9 0 4 0
45222635 45251750 54449 12.461538 12.307693 54449 54436.691406 12.307693 0 0 17 16 20 19 13 14 22 25 0 14 0
45261904 45291075 54535 23.615385 23.153847 54535 54511.847656 23.153847 0 0 29 31 43 37 37 16 46 42 0 20 0
45302746 45331906 54530 48.153847 47.461540 54530 54482.539062 47.461540 0 0 55 59 83 69 66 64 57 90 0 74 0
45343467 45371210 51893 69.923080 68.538460 51893 51824.460938 68.538460 0 0 83 103 94 97 121 92 88 120 0 93 0
45382831 45411985 54502 94.615387 92.692307 54502 54409.308594 92.692307 0 0 123 125 117 139 140 112 134 179 0 136 0
45423670 45451394 51841 94.769234 93.000000 51841 51748.000000 93.000000 0 0 122 102 138 136 184 122 126 154 0 125 0
45463032 45492095 54350 94.230766 92.000000 54350 54258.000000 92.000000 0 0 128 123 117 137 150 142 120 148 0 131 0
45502326 45531450 54466 68.307693 67.000000 54466 54399.000000 67.000000 0 0 83 78 83 120 100 89 106 123 0 89 0
45543110 45570823 51839 42.692307 41.923077 51839 51797.078125 41.923077 0 0 48 76 56 53 52 54 80 69 0 57 0
45582487 45610113 51674 25.846153 25.153847 51674 51648.847656 25.153847 0 0 30 31 35 43 31 37 44 42 0 34 0
45621795 45650914 54471 11.692307 11.384615 54471 54459.617188 11.384615 0 0 11 17 21 18 10 11 20 17 0 23 0
45662565 45690273 51808 4.692307 4.384615 51808 51803.617188 4.384615 0 0 10 6 4 5 9 3 5 9 0 6 0
45701950 45731109 54529 1.307692 1.307692 54529 54527.691406 1.307692 3 1 1 1 1 5 2 3 0 0 0 0 0
45742729 45770426 51772 0.230769 0.230769 51772 51771.769531 0.230769 0 0 1 1 0 0 0 1 0 0 0 0 0
45782081 45811233 54518 0.000000 0.000000 54518 54518.000000 0.000000 0 0 0 0 0 0 0 0 0 0 0 0 0
45822823 45850578 51917 0.000000 0.000000 51917 51917.000000 0.000000 0 0 0 0 0 0 0 0 0 0 0 0 0
45862232 45891372 54510 0.000000 0.000000 54510 54510.000000 0.000000 0 0 0 0 0 0 0 0 0 0 0 0 0
45902961 45930629 51754 0.076923 0.000000 51754 51754.000000 0.000000 0 0 0 0 0 0 0 0 0 0 0 0 0
45996271 46023870 51607 79.615387 77.692307 51607 51529.308594 77.692307 130 100 112 117 132 145 166 108 0 0 0 0 0
