27 32
44849572 44877317 51902 78.846153 76.615387 51902 51825.382812 76.615387 0 0 85 94 99 120 141 107 91 112 0 147 0
44942813 44970496 51768 0.307692 0.076923 51768 51767.921875 0.076923 0 0 0 0 0 0 0 1 0 0 0 0 0
44982234 45011366 54468 0.384615 0.076923 54468 54467.921875 0.076923 0 0 1 0 0 0 0 0 0 0 0 0 0
45022941 45050693 51915 0.307692 0.230769 51915 51914.769531 0.230769 0 0 0 0 0 0 0 1 0 0 0 2 0
45062279 45091505 54639 0.461538 0.307692 54639 54638.691406 0.307692 0 0 0 0 1 0 0 1 1 1 0 0 0
45103156 45130817 51745 0.846154 0.846154 51745 51744.152344 0.846154 0 0 0 0 2 2 1 2 0 3 0 1 0
45143904 45171581 51758 2.461539 2.076923 51758 51755.921875 2.076923 0 0 3 6 1 3 3 1 0 4 0 6 0
45183239 45210927 51757 4.384615 4.153846 51757 51752.847656 4.153846 0 0 3 6 3 4 5 11 8 7 0 7 0
45222635 45251750 54453 10.692307 10.384615 54453 54442.617188 10.384615 0 0 14 15 13 20 18 12 12 16 0 15 0
45261904 45291075 54540 23.846153 23.153847 54540 54516.847656 23.153847 0 0 27 20 26 32 42 34 34 36 0 50 0
45302746 45331906 54535 41.615383 41.000000 54535 54494.000000 41.000000 0 0 60 53 41 68 67 56 58 63 0 67 0
45343467 45371210 51898 60.923077 59.923077 51898 51838.078125 59.923077 0 0 63 58 87 93 114 87 84 85 0 108 0
45382831 45411985 54508 72.230766 70.769234 54508 54437.230469 70.769234 0 0 84 74 84 115 141 107 97 99 0 119 0
45423670 45451394 51846 78.538460 77.076920 51846 51768.921875 77.076920 0 0 92 90 102 132 121 119 110 87 0 149 0
45463032 45492095 54357 77.538460 76.000000 54357 54281.000000 76.000000 0 0 90 100 97 123 131 101 89 117 0 140 0
45502326 45531450 54470 54.692307 53.846153 54470 54416.152344 53.846153 0 0 71 73 62 68 77 79 84 81 0 105 0
45543110 45570823 51842 38.153847 37.846153 51842 51804.152344 37.846153 0 0 42 34 45 71 74 48 51 56 0 71 0
45582487 45610113 51679 20.384615 20.153847 51679 51658.847656 20.153847 0 0 30 19 31 26 30 26 32 32 0 36 0
45621795 45650914 54477 10.846154 10.461538 54477 54466.539062 10.461538 0 0 12 13 13 19 12 18 12 20 0 17 0
45662565 45690273 51812 4.846154 4.615385 51812 51807.382812 4.615385 0 0 6 7 7 6 4 10 4 6 0 10 0
45701950 45731109 54534 2.769231 2.615385 54534 54531.382812 2.615385 2 3 2 3 1 2 2 2 1 4 8 1 3
45742729 45770426 51777 0.923077 0.846154 51777 51776.152344 0.846154 0 0 1 0 2 0 3 1 0 1 2 1 0
45782081 45811233 54522 0.615385 0.307692 54522 54521.691406 0.307692 0 1 0 0 0 0 0 1 0 1 1 0 0
45822823 45850578 51921 0.384615 0.307692 51921 51920.691406 0.307692 0 0 1 1 0 0 0 0 0 0 1 1 0
45862232 45891372 54516 0.384615 0.307692 54516 54515.691406 0.307692 0 1 0 0 0 0 1 0 0 1 0 0 1
45902961 45930629 51758 0.230769 0.230769 51758 51757.769531 0.230769 0 0 0 0 0 0 0 1 0 0 1 0 1
45996271 46023870 51610 120.692307 118.538460 51610 51491.460938 118.538460 118 105 104 100 113 93 116 92 138 166 153 119 124
