27 32
44849572 44877317 51901 73.384613 72.000000 51901 51829.000000 72.000000 0 0 95 74 81 114 124 91 107 99 0 151 0
44942813 44970496 51768 0.076923 0.000000 51768 51768.000000 0.000000 0 0 0 0 0 0 0 0 0 0 0 0 0
44982234 45011366 54465 0.153846 0.076923 54465 54464.921875 0.076923 0 0 0 0 0 0 0 1 0 0 0 0 0
45022941 45050693 51914 0.153846 0.076923 51914 51913.921875 0.076923 0 0 1 0 0 0 0 0 0 0 0 0 0
45062279 45091505 54638 0.307692 0.230769 54638 54637.769531 0.230769 0 0 1 0 1 0 0 0 1 0 0 0 0
45103156 45130817 51744 0.692308 0.615385 51744 51743.382812 0.615385 0 0 0 2 2 0 0 1 1 1 0 1 0
45143904 45171581 51756 2.692308 2.615385 51756 51753.382812 2.615385 0 0 2 6 6 5 3 0 4 4 0 4 0
45183239 45210927 51757 5.769231 5.692307 51757 51751.308594 5.692307 0 0 6 6 8 8 13 7 7 11 0 8 0
45222635 45251750 54452 11.461538 11.307693 54452 54440.691406 11.307693 0 0 13 12 13 15 17 12 15 22 0 28 0
45261904 45291075 54537 23.000000 22.230770 54537 54514.769531 22.230770 0 0 32 26 28 35 33 25 32 36 0 42 0
45302746 45331906 54534 43.000000 42.384617 54534 54491.617188 42.384617 0 0 67 58 42 74 54 56 56 61 0 83 0
45343467 45371210 51897 58.769230 56.615383 51897 51840.382812 56.615383 0 0 72 71 67 81 88 89 68 86 0 114 0
45382831 45411985 54506 76.692307 74.692307 54506 54431.308594 74.692307 0 0 98 84 93 118 126 99 108 116 0 129 0
45423670 45451394 51844 74.000000 72.769234 51844 51771.230469 72.769234 0 0 61 95 94 108 117 105 100 120 0 146 0
45463032 45492095 54354 68.769234 66.692307 54354 54287.308594 66.692307 0 0 64 76 78 108 120 93 91 105 0 132 0
45502326 45531450 54468 54.538460 53.384617 54468 54414.617188 53.384617 0 0 65 60 59 85 109 67 67 82 0 100 0
45543110 45570823 51841 38.384617 37.769230 51841 51803.230469 37.769230 0 0 48 45 51 54 50 53 45 65 0 80 0
45582487 45610113 51678 20.846153 20.076923 51678 51657.921875 20.076923 0 0 27 26 21 23 31 20 34 39 0 40 0
45621795 45650914 54475 11.461538 11.461538 54475 54463.539062 11.461538 0 0 16 20 18 11 25 13 16 14 0 16 0
45662565 45690273 51811 6.076923 5.692307 51811 51805.308594 5.692307 0 0 8 8 6 4 8 5 9 18 0 8 0
45701950 45731109 54535 2.538461 2.307692 54535 54532.691406 2.307692 0 0 2 1 1 4 5 3 2 7 2 2 1
45742729 45770426 51774 0.615385 0.615385 51774 51773.382812 0.615385 0 0 0 0 0 1 0 2 0 0 1 2 2
45782081 45811233 54521 0.692308 0.307692 54521 54520.691406 0.307692 0 0 0 0 0 2 2 0 0 0 0 0 0
45822823 45850578 51920 0.076923 0.076923 51920 51919.921875 0.076923 0 0 0 0 0 0 0 0 0 0 1 0 0
45862232 45891372 54516 0.461538 0.153846 54516 54515.847656 0.153846 0 0 0 0 0 0 0 0 0 1 1 0 0
45902961 45930629 51756 0.000000 0.000000 51756 51756.000000 0.000000 0 0 0 0 0 0 0 0 0 0 0 0 0
45996271 46023870 51611 93.923080 92.615387 51611 51518.382812 92.615387 0 0 102 101 101 121 108 75 97 123 143 125 108
