27 32
44849572 44877317 51901 28.769230 28.307692 51901 51872.691406 28.307692 0 0 1 2 0 101 99 88 0 0 0 77 0
44942813 44970496 51768 0.230769 0.153846 51768 51767.847656 0.153846 0 0 0 0 0 0 1 0 0 0 0 1 0
44982234 45011366 54465 0.153846 0.153846 54465 54464.847656 0.153846 0 0 0 0 0 0 2 0 0 0 0 0 0
45022941 45050693 51914 0.230769 0.230769 51914 51913.769531 0.230769 0 0 0 0 0 0 1 0 0 0 0 2 0
45062279 45091505 54638 0.384615 0.307692 54638 54637.691406 0.307692 0 0 0 0 0 1 0 2 0 0 0 1 0
45103156 45130817 51744 1.153846 1.000000 51744 51743.000000 1.000000 0 0 0 0 0 3 0 4 0 0 0 6 0
45143904 45171581 51756 1.615385 1.538462 51756 51754.460938 1.538462 0 0 0 0 0 2 4 4 0 0 0 10 0
45183239 45210927 51757 3.846154 3.769231 51757 51753.230469 3.769231 0 0 0 0 0 10 5 11 0 0 0 23 0
45222635 45251750 54452 7.307693 7.230769 54452 54444.769531 7.230769 0 0 0 1 0 14 19 19 0 0 0 41 0
45261904 45291075 54537 12.846154 12.461538 54537 54524.539062 12.461538 0 0 0 0 0 38 34 33 0 0 0 57 0
45302746 45331906 54534 18.538462 18.153847 54534 54515.847656 18.153847 0 0 0 0 0 64 48 64 0 0 0 60 0
45343467 45371210 51897 25.153847 24.461538 51897 51872.539062 24.461538 0 0 0 1 0 80 94 61 0 0 0 82 0
45382831 45411985 54506 31.461538 30.692308 54506 54475.308594 30.692308 0 0 0 1 0 104 100 95 0 0 0 99 0
45423670 45451394 51844 28.615385 28.000000 51844 51816.000000 28.000000 0 0 1 1 0 89 88 96 1 0 0 88 0
45463032 45492095 54354 30.153847 29.384615 54354 54324.617188 29.384615 0 0 0 0 1 115 102 78 0 1 0 85 0
45502326 45531450 54468 25.615385 25.076923 54468 54442.921875 25.076923 0 0 0 0 1 81 88 72 0 0 0 84 0
45543110 45570823 51841 17.230770 17.076923 51841 51823.921875 17.076923 0 0 0 0 0 65 55 38 0 1 0 63 0
45582487 45610113 51678 9.846154 9.538462 51678 51668.460938 9.538462 0 0 0 0 0 24 26 30 0 0 0 44 0
45621795 45650914 54475 7.076923 6.846154 54475 54468.152344 6.846154 0 0 0 0 0 24 18 13 0 0 0 34 0
45662565 45690273 51811 3.538461 3.538461 51811 51807.460938 3.538461 0 0 0 0 0 16 8 5 0 0 0 17 0
45701950 45731109 54535 2.384615 2.230769 54535 54532.769531 2.230769 2 1 3 1 1 0 0 0 2 7 4 7 1
45742729 45770426 51774 0.615385 0.615385 51774 51773.382812 0.615385 0 0 2 2 1 0 0 0 0 1 1 1 0
45782081 45811233 54521 0.461538 0.384615 54521 54520.617188 0.384615 0 1 0 1 0 0 0 0 1 1 0 1 0
45822823 45850578 51920 0.153846 0.076923 51920 51919.921875 0.076923 0 0 0 0 0 0 0 0 0 0 0 1 0
45862232 45891372 54516 0.076923 0.000000 54516 54516.000000 0.000000 0 0 0 0 0 0 0 0 0 0 0 0 0
45902961 45930629 51756 0.000000 0.000000 51756 51756.000000 0.000000 0 0 0 0 0 0 0 0 0 0 0 0 0
45996271 46023870 51611 93.923080 92.076920 51611 51518.921875 92.076920 146 134 74 74 84 0 0 0 134 138 159 149 105
