27 32
44849572 44877317 51901 79.230766 77.538460 51901 51823.460938 77.538460 0 0 90 102 113 100 114 121 106 135 0 127 0
44942813 44970496 51768 0.153846 0.153846 51768 51767.847656 0.153846 0 0 0 0 0 0 0 0 0 2 0 0 0
44982234 45011366 54465 0.384615 0.153846 54465 54464.847656 0.153846 0 0 0 0 0 0 1 0 0 1 0 0 0
45022941 45050693 51914 0.153846 0.076923 51914 51913.921875 0.076923 0 0 0 0 0 0 0 0 1 0 0 0 0
45062279 45091505 54638 0.230769 0.230769 54638 54637.769531 0.230769 0 0 0 0 0 2 0 1 0 0 0 0 0
45103156 45130817 51744 0.307692 0.307692 51744 51743.691406 0.307692 0 0 0 0 0 1 1 0 1 0 0 1 0
45143904 45171581 51756 1.307692 1.230769 51756 51754.769531 1.230769 0 0 2 0 4 2 2 1 2 1 0 2 0
45183239 45210927 51758 4.692307 4.692307 51758 51753.308594 4.692307 0 0 4 4 6 11 8 6 12 5 0 5 0
45222635 45251750 54451 11.538462 11.538462 54451 54439.460938 11.538462 0 0 12 14 20 15 21 16 15 16 0 21 0
45261904 45291075 54537 22.307692 21.461538 54537 54515.539062 21.461538 0 0 28 27 35 41 21 30 29 29 0 39 0
45302746 45331906 54534 39.307693 38.538460 54534 54495.460938 38.538460 0 0 43 49 41 61 65 47 71 61 0 63 0
45343467 45371210 51897 56.846153 55.615383 51897 51841.382812 55.615383 0 0 65 67 75 76 89 71 80 88 0 112 0
45382831 45411985 54506 73.461540 71.846153 54506 54434.152344 71.846153 0 0 80 74 103 111 110 100 106 123 0 127 0
45423670 45451394 51844 74.230766 73.153847 51844 51770.847656 73.153847 0 0 109 79 95 116 117 111 92 109 0 123 0
45463032 45492095 54354 72.769234 71.000000 54354 54283.000000 71.000000 0 0 91 94 94 101 117 94 107 105 0 120 0
45502326 45531450 54468 57.538460 55.769230 54468 54412.230469 55.769230 0 0 74 79 84 82 88 52 90 89 0 87 0
45543110 45570823 51841 34.923077 34.461540 51841 51806.539062 34.461540 0 0 45 47 48 47 46 43 53 57 0 62 0
45582487 45610113 51678 19.384615 18.923077 51678 51659.078125 18.923077 0 0 27 21 25 25 37 25 24 26 0 36 0
45621795 45650914 54476 8.692307 8.230769 54476 54467.769531 8.230769 0 0 9 6 14 8 12 13 18 17 0 10 0
45662565 45690273 51811 3.923077 3.769231 51811 51807.230469 3.769231 0 0 5 7 4 3 1 6 8 4 0 11 0
45701950 45731109 54535 2.076923 2.076923 54535 54532.921875 2.076923 1 4 5 1 1 1 4 1 4 3 2 0 0
45742729 45770426 51775 1.076923 0.846154 51775 51774.152344 0.846154 2 1 1 0 1 0 3 1 1 1 0 0 0
45782081 45811233 54521 0.153846 0.153846 54521 54520.847656 0.153846 0 1 0 0 0 0 0 1 0 0 0 0 0
45822823 45850578 51920 0.461538 0.230769 51920 51919.769531 0.230769 0 0 0 1 0 0 1 0 0 1 0 0 0
45862232 45891372 54515 0.153846 0.000000 54515 54515.000000 0.000000 0 0 0 0 0 0 0 0 0 0 0 0 0
45902961 45930629 51757 0.000000 0.000000 51757 51757.000000 0.000000 0 0 0 0 0 0 0 0 0 0 0 0 0
45996271 46023870 51611 94.384613 93.230766 51611 51517.769531 93.230766 113 91 86 90 97 105 115 95 112 156 152 0 0
