27 32
44849572 44877317 51901 84.461540 82.615387 51901 51818.382812 82.615387 0 0 97 122 135 86 96 89 139 155 0 155 0
44942813 44970496 51768 0.000000 0.000000 51768 51768.000000 0.000000 0 0 0 0 0 0 0 0 0 0 0 0 0
44982234 45011366 54465 0.230769 0.153846 54465 54464.847656 0.153846 0 0 0 0 0 0 1 0 0 1 0 0 0
45022941 45050693 51914 0.461538 0.384615 51914 51913.617188 0.384615 0 0 1 0 0 1 1 2 0 0 0 0 0
45062279 45091505 54638 1.076923 0.846154 54638 54637.152344 0.846154 0 0 0 0 1 3 3 3 1 0 0 0 0
45103156 45130817 51743 1.230769 1.076923 51743 51741.921875 1.076923 0 0 2 1 0 1 1 7 0 1 0 1 0
45143904 45171581 51756 3.615385 3.538461 51756 51752.460938 3.538461 0 0 5 4 2 12 9 7 4 1 0 2 0
45183239 45210927 51758 6.076923 5.923077 51758 51752.078125 5.923077 0 0 8 2 5 20 10 13 6 4 0 9 0
45222635 45251750 54451 14.615385 14.230769 54451 54436.769531 14.230769 0 0 12 16 12 30 30 25 19 19 0 22 0
45261904 45291075 54539 30.000000 29.384615 54539 54509.617188 29.384615 0 0 34 26 37 52 55 39 46 42 0 51 0
45302746 45331906 54534 45.923077 44.461540 54534 54489.539062 44.461540 0 0 45 61 58 64 63 49 78 86 0 74 0
45343467 45371210 51897 65.769234 64.153847 51897 51832.847656 64.153847 0 0 95 106 90 62 78 79 107 122 0 95 0
45382831 45411985 54506 88.230766 86.692307 54506 54419.308594 86.692307 0 0 143 121 131 76 86 78 160 177 0 155 0
45423670 45451394 51845 83.153847 81.076920 51845 51763.921875 81.076920 0 0 135 130 130 87 83 53 131 155 0 150 0
45463032 45492095 54354 80.307693 78.307693 54354 54275.691406 78.307693 0 0 107 129 142 80 91 83 104 135 0 147 0
45502326 45531450 54468 61.923077 60.692307 54468 54407.308594 60.692307 0 0 92 79 93 79 68 60 97 129 0 92 0
45543110 45570823 51841 40.615383 39.769230 51841 51801.230469 39.769230 0 0 58 47 53 58 49 45 78 73 0 56 0
45582487 45610113 51678 26.692308 26.384615 51678 51651.617188 26.384615 0 0 26 29 33 51 49 34 38 47 0 36 0
45621795 45650914 54477 17.538462 17.000000 54477 54460.000000 17.000000 0 0 19 21 15 28 40 33 15 22 0 28 0
45662565 45690273 51810 6.615385 6.384615 51810 51803.617188 6.384615 0 0 7 3 8 11 17 14 8 7 0 8 0
45701950 45731109 54534 4.000000 3.846154 54534 54530.152344 3.846154 2 2 4 5 9 1 6 3 4 7 2 1 4
45742729 45770426 51775 1.384615 1.230769 51775 51773.769531 1.230769 1 1 3 2 4 0 0 1 2 1 0 0 1
45782081 45811233 54520 1.230769 1.153846 54520 54518.847656 1.153846 1 2 2 2 2 1 1 0 1 2 0 1 0
45822823 45850578 51920 0.384615 0.153846 51920 51919.847656 0.153846 1 0 0 0 0 0 0 0 0 1 0 0 0
45862232 45891372 54515 0.153846 0.153846 54515 54514.847656 0.153846 0 1 0 1 0 0 0 0 0 0 0 0 0
45902961 45930629 51757 0.076923 0.076923 51757 51756.921875 0.076923 0 0 0 0 0 0 0 0 0 1 0 0 0
45996271 46023870 51611 124.384613 122.000000 51611 51489.000000 122.000000 120 106 70 74 70 153 151 113 140 164 168 138 119
