27 32
44849572 44877317 51901 82.923080 81.769234 51901 51819.230469 81.769234 0 0 120 95 117 123 119 98 119 148 0 124 0
44942813 44970496 51768 0.384615 0.230769 51768 51767.769531 0.230769 0 0 1 0 1 0 0 1 0 0 0 0 0
44982234 45011366 54465 0.076923 0.000000 54465 54465.000000 0.000000 0 0 0 0 0 0 0 0 0 0 0 0 0
45022941 45050693 51914 0.230769 0.153846 51914 51913.847656 0.153846 0 0 0 0 0 1 1 0 0 0 0 0 0
45062279 45091505 54636 0.461538 0.230769 54636 54635.769531 0.230769 0 0 0 0 1 0 1 0 0 0 0 1 0
45103156 45130817 51744 1.153846 1.076923 51744 51742.921875 1.076923 0 0 1 1 0 3 1 1 2 1 0 4 0
45143904 45171581 51756 1.923077 1.846154 51756 51754.152344 1.846154 0 0 0 4 1 1 4 4 2 2 0 6 0
45183239 45210927 51757 5.538462 5.384615 51757 51751.617188 5.384615 0 0 4 6 8 10 9 8 5 11 0 9 0
45222635 45251750 54450 13.615385 13.384615 54450 54436.617188 13.384615 0 0 21 14 16 16 24 15 18 25 0 25 0
45261904 45291075 54537 25.923077 25.461538 54537 54511.539062 25.461538 0 0 33 30 36 33 31 36 33 49 0 50 0
45302746 45331906 54534 43.384617 42.384617 54534 54491.617188 42.384617 0 0 56 55 56 75 54 53 68 69 0 65 0
45343467 45371210 51897 62.307693 61.153847 51897 51835.847656 61.153847 0 0 93 94 96 79 81 66 88 116 0 82 0
45382831 45411985 54506 83.769234 81.461540 54506 54424.539062 81.461540 0 0 107 104 111 113 102 104 159 152 0 107 0
45423670 45451394 51844 86.307693 83.846153 51844 51760.152344 83.846153 0 0 144 121 112 105 120 101 127 165 0 95 0
45463032 45492095 54354 85.000000 83.000000 54354 54271.000000 83.000000 0 0 120 125 118 108 104 98 142 155 0 109 0
45502326 45531450 54468 61.692307 60.384617 54468 54407.617188 60.384617 0 0 82 93 81 89 72 63 89 123 0 93 0
45543110 45570823 51840 41.538460 40.769230 51840 51799.230469 40.769230 0 0 63 45 52 50 49 61 72 76 0 62 0
45582487 45610113 51678 25.076923 24.615385 51678 51653.382812 24.615385 0 0 28 31 37 56 30 30 39 37 0 32 0
45621795 45650914 54475 11.769231 11.461538 54475 54463.539062 11.461538 0 0 10 10 21 15 15 19 12 22 0 25 0
45662565 45690273 51811 5.538462 5.384615 51811 51805.617188 5.384615 0 0 5 10 9 5 10 6 10 6 0 9 0
45701950 45731109 54535 3.076923 3.000000 54535 54532.000000 3.000000 5 5 3 3 3 1 7 0 1 2 6 0 3
45742729 45770426 51774 1.153846 1.000000 51774 51773.000000 1.000000 1 3 0 2 1 1 0 0 2 0 1 2 0
45782081 45811233 54521 0.846154 0.692308 54521 54520.308594 0.692308 0 2 0 2 1 1 1 0 0 0 0 1 1
45822823 45850578 51920 0.153846 0.000000 51920 51920.000000 0.000000 0 0 0 0 0 0 0 0 0 0 0 0 0
45862232 45891372 54516 0.384615 0.230769 54516 54515.769531 0.230769 1 0 0 0 1 0 0 1 0 0 0 0 0
45902961 45930629 51756 0.153846 0.076923 51756 51755.921875 0.076923 0 0 0 0 0 1 0 0 0 0 0 0 0
45996271 46023870 51611 128.000000 125.384613 51611 51485.617188 125.384613 134 119 111 87 112 126 155 116 112 117 123 157 161
