27 32
44849572 44877317 51901 62.307693 60.692307 51901 51840.308594 60.692307 0 0 120 138 121 0 0 0 152 144 0 114 0
44942813 44970496 51768 0.461538 0.461538 51768 51767.539062 0.461538 0 0 0 0 0 0 0 1 2 3 0 0 0
44982234 45011366 54465 0.153846 0.076923 54465 54464.921875 0.076923 0 0 0 0 1 0 0 0 0 0 0 0 0
45022941 45050693 51914 0.230769 0.230769 51914 51913.769531 0.230769 0 0 2 0 1 0 0 0 0 0 0 0 0
45062279 45091505 54638 0.230769 0.153846 54638 54637.847656 0.153846 0 0 0 0 0 0 0 0 0 2 0 0 0
45103156 45130817 51743 0.538462 0.461538 51743 51742.539062 0.461538 0 0 1 0 1 0 0 0 3 0 0 1 0
45143904 45171581 51756 1.153846 1.153846 51756 51754.847656 1.153846 0 0 1 5 2 0 0 0 2 3 0 2 0
45183239 45210927 51757 4.461538 4.153846 51757 51752.847656 4.153846 0 0 9 10 12 0 0 0 6 13 0 4 0
45222635 45251750 54453 9.230769 8.846154 54453 54444.152344 8.846154 0 0 18 19 18 0 1 1 23 19 0 16 0
45261904 45291075 54539 18.000000 17.230770 54539 54521.769531 17.230770 0 0 39 31 27 0 0 0 46 43 0 38 0
45302746 45331906 54534 30.923077 30.384615 54534 54503.617188 30.384615 0 0 53 66 70 0 0 0 71 85 0 50 0
45343467 45371210 51898 45.230770 44.461540 51898 51853.539062 44.461540 0 0 79 102 93 0 0 1 99 110 0 94 0
45382831 45411985 54506 60.615383 59.615383 54506 54446.382812 59.615383 1 0 135 106 134 0 0 0 132 149 0 118 0
45423670 45451394 51846 63.846153 63.000000 51846 51783.000000 63.000000 0 0 134 125 135 0 1 0 139 164 0 121 0
45463032 45492095 54355 59.307693 58.000000 54355 54297.000000 58.000000 0 0 120 99 138 0 0 0 127 163 0 107 0
45502326 45531450 54469 46.538460 45.307693 54469 54423.691406 45.307693 0 0 94 83 96 0 1 0 120 121 0 74 0
45543110 45570823 51841 27.615385 27.000000 51841 51814.000000 27.000000 0 0 70 58 48 0 0 0 57 65 0 53 0
45582487 45610113 51678 15.846154 15.461538 51678 51662.539062 15.461538 0 0 30 36 32 0 0 0 33 43 0 27 0
45621795 45650914 54477 9.000000 8.769231 54477 54468.230469 8.769231 0 0 17 22 7 0 0 0 28 27 0 13 0
45662565 45690273 51811 3.769231 3.615385 51811 51807.382812 3.615385 0 0 6 5 8 0 0 0 12 12 0 4 0
45701950 45731109 54534 2.384615 2.307692 54534 54531.691406 2.307692 3 1 0 0 0 3 4 5 1 2 2 6 3
45742729 45770426 51775 1.076923 1.076923 51775 51773.921875 1.076923 2 0 0 0 0 3 2 0 0 2 0 4 1
45782081 45811233 54521 0.692308 0.384615 54521 54520.617188 0.384615 0 0 0 0 0 0 0 0 0 0 0 3 2
45822823 45850578 51919 0.000000 0.000000 51919 51919.000000 0.000000 0 0 0 0 0 0 0 0 0 0 0 0 0
45862232 45891372 54516 0.230769 0.000000 54516 54516.000000 0.000000 0 0 0 0 0 0 0 0 0 0 0 0 0
45902961 45930629 51757 0.153846 0.153846 51757 51756.847656 0.153846 0 0 0 0 0 0 0 1 0 0 0 1 0
45996271 46023870 51611 101.230766 99.461540 51611 51511.539062 99.461540 151 132 0 0 0 144 162 129 94 132 146 106 97
