27 32
44849572 44877317 51901 90.230766 88.230766 51901 51812.769531 88.230766 0 0 108 105 113 151 165 119 114 144 0 128 0
44942813 44970496 51769 0.153846 0.076923 51769 51768.921875 0.076923 0 0 0 0 0 0 1 0 0 0 0 0 0
44982234 45011366 54465 0.076923 0.000000 54465 54465.000000 0.000000 0 0 0 0 0 0 0 0 0 0 0 0 0
45022941 45050693 51914 0.538462 0.461538 51914 51913.539062 0.461538 0 0 1 2 1 1 0 1 0 0 0 0 0
45062279 45091505 54638 0.230769 0.230769 54638 54637.769531 0.230769 0 0 0 0 1 0 1 0 0 0 0 1 0
45103156 45130817 51744 0.615385 0.615385 51744 51743.382812 0.615385 0 0 1 0 0 1 1 1 2 1 0 1 0
45143904 45171581 51757 1.153846 0.923077 51757 51756.078125 0.923077 0 0 1 0 1 4 1 1 1 2 0 1 0
45183239 45210927 51757 5.692307 5.615385 51757 51751.382812 5.615385 0 0 10 8 3 11 7 9 7 6 0 12 0
45222635 45251750 54453 12.230769 12.153846 54453 54440.847656 12.153846 0 0 15 22 17 16 13 14 18 20 0 23 0
45261904 45291075 54540 26.076923 25.692308 54540 54514.308594 25.692308 0 0 34 25 35 32 54 31 34 49 0 40 0
45302746 45331906 54534 47.769230 46.692307 54534 54487.308594 46.692307 0 0 45 54 74 82 74 75 64 71 0 68 0
45343467 45371210 51898 66.692307 65.692307 51898 51832.308594 65.692307 0 0 85 88 83 102 95 102 90 114 0 95 0
45382831 45411985 54507 87.000000 85.538460 54507 54421.460938 85.538460 0 0 98 114 88 137 138 113 129 158 0 137 0
45423670 45451394 51846 87.461540 85.769234 51846 51760.230469 85.769234 0 0 111 128 119 130 145 116 118 115 0 133 0
45463032 45492095 54355 85.307693 83.076920 54355 54271.921875 83.076920 0 0 109 105 107 143 149 106 113 123 0 125 0
45502326 45531450 54469 69.000000 67.846153 54469 54401.152344 67.846153 0 0 70 83 84 114 125 109 87 105 0 105 0
45543110 45570823 51841 46.307693 45.230770 51841 51795.769531 45.230770 0 0 61 59 76 73 77 55 56 63 0 68 0
45582487 45610113 51679 22.230770 22.000000 51679 51657.000000 22.000000 0 0 30 25 35 36 42 29 25 29 0 35 0
45621795 45650914 54477 13.076923 12.692307 54477 54464.308594 12.692307 0 0 15 18 17 23 28 14 16 14 0 20 0
45662565 45690273 51811 4.923077 4.769231 51811 51806.230469 4.769231 0 0 6 5 11 6 8 4 2 13 0 7 0
45701950 45731109 54534 2.076923 2.076923 54534 54531.921875 2.076923 5 2 4 4 2 2 1 1 2 1 3 0 0
45742729 45770426 51775 0.846154 0.846154 51775 51774.152344 0.846154 0 2 1 0 2 3 1 1 0 0 1 0 0
45782081 45811233 54521 0.615385 0.461538 54521 54520.539062 0.461538 0 1 0 1 2 0 0 1 0 0 1 0 0
45822823 45850578 51919 0.153846 0.153846 51919 51918.847656 0.153846 0 0 0 0 0 1 0 0 0 0 1 0 0
45862232 45891372 54516 0.153846 0.000000 54516 54516.000000 0.000000 0 0 0 0 0 0 0 0 0 0 0 0 0
45902961 45930629 51757 0.076923 0.000000 51757 51757.000000 0.000000 0 0 0 0 0 0 0 0 0 0 0 0 0
45996271 46023870 51610 106.461540 104.230766 51610 51505.769531 104.230766 150 109 122 110 135 133 133 109 93 119 140 2 0
