27 32
44849572 44877317 51901 36.230770 35.923077 51901 51865.078125 35.923077 0 0 0 0 0 119 121 96 0 0 0 131 0
44942813 44970496 51768 0.000000 0.000000 51768 51768.000000 0.000000 0 0 0 0 0 0 0 0 0 0 0 0 0
44982234 45011366 54465 0.076923 0.000000 54465 54465.000000 0.000000 0 0 0 0 0 0 0 0 0 0 0 0 0
45022941 45050693 51914 0.153846 0.153846 51914 51913.847656 0.153846 0 0 0 0 0 0 1 0 0 1 0 0 0
45062279 45091505 54638 0.076923 0.000000 54638 54638.000000 0.000000 0 0 0 0 0 0 0 0 0 0 0 0 0
45103156 45130817 51743 0.615385 0.538462 51743 51742.460938 0.538462 0 0 0 0 0 1 1 3 0 0 0 2 0
45143904 45171581 51756 0.538462 0.538462 51756 51755.460938 0.538462 0 0 0 0 0 1 2 3 0 0 0 1 0
45183239 45210927 51757 1.692308 1.615385 51757 51755.382812 1.615385 0 0 0 0 0 4 5 2 0 0 0 10 0
45222635 45251750 54452 4.692307 4.538462 54452 54447.460938 4.538462 0 0 0 0 0 14 18 9 0 0 0 18 0
45261904 45291075 54538 10.923077 10.615385 54538 54527.382812 10.615385 0 0 0 0 0 41 31 28 2 0 0 36 0
45302746 45331906 54534 18.076923 17.846153 54534 54516.152344 17.846153 0 0 0 0 0 54 52 51 0 0 0 75 0
45343467 45371210 51898 25.769230 25.307692 51898 51872.691406 25.307692 0 0 0 1 0 83 76 72 0 1 0 96 0
45382831 45411985 54506 37.692307 36.923077 54506 54469.078125 36.923077 0 0 0 0 0 102 143 98 0 1 0 136 0
45423670 45451394 51846 36.538460 35.538460 51846 51810.460938 35.538460 0 0 0 1 0 107 137 103 0 0 0 114 0
45463032 45492095 54355 33.923077 33.384617 54355 54321.617188 33.384617 0 0 0 0 0 106 116 88 0 0 0 124 0
45502326 45531450 54469 25.307692 24.769230 54469 54444.230469 24.769230 0 0 0 0 0 76 73 84 0 2 0 87 0
45543110 45570823 51841 18.230770 17.846153 51841 51823.152344 17.846153 0 0 0 0 0 51 65 52 1 0 0 63 0
45582487 45610113 51678 10.846154 10.692307 51678 51667.308594 10.692307 1 0 0 0 0 32 39 24 0 0 0 43 0
45621795 45650914 54477 5.307693 5.153846 54477 54471.847656 5.153846 0 0 0 0 0 15 11 15 0 0 0 26 0
45662565 45690273 51811 1.538462 1.461538 51811 51809.539062 1.461538 0 0 0 0 0 5 7 2 0 0 0 5 0
45701950 45731109 54534 2.000000 1.923077 54534 54532.078125 1.923077 4 5 1 1 0 0 0 0 2 5 4 3 0
45742729 45770426 51775 0.615385 0.538462 51775 51774.460938 0.538462 1 0 0 0 1 0 0 0 1 2 0 0 2
45782081 45811233 54521 0.230769 0.230769 54521 54520.769531 0.230769 1 1 0 0 0 0 0 0 0 1 0 0 0
45822823 45850578 51920 0.000000 0.000000 51920 51920.000000 0.000000 0 0 0 0 0 0 0 0 0 0 0 0 0
45862232 45891372 54515 0.230769 0.230769 54515 54514.769531 0.230769 1 1 0 0 0 0 0 0 0 1 0 0 0
45902961 45930629 51757 0.076923 0.000000 51757 51757.000000 0.000000 0 0 0 0 0 0 0 0 0 0 0 0 0
45996271 46023870 51611 89.461540 87.692307 51611 51523.308594 87.692307 153 123 100 98 76 1 0 0 115 132 125 111 106
