27 32
44849572 44877317 51901 79.153847 77.461540 51901 51823.539062 77.461540 0 0 96 86 109 97 122 94 128 137 0 138 0
44942813 44970496 51768 0.230769 0.153846 51768 51767.847656 0.153846 0 0 0 0 2 0 0 0 0 0 0 0 0
44982234 45011366 54465 0.153846 0.153846 54465 54464.847656 0.153846 0 0 0 1 0 0 0 0 0 0 0 1 0
45022941 45050693 51914 0.153846 0.076923 51914 51913.921875 0.076923 0 0 0 0 0 0 1 0 0 0 0 0 0
45062279 45091505 54638 0.076923 0.076923 54638 54637.921875 0.076923 0 0 0 0 0 1 0 0 0 0 0 0 0
45103156 45130817 51744 0.846154 0.769231 51744 51743.230469 0.769231 0 0 1 1 4 1 0 2 1 0 0 0 0
45143904 45171581 51756 2.000000 1.846154 51756 51754.152344 1.846154 0 0 1 1 4 4 2 4 4 2 0 2 0
45183239 45210927 51757 3.615385 3.461539 51757 51753.539062 3.461539 0 0 5 3 6 3 6 7 5 5 0 5 0
45222635 45251750 54451 9.923077 9.692307 54451 54441.308594 9.692307 0 0 12 13 10 20 12 12 15 18 0 14 0
45261904 45291075 54537 22.692308 22.000000 54537 54515.000000 22.000000 0 0 29 27 35 39 33 28 23 32 0 40 0
45302746 45331906 54534 39.153847 38.538460 54534 54495.460938 38.538460 0 0 44 41 54 56 54 58 66 58 0 70 0
45343467 45371210 51897 60.230770 58.846153 51897 51838.152344 58.846153 0 0 67 74 71 94 104 74 80 97 0 104 0
45382831 45411985 54506 78.076920 76.384613 54506 54429.617188 76.384613 0 0 94 94 121 103 102 92 114 147 0 126 0
45423670 45451394 51844 75.000000 73.461540 51844 51770.539062 73.461540 0 0 90 90 107 91 122 74 123 132 0 126 0
45463032 45492095 54354 74.153847 72.461540 54354 54281.539062 72.461540 0 0 113 80 95 115 113 88 110 122 0 106 0
45502326 45531450 54468 60.384617 59.076923 54468 54408.921875 59.076923 0 0 75 82 77 92 95 84 76 96 0 91 0
45543110 45570823 51841 35.384617 35.000000 51841 51806.000000 35.000000 0 0 42 40 53 51 54 38 59 62 0 56 0
45582487 45610113 51678 19.307692 19.000000 51678 51659.000000 19.000000 0 0 23 26 16 28 37 28 24 37 0 28 0
45621795 45650914 54475 9.230769 8.769231 54475 54466.230469 8.769231 0 0 14 10 11 13 11 14 15 11 0 15 0
45662565 45690273 51811 4.000000 3.923077 51811 51807.078125 3.923077 0 0 5 3 3 6 5 6 7 8 0 8 0
45701950 45731109 54535 2.230769 2.153846 54535 54532.847656 2.153846 3 3 2 1 2 1 2 2 3 4 5 0 0
45742729 45770426 51774 0.538462 0.461538 51774 51773.539062 0.461538 1 0 1 0 0 0 1 0 0 2 1 0 0
45782081 45811233 54521 0.153846 0.153846 54521 54520.847656 0.153846 0 0 0 0 0 0 1 0 0 0 1 0 0
45822823 45850578 51920 0.153846 0.076923 51920 51919.921875 0.076923 0 0 0 0 0 0 0 0 0 0 1 0 0
45862232 45891372 54516 0.307692 0.230769 54516 54515.769531 0.230769 1 1 0 0 0 0 1 0 0 0 0 0 0
45902961 45930629 51756 0.076923 0.000000 51756 51756.000000 0.000000 0 0 0 0 0 0 0 0 0 0 0 0 0
45996271 46023870 51611 92.153847 90.076920 51611 51520.921875 90.076920 144 91 89 81 87 113 115 91 113 123 124 0 0
