27 32
44849572 44877317 51901 77.538460 76.153847 51901 51824.847656 76.153847 0 0 116 115 111 133 143 114 123 135 0 0 0
44942813 44970496 51768 0.076923 0.000000 51768 51768.000000 0.000000 0 0 0 0 0 0 0 0 0 0 0 0 0
44982234 45011366 54465 0.230769 0.230769 54465 54464.769531 0.230769 0 0 0 1 0 2 0 0 0 0 0 0 0
45022941 45050693 51914 0.230769 0.153846 51914 51913.847656 0.153846 0 0 1 0 1 0 0 0 0 0 0 0 0
45062279 45091505 54636 0.230769 0.230769 54636 54635.769531 0.230769 0 0 0 0 0 0 2 0 1 0 0 0 0
45103156 45130817 51744 0.615385 0.538462 51744 51743.460938 0.538462 0 0 1 0 2 3 0 0 1 0 0 0 0
45143904 45171581 51756 1.461538 1.384615 51756 51754.617188 1.384615 0 0 1 5 1 0 2 0 4 5 0 0 0
45183239 45210927 51757 4.538462 4.461538 51757 51752.539062 4.461538 0 0 2 9 9 6 11 9 5 7 0 0 0
45222635 45251750 54450 10.153846 9.923077 54450 54440.078125 9.923077 0 0 18 13 7 18 18 14 18 23 0 0 0
45261904 45291075 54537 23.307692 22.538462 54537 54514.460938 22.538462 0 0 33 36 48 25 32 40 29 50 0 0 0
45302746 45331906 54535 36.384617 35.615383 54535 54499.382812 35.615383 0 0 52 56 67 57 53 44 58 76 0 0 0
45343467 45371210 51897 53.846153 53.000000 51897 51844.000000 53.000000 0 0 63 73 83 98 107 78 96 90 0 1 0
45382831 45411985 54506 75.153847 73.538460 54506 54432.460938 73.538460 0 0 91 104 120 125 158 99 120 139 0 0 0
45423670 45451394 51844 76.769234 75.538460 51844 51768.460938 75.538460 0 0 131 117 108 131 123 125 111 136 0 0 0
45463032 45492095 54354 80.153847 78.384613 54354 54275.617188 78.384613 0 0 90 106 101 134 164 143 118 163 0 0 0
45502326 45531450 54468 56.692307 55.692307 54468 54412.308594 55.692307 0 0 86 81 93 80 96 86 93 109 0 0 0
45543110 45570823 51840 37.307693 36.615383 51840 51803.382812 36.615383 0 0 54 51 57 61 65 57 54 77 0 0 0
45582487 45610113 51678 18.307692 18.153847 51678 51659.847656 18.153847 0 0 24 23 30 37 37 28 20 37 0 0 0
45621795 45650914 54475 10.230769 9.923077 54475 54465.078125 9.923077 0 0 16 14 16 13 14 13 20 23 0 0 0
45662565 45690273 51811 4.692307 4.461538 51811 51806.539062 4.461538 0 0 13 3 6 6 7 5 8 10 0 0 0
45701950 45731109 54535 3.307692 3.153846 54535 54531.847656 3.153846 8 4 1 1 3 4 3 2 1 5 4 4 1
45742729 45770426 51774 1.076923 0.923077 51774 51773.078125 0.923077 4 4 1 0 1 0 0 0 1 1 0 0 0
45782081 45811233 54521 0.384615 0.384615 54521 54520.617188 0.384615 2 1 0 0 0 0 0 0 1 0 0 1 0
45822823 45850578 51920 0.307692 0.307692 51920 51919.691406 0.307692 2 1 0 0 1 0 0 0 0 0 0 0 0
45862232 45891372 54516 0.846154 0.538462 54516 54515.460938 0.538462 2 0 0 0 0 0 0 2 1 0 1 0 1
45902961 45930629 51756 0.384615 0.153846 51756 51755.847656 0.153846 0 0 0 0 0 0 0 0 0 1 0 1 0
45996271 46023870 51611 119.076920 117.384613 51611 51493.617188 117.384613 80 98 114 118 146 128 140 117 101 104 131 134 115
