27 32
44849572 44877317 51901 50.538460 49.076923 51901 51851.921875 49.076923 0 0 97 104 100 0 0 0 115 105 0 117 0
44942813 44970496 51768 0.153846 0.153846 51768 51767.847656 0.153846 0 0 0 0 0 1 0 0 0 1 0 0 0
44982234 45011366 54465 0.307692 0.307692 54465 54464.691406 0.307692 0 0 0 0 0 1 0 0 0 2 0 1 0
45022941 45050693 51914 0.076923 0.076923 51914 51913.921875 0.076923 0 0 0 1 0 0 0 0 0 0 0 0 0
45062279 45091505 54638 0.153846 0.076923 54638 54637.921875 0.076923 0 0 0 0 0 0 0 0 0 1 0 0 0
45103156 45130817 51744 0.923077 0.769231 51744 51743.230469 0.769231 0 0 1 3 1 1 0 0 2 2 0 0 0
45143904 45171581 51756 1.307692 1.307692 51756 51754.691406 1.307692 0 0 5 1 0 0 1 0 2 2 0 6 0
45183239 45210927 51757 3.538461 3.307692 51757 51753.691406 3.307692 0 0 5 7 11 0 0 0 5 8 0 7 0
45222635 45251750 54451 6.692307 6.307693 54451 54444.691406 6.307693 0 0 11 12 10 0 0 0 16 18 0 15 0
45261904 45291075 54537 14.153846 13.923077 54537 54523.078125 13.923077 0 0 27 28 25 0 1 0 25 35 0 40 0
45302746 45331906 54535 27.846153 27.307692 54535 54507.691406 27.307692 0 0 45 42 69 0 0 0 61 67 0 71 0
45343467 45371210 51897 36.615383 35.307693 51897 51861.691406 35.307693 0 0 68 71 59 0 0 0 82 95 0 84 0
45382831 45411985 54506 51.769230 50.769230 54506 54455.230469 50.769230 0 0 110 74 101 0 0 0 119 124 0 132 0
45423670 45451394 51844 46.846153 46.538460 51844 51797.460938 46.538460 0 0 88 82 111 0 0 0 105 107 0 112 0
45463032 45492095 54354 49.230770 48.384617 54354 54305.617188 48.384617 0 0 89 94 99 2 1 2 106 121 0 115 0
45502326 45531450 54468 40.692307 40.230770 54468 54427.769531 40.230770 0 0 77 65 77 0 0 0 77 110 0 117 0
45543110 45570823 51841 23.615385 23.153847 51841 51817.847656 23.153847 0 0 47 45 46 1 0 0 50 46 0 66 0
45582487 45610113 51678 13.769231 13.461538 51678 51664.539062 13.461538 0 0 28 27 14 0 0 0 32 41 0 33 0
45621795 45650914 54475 6.769231 6.692307 54475 54468.308594 6.692307 0 0 11 17 10 0 0 0 14 12 0 23 0
45662565 45690273 51811 3.000000 2.846154 51811 51808.152344 2.846154 0 0 8 6 6 0 1 0 6 6 0 4 0
45701950 45731109 54535 2.000000 1.923077 54535 54533.078125 1.923077 0 2 0 0 0 0 0 4 1 6 5 3 4
45742729 45770426 51774 0.769231 0.615385 51774 51773.382812 0.615385 0 1 0 0 0 1 0 0 2 0 2 0 2
45782081 45811233 54521 0.461538 0.307692 54521 54520.691406 0.307692 0 0 0 0 0 0 2 0 0 0 1 1 0
45822823 45850578 51920 0.153846 0.076923 51920 51919.921875 0.076923 0 0 0 0 0 0 1 0 0 0 0 0 0
45862232 45891372 54516 0.230769 0.076923 54516 54515.921875 0.076923 0 0 0 0 0 0 0 0 0 1 0 0 0
45902961 45930629 51756 0.153846 0.000000 51756 51756.000000 0.000000 0 0 0 0 0 0 0 0 0 0 0 0 0
45996271 46023870 51611 85.461540 83.461540 51611 51527.539062 83.461540 115 114 0 0 0 107 122 92 96 127 121 111 80
