27 32
44849572 44877317 51903 78.000000 76.615387 51903 51826.382812 76.615387 0 0 140 116 126 87 112 109 155 151 0 0 0
44942813 44970496 51771 0.076923 0.000000 51771 51771.000000 0.000000 0 0 0 0 0 0 0 0 0 0 0 0 0
44982234 45011366 54468 0.000000 0.000000 54468 54468.000000 0.000000 0 0 0 0 0 0 0 0 0 0 0 0 0
45022941 45050693 51916 0.076923 0.076923 51916 51915.921875 0.076923 0 0 0 0 0 0 0 0 1 0 0 0 0
45062279 45091505 54640 0.076923 0.076923 54640 54639.921875 0.076923 0 0 0 0 0 1 0 0 0 0 0 0 0
45103156 45130817 51746 0.846154 0.846154 51746 51745.152344 0.846154 0 0 1 2 0 1 1 1 2 3 0 0 0
45143904 45171581 51760 2.076923 2.000000 51760 51758.000000 2.000000 0 0 2 2 1 3 7 3 4 4 0 0 0
45183239 45210927 51760 4.461538 4.461538 51760 51755.539062 4.461538 0 0 7 10 4 7 7 7 7 9 0 0 0
45222635 45251750 54456 9.769231 9.615385 54456 54446.382812 9.615385 0 0 12 12 16 17 28 16 12 12 0 0 0
45261904 45291075 54541 22.846153 21.769230 54541 54519.230469 21.769230 0 0 36 30 24 38 47 24 41 43 0 0 0
45302746 45331906 54536 40.538460 40.000000 54536 54496.000000 40.000000 0 0 46 65 79 58 56 49 73 94 0 0 0
45343467 45371210 51899 57.000000 56.230770 51899 51842.769531 56.230770 0 0 84 89 102 92 76 75 97 114 0 2 0
45382831 45411985 54509 78.153847 75.461540 54509 54433.539062 75.461540 0 0 117 106 126 113 130 104 140 144 0 1 0
45423670 45451394 51848 77.153847 75.615387 51848 51772.382812 75.615387 0 0 138 112 119 122 107 101 134 150 0 0 0
45463032 45492095 54357 75.615387 74.461540 54357 54282.539062 74.461540 0 0 118 117 111 129 102 100 133 158 0 0 0
45502326 45531450 54473 61.615383 60.230770 54473 54412.769531 60.230770 0 0 85 95 70 95 104 90 112 132 0 0 0
45543110 45570823 51845 35.615383 34.846153 51845 51810.152344 34.846153 0 0 48 46 61 42 52 54 75 75 0 0 0
45582487 45610113 51680 20.769230 20.461538 51680 51659.539062 20.461538 0 0 24 23 33 35 41 31 33 46 0 0 0
45621795 45650914 54478 10.769231 10.384615 54478 54467.617188 10.384615 0 0 21 11 18 21 16 17 16 15 0 0 0
45662565 45690273 51814 4.153846 4.153846 51814 51809.847656 4.153846 0 0 5 5 6 10 11 3 7 7 0 0 0
45701950 45731109 54536 1.615385 1.461538 54536 54534.539062 1.461538 0 0 0 1 0 1 5 3 1 4 3 0 1
45742729 45770426 51779 1.307692 1.153846 51779 51777.847656 1.153846 0 0 1 1 3 1 1 0 0 2 3 1 2
45782081 45811233 54525 0.153846 0.076923 54525 54524.921875 0.076923 0 0 0 0 0 0 0 0 0 0 0 1 0
45822823 45850578 51923 0.153846 0.153846 51923 51922.847656 0.153846 0 0 0 0 1 0 1 0 0 0 0 0 0
45862232 45891372 54516 0.307692 0.153846 54516 54515.847656 0.153846 0 0 0 0 0 0 0 0 1 0 0 0 1
45902961 45930629 51760 0.384615 0.230769 51760 51759.769531 0.230769 1 0 0 0 0 0 0 0 0 1 0 0 1
45996271 46023870 51613 99.923080 97.615387 51613 51515.382812 97.615387 0 1 76 87 103 125 174 119 84 129 129 122 120
