27 32
44849572 44877317 51904 77.384613 76.153847 51904 51827.847656 76.153847 0 0 88 90 90 132 111 123 108 124 0 124 0
44942813 44970496 51769 0.000000 0.000000 51769 51769.000000 0.000000 0 0 0 0 0 0 0 0 0 0 0 0 0
44982234 45011366 54468 0.153846 0.153846 54468 54467.847656 0.153846 0 0 0 1 1 0 0 0 0 0 0 0 0
45022941 45050693 51915 0.307692 0.307692 51915 51914.691406 0.307692 0 0 0 0 0 0 0 1 0 1 0 2 0
45062279 45091505 54640 0.307692 0.153846 54640 54639.847656 0.153846 0 0 0 0 0 1 0 0 0 1 0 0 0
45103156 45130817 51746 0.769231 0.769231 51746 51745.230469 0.769231 0 0 2 0 0 1 0 2 3 0 0 2 0
45143904 45171581 51760 1.769231 1.692308 51760 51758.308594 1.692308 0 0 3 2 1 5 1 4 4 1 0 1 0
45183239 45210927 51759 4.769231 4.538462 51759 51754.460938 4.538462 0 0 8 5 7 9 6 10 7 4 0 3 0
45222635 45251750 54455 11.692307 11.461538 54455 54443.539062 11.461538 0 0 9 11 12 12 20 19 20 32 0 14 0
45261904 45291075 54540 23.923077 23.615385 54540 54516.382812 23.615385 0 0 28 33 30 31 43 33 22 41 0 46 0
45302746 45331906 54535 41.384617 40.384617 54535 54494.617188 40.384617 0 0 66 37 58 51 68 57 56 67 0 65 0
45343467 45371210 51898 58.461540 57.461540 51898 51840.539062 57.461540 0 0 83 78 80 81 97 81 60 112 0 75 0
45382831 45411985 54509 76.384613 75.076920 54509 54433.921875 75.076920 0 0 90 91 100 122 120 115 115 118 0 105 0
45423670 45451394 51848 77.846153 76.846153 51848 51771.152344 76.846153 0 0 88 85 106 109 147 126 98 121 0 119 0
45463032 45492095 54357 75.692307 74.230766 54357 54282.769531 74.230766 0 0 102 97 107 113 103 96 119 120 0 108 0
45502326 45531450 54472 58.230770 56.846153 54472 54415.152344 56.846153 0 0 72 68 81 85 80 91 81 90 0 91 0
45543110 45570823 51843 34.769230 33.769230 51843 51809.230469 33.769230 0 0 47 43 54 58 49 41 33 56 0 58 0
45582487 45610113 51679 19.538462 19.230770 51679 51659.769531 19.230770 0 0 18 21 25 34 32 22 29 37 0 32 0
45621795 45650914 54477 10.153846 9.692307 54477 54467.308594 9.692307 0 0 15 13 17 16 13 7 6 24 0 15 0
45662565 45690273 51814 4.538462 4.461538 51814 51809.539062 4.461538 0 0 5 5 5 8 10 6 9 7 0 3 0
45701950 45731109 54536 2.923077 2.769231 54536 54533.230469 2.769231 3 1 4 3 2 3 3 2 2 5 2 2 4
45742729 45770426 51778 0.923077 0.923077 51778 51777.078125 0.923077 0 2 2 1 0 1 1 0 0 2 2 1 0
45782081 45811233 54524 0.307692 0.230769 54524 54523.769531 0.230769 1 0 0 0 1 0 0 0 0 0 0 0 1
45822823 45850578 51923 0.153846 0.076923 51923 51922.921875 0.076923 1 0 0 0 0 0 0 0 0 0 0 0 0
45862232 45891372 54516 0.384615 0.307692 54516 54515.691406 0.307692 0 0 2 0 1 0 0 0 0 0 1 0 0
45902961 45930629 51760 0.538462 0.307692 51760 51759.691406 0.307692 0 1 0 0 0 0 1 0 0 0 2 0 0
45996271 46023870 51612 122.153847 119.384613 51612 51492.617188 119.384613 123 106 91 109 86 96 131 92 128 138 129 174 149
