27 32
44849572 44877317 51901 89.923080 87.846153 51901 51813.152344 87.846153 0 0 116 95 95 143 170 123 124 128 0 148 0
44942813 44970496 51768 0.230769 0.076923 51768 51767.921875 0.076923 0 0 0 0 0 1 0 0 0 0 0 0 0
44982234 45011366 54466 0.076923 0.000000 54466 54466.000000 0.000000 0 0 0 0 0 0 0 0 0 0 0 0 0
45022941 45050693 51915 0.230769 0.230769 51915 51914.769531 0.230769 0 0 0 0 0 0 0 1 0 1 0 1 0
45062279 45091505 54638 0.384615 0.307692 54638 54637.691406 0.307692 0 0 0 0 0 0 0 2 2 0 0 0 0
45103156 45130817 51744 1.000000 1.000000 51744 51743.000000 1.000000 0 0 0 1 0 3 1 1 2 1 0 4 0
45143904 45171581 51758 2.307692 2.153846 51758 51755.847656 2.153846 0 0 4 3 3 2 6 2 2 4 0 2 0
45183239 45210927 51757 6.076923 5.846154 51757 51751.152344 5.846154 0 0 12 12 5 7 10 10 8 6 0 6 0
45222635 45251750 54453 14.230769 13.846154 54453 54439.152344 13.846154 0 0 10 14 25 25 28 15 21 23 0 19 0
45261904 45291075 54540 27.769230 27.000000 54540 54513.000000 27.000000 0 0 28 31 34 47 44 49 42 45 0 31 0
45302746 45331906 54534 44.384617 43.000000 54534 54491.000000 43.000000 0 0 36 49 45 70 83 67 81 79 0 49 0
45343467 45371210 51898 61.538460 60.076923 51898 51837.921875 60.076923 0 0 78 74 87 84 108 80 82 103 0 85 0
45382831 45411985 54507 85.384613 83.538460 54507 54423.460938 83.538460 0 0 78 97 110 139 147 131 130 142 0 112 0
45423670 45451394 51846 88.307693 85.769234 51846 51760.230469 85.769234 0 0 108 113 116 130 133 121 119 149 0 126 0
45463032 45492095 54354 86.307693 85.153847 54354 54268.847656 85.153847 0 0 113 107 115 135 121 122 139 128 0 127 0
45502326 45531450 54469 67.153847 65.769234 54469 54403.230469 65.769234 0 0 87 78 89 114 90 88 91 116 0 102 0
45543110 45570823 51842 42.230770 41.384617 51842 51800.617188 41.384617 0 0 53 48 48 69 63 73 59 67 0 58 0
45582487 45610113 51679 24.769230 24.230770 51679 51654.769531 24.230770 0 0 29 33 30 42 35 35 37 35 0 39 0
45621795 45650914 54477 10.769231 10.769231 54477 54466.230469 10.769231 0 0 11 11 13 15 22 9 12 27 0 20 0
45662565 45690273 51811 4.846154 4.461538 51811 51806.539062 4.461538 0 0 10 1 8 5 10 5 9 3 0 7 0
45701950 45731109 54534 2.461539 2.307692 54534 54531.691406 2.307692 1 2 2 2 4 2 2 1 1 2 5 3 3
45742729 45770426 51776 0.538462 0.538462 51776 51775.460938 0.538462 1 0 1 0 0 1 0 0 0 0 0 2 2
45782081 45811233 54521 0.307692 0.307692 54521 54520.691406 0.307692 0 1 0 0 0 0 0 1 0 0 0 2 0
45822823 45850578 51919 0.153846 0.153846 51919 51918.847656 0.153846 0 0 0 1 1 0 0 0 0 0 0 0 0
45862232 45891372 54516 0.307692 0.230769 54516 54515.769531 0.230769 1 0 0 0 0 0 0 1 0 0 1 0 0
45902961 45930629 51757 0.000000 0.000000 51757 51757.000000 0.000000 0 0 0 0 0 0 0 0 0 0 0 0 0
45996271 46023870 51610 120.000000 117.615387 51610 51492.382812 117.615387 139 99 113 129 124 115 131 96 115 117 119 109 123
