27 32
44849572 44877317 51901 85.461540 83.692307 51901 51817.308594 83.692307 0 0 112 118 106 118 102 101 126 160 0 145 0
44942813 44970496 51767 0.153846 0.000000 51767 51767.000000 0.000000 0 0 0 0 0 0 0 0 0 0 0 0 0
44982234 45011366 54464 0.230769 0.076923 54464 54463.921875 0.076923 0 0 0 0 0 0 1 0 0 0 0 0 0
45022941 45050693 51914 0.153846 0.000000 51914 51914.000000 0.000000 0 0 0 0 0 0 0 0 0 0 0 0 0
45062279 45091505 54636 0.384615 0.307692 54636 54635.691406 0.307692 0 0 0 0 0 1 0 0 2 0 0 1 0
45103156 45130817 51743 0.307692 0.307692 51743 51742.691406 0.307692 0 0 1 1 0 0 1 0 0 1 0 0 0
45143904 45171581 51755 2.076923 1.923077 51755 51753.078125 1.923077 0 0 3 3 6 2 2 2 2 4 0 1 0
45183239 45210927 51756 5.230769 5.000000 51756 51751.000000 5.000000 0 0 5 1 7 4 9 6 6 19 0 8 0
45222635 45251750 54449 12.692307 12.384615 54449 54436.617188 12.384615 0 0 16 15 16 14 17 11 16 25 0 31 0
45261904 45291075 54536 24.692308 24.153847 54536 54511.847656 24.153847 0 0 31 43 26 37 37 29 40 37 0 34 0
45302746 45331906 54533 44.538460 43.846153 54533 54489.152344 43.846153 0 0 55 60 51 68 62 57 68 82 0 67 0
45343467 45371210 51895 63.846153 63.076923 51895 51831.921875 63.076923 0 0 103 81 69 99 98 61 91 105 0 113 0
45382831 45411985 54505 85.769234 84.615387 54505 54420.382812 84.615387 0 0 118 107 100 115 130 103 107 155 0 165 0
45423670 45451394 51844 91.615387 89.307693 51844 51754.691406 89.307693 0 0 125 117 109 124 121 113 117 164 0 171 0
45463032 45492095 54352 85.692307 84.076920 54352 54267.921875 84.076920 0 0 101 109 122 130 123 115 112 143 0 138 0
45502326 45531450 54468 69.230766 67.923080 54468 54400.078125 67.923080 0 0 91 93 88 98 102 83 104 114 0 110 0
45543110 45570823 51840 44.769230 44.000000 51840 51796.000000 44.000000 0 0 74 66 53 58 66 52 53 71 0 79 0
45582487 45610113 51678 23.000000 22.461538 51678 51655.539062 22.461538 0 0 31 38 37 39 35 21 29 27 0 35 0
45621795 45650914 54474 11.461538 11.384615 54474 54462.617188 11.384615 0 0 14 19 16 8 20 17 17 19 0 18 0
45662565 45690273 51811 5.000000 4.615385 51811 51806.382812 4.615385 0 0 8 8 5 5 5 8 7 6 0 8 0
45701950 45731109 54532 2.692308 2.461539 54532 54529.539062 2.461539 4 1 0 1 3 5 3 1 4 2 4 1 3
45742729 45770426 51774 1.000000 0.846154 51774 51773.152344 0.846154 0 1 1 1 0 1 0 0 0 4 2 0 1
45782081 45811233 54521 0.461538 0.461538 54521 54520.539062 0.461538 0 1 0 1 1 0 0 0 0 0 2 1 0
45822823 45850578 51919 0.461538 0.230769 51919 51918.769531 0.230769 0 0 0 0 0 1 0 0 0 0 0 2 0
45862232 45891372 54516 0.615385 0.307692 54516 54515.691406 0.307692 0 0 0 1 0 1 0 0 0 1 1 0 0
45902961 45930629 51755 0.384615 0.153846 51755 51754.847656 0.153846 0 0 0 0 0 0 0 0 2 0 0 0 0
45996271 46023870 51609 120.846153 118.692307 51609 51490.308594 118.692307 108 101 90 106 106 142 131 99 110 158 152 119 121
