27 32
44849572 44877317 51901 40.076923 39.461540 51901 51861.539062 39.461540 0 0 0 0 0 125 143 125 0 0 0 120 0
44942813 44970496 51768 0.076923 0.076923 51768 51767.921875 0.076923 0 0 0 0 0 0 1 0 0 0 0 0 0
44982234 45011366 54465 0.000000 0.000000 54465 54465.000000 0.000000 0 0 0 0 0 0 0 0 0 0 0 0 0
45022941 45050693 51914 0.153846 0.153846 51914 51913.847656 0.153846 0 0 0 0 0 1 1 0 0 0 0 0 0
45062279 45091505 54636 0.230769 0.230769 54636 54635.769531 0.230769 0 0 0 0 1 1 0 0 0 0 0 1 0
45103156 45130817 51744 0.230769 0.230769 51744 51743.769531 0.230769 0 0 0 0 0 0 1 0 0 0 0 2 0
45143904 45171581 51756 0.923077 0.846154 51756 51755.152344 0.846154 0 0 0 0 0 3 4 2 0 0 0 2 0
45183239 45210927 51757 2.307692 2.153846 51757 51754.847656 2.153846 0 0 0 0 0 9 9 3 0 0 0 7 0
45222635 45251750 54450 5.538462 5.307693 54450 54444.691406 5.307693 0 0 0 0 0 22 12 16 0 0 0 19 0
45261904 45291075 54537 11.461538 11.076923 54537 54525.921875 11.076923 0 0 0 0 0 39 46 26 0 0 0 33 0
45302746 45331906 54534 19.846153 19.384615 54534 54514.617188 19.384615 0 0 0 0 0 62 66 58 1 0 0 65 0
45343467 45371210 51896 26.307692 25.692308 51896 51870.308594 25.692308 0 0 0 0 1 84 91 73 1 0 0 84 0
45382831 45411985 54505 33.769230 33.153847 54505 54471.847656 33.153847 0 0 0 0 1 116 98 96 0 1 0 119 0
45423670 45451394 51845 36.846153 36.153847 51845 51808.847656 36.153847 0 0 0 0 1 120 126 118 0 0 0 105 0
45463032 45492095 54354 35.153847 34.230770 54354 54319.769531 34.230770 0 0 0 1 1 117 117 99 0 0 0 110 0
45502326 45531450 54468 26.307692 25.692308 54468 54442.308594 25.692308 0 0 2 2 0 87 101 73 1 0 0 68 0
45543110 45570823 51840 16.846153 16.538462 51840 51823.460938 16.538462 0 0 0 0 0 57 52 56 0 0 0 50 0
45582487 45610113 51678 10.307693 9.846154 51678 51668.152344 9.846154 0 0 0 0 0 32 34 29 0 0 0 33 0
45621795 45650914 54475 5.769231 5.769231 54475 54469.230469 5.769231 0 0 0 1 0 21 21 12 0 0 0 20 0
45662565 45690273 51811 1.615385 1.461538 51811 51809.539062 1.461538 0 0 0 0 0 3 7 4 0 0 0 5 0
45701950 45731109 54535 1.000000 1.000000 54535 54534.000000 1.000000 1 3 1 0 0 0 0 0 0 1 1 1 5
45742729 45770426 51774 0.538462 0.461538 51774 51773.539062 0.461538 0 0 0 1 1 0 1 0 0 0 0 2 1
45782081 45811233 54521 0.384615 0.384615 54521 54520.617188 0.384615 1 1 0 0 3 0 0 0 0 0 0 0 0
45822823 45850578 51919 0.000000 0.000000 51919 51919.000000 0.000000 0 0 0 0 0 0 0 0 0 0 0 0 0
45862232 45891372 54516 0.153846 0.153846 54516 54515.847656 0.153846 1 0 0 0 0 0 0 0 0 0 0 1 0
45902961 45930629 51756 0.153846 0.076923 51756 51755.921875 0.076923 0 0 1 0 0 0 0 0 0 0 0 0 0
45996271 46023870 51610 56.692307 55.538460 51610 51554.460938 55.538460 94 88 97 105 105 1 0 0 0 0 0 114 118
