27 32
44849572 44877317 51901 74.076920 73.076920 51901 51827.921875 73.076920 0 0 111 101 115 123 128 107 135 130 0 0 0
44942813 44970496 51767 0.076923 0.000000 51767 51767.000000 0.000000 0 0 0 0 0 0 0 0 0 0 0 0 0
44982234 45011366 54464 0.000000 0.000000 54464 54464.000000 0.000000 0 0 0 0 0 0 0 0 0 0 0 0 0
45022941 45050693 51914 0.384615 0.153846 51914 51913.847656 0.153846 0 0 0 0 0 0 1 0 1 0 0 0 0
45062279 45091505 54636 0.307692 0.153846 54636 54635.847656 0.153846 0 0 0 0 0 1 0 0 0 0 0 1 0
45103156 45130817 51743 0.923077 0.923077 51743 51742.078125 0.923077 0 0 1 0 0 1 1 4 3 2 0 0 0
45143904 45171581 51756 2.000000 1.846154 51756 51754.152344 1.846154 0 0 4 0 0 3 4 3 5 5 0 0 0
45183239 45210927 51757 3.769231 3.692308 51757 51753.308594 3.692308 0 0 6 3 7 8 8 3 3 10 0 0 0
45222635 45251750 54450 10.538462 10.384615 54450 54439.617188 10.384615 0 0 17 11 12 13 20 13 20 29 0 0 0
45261904 45291075 54537 21.615385 21.076923 54537 54515.921875 21.076923 0 0 37 31 30 38 35 28 38 37 0 0 0
45302746 45331906 54533 38.307693 37.769230 54533 54495.230469 37.769230 0 0 59 63 53 72 71 54 51 68 0 0 0
45343467 45371210 51895 50.000000 49.307693 51895 51845.691406 49.307693 0 0 70 65 77 87 88 70 94 90 0 0 0
45382831 45411985 54505 69.307693 67.846153 54505 54437.152344 67.846153 0 0 103 114 102 131 114 93 106 119 0 0 0
45423670 45451394 51844 76.076920 75.000000 51844 51769.000000 75.000000 0 0 123 113 107 119 132 106 109 165 0 1 0
45463032 45492095 54353 66.692307 64.923080 54353 54288.078125 64.923080 0 0 103 93 95 122 109 96 119 107 0 0 0
45502326 45531450 54468 53.538460 52.153847 54468 54415.847656 52.153847 0 0 58 76 97 82 102 83 95 85 0 0 0
45543110 45570823 51840 32.538460 31.923077 51840 51808.078125 31.923077 0 0 47 49 39 51 46 44 66 73 0 0 0
45582487 45610113 51678 20.692308 20.307692 51678 51657.691406 20.307692 0 0 37 31 20 41 37 28 36 33 0 1 0
45621795 45650914 54474 8.076923 8.000000 54474 54466.000000 8.000000 0 0 12 18 12 9 18 12 11 12 0 0 0
45662565 45690273 51811 4.461538 4.307693 51811 51806.691406 4.307693 0 0 7 5 4 9 6 7 11 7 0 0 0
45701950 45731109 54535 2.615385 2.615385 54535 54532.382812 2.615385 3 4 1 4 4 2 6 0 3 2 2 2 1
45742729 45770426 51774 1.538462 1.307692 51774 51772.691406 1.307692 0 2 1 0 2 0 1 1 1 2 4 2 1
45782081 45811233 54521 0.615385 0.461538 54521 54520.539062 0.461538 1 0 1 0 0 2 0 0 1 0 1 0 0
45822823 45850578 51919 0.153846 0.076923 51919 51918.921875 0.076923 0 0 0 0 0 0 0 0 0 1 0 0 0
45862232 45891372 54516 0.384615 0.384615 54516 54515.617188 0.384615 2 0 0 0 0 0 0 0 0 2 1 0 0
45902961 45930629 51755 0.000000 0.000000 51755 51755.000000 0.000000 0 0 0 0 0 0 0 0 0 0 0 0 0
45996271 46023870 51609 121.923080 119.384613 51609 51489.617188 119.384613 110 102 97 117 92 120 109 128 133 130 172 137 105
