27 32
44849572 44877317 51901 88.923080 87.000000 51901 51814.000000 87.000000 0 0 86 88 116 164 138 125 121 131 0 162 0
44942813 44970496 51768 0.230769 0.153846 51768 51767.847656 0.153846 0 0 0 0 0 0 1 0 0 1 0 0 0
44982234 45011366 54465 0.153846 0.076923 54465 54464.921875 0.076923 0 0 0 0 0 0 0 0 0 1 0 0 0
45022941 45050693 51914 0.307692 0.230769 51914 51913.769531 0.230769 0 0 0 0 0 0 0 0 1 1 0 1 0
45062279 45091505 54638 0.153846 0.153846 54638 54637.847656 0.153846 0 0 0 0 0 1 0 0 0 1 0 0 0
45103156 45130817 51743 0.615385 0.461538 51743 51742.539062 0.461538 0 0 1 0 0 1 2 0 2 0 0 0 0
45143904 45171581 51756 2.076923 2.000000 51756 51754.000000 2.000000 0 0 3 1 1 1 3 1 1 4 0 11 0
45183239 45210927 51758 4.923077 4.769231 51758 51753.230469 4.769231 0 0 5 9 7 4 5 5 7 7 0 13 0
45222635 45251750 54451 13.153846 12.769231 54451 54438.230469 12.769231 0 0 12 12 27 19 17 13 20 23 0 23 0
45261904 45291075 54538 26.461538 25.923077 54538 54512.078125 25.923077 0 0 29 43 27 41 39 37 33 37 0 51 0
45302746 45331906 54534 46.923077 46.000000 54534 54488.000000 46.000000 0 0 58 48 54 74 71 67 69 65 0 92 0
45343467 45371210 51897 62.076923 61.076923 51897 51835.921875 61.076923 0 0 81 79 79 97 98 78 73 99 0 110 0
45382831 45411985 54506 84.846153 83.307693 54506 54422.691406 83.307693 0 0 94 92 104 140 146 110 110 120 0 167 0
45423670 45451394 51845 92.615387 91.000000 51845 51754.000000 91.000000 0 0 124 96 116 139 157 117 133 138 0 163 0
45463032 45492095 54354 87.769234 86.000000 54354 54268.000000 86.000000 0 0 110 103 90 126 154 120 117 153 0 145 0
45502326 45531450 54469 70.230766 68.384613 54469 54400.617188 68.384613 0 0 77 100 87 103 101 101 94 112 0 114 0
45543110 45570823 51841 41.000000 40.384617 51841 51800.617188 40.384617 0 0 36 39 52 74 61 66 65 65 0 67 0
45582487 45610113 51678 24.230770 23.769230 51678 51654.230469 23.769230 0 0 24 18 25 33 43 44 38 46 0 38 0
45621795 45650914 54477 12.153846 11.923077 54477 54465.078125 11.923077 0 0 16 10 18 15 24 22 14 19 0 17 0
45662565 45690273 51811 4.307693 4.153846 51811 51806.847656 4.153846 0 0 5 3 3 7 6 7 7 9 0 7 0
45701950 45731109 54534 2.000000 1.846154 54534 54532.152344 1.846154 4 1 4 1 2 1 1 1 3 3 3 0 0
45742729 45770426 51775 1.153846 0.769231 51775 51774.230469 0.769231 1 1 0 1 0 1 0 1 2 2 1 0 0
45782081 45811233 54521 0.615385 0.538462 54521 54520.460938 0.538462 2 1 0 0 0 0 0 0 1 1 2 0 0
45822823 45850578 51920 0.153846 0.076923 51920 51919.921875 0.076923 0 0 0 0 0 0 0 0 1 0 0 0 0
45862232 45891372 54515 0.384615 0.230769 54515 54514.769531 0.230769 2 0 0 0 0 0 0 0 1 0 0 0 0
45902961 45930629 51757 0.153846 0.076923 51757 51756.921875 0.076923 0 0 0 0 0 0 1 0 0 0 0 0 0
45996271 46023870 51611 108.769234 106.692307 51611 51504.308594 106.692307 109 105 117 134 133 122 133 102 139 140 153 0 0
