27 32
44849572 44877317 51901 69.000000 68.153847 51901 51832.847656 68.153847 0 0 80 73 61 119 129 105 78 97 0 144 0
44942813 44970496 51768 0.153846 0.076923 51768 51767.921875 0.076923 0 0 0 0 0 0 0 0 0 0 0 1 0
44982234 45011366 54465 0.076923 0.000000 54465 54465.000000 0.000000 0 0 0 0 0 0 0 0 0 0 0 0 0
45022941 45050693 51914 0.307692 0.230769 51914 51913.769531 0.230769 0 0 1 0 0 0 0 1 1 0 0 0 0
45062279 45091505 54638 1.384615 1.307692 54638 54636.691406 1.307692 0 0 2 2 4 0 2 0 2 5 0 0 0
45103156 45130817 51744 1.692308 1.692308 51744 51742.308594 1.692308 0 0 6 3 2 1 2 2 3 2 0 1 0
45143904 45171581 51756 4.153846 3.846154 51756 51752.152344 3.846154 0 0 11 5 6 7 0 3 9 8 0 1 0
45183239 45210927 51758 9.307693 9.076923 51758 51748.921875 9.076923 0 0 10 16 8 7 12 12 18 28 0 7 0
45222635 45251750 54451 17.846153 17.692308 54451 54433.308594 17.692308 0 0 31 25 30 18 27 28 25 21 0 25 0
45261904 45291075 54539 29.692308 29.538462 54539 54509.460938 29.538462 0 0 42 46 41 49 36 33 45 53 0 39 0
45302746 45331906 54534 46.615383 45.461540 54534 54488.539062 45.461540 0 0 55 61 54 72 73 58 56 84 0 78 0
45343467 45371210 51897 58.538460 57.384617 51897 51839.617188 57.384617 0 0 63 62 77 104 96 81 71 80 0 112 0
45382831 45411985 54506 71.615387 69.846153 54506 54436.152344 69.846153 0 0 62 71 75 139 134 92 109 91 0 135 0
45423670 45451394 51844 77.384613 75.153847 51844 51768.847656 75.153847 0 0 76 80 106 114 147 120 83 97 0 154 0
45463032 45492095 54354 71.307693 69.615387 54354 54284.382812 69.615387 0 0 77 80 62 119 112 123 81 87 0 164 0
45502326 45531450 54468 58.923077 57.615383 54468 54410.382812 57.615383 0 0 68 68 81 82 94 78 64 81 0 133 0
45543110 45570823 51841 43.000000 42.230770 51841 51798.769531 42.230770 0 0 45 48 65 63 59 68 60 69 0 72 0
45582487 45610113 51678 25.692308 25.076923 51678 51652.921875 25.076923 0 0 27 33 30 36 44 29 46 43 0 38 0
45621795 45650914 54477 17.461538 17.230770 54477 54459.769531 17.230770 0 0 20 25 33 19 27 12 32 38 0 18 0
45662565 45690273 51810 7.153846 7.000000 51810 51803.000000 7.000000 0 0 16 8 11 11 12 1 13 11 0 8 0
45701950 45731109 54535 3.307692 3.076923 54535 54531.921875 3.076923 0 2 5 2 6 12 7 3 0 0 1 0 2
45742729 45770426 51775 1.615385 1.615385 51775 51773.382812 1.615385 1 0 1 0 2 6 4 5 0 0 0 0 2
45782081 45811233 54520 0.461538 0.307692 54520 54519.691406 0.307692 0 1 0 0 0 1 1 1 0 0 0 0 0
45822823 45850578 51920 0.615385 0.538462 51920 51919.460938 0.538462 0 0 1 0 0 3 1 2 0 0 0 0 0
45862232 45891372 54515 0.153846 0.000000 54515 54515.000000 0.000000 0 0 0 0 0 0 0 0 0 0 0 0 0
45902961 45930629 51757 0.153846 0.153846 51757 51756.847656 0.153846 1 0 0 0 0 0 0 0 0 0 0 1 0
45996271 46023870 51611 81.692307 80.153847 51611 51530.847656 80.153847 108 115 101 102 114 76 83 62 0 0 0 149 132
