27 32
69766083 69795232 7611 15.071428 15.000000 7611 7596.000000 15.000000 12 16 13 12 14 15 19 12 19 19 14 14 15 16
69856466 69885539 7590 0.000000 0.000000 7590 7590.000000 0.000000 0 0 0 0 0 0 0 0 0 0 0 0 0 0
69895739 69923413 7224 0.000000 0.000000 7224 7224.000000 0.000000 0 0 0 0 0 0 0 0 0 0 0 0 0 0
69933700 69962762 7587 0.142857 0.142857 7587 7586.856934 0.142857 0 1 1 0 0 0 0 0 0 0 0 0 0 0
69971551 70000642 7596 0.000000 0.000000 7596 7596.000000 0.000000 0 0 0 0 0 0 0 0 0 0 0 0 0 0
70010844 70040022 7619 0.285714 0.285714 7619 7618.714355 0.285714 0 1 1 2 0 0 0 0 0 0 0 0 0 0
70048702 70077882 7617 0.714286 0.642857 7617 7616.356934 0.642857 0 0 0 1 1 0 1 2 2 0 0 0 0 2
70086663 70115756 7595 1.000000 1.000000 7595 7594.000000 1.000000 1 1 2 1 0 0 2 1 1 3 0 2 0 0
70125962 70155114 7610 2.928571 2.928571 7610 7607.071289 2.928571 2 5 3 1 3 4 2 5 4 3 1 6 0 2
70163876 70193026 7612 5.071429 4.857143 7612 7607.143066 4.857143 5 7 8 4 2 4 5 4 8 7 2 6 2 4
70203222 70232309 7594 8.642858 8.214286 7594 7585.785645 8.214286 11 7 11 12 4 10 8 9 3 12 7 7 10 4
70241089 70270211 7602 11.000000 10.785714 7602 7591.214355 10.785714 16 16 9 11 8 9 5 9 10 14 9 9 15 11
70280394 70308088 7228 13.571428 13.285714 7228 7214.714355 13.285714 15 9 15 6 11 15 22 11 13 15 22 12 7 13
70318284 70347458 7615 15.500000 14.928572 7615 7600.071289 14.928572 12 13 18 7 10 18 20 10 15 11 23 9 21 22
70357658 70385316 7221 11.142858 10.785714 7221 7210.214355 10.785714 11 9 10 13 13 13 11 6 12 10 16 8 8 11
70395514 70424603 7596 10.642858 10.500000 7596 7585.500000 10.500000 6 16 10 9 14 10 10 21 8 14 8 11 2 8
70433386 70462569 7618 9.857142 9.571428 7618 7608.428711 9.571428 16 6 4 4 10 14 4 11 16 12 8 10 12 7
70472707 70500367 7219 6.071429 6.000000 7219 7213.000000 6.000000 8 4 4 3 4 13 1 3 4 7 14 6 11 2
70510621 70539704 7591 3.428571 3.357143 7591 7587.643066 3.357143 7 7 2 2 4 2 5 1 5 3 3 3 2 1
70549900 70577661 7248 2.142857 2.142857 7248 7245.856934 2.142857 7 2 1 2 0 1 2 5 4 3 0 1 1 1
70587793 70616963 7616 0.214286 0.142857 7616 7615.856934 0.142857 0 0 0 1 0 0 0 0 0 0 0 0 0 1
70627171 70654802 7214 0.285714 0.285714 7214 7213.714355 0.285714 0 0 0 0 0 2 0 0 1 0 0 0 0 1
70664994 70694174 7617 0.357143 0.285714 7617 7616.714355 0.285714 0 0 0 0 0 1 0 0 0 0 2 1 0 0
70702950 70732103 7610 0.142857 0.071429 7610 7609.928711 0.071429 0 1 0 0 0 0 0 0 0 0 0 0 0 0
70742294 70771373 7591 0.000000 0.000000 7591 7591.000000 0.000000 0 0 0 0 0 0 0 0 0 0 0 0 0 0
70780154 70809322 7616 0.000000 0.000000 7616 7616.000000 0.000000 0 0 0 0 0 0 0 0 0 0 0 0 0 0
70870418 70898196 7251 13.214286 12.785714 7251 7238.214355 12.785714 20 10 10 11 8 18 19 15 12 10 14 14 5 13
