27 32
69766083 69795232 7611 15.857142 15.428572 7611 7595.571289 15.428572 10 15 11 25 18 11 11 14 27 17 17 15 11 14
69856466 69885539 7591 0.000000 0.000000 7591 7591.000000 0.000000 0 0 0 0 0 0 0 0 0 0 0 0 0 0
69895739 69923413 7223 0.071429 0.071429 7223 7222.928711 0.071429 0 0 0 0 0 0 0 0 0 0 0 0 0 1
69933700 69962762 7586 0.071429 0.071429 7586 7585.928711 0.071429 1 0 0 0 0 0 0 0 0 0 0 0 0 0
69971551 70000642 7596 0.142857 0.142857 7596 7595.856934 0.142857 0 0 1 0 0 0 0 0 0 0 0 1 0 0
70010844 70040022 7619 0.571429 0.571429 7619 7618.428711 0.571429 1 2 1 0 1 1 0 0 0 0 0 0 0 2
70048702 70077882 7617 0.642857 0.642857 7617 7616.356934 0.642857 0 0 1 0 2 1 0 1 0 1 1 1 0 1
70086663 70115756 7594 2.357143 2.285714 7594 7591.714355 2.285714 2 0 5 4 2 2 3 3 5 0 1 3 0 2
70125962 70155114 7609 3.428571 3.428571 7609 7605.571289 3.428571 6 3 3 2 5 1 4 3 3 8 3 3 2 2
70163876 70193026 7611 4.785714 4.714286 7611 7606.285645 4.714286 6 7 5 2 5 6 2 6 8 5 4 5 2 3
70203222 70232309 7595 9.714286 9.500000 7595 7585.500000 9.500000 9 7 5 7 13 17 15 7 12 5 6 8 14 8
70241089 70270211 7602 13.500000 13.214286 7602 7588.785645 13.214286 13 17 13 9 12 16 9 11 14 21 19 10 12 9
70280394 70308088 7228 14.571428 14.428572 7228 7213.571289 14.428572 15 14 6 17 14 13 12 19 17 17 18 18 14 8
70318284 70347458 7615 17.357143 16.857143 7615 7598.143066 16.857143 24 20 21 17 16 12 11 15 20 14 14 16 19 17
70357658 70385316 7221 17.428572 17.071428 7221 7203.928711 17.071428 24 15 11 19 22 19 14 10 18 13 27 16 16 15
70395514 70424603 7595 14.142858 13.642858 7595 7581.356934 13.642858 13 11 15 9 12 20 12 16 19 20 22 5 11 6
70433386 70462569 7618 10.571428 10.285714 7618 7607.714355 10.285714 11 10 5 12 9 13 8 8 10 12 15 15 7 9
70472707 70500367 7220 6.500000 6.285714 7220 7213.714355 6.285714 7 5 5 2 6 7 6 9 12 12 2 7 5 3
70510621 70539704 7592 5.071429 4.857143 7592 7587.143066 4.857143 7 6 6 6 4 3 5 5 5 4 2 5 7 3
70549900 70577661 7248 1.642857 1.571429 7248 7246.428711 1.571429 1 0 2 3 2 2 1 2 1 3 1 1 2 1
70587793 70616963 7616 0.857143 0.857143 7616 7615.143066 0.857143 0 2 1 0 0 0 0 1 1 2 2 1 2 0
70627171 70654802 7214 0.357143 0.357143 7214 7213.643066 0.357143 1 0 0 1 0 0 1 0 1 0 0 0 0 1
70664994 70694174 7617 0.214286 0.214286 7617 7616.785645 0.214286 0 0 0 0 1 1 0 0 0 0 0 1 0 0
70702950 70732103 7610 0.214286 0.214286 7610 7609.785645 0.214286 0 0 0 0 0 0 1 0 0 0 0 1 1 0
70742294 70771373 7591 0.000000 0.000000 7591 7591.000000 0.000000 0 0 0 0 0 0 0 0 0 0 0 0 0 0
70780154 70809322 7616 0.000000 0.000000 7616 7616.000000 0.000000 0 0 0 0 0 0 0 0 0 0 0 0 0 0
70870418 70898196 7250 15.000000 14.714286 7250 7235.285645 14.714286 16 13 15 14 9 22 17 9 20 16 17 16 9 13
