27 32
69766083 69795232 7610 17.428572 17.214285 7610 7592.785645 17.214285 22 17 11 13 14 12 19 21 23 21 17 25 14 12
69856466 69885539 7590 0.000000 0.000000 7590 7590.000000 0.000000 0 0 0 0 0 0 0 0 0 0 0 0 0 0
69895739 69923413 7222 0.000000 0.000000 7222 7222.000000 0.000000 0 0 0 0 0 0 0 0 0 0 0 0 0 0
69933700 69962762 7586 0.071429 0.071429 7586 7585.928711 0.071429 0 0 0 0 0 0 0 0 0 0 0 0 0 1
69971551 70000642 7595 0.142857 0.142857 7595 7594.856934 0.142857 1 0 0 0 0 0 1 0 0 0 0 0 0 0
70010844 70040022 7618 0.428571 0.428571 7618 7617.571289 0.428571 0 0 1 0 0 0 0 0 0 0 2 1 1 1
70048702 70077882 7617 0.642857 0.571429 7617 7616.428711 0.571429 1 0 0 2 0 1 0 0 0 1 0 1 1 1
70086663 70115756 7595 1.357143 1.285714 7595 7593.714355 1.285714 1 2 2 1 0 2 2 0 3 1 0 2 1 1
70125962 70155114 7610 3.285714 3.285714 7610 7606.714355 3.285714 2 7 2 4 2 2 6 1 6 2 3 3 3 3
70163876 70193026 7611 4.714286 4.642857 7611 7606.356934 4.642857 8 5 4 4 2 10 2 6 4 4 3 4 6 3
70203222 70232309 7594 10.214286 10.142858 7594 7583.856934 10.142858 17 14 9 10 9 11 6 13 11 5 11 13 6 7
70241089 70270211 7601 14.071428 13.642858 7601 7587.356934 13.642858 14 12 17 9 10 7 15 17 16 16 14 14 19 11
70280394 70308088 7228 14.857142 14.428572 7228 7213.571289 14.428572 20 16 14 12 10 12 14 16 19 16 13 16 12 12
70318284 70347458 7613 17.785715 17.500000 7613 7595.500000 17.500000 18 20 13 10 19 11 20 28 11 21 28 19 14 13
70357658 70385316 7220 17.785715 17.214285 7220 7202.785645 17.214285 21 11 18 18 19 20 13 24 15 16 16 13 23 14
70395514 70424603 7595 14.071428 13.357142 7595 7581.643066 13.357142 18 15 6 13 11 20 15 17 14 13 11 13 11 10
70433386 70462569 7618 11.857142 11.214286 7618 7606.785645 11.214286 9 14 9 12 12 12 9 12 12 17 10 8 10 11
70472707 70500367 7219 6.142857 5.928571 7219 7213.071289 5.928571 6 9 2 5 7 5 5 6 11 6 4 8 8 1
70510621 70539704 7592 3.571429 3.357143 7592 7588.643066 3.357143 3 1 0 3 3 4 5 9 5 7 2 3 1 1
70549900 70577661 7247 1.500000 1.428571 7247 7245.571289 1.428571 0 1 3 0 0 1 1 2 0 3 4 2 2 1
70587793 70616963 7616 0.714286 0.642857 7616 7615.356934 0.642857 0 2 0 1 0 0 0 3 0 0 1 1 0 1
70627171 70654802 7213 0.642857 0.571429 7213 7212.428711 0.571429 1 1 5 1 0 0 0 0 0 0 0 0 0 0
70664994 70694174 7617 0.142857 0.142857 7617 7616.856934 0.142857 1 0 0 0 0 0 0 0 0 0 0 0 1 0
70702950 70732103 7609 0.000000 0.000000 7609 7609.000000 0.000000 0 0 0 0 0 0 0 0 0 0 0 0 0 0
70742294 70771373 7590 0.071429 0.000000 7590 7590.000000 0.000000 0 0 0 0 0 0 0 0 0 0 0 0 0 0
70780154 70809322 7616 0.000000 0.000000 7616 7616.000000 0.000000 0 0 0 0 0 0 0 0 0 0 0 0 0 0
70870418 70898196 7249 16.214285 15.928572 7249 7233.071289 15.928572 22 19 10 16 13 12 18 17 21 15 23 16 10 11
