27 32
69766083 69795232 7612 17.928572 17.000000 7612 7595.000000 17.000000 19 11 10 20 22 21 12 14 22 20 19 16 14 18
69856466 69885539 7591 0.000000 0.000000 7591 7591.000000 0.000000 0 0 0 0 0 0 0 0 0 0 0 0 0 0
69895739 69923413 7223 0.071429 0.071429 7223 7222.928711 0.071429 0 0 0 0 0 0 0 0 0 0 0 0 1 0
69933700 69962762 7586 0.071429 0.071429 7586 7585.928711 0.071429 0 0 0 0 0 0 0 0 0 0 0 1 0 0
69971551 70000642 7596 0.000000 0.000000 7596 7596.000000 0.000000 0 0 0 0 0 0 0 0 0 0 0 0 0 0
70010844 70040022 7619 0.285714 0.285714 7619 7618.714355 0.285714 1 0 1 0 0 0 0 0 1 0 0 0 1 0
70048702 70077882 7617 0.571429 0.571429 7617 7616.428711 0.571429 0 0 0 2 2 0 3 1 0 0 0 0 0 0
70086663 70115756 7594 1.285714 1.214286 7594 7592.785645 1.214286 1 4 1 1 2 1 0 1 2 0 1 0 3 0
70125962 70155114 7609 3.285714 3.000000 7609 7606.000000 3.000000 5 3 3 4 4 5 1 1 2 4 5 1 2 2
70163876 70193026 7612 5.357143 5.071429 7612 7606.928711 5.071429 5 0 6 5 7 8 4 3 5 8 5 8 6 1
70203222 70232309 7595 9.785714 9.357142 7595 7585.643066 9.357142 12 6 2 6 9 12 14 16 10 11 7 6 14 6
70241089 70270211 7602 14.857142 14.428572 7602 7587.571289 14.428572 14 19 11 9 17 19 4 6 11 14 28 17 19 14
70280394 70308088 7228 15.642858 15.214286 7228 7212.785645 15.214286 17 14 18 10 24 15 19 13 12 21 17 8 10 15
70318284 70347458 7615 16.500000 15.785714 7615 7599.214355 15.785714 22 22 11 16 13 16 12 21 12 16 18 18 10 14
70357658 70385316 7221 17.857143 17.214285 7221 7203.785645 17.214285 18 14 14 9 12 21 23 20 27 20 16 15 17 15
70395514 70424603 7595 12.857142 12.500000 7595 7582.500000 12.500000 8 10 7 12 8 13 16 18 17 18 13 12 10 13
70433386 70462569 7618 10.714286 10.285714 7618 7607.714355 10.285714 6 10 11 8 9 7 12 8 13 19 9 12 9 11
70472707 70500367 7220 6.642857 6.428571 7220 7213.571289 6.428571 3 10 7 9 3 6 6 10 9 8 4 5 3 7
70510621 70539704 7592 3.071429 2.928571 7592 7589.071289 2.928571 0 5 2 5 5 2 0 6 2 3 2 4 2 3
70549900 70577661 7248 2.142857 2.071429 7248 7245.928711 2.071429 0 1 4 0 3 1 4 3 2 3 1 2 2 3
70587793 70616963 7616 0.714286 0.714286 7616 7615.285645 0.714286 1 0 0 0 0 1 2 2 0 0 1 1 0 2
70627171 70654802 7214 0.357143 0.357143 7214 7213.643066 0.357143 0 0 0 0 0 0 0 1 1 1 2 0 0 0
70664994 70694174 7617 0.142857 0.142857 7617 7616.856934 0.142857 0 0 1 0 0 0 0 0 0 0 0 0 1 0
70702950 70732103 7610 0.000000 0.000000 7610 7610.000000 0.000000 0 0 0 0 0 0 0 0 0 0 0 0 0 0
70742294 70771373 7591 0.000000 0.000000 7591 7591.000000 0.000000 0 0 0 0 0 0 0 0 0 0 0 0 0 0
70780154 70809322 7616 0.000000 0.000000 7616 7616.000000 0.000000 0 0 0 0 0 0 0 0 0 0 0 0 0 0
70870418 70898196 7250 16.500000 16.142857 7250 7233.856934 16.142857 12 23 18 12 19 22 14 12 18 14 25 11 14 12
