27 32
69766083 69795232 7611 17.642857 16.928572 7611 7594.071289 16.928572 22 17 13 9 17 16 16 23 25 14 24 13 10 18
69856466 69885539 7590 0.000000 0.000000 7590 7590.000000 0.000000 0 0 0 0 0 0 0 0 0 0 0 0 0 0
69895739 69923413 7223 0.000000 0.000000 7223 7223.000000 0.000000 0 0 0 0 0 0 0 0 0 0 0 0 0 0
69933700 69962762 7586 0.000000 0.000000 7586 7586.000000 0.000000 0 0 0 0 0 0 0 0 0 0 0 0 0 0
69971551 70000642 7596 0.000000 0.000000 7596 7596.000000 0.000000 0 0 0 0 0 0 0 0 0 0 0 0 0 0
70010844 70040022 7618 0.214286 0.214286 7618 7617.785645 0.214286 0 1 0 0 0 0 0 0 0 0 1 1 0 0
70048702 70077882 7617 0.928571 0.785714 7617 7616.214355 0.785714 1 1 1 3 0 0 1 0 1 1 0 0 1 1
70086663 70115756 7594 1.857143 1.857143 7594 7592.143066 1.857143 2 2 2 2 3 1 1 2 3 1 0 3 2 2
70125962 70155114 7610 3.000000 3.000000 7610 7607.000000 3.000000 1 5 4 2 2 5 4 0 4 5 3 3 2 2
70163876 70193026 7611 5.857143 5.714286 7611 7605.285645 5.714286 5 3 4 1 6 10 8 5 3 8 12 3 6 6
70203222 70232309 7595 11.785714 11.500000 7595 7583.500000 11.500000 12 9 11 14 13 13 12 9 10 13 13 6 12 14
70241089 70270211 7602 14.571428 14.142858 7602 7587.856934 14.142858 10 22 14 9 16 19 9 21 25 10 9 20 5 9
70280394 70308088 7228 13.857142 13.785714 7228 7214.214355 13.785714 17 11 12 14 10 16 5 18 15 14 15 17 14 15
70318284 70347458 7615 17.928572 17.357143 7615 7597.643066 17.357143 19 17 17 16 11 20 12 15 19 23 25 20 16 13
70357658 70385316 7221 17.142857 16.785715 7221 7204.214355 16.785715 14 14 10 19 12 18 19 16 25 24 24 16 14 10
70395514 70424603 7595 14.928572 14.571428 7595 7580.428711 14.571428 16 7 20 8 15 18 13 13 14 21 17 12 17 13
70433386 70462569 7617 9.571428 9.285714 7617 7607.714355 9.285714 12 7 7 11 11 11 4 12 10 8 6 8 13 10
70472707 70500367 7220 6.857143 6.642857 7220 7213.356934 6.642857 6 12 9 4 7 9 5 4 7 2 9 9 7 3
70510621 70539704 7592 3.857143 3.785714 7592 7588.214355 3.785714 0 4 2 4 2 2 6 2 9 7 5 3 2 5
70549900 70577661 7248 1.857143 1.857143 7248 7246.143066 1.857143 2 1 1 1 2 1 1 1 3 4 4 2 2 1
70587793 70616963 7617 0.857143 0.785714 7617 7616.214355 0.785714 2 0 0 1 1 1 0 0 0 1 1 4 0 0
70627171 70654802 7214 0.357143 0.285714 7214 7213.714355 0.285714 0 1 0 0 0 0 1 0 0 1 0 0 1 0
70664994 70694174 7617 0.071429 0.071429 7617 7616.928711 0.071429 0 0 1 0 0 0 0 0 0 0 0 0 0 0
70702950 70732103 7609 0.071429 0.071429 7609 7608.928711 0.071429 0 0 0 0 0 0 0 0 0 1 0 0 0 0
70742294 70771373 7591 0.285714 0.214286 7591 7590.785645 0.214286 1 0 0 0 1 0 0 0 0 0 0 0 1 0
70780154 70809322 7616 0.000000 0.000000 7616 7616.000000 0.000000 0 0 0 0 0 0 0 0 0 0 0 0 0 0
70870418 70898196 7250 15.857142 15.428572 7250 7234.571289 15.428572 20 11 13 16 21 15 9 9 17 15 23 20 16 11
