27 32
69766083 69795232 7611 13.928572 13.714286 7611 7597.285645 13.714286 18 16 14 5 8 11 17 22 19 15 18 10 9 10
69856466 69885539 7590 0.000000 0.000000 7590 7590.000000 0.000000 0 0 0 0 0 0 0 0 0 0 0 0 0 0
69895739 69923413 7224 0.000000 0.000000 7224 7224.000000 0.000000 0 0 0 0 0 0 0 0 0 0 0 0 0 0
69933700 69962762 7586 0.357143 0.285714 7586 7585.714355 0.285714 0 0 0 1 0 2 0 0 0 0 0 0 0 1
69971551 70000642 7596 0.142857 0.142857 7596 7595.856934 0.142857 0 1 0 0 0 1 0 0 0 0 0 0 0 0
70010844 70040022 7619 0.500000 0.500000 7619 7618.500000 0.500000 0 1 1 1 0 1 1 0 0 0 1 0 1 0
70048702 70077882 7617 0.428571 0.357143 7617 7616.643066 0.357143 0 1 0 0 0 1 0 0 0 1 1 0 1 0
70086663 70115756 7594 1.500000 1.357143 7594 7592.643066 1.357143 1 2 1 2 2 2 0 2 2 2 1 0 2 0
70125962 70155114 7610 3.428571 3.285714 7610 7606.714355 3.285714 3 9 2 4 2 4 3 4 5 1 3 1 1 4
70163876 70193026 7612 5.428571 5.142857 7612 7606.856934 5.142857 2 4 3 5 5 6 3 9 4 9 6 3 9 4
70203222 70232309 7594 8.714286 8.500000 7594 7585.500000 8.500000 11 9 3 11 11 8 9 8 6 5 14 7 6 11
70241089 70270211 7602 13.285714 12.642858 7602 7589.356934 12.642858 12 12 13 9 11 13 14 15 16 14 16 7 14 11
70280394 70308088 7228 14.857142 14.642858 7228 7213.356934 14.642858 16 11 12 15 14 15 10 14 19 12 17 17 20 13
70318284 70347458 7615 15.928572 15.500000 7615 7599.500000 15.500000 18 12 11 17 11 17 14 18 19 15 29 12 13 11
70357658 70385316 7221 15.142858 14.571428 7221 7206.428711 14.571428 13 12 12 13 15 15 17 18 19 21 12 15 8 14
70395514 70424603 7596 11.928572 11.642858 7596 7584.356934 11.642858 12 13 9 7 11 21 6 8 15 11 5 14 12 19
70433386 70462569 7618 10.928572 10.428572 7618 7607.571289 10.428572 14 8 5 13 19 9 11 5 11 16 8 15 4 8
70472707 70500367 7219 5.428571 5.428571 7219 7213.571289 5.428571 5 3 6 3 4 9 7 9 10 5 1 5 5 4
70510621 70539704 7591 3.214286 3.071429 7591 7587.928711 3.071429 3 2 1 2 4 4 3 3 7 3 2 2 6 1
70549900 70577661 7248 2.142857 2.000000 7248 7246.000000 2.000000 0 3 1 3 2 3 1 3 0 1 3 2 1 5
70587793 70616963 7616 0.857143 0.785714 7616 7615.214355 0.785714 2 0 0 0 0 3 0 3 0 1 0 1 1 0
70627171 70654802 7214 0.214286 0.214286 7214 7213.785645 0.214286 0 0 0 0 0 0 0 1 0 0 0 2 0 0
70664994 70694174 7617 0.000000 0.000000 7617 7617.000000 0.000000 0 0 0 0 0 0 0 0 0 0 0 0 0 0
70702950 70732103 7610 0.142857 0.071429 7610 7609.928711 0.071429 0 0 0 0 0 0 0 0 0 0 1 0 0 0
70742294 70771373 7591 0.071429 0.071429 7591 7590.928711 0.071429 0 0 0 0 0 0 0 0 0 0 0 0 1 0
70780154 70809322 7616 0.000000 0.000000 7616 7616.000000 0.000000 0 0 0 0 0 0 0 0 0 0 0 0 0 0
70870418 70898196 7251 17.785715 17.428572 7251 7233.571289 17.428572 25 19 13 19 14 17 14 18 26 21 18 15 13 12
