27 32
69766083 69795232 7611 16.500000 16.071428 7611 7594.928711 16.071428 17 17 6 18 17 17 10 19 19 21 14 19 15 16
69856466 69885539 7590 0.000000 0.000000 7590 7590.000000 0.000000 0 0 0 0 0 0 0 0 0 0 0 0 0 0
69895739 69923413 7224 0.000000 0.000000 7224 7224.000000 0.000000 0 0 0 0 0 0 0 0 0 0 0 0 0 0
69933700 69962762 7586 0.071429 0.071429 7586 7585.928711 0.071429 0 0 0 0 0 0 0 0 0 0 0 0 1 0
69971551 70000642 7596 0.000000 0.000000 7596 7596.000000 0.000000 0 0 0 0 0 0 0 0 0 0 0 0 0 0
70010844 70040022 7619 0.142857 0.142857 7619 7618.856934 0.142857 0 0 0 0 0 0 1 0 0 0 1 0 0 0
70048702 70077882 7617 0.642857 0.642857 7617 7616.356934 0.642857 0 0 1 0 1 1 1 1 1 0 1 1 1 0
70086663 70115756 7595 1.142857 1.142857 7595 7593.856934 1.142857 0 3 0 1 0 2 1 1 1 2 3 0 0 2
70125962 70155114 7610 2.571429 2.357143 7610 7607.643066 2.357143 3 4 1 1 0 1 5 4 1 3 3 3 2 2
70163876 70193026 7612 5.642857 5.285714 7612 7606.714355 5.285714 7 10 3 3 6 10 3 7 5 5 8 3 3 1
70203222 70232309 7594 9.500000 9.142858 7594 7584.856934 9.142858 12 10 7 11 11 8 10 8 5 9 14 11 6 6
70241089 70270211 7602 13.214286 13.000000 7602 7589.000000 13.000000 16 9 4 13 13 14 14 17 14 17 11 18 12 10
70280394 70308088 7228 12.714286 12.142858 7228 7215.856934 12.142858 12 15 11 14 12 6 11 11 12 14 15 16 6 15
70318284 70347458 7615 18.285715 17.642857 7615 7597.356934 17.642857 18 26 17 13 18 16 16 23 23 19 18 11 18 11
70357658 70385316 7221 14.357142 14.000000 7221 7207.000000 14.000000 20 20 7 12 19 19 13 10 10 18 11 12 8 17
70395514 70424603 7596 13.500000 13.000000 7596 7583.000000 13.000000 19 13 13 9 16 11 11 8 17 15 11 13 13 13
70433386 70462569 7618 10.285714 10.142858 7618 7607.856934 10.142858 13 12 11 9 6 10 10 9 15 9 13 11 6 8
70472707 70500367 7219 5.571429 5.428571 7219 7213.571289 5.428571 10 2 5 3 7 9 4 9 7 5 2 7 4 2
70510621 70539704 7591 3.357143 3.214286 7591 7587.785645 3.214286 2 2 3 4 3 5 2 3 2 3 6 3 3 4
70549900 70577661 7248 1.928571 1.785714 7248 7246.214355 1.785714 1 4 0 2 1 1 3 2 0 3 3 2 2 1
70587793 70616963 7616 0.500000 0.500000 7616 7615.500000 0.500000 0 1 0 1 0 1 0 0 0 0 1 1 1 1
70627171 70654802 7214 0.285714 0.285714 7214 7213.714355 0.285714 0 3 0 0 0 1 0 0 0 0 0 0 0 0
70664994 70694174 7617 0.285714 0.285714 7617 7616.714355 0.285714 0 0 0 1 0 0 0 0 0 0 0 1 2 0
70702950 70732103 7610 0.071429 0.071429 7610 7609.928711 0.071429 1 0 0 0 0 0 0 0 0 0 0 0 0 0
70742294 70771373 7591 0.071429 0.000000 7591 7591.000000 0.000000 0 0 0 0 0 0 0 0 0 0 0 0 0 0
70780154 70809322 7616 0.000000 0.000000 7616 7616.000000 0.000000 0 0 0 0 0 0 0 0 0 0 0 0 0 0
70870418 70898196 7251 15.142858 14.642858 7251 7236.356934 14.642858 19 14 12 13 13 14 10 13 19 23 18 19 9 9
