27 32
69766083 69795232 7611 20.357143 19.714285 7611 7591.285645 19.714285 20 10 24 23 22 24 20 15 22 19 19 28 20 10
69856466 69885539 7590 0.000000 0.000000 7590 7590.000000 0.000000 0 0 0 0 0 0 0 0 0 0 0 0 0 0
69895739 69923413 7223 0.000000 0.000000 7223 7223.000000 0.000000 0 0 0 0 0 0 0 0 0 0 0 0 0 0
69933700 69962762 7586 0.071429 0.071429 7586 7585.928711 0.071429 0 0 0 0 0 0 0 0 0 0 0 1 0 0
69971551 70000642 7596 0.500000 0.500000 7596 7595.500000 0.500000 1 1 0 1 0 1 0 0 0 1 2 0 0 0
70010844 70040022 7618 0.357143 0.285714 7618 7617.714355 0.285714 0 0 0 0 0 0 0 0 0 0 3 0 1 0
70048702 70077882 7617 0.785714 0.785714 7617 7616.214355 0.785714 1 1 0 1 1 1 1 2 0 2 1 0 0 0
70086663 70115756 7594 1.857143 1.642857 7594 7592.356934 1.642857 1 0 1 1 4 3 2 3 2 1 0 2 3 0
70125962 70155114 7610 3.285714 3.214286 7610 7606.785645 3.214286 2 5 3 4 3 5 2 6 5 2 3 3 2 0
70163876 70193026 7611 6.142857 5.928571 7611 7605.071289 5.928571 5 5 7 3 7 8 3 8 8 8 9 8 3 1
70203222 70232309 7596 12.000000 11.714286 7596 7584.285645 11.714286 6 13 6 11 12 13 14 11 10 14 13 17 12 12
70241089 70270211 7602 12.642858 12.285714 7602 7589.714355 12.285714 8 20 11 5 9 10 14 15 15 14 12 12 16 11
70280394 70308088 7230 16.071428 15.642858 7230 7214.356934 15.642858 15 20 16 18 14 13 16 27 13 16 17 11 16 7
70318284 70347458 7618 17.285715 17.142857 7618 7600.856934 17.142857 22 15 19 10 20 14 17 18 13 20 21 18 17 16
70357658 70385316 7221 15.142858 14.500000 7221 7206.500000 14.500000 16 12 22 15 10 15 15 10 16 10 16 23 11 12
70395514 70424603 7595 14.714286 14.357142 7595 7580.643066 14.357142 19 11 19 17 10 15 13 14 14 15 22 11 10 11
70433386 70462569 7618 10.428572 10.214286 7618 7607.785645 10.214286 8 7 9 10 11 12 5 10 12 8 9 11 12 19
70472707 70500367 7219 7.714286 7.571429 7219 7211.428711 7.571429 13 5 6 4 6 12 6 9 9 8 8 6 9 5
70510621 70539704 7592 4.571429 4.428571 7592 7587.571289 4.428571 4 6 3 4 1 7 5 3 5 1 6 9 4 4
70549900 70577661 7249 1.428571 1.357143 7249 7247.643066 1.357143 1 3 2 1 0 1 1 1 0 3 3 0 2 1
70587793 70616963 7617 0.714286 0.642857 7617 7616.356934 0.642857 0 1 1 1 0 0 1 1 0 1 0 1 1 1
70627171 70654802 7215 0.071429 0.071429 7215 7214.928711 0.071429 0 0 0 0 0 0 0 0 1 0 0 0 0 0
70664994 70694174 7617 0.071429 0.071429 7617 7616.928711 0.071429 0 0 0 0 0 0 0 0 0 1 0 0 0 0
70702950 70732103 7611 0.142857 0.142857 7611 7610.856934 0.142857 0 0 0 0 0 1 0 0 0 1 0 0 0 0
70742294 70771373 7590 0.000000 0.000000 7590 7590.000000 0.000000 0 0 0 0 0 0 0 0 0 0 0 0 0 0
70780154 70809322 7617 0.071429 0.000000 7617 7617.000000 0.000000 0 0 0 0 0 0 0 0 0 0 0 0 0 0
70870418 70898196 7251 17.357143 17.000000 7251 7234.000000 17.000000 16 20 27 12 21 17 10 16 14 24 14 16 18 13
