27 32
69766083 69795232 7611 16.142857 15.571428 7611 7595.428711 15.571428 13 13 14 18 9 22 20 12 22 15 19 17 12 12
69856466 69885539 7590 0.000000 0.000000 7590 7590.000000 0.000000 0 0 0 0 0 0 0 0 0 0 0 0 0 0
69895739 69923413 7223 0.000000 0.000000 7223 7223.000000 0.000000 0 0 0 0 0 0 0 0 0 0 0 0 0 0
69933700 69962762 7586 0.142857 0.071429 7586 7585.928711 0.071429 0 1 0 0 0 0 0 0 0 0 0 0 0 0
69971551 70000642 7596 0.071429 0.071429 7596 7595.928711 0.071429 0 0 0 0 0 0 0 0 0 0 1 0 0 0
70010844 70040022 7618 0.285714 0.285714 7618 7617.714355 0.285714 0 0 0 0 0 0 1 1 0 1 0 0 1 0
70048702 70077882 7617 0.857143 0.785714 7617 7616.214355 0.785714 3 1 1 0 1 0 1 1 1 0 0 2 0 0
70086663 70115756 7594 1.714286 1.642857 7594 7592.356934 1.642857 3 2 0 1 3 3 2 1 3 3 1 0 0 1
70125962 70155114 7610 2.928571 2.857143 7610 7607.143066 2.857143 0 2 3 0 3 4 3 3 3 5 5 3 3 3
70163876 70193026 7611 5.857143 5.785714 7611 7605.214355 5.785714 8 4 4 8 3 4 4 7 5 8 8 6 8 4
70203222 70232309 7595 8.714286 8.214286 7595 7586.785645 8.214286 12 11 7 4 4 9 12 6 11 5 7 9 9 9
70241089 70270211 7602 12.071428 11.857142 7602 7590.143066 11.857142 14 23 7 10 12 9 15 11 10 12 9 11 9 14
70280394 70308088 7228 14.142858 13.857142 7228 7214.143066 13.857142 13 17 16 12 12 22 10 14 11 19 13 17 12 6
70318284 70347458 7615 15.000000 14.500000 7615 7600.500000 14.500000 14 15 7 16 8 18 21 17 18 18 17 11 15 8
70357658 70385316 7221 12.714286 12.285714 7221 7208.714355 12.285714 13 10 14 10 15 10 8 19 19 12 6 11 10 15
70395514 70424603 7595 12.500000 12.214286 7595 7582.785645 12.214286 13 16 13 9 11 15 6 13 17 9 15 10 15 9
70433386 70462569 7618 11.285714 10.857142 7618 7607.143066 10.857142 11 11 14 6 12 13 7 14 13 15 9 7 12 8
70472707 70500367 7220 5.000000 4.857143 7220 7215.143066 4.857143 5 3 5 2 7 6 5 4 7 2 8 5 4 5
70510621 70539704 7592 2.428571 2.357143 7592 7589.643066 2.357143 3 3 0 2 1 2 2 5 6 2 3 1 2 1
70549900 70577661 7248 1.857143 1.785714 7248 7246.214355 1.785714 2 0 2 0 3 0 2 0 2 3 5 1 2 3
70587793 70616963 7617 0.714286 0.714286 7617 7616.285645 0.714286 1 0 0 0 0 1 1 3 0 1 1 1 1 0
70627171 70654802 7214 0.571429 0.571429 7214 7213.428711 0.571429 0 0 1 1 1 0 1 0 2 1 1 0 0 0
70664994 70694174 7617 0.071429 0.071429 7617 7616.928711 0.071429 0 0 1 0 0 0 0 0 0 0 0 0 0 0
70702950 70732103 7610 0.071429 0.071429 7610 7609.928711 0.071429 0 0 0 0 0 0 1 0 0 0 0 0 0 0
70742294 70771373 7591 0.000000 0.000000 7591 7591.000000 0.000000 0 0 0 0 0 0 0 0 0 0 0 0 0 0
70780154 70809322 7616 0.071429 0.071429 7616 7615.928711 0.071429 0 0 0 0 0 0 0 0 0 0 0 0 0 1
70870418 70898196 7250 14.714286 14.500000 7250 7235.500000 14.500000 20 9 12 12 8 19 12 10 19 20 20 21 10 11
