27 32
69766083 69795232 7611 15.857142 15.428572 7611 7595.571289 15.428572 21 17 11 19 22 16 20 10 16 13 20 6 12 13
69856466 69885539 7590 0.000000 0.000000 7590 7590.000000 0.000000 0 0 0 0 0 0 0 0 0 0 0 0 0 0
69895739 69923413 7223 0.000000 0.000000 7223 7223.000000 0.000000 0 0 0 0 0 0 0 0 0 0 0 0 0 0
69933700 69962762 7586 0.071429 0.071429 7586 7585.928711 0.071429 0 0 0 0 0 0 0 0 0 0 1 0 0 0
69971551 70000642 7596 0.142857 0.142857 7596 7595.856934 0.142857 0 0 0 0 0 0 1 0 0 0 0 0 0 1
70010844 70040022 7618 0.428571 0.357143 7618 7617.643066 0.357143 0 0 0 0 1 0 0 0 0 3 0 1 0 0
70048702 70077882 7617 0.857143 0.857143 7617 7616.143066 0.857143 0 0 0 1 1 2 0 1 0 3 0 1 1 2
70086663 70115756 7594 1.285714 1.285714 7594 7592.714355 1.285714 3 0 0 2 1 0 2 1 0 2 1 1 2 3
70125962 70155114 7610 3.357143 3.285714 7610 7606.714355 3.285714 3 3 4 4 2 2 4 2 3 7 3 4 4 1
70163876 70193026 7611 5.857143 5.642857 7611 7605.356934 5.642857 6 5 4 7 11 3 7 7 8 6 3 4 3 5
70203222 70232309 7595 8.142858 7.928571 7595 7587.071289 7.928571 12 8 2 6 3 11 8 10 10 11 7 7 10 6
70241089 70270211 7602 11.642858 11.571428 7602 7590.428711 11.571428 11 19 12 9 12 11 8 9 13 12 9 9 11 17
70280394 70308088 7228 13.571428 13.214286 7228 7214.785645 13.214286 13 10 6 8 18 13 14 16 15 18 18 9 18 9
70318284 70347458 7616 16.357143 15.857142 7616 7600.143066 15.857142 18 15 16 7 13 26 14 21 13 21 20 12 12 14
70357658 70385316 7221 15.214286 14.857142 7221 7206.143066 14.857142 17 10 16 12 16 17 13 19 19 11 19 14 13 12
70395514 70424603 7595 13.928572 13.428572 7595 7581.571289 13.428572 10 13 16 14 14 8 10 9 18 13 19 16 13 15
70433386 70462569 7617 8.000000 7.857143 7617 7609.143066 7.857143 14 3 8 4 6 5 16 3 7 11 9 6 5 13
70472707 70500367 7220 5.071429 5.071429 7220 7214.928711 5.071429 6 8 1 5 4 11 5 7 2 5 3 6 3 5
70510621 70539704 7592 3.785714 3.714286 7592 7588.285645 3.714286 5 1 5 4 7 8 1 4 4 7 1 1 1 3
70549900 70577661 7248 1.142857 1.142857 7248 7246.856934 1.142857 3 0 1 2 3 1 0 0 1 0 3 0 1 1
70587793 70616963 7617 0.571429 0.500000 7617 7616.500000 0.500000 1 1 1 0 0 0 2 0 1 0 0 0 1 0
70627171 70654802 7214 0.428571 0.428571 7214 7213.571289 0.428571 0 0 0 0 1 0 0 0 1 0 1 1 0 2
70664994 70694174 7617 0.142857 0.142857 7617 7616.856934 0.142857 0 0 0 0 1 0 0 1 0 0 0 0 0 0
70702950 70732103 7610 0.000000 0.000000 7610 7610.000000 0.000000 0 0 0 0 0 0 0 0 0 0 0 0 0 0
70742294 70771373 7591 0.000000 0.000000 7591 7591.000000 0.000000 0 0 0 0 0 0 0 0 0 0 0 0 0 0
70780154 70809322 7616 0.071429 0.071429 7616 7615.928711 0.071429 0 1 0 0 0 0 0 0 0 0 0 0 0 0
70870418 70898196 7250 15.928572 15.714286 7250 7234.285645 15.714286 16 9 21 16 19 15 11 15 19 22 18 13 13 13
