27 32
69766083 69795232 7611 17.857143 17.142857 7611 7593.856934 17.142857 21 12 31 10 9 36 13 14 10 22 18 21 9 14
69856466 69885539 7590 0.000000 0.000000 7590 7590.000000 0.000000 0 0 0 0 0 0 0 0 0 0 0 0 0 0
69895739 69923413 7224 0.000000 0.000000 7224 7224.000000 0.000000 0 0 0 0 0 0 0 0 0 0 0 0 0 0
69933700 69962762 7587 0.214286 0.214286 7587 7586.785645 0.214286 0 0 0 0 0 0 0 1 0 0 1 0 0 1
69971551 70000642 7596 0.071429 0.071429 7596 7595.928711 0.071429 0 0 0 0 0 0 0 0 0 0 0 1 0 0
70010844 70040022 7619 0.142857 0.142857 7619 7618.856934 0.142857 0 1 0 0 0 0 0 0 0 0 0 0 1 0
70048702 70077882 7617 0.714286 0.642857 7617 7616.356934 0.642857 1 0 0 0 3 1 3 0 0 0 0 0 0 1
70086663 70115756 7595 1.214286 1.214286 7595 7593.785645 1.214286 3 1 2 1 0 1 0 1 0 3 1 1 1 2
70125962 70155114 7610 3.571429 3.428571 7610 7606.571289 3.428571 1 1 4 1 3 3 2 5 6 4 2 8 5 3
70163876 70193026 7611 6.714286 6.285714 7611 7604.714355 6.285714 7 6 2 4 9 9 5 7 6 6 10 2 6 9
70203222 70232309 7594 9.142858 9.142858 7594 7584.856934 9.142858 7 10 4 7 11 12 9 11 9 8 10 11 10 9
70241089 70270211 7602 13.571428 13.357142 7602 7588.643066 13.357142 15 12 15 11 8 27 13 14 10 16 16 11 15 4
70280394 70308088 7229 15.142858 14.642858 7229 7214.356934 14.642858 20 15 12 9 10 9 14 18 12 22 20 15 15 14
70318284 70347458 7615 17.000000 16.500000 7615 7598.500000 16.500000 15 13 19 14 18 18 16 15 22 25 15 16 12 13
70357658 70385316 7221 16.071428 15.785714 7221 7205.214355 15.785714 12 21 14 13 9 17 17 15 20 22 16 8 20 17
70395514 70424603 7595 13.928572 13.571428 7595 7581.428711 13.571428 13 16 16 7 10 15 15 10 28 21 15 6 8 10
70433386 70462569 7618 9.571428 9.214286 7618 7608.785645 9.214286 12 7 10 6 11 3 15 6 9 12 15 9 7 7
70472707 70500367 7219 5.785714 5.642857 7219 7213.356934 5.642857 11 2 7 6 2 6 6 7 7 6 3 5 8 3
70510621 70539704 7591 3.071429 3.071429 7591 7587.928711 3.071429 4 4 4 6 3 2 6 2 4 2 2 0 2 2
70549900 70577661 7248 2.071429 1.857143 7248 7246.143066 1.857143 4 0 1 2 4 3 2 0 4 3 1 0 2 0
70587793 70616963 7616 1.000000 0.857143 7616 7615.143066 0.857143 1 0 2 1 0 1 0 2 1 0 2 1 0 1
70627171 70654802 7214 0.357143 0.214286 7214 7213.785645 0.214286 0 0 0 1 0 1 0 0 1 0 0 0 0 0
70664994 70694174 7617 0.214286 0.214286 7617 7616.785645 0.214286 0 0 0 0 0 1 1 0 0 0 0 0 1 0
70702950 70732103 7610 0.071429 0.071429 7610 7609.928711 0.071429 0 0 0 0 0 0 0 0 0 1 0 0 0 0
70742294 70771373 7590 0.000000 0.000000 7590 7590.000000 0.000000 0 0 0 0 0 0 0 0 0 0 0 0 0 0
70780154 70809322 7616 0.000000 0.000000 7616 7616.000000 0.000000 0 0 0 0 0 0 0 0 0 0 0 0 0 0
70870418 70898196 7251 13.785714 13.500000 7251 7237.500000 13.500000 22 14 11 11 16 10 11 13 12 22 11 12 12 12
