27 32
69766083 69795232 7611 17.428572 17.000000 7611 7594.000000 17.000000 17 18 15 10 14 20 10 21 21 19 29 15 15 14
69856466 69885539 7590 0.000000 0.000000 7590 7590.000000 0.000000 0 0 0 0 0 0 0 0 0 0 0 0 0 0
69895739 69923413 7223 0.000000 0.000000 7223 7223.000000 0.000000 0 0 0 0 0 0 0 0 0 0 0 0 0 0
69933700 69962762 7586 0.000000 0.000000 7586 7586.000000 0.000000 0 0 0 0 0 0 0 0 0 0 0 0 0 0
69971551 70000642 7596 0.285714 0.285714 7596 7595.714355 0.285714 0 0 1 0 0 0 0 0 1 0 1 0 1 0
70010844 70040022 7618 0.785714 0.785714 7618 7617.214355 0.785714 0 0 2 1 0 0 1 3 0 1 0 0 1 2
70048702 70077882 7617 0.714286 0.642857 7617 7616.356934 0.642857 0 1 0 1 1 0 0 1 1 0 1 1 0 2
70086663 70115756 7594 1.500000 1.500000 7594 7592.500000 1.500000 2 0 3 1 0 3 2 1 1 4 2 0 0 2
70125962 70155114 7610 3.642857 3.428571 7610 7606.571289 3.428571 8 4 3 0 2 2 2 3 4 4 4 6 4 2
70163876 70193026 7611 6.500000 6.285714 7611 7604.714355 6.285714 5 7 4 4 7 5 6 6 6 7 12 8 6 5
70203222 70232309 7595 9.642858 9.500000 7595 7585.500000 9.500000 12 8 8 10 10 17 8 11 11 12 6 8 5 7
70241089 70270211 7601 14.071428 13.714286 7601 7587.285645 13.714286 20 15 14 4 15 21 17 10 17 13 10 10 10 16
70280394 70308088 7228 16.285715 15.714286 7228 7212.285645 15.714286 21 16 10 13 18 13 15 13 27 15 17 11 12 19
70318284 70347458 7616 17.000000 16.500000 7616 7599.500000 16.500000 17 14 21 8 19 17 13 17 16 17 15 22 16 19
70357658 70385316 7221 16.428572 16.285715 7221 7204.714355 16.285715 19 20 14 5 15 14 19 15 20 20 21 12 14 20
70395514 70424603 7595 17.000000 16.500000 7595 7578.500000 16.500000 24 14 13 13 13 13 12 21 21 19 21 16 19 12
70433386 70462569 7617 10.928572 10.571428 7617 7606.428711 10.571428 14 8 13 10 9 11 10 12 13 8 10 9 10 11
70472707 70500367 7220 6.785714 6.714286 7220 7213.285645 6.714286 4 8 6 9 8 9 6 9 11 2 3 8 3 8
70510621 70539704 7592 3.500000 3.428571 7592 7588.571289 3.428571 4 3 2 6 0 4 4 5 3 6 6 3 1 1
70549900 70577661 7248 2.142857 2.142857 7248 7245.856934 2.142857 2 1 3 4 2 2 0 2 3 4 0 1 2 4
70587793 70616963 7617 1.428571 1.357143 7617 7615.643066 1.357143 1 2 0 2 1 2 2 2 3 2 1 0 1 0
70627171 70654802 7214 0.500000 0.500000 7214 7213.500000 0.500000 0 1 0 0 0 1 0 1 2 0 1 0 1 0
70664994 70694174 7617 0.214286 0.142857 7617 7616.856934 0.142857 0 0 0 0 1 0 1 0 0 0 0 0 0 0
70702950 70732103 7610 0.142857 0.142857 7610 7609.856934 0.142857 0 0 0 0 0 0 0 1 0 0 0 1 0 0
70742294 70771373 7591 0.000000 0.000000 7591 7591.000000 0.000000 0 0 0 0 0 0 0 0 0 0 0 0 0 0
70780154 70809322 7616 0.000000 0.000000 7616 7616.000000 0.000000 0 0 0 0 0 0 0 0 0 0 0 0 0 0
70870418 70898196 7250 17.214285 16.642857 7250 7233.356934 16.642857 14 18 16 18 16 20 14 19 15 28 20 12 13 10
