27 32
69766083 69795232 7611 18.714285 18.500000 7611 7592.500000 18.500000 14 19 17 18 11 23 16 26 17 25 20 22 12 19
69856466 69885539 7590 0.000000 0.000000 7590 7590.000000 0.000000 0 0 0 0 0 0 0 0 0 0 0 0 0 0
69895739 69923413 7223 0.000000 0.000000 7223 7223.000000 0.000000 0 0 0 0 0 0 0 0 0 0 0 0 0 0
69933700 69962762 7586 0.000000 0.000000 7586 7586.000000 0.000000 0 0 0 0 0 0 0 0 0 0 0 0 0 0
69971551 70000642 7596 0.142857 0.142857 7596 7595.856934 0.142857 0 0 0 0 0 0 0 0 0 1 0 1 0 0
70010844 70040022 7618 0.428571 0.428571 7618 7617.571289 0.428571 0 0 0 0 0 2 1 1 0 0 0 1 0 1
70048702 70077882 7617 0.500000 0.500000 7617 7616.500000 0.500000 2 1 0 3 0 0 0 0 0 0 0 0 1 0
70086663 70115756 7594 1.571429 1.428571 7594 7592.571289 1.428571 0 3 1 1 1 2 1 0 1 4 3 0 2 1
70125962 70155114 7610 3.214286 3.142857 7610 7606.856934 3.142857 0 0 4 3 3 3 2 3 5 6 5 4 3 3
70163876 70193026 7611 5.857143 5.857143 7611 7605.143066 5.857143 4 6 6 4 10 8 2 10 5 7 3 1 9 7
70203222 70232309 7596 9.285714 8.857142 7596 7587.143066 8.857142 7 7 7 5 15 11 16 8 8 11 7 12 2 8
70241089 70270211 7602 12.500000 12.214286 7602 7589.785645 12.214286 8 12 11 10 7 15 15 16 9 14 15 9 11 19
70280394 70308088 7229 14.285714 13.928572 7229 7215.071289 13.928572 17 12 13 11 12 12 21 17 15 11 11 13 14 16
70318284 70347458 7618 17.214285 16.714285 7618 7601.285645 16.714285 17 22 10 13 17 10 17 21 14 25 21 18 12 17
70357658 70385316 7221 15.142858 14.571428 7221 7206.428711 14.571428 16 13 13 13 11 17 19 13 16 18 18 13 10 14
70395514 70424603 7595 13.714286 13.142858 7595 7581.856934 13.142858 13 14 14 14 8 19 15 12 8 17 15 15 7 13
70433386 70462569 7618 10.285714 10.000000 7618 7608.000000 10.000000 9 9 11 8 7 9 9 5 13 17 11 14 11 7
70472707 70500367 7219 6.500000 6.428571 7219 7212.571289 6.428571 10 9 7 6 7 6 5 6 5 6 8 6 4 5
70510621 70539704 7592 3.285714 3.285714 7592 7588.714355 3.285714 4 4 1 5 4 2 3 8 3 2 2 2 3 3
70549900 70577661 7248 1.571429 1.571429 7248 7246.428711 1.571429 1 3 2 1 1 4 0 1 1 0 3 1 3 1
70587793 70616963 7617 0.928571 0.928571 7617 7616.071289 0.928571 1 2 1 1 2 2 0 0 0 1 0 1 1 1
70627171 70654802 7215 0.428571 0.428571 7215 7214.571289 0.428571 1 0 1 1 0 1 0 1 1 0 0 0 0 0
70664994 70694174 7617 0.071429 0.071429 7617 7616.928711 0.071429 0 0 1 0 0 0 0 0 0 0 0 0 0 0
70702950 70732103 7611 0.357143 0.357143 7611 7610.643066 0.357143 0 0 2 0 0 1 0 1 0 0 0 1 0 0
70742294 70771373 7590 0.000000 0.000000 7590 7590.000000 0.000000 0 0 0 0 0 0 0 0 0 0 0 0 0 0
70780154 70809322 7616 0.071429 0.071429 7616 7615.928711 0.071429 0 0 0 0 0 0 0 0 0 0 0 0 1 0
70870418 70898196 7251 16.142857 15.785714 7251 7235.214355 15.785714 14 18 14 20 15 14 17 19 19 11 12 16 17 15
