27 32
69766083 69795232 7611 16.571428 16.285715 7611 7594.714355 16.285715 14 20 12 16 16 13 16 14 22 18 17 21 16 13
69856466 69885539 7590 0.000000 0.000000 7590 7590.000000 0.000000 0 0 0 0 0 0 0 0 0 0 0 0 0 0
69895739 69923413 7224 0.000000 0.000000 7224 7224.000000 0.000000 0 0 0 0 0 0 0 0 0 0 0 0 0 0
69933700 69962762 7587 0.071429 0.071429 7587 7586.928711 0.071429 0 0 0 0 0 0 0 0 1 0 0 0 0 0
69971551 70000642 7596 0.071429 0.071429 7596 7595.928711 0.071429 1 0 0 0 0 0 0 0 0 0 0 0 0 0
70010844 70040022 7619 0.500000 0.500000 7619 7618.500000 0.500000 0 0 1 1 3 0 0 0 0 1 0 1 0 0
70048702 70077882 7617 0.928571 0.928571 7617 7616.071289 0.928571 0 0 1 0 1 0 3 1 3 0 2 0 1 1
70086663 70115756 7595 1.071429 1.071429 7595 7593.928711 1.071429 1 1 1 1 0 0 0 3 3 0 1 2 1 1
70125962 70155114 7610 3.428571 3.071429 7610 7606.928711 3.071429 4 5 2 2 3 0 4 4 0 9 3 2 3 2
70163876 70193026 7611 4.571429 4.428571 7611 7606.571289 4.428571 4 4 5 4 5 4 4 4 9 4 3 6 1 5
70203222 70232309 7595 8.642858 8.500000 7595 7586.500000 8.500000 8 8 7 6 12 7 7 10 9 9 12 7 10 7
70241089 70270211 7602 13.642858 13.642858 7602 7588.356934 13.642858 15 17 8 15 11 20 17 8 18 14 8 20 8 12
70280394 70308088 7228 15.285714 14.785714 7228 7213.214355 14.785714 20 22 20 15 7 20 14 20 12 12 10 15 6 14
70318284 70347458 7615 17.857143 17.571428 7615 7597.428711 17.571428 19 23 17 17 16 21 14 17 28 13 19 14 13 15
70357658 70385316 7221 13.357142 13.000000 7221 7208.000000 13.000000 13 11 9 16 15 12 13 11 13 17 12 14 15 11
70395514 70424603 7596 13.714286 13.357142 7596 7582.643066 13.357142 7 13 13 16 21 18 16 16 17 11 11 13 7 8
70433386 70462569 7618 10.000000 9.500000 7618 7608.500000 9.500000 9 9 6 8 8 8 10 10 10 13 17 8 11 6
70472707 70500367 7219 6.428571 6.428571 7219 7212.571289 6.428571 4 8 3 8 8 6 6 8 4 11 6 6 8 4
70510621 70539704 7591 3.500000 3.428571 7591 7587.571289 3.428571 6 3 2 4 7 1 3 5 5 0 4 1 6 1
70549900 70577661 7248 1.785714 1.714286 7248 7246.285645 1.714286 0 2 1 0 1 3 2 2 3 6 4 0 0 0
70587793 70616963 7616 0.857143 0.857143 7616 7615.143066 0.857143 0 0 2 2 0 2 2 2 0 0 0 1 1 0
70627171 70654802 7214 0.214286 0.214286 7214 7213.785645 0.214286 1 0 0 1 0 0 0 0 0 0 1 0 0 0
70664994 70694174 7617 0.000000 0.000000 7617 7617.000000 0.000000 0 0 0 0 0 0 0 0 0 0 0 0 0 0
70702950 70732103 7610 0.000000 0.000000 7610 7610.000000 0.000000 0 0 0 0 0 0 0 0 0 0 0 0 0 0
70742294 70771373 7590 0.000000 0.000000 7590 7590.000000 0.000000 0 0 0 0 0 0 0 0 0 0 0 0 0 0
70780154 70809322 7615 0.071429 0.071429 7615 7614.928711 0.071429 0 0 0 0 0 0 0 0 0 0 0 0 0 1
70870418 70898196 7251 18.428572 17.857143 7251 7233.143066 17.857143 14 30 9 17 16 20 17 25 20 26 14 15 16 11
