27 32
69766083 69795232 7611 18.071428 17.714285 7611 7593.285645 17.714285 15 22 13 18 19 16 20 19 17 24 25 17 15 8
69856466 69885539 7590 0.000000 0.000000 7590 7590.000000 0.000000 0 0 0 0 0 0 0 0 0 0 0 0 0 0
69895739 69923413 7223 0.000000 0.000000 7223 7223.000000 0.000000 0 0 0 0 0 0 0 0 0 0 0 0 0 0
69933700 69962762 7586 0.071429 0.071429 7586 7585.928711 0.071429 0 0 0 0 0 1 0 0 0 0 0 0 0 0
69971551 70000642 7596 0.000000 0.000000 7596 7596.000000 0.000000 0 0 0 0 0 0 0 0 0 0 0 0 0 0
70010844 70040022 7618 0.285714 0.285714 7618 7617.714355 0.285714 0 1 0 0 0 0 1 0 2 0 0 0 0 0
70048702 70077882 7617 0.642857 0.642857 7617 7616.356934 0.642857 0 2 2 0 2 0 0 1 1 1 0 0 0 0
70086663 70115756 7594 0.928571 0.857143 7594 7593.143066 0.857143 3 2 1 0 0 1 0 0 1 0 1 0 2 1
70125962 70155114 7610 3.571429 3.500000 7610 7606.500000 3.500000 7 4 3 3 5 2 5 3 3 4 3 2 2 3
70163876 70193026 7611 5.642857 5.428571 7611 7605.571289 5.428571 4 9 8 4 3 7 4 5 4 7 6 5 5 5
70203222 70232309 7595 8.500000 8.214286 7595 7586.785645 8.214286 17 11 7 7 6 7 6 8 10 12 9 4 7 4
70241089 70270211 7602 12.357142 11.642858 7602 7590.356934 11.642858 18 7 7 13 15 6 12 11 11 17 12 17 11 6
70280394 70308088 7228 14.000000 13.428572 7228 7214.571289 13.428572 17 12 10 14 16 12 14 16 15 17 15 11 8 11
70318284 70347458 7614 20.428572 20.000000 7614 7594.000000 20.000000 22 24 9 23 20 25 16 17 24 22 13 28 20 17
70357658 70385316 7221 15.071428 14.357142 7221 7206.643066 14.357142 25 14 10 12 12 18 10 13 14 18 14 14 18 9
70395514 70424603 7595 14.142858 13.785714 7595 7581.214355 13.785714 11 12 22 13 20 11 13 15 16 14 11 9 14 12
70433386 70462569 7617 10.214286 9.857142 7617 7607.143066 9.857142 10 11 12 6 12 12 10 11 8 13 5 4 13 11
70472707 70500367 7220 7.571429 7.500000 7220 7212.500000 7.500000 9 5 4 6 9 5 12 8 7 12 11 7 6 4
70510621 70539704 7592 3.285714 3.214286 7592 7588.785645 3.214286 3 6 5 1 2 5 2 3 7 4 2 3 1 1
70549900 70577661 7248 1.928571 1.857143 7248 7246.143066 1.857143 3 1 2 3 1 1 0 2 2 3 2 2 3 1
70587793 70616963 7617 1.285714 1.214286 7617 7615.785645 1.214286 2 1 2 0 2 2 2 1 0 0 1 2 1 1
70627171 70654802 7214 0.142857 0.071429 7214 7213.928711 0.071429 0 0 0 1 0 0 0 0 0 0 0 0 0 0
70664994 70694174 7617 0.214286 0.214286 7617 7616.785645 0.214286 0 0 0 1 1 0 0 0 0 0 0 0 1 0
70702950 70732103 7609 0.000000 0.000000 7609 7609.000000 0.000000 0 0 0 0 0 0 0 0 0 0 0 0 0 0
70742294 70771373 7591 0.000000 0.000000 7591 7591.000000 0.000000 0 0 0 0 0 0 0 0 0 0 0 0 0 0
70780154 70809322 7616 0.071429 0.071429 7616 7615.928711 0.071429 1 0 0 0 0 0 0 0 0 0 0 0 0 0
70870418 70898196 7250 18.500000 17.571428 7250 7232.428711 17.571428 19 19 17 13 20 13 18 17 22 17 21 17 15 18
