27 32
69766083 69795232 7611 16.785715 16.285715 7611 7594.714355 16.285715 24 21 14 13 11 15 16 19 19 20 14 14 16 12
69856466 69885539 7590 0.000000 0.000000 7590 7590.000000 0.000000 0 0 0 0 0 0 0 0 0 0 0 0 0 0
69895739 69923413 7222 0.000000 0.000000 7222 7222.000000 0.000000 0 0 0 0 0 0 0 0 0 0 0 0 0 0
69933700 69962762 7587 0.071429 0.071429 7587 7586.928711 0.071429 0 0 0 0 0 0 0 0 0 1 0 0 0 0
69971551 70000642 7595 0.214286 0.214286 7595 7594.785645 0.214286 0 1 0 0 0 0 1 0 0 0 0 0 1 0
70010844 70040022 7619 0.142857 0.142857 7619 7618.856934 0.142857 0 0 0 0 0 0 0 0 0 0 0 0 1 1
70048702 70077882 7617 0.571429 0.571429 7617 7616.428711 0.571429 0 1 0 1 2 2 1 0 0 0 0 1 0 0
70086663 70115756 7595 1.357143 1.357143 7595 7593.643066 1.357143 1 0 0 0 0 4 3 1 3 1 2 3 1 0
70125962 70155114 7610 2.714286 2.642857 7610 7607.356934 2.642857 3 1 3 3 2 3 2 0 4 1 4 5 1 5
70163876 70193026 7611 6.357143 6.285714 7611 7604.714355 6.285714 8 8 4 7 6 4 4 2 8 11 4 9 6 7
70203222 70232309 7594 9.214286 9.000000 7594 7585.000000 9.000000 9 10 12 7 11 7 13 9 16 7 4 7 5 9
70241089 70270211 7602 12.928572 12.857142 7602 7589.143066 12.857142 11 9 11 19 11 16 11 14 14 13 15 12 16 8
70280394 70308088 7229 16.000000 15.857142 7229 7213.143066 15.857142 16 19 14 10 20 12 19 16 15 18 19 19 13 12
70318284 70347458 7614 17.857143 17.428572 7614 7596.571289 17.428572 14 19 16 22 18 21 14 22 23 18 16 18 10 13
70357658 70385316 7220 14.642858 14.357142 7220 7205.643066 14.357142 18 10 14 13 15 19 12 11 15 24 11 17 6 16
70395514 70424603 7595 13.857142 13.071428 7595 7581.928711 13.071428 13 16 8 10 10 13 12 15 19 20 20 8 10 9
70433386 70462569 7618 9.642858 9.642858 7618 7608.356934 9.642858 7 8 16 6 10 5 7 10 16 9 14 11 11 5
70472707 70500367 7219 5.285714 5.214286 7219 7213.785645 5.214286 5 6 9 4 3 4 3 12 5 5 5 5 1 6
70510621 70539704 7592 3.357143 3.142857 7592 7588.856934 3.142857 4 6 4 3 3 2 3 2 4 5 3 2 1 2
70549900 70577661 7248 2.214286 2.142857 7248 7245.856934 2.142857 2 4 1 2 2 0 4 2 2 2 4 2 1 2
70587793 70616963 7616 0.642857 0.642857 7616 7615.356934 0.642857 0 0 1 0 0 1 1 0 1 1 2 1 1 0
70627171 70654802 7213 0.357143 0.214286 7213 7212.785645 0.214286 0 0 0 2 1 0 0 0 0 0 0 0 0 0
70664994 70694174 7617 0.071429 0.071429 7617 7616.928711 0.071429 0 0 0 0 0 0 1 0 0 0 0 0 0 0
70702950 70732103 7609 0.000000 0.000000 7609 7609.000000 0.000000 0 0 0 0 0 0 0 0 0 0 0 0 0 0
70742294 70771373 7590 0.000000 0.000000 7590 7590.000000 0.000000 0 0 0 0 0 0 0 0 0 0 0 0 0 0
70780154 70809322 7616 0.000000 0.000000 7616 7616.000000 0.000000 0 0 0 0 0 0 0 0 0 0 0 0 0 0
70870418 70898196 7250 16.642857 15.928572 7250 7234.071289 15.928572 22 11 9 14 13 17 14 14 22 22 19 8 16 22
