27 32
69766083 69795232 7612 19.285715 18.357143 7612 7593.643066 18.357143 26 13 15 18 16 24 23 10 20 22 17 18 21 14
69856466 69885539 7591 0.000000 0.000000 7591 7591.000000 0.000000 0 0 0 0 0 0 0 0 0 0 0 0 0 0
69895739 69923413 7224 0.000000 0.000000 7224 7224.000000 0.000000 0 0 0 0 0 0 0 0 0 0 0 0 0 0
69933700 69962762 7586 0.000000 0.000000 7586 7586.000000 0.000000 0 0 0 0 0 0 0 0 0 0 0 0 0 0
69971551 70000642 7596 0.142857 0.071429 7596 7595.928711 0.071429 1 0 0 0 0 0 0 0 0 0 0 0 0 0
70010844 70040022 7619 0.285714 0.285714 7619 7618.714355 0.285714 1 0 0 0 0 0 0 0 0 2 0 1 0 0
70048702 70077882 7617 0.785714 0.785714 7617 7616.214355 0.785714 2 1 0 2 1 0 1 0 2 0 1 1 0 0
70086663 70115756 7594 1.857143 1.714286 7594 7592.285645 1.714286 2 3 1 0 2 1 2 0 2 3 4 3 1 0
70125962 70155114 7609 3.500000 3.000000 7609 7606.000000 3.000000 3 3 4 0 2 3 7 2 2 4 2 3 3 4
70163876 70193026 7612 5.428571 5.285714 7612 7606.714355 5.285714 5 2 8 6 2 9 3 5 10 5 3 5 2 9
70203222 70232309 7594 9.571428 9.428572 7594 7584.571289 9.428572 7 7 7 10 13 12 8 6 6 18 7 11 13 7
70241089 70270211 7602 13.071428 12.714286 7602 7589.285645 12.714286 17 14 10 12 14 10 10 15 11 22 8 15 14 6
70280394 70308088 7228 18.214285 17.500000 7228 7210.500000 17.500000 13 18 26 17 25 20 13 14 20 21 23 12 7 16
70318284 70347458 7615 17.214285 17.000000 7615 7598.000000 17.000000 27 17 15 15 14 20 17 15 18 19 18 16 18 9
70357658 70385316 7221 15.071428 14.571428 7221 7206.428711 14.571428 13 10 18 21 16 20 13 14 18 22 11 11 12 5
70395514 70424603 7595 14.857142 14.571428 7595 7580.428711 14.571428 9 9 12 12 20 18 21 12 19 15 14 18 13 12
70433386 70462569 7618 11.000000 10.428572 7618 7607.571289 10.428572 8 10 8 9 9 10 8 11 8 11 16 13 13 12
70472707 70500367 7220 6.142857 6.071429 7220 7213.928711 6.071429 6 9 3 8 6 4 6 8 4 4 5 7 6 9
70510621 70539704 7592 3.142857 3.000000 7592 7589.000000 3.000000 4 2 6 2 2 2 1 4 3 2 3 4 5 2
70549900 70577661 7248 2.071429 2.000000 7248 7246.000000 2.000000 0 4 3 0 5 0 3 0 1 3 0 5 2 2
70587793 70616963 7616 0.857143 0.857143 7616 7615.143066 0.857143 1 0 3 4 0 0 1 1 1 1 0 0 0 0
70627171 70654802 7214 0.571429 0.571429 7214 7213.428711 0.571429 1 0 1 1 2 0 0 1 1 0 0 0 0 1
70664994 70694174 7617 0.285714 0.285714 7617 7616.714355 0.285714 0 1 1 0 0 0 0 0 0 1 0 1 0 0
70702950 70732103 7610 0.000000 0.000000 7610 7610.000000 0.000000 0 0 0 0 0 0 0 0 0 0 0 0 0 0
70742294 70771373 7591 0.000000 0.000000 7591 7591.000000 0.000000 0 0 0 0 0 0 0 0 0 0 0 0 0 0
70780154 70809322 7616 0.000000 0.000000 7616 7616.000000 0.000000 0 0 0 0 0 0 0 0 0 0 0 0 0 0
70870418 70898196 7250 18.714285 18.000000 7250 7232.000000 18.000000 25 18 20 14 16 19 22 6 22 22 12 19 17 20
