27 32
69766083 69795232 7611 15.714286 15.500000 7611 7595.500000 15.500000 19 15 15 13 19 19 12 16 11 14 19 16 14 15
69856466 69885539 7590 0.000000 0.000000 7590 7590.000000 0.000000 0 0 0 0 0 0 0 0 0 0 0 0 0 0
69895739 69923413 7222 0.000000 0.000000 7222 7222.000000 0.000000 0 0 0 0 0 0 0 0 0 0 0 0 0 0
69933700 69962762 7587 0.000000 0.000000 7587 7587.000000 0.000000 0 0 0 0 0 0 0 0 0 0 0 0 0 0
69971551 70000642 7595 0.071429 0.071429 7595 7594.928711 0.071429 0 0 0 0 0 0 0 0 0 0 1 0 0 0
70010844 70040022 7619 0.285714 0.214286 7619 7618.785645 0.214286 0 0 1 1 0 0 0 0 0 0 0 1 0 0
70048702 70077882 7617 0.714286 0.642857 7617 7616.356934 0.642857 1 0 0 0 1 0 0 4 0 0 1 0 1 1
70086663 70115756 7595 1.000000 1.000000 7595 7594.000000 1.000000 1 1 0 1 1 1 2 1 2 0 1 2 1 0
70125962 70155114 7610 2.214286 2.142857 7610 7607.856934 2.142857 4 1 1 3 2 2 4 1 4 0 1 3 2 2
70163876 70193026 7611 5.357143 5.142857 7611 7605.856934 5.142857 5 4 3 9 6 3 10 4 5 3 6 5 6 3
70203222 70232309 7594 8.571428 8.285714 7594 7585.714355 8.285714 6 7 8 6 9 10 12 10 9 11 8 6 8 6
70241089 70270211 7602 12.714286 12.500000 7602 7589.500000 12.500000 8 9 14 10 12 12 13 21 10 21 14 6 9 16
70280394 70308088 7229 14.714286 14.285714 7229 7214.714355 14.285714 13 13 15 12 14 17 22 18 16 14 13 16 12 5
70318284 70347458 7615 16.642857 16.357143 7615 7598.643066 16.357143 21 19 21 13 15 15 16 17 21 13 19 14 14 11
70357658 70385316 7220 14.428572 13.857142 7220 7206.143066 13.857142 21 13 14 19 8 12 16 12 14 20 15 13 5 12
70395514 70424603 7595 13.428572 13.071428 7595 7581.928711 13.071428 14 13 11 17 16 15 12 19 16 18 6 6 11 9
70433386 70462569 7618 7.642857 7.428571 7618 7610.571289 7.428571 16 9 5 7 7 7 4 8 12 12 9 4 1 3
70472707 70500367 7219 6.071429 5.928571 7219 7213.071289 5.928571 3 5 5 4 9 3 11 9 12 2 7 7 5 1
70510621 70539704 7591 3.285714 2.928571 7591 7588.071289 2.928571 4 3 4 2 7 5 1 1 5 3 2 1 3 0
70549900 70577661 7248 1.571429 1.500000 7248 7246.500000 1.500000 4 0 0 2 1 3 1 3 3 2 0 1 0 1
70587793 70616963 7616 0.714286 0.642857 7616 7615.356934 0.642857 1 0 2 1 1 2 0 0 1 0 1 0 0 0
70627171 70654802 7213 0.214286 0.214286 7213 7212.785645 0.214286 0 0 0 0 0 0 0 1 0 0 0 1 0 1
70664994 70694174 7617 0.071429 0.071429 7617 7616.928711 0.071429 0 0 0 0 1 0 0 0 0 0 0 0 0 0
70702950 70732103 7609 0.071429 0.071429 7609 7608.928711 0.071429 0 0 0 0 0 0 0 0 0 0 0 1 0 0
70742294 70771373 7590 0.000000 0.000000 7590 7590.000000 0.000000 0 0 0 0 0 0 0 0 0 0 0 0 0 0
70780154 70809322 7616 0.000000 0.000000 7616 7616.000000 0.000000 0 0 0 0 0 0 0 0 0 0 0 0 0 0
70870418 70898196 7250 16.714285 16.285715 7250 7233.714355 16.285715 15 14 18 15 17 19 22 14 20 15 13 23 10 13
