27 32
69766083 69795232 7611 16.714285 16.142857 7611 7594.856934 16.142857 18 14 15 15 21 21 14 15 15 14 21 14 12 17
69856466 69885539 7590 0.071429 0.000000 7590 7590.000000 0.000000 0 0 0 0 0 0 0 0 0 0 0 0 0 0
69895739 69923413 7223 0.000000 0.000000 7223 7223.000000 0.000000 0 0 0 0 0 0 0 0 0 0 0 0 0 0
69933700 69962762 7586 0.000000 0.000000 7586 7586.000000 0.000000 0 0 0 0 0 0 0 0 0 0 0 0 0 0
69971551 70000642 7596 0.071429 0.071429 7596 7595.928711 0.071429 0 0 0 0 0 0 0 0 0 0 0 0 1 0
70010844 70040022 7618 0.357143 0.214286 7618 7617.785645 0.214286 0 1 0 0 0 0 0 0 1 1 0 0 0 0
70048702 70077882 7617 1.642857 1.642857 7617 7615.356934 1.642857 0 1 1 3 2 1 2 1 4 2 3 1 2 0
70086663 70115756 7594 2.071429 2.071429 7594 7591.928711 2.071429 3 2 0 2 0 2 3 5 2 3 2 2 3 0
70125962 70155114 7610 2.285714 2.214286 7610 7607.785645 2.214286 4 1 1 2 1 1 1 4 2 4 2 1 3 4
70163876 70193026 7611 5.714286 5.714286 7611 7605.285645 5.714286 5 4 5 3 3 9 3 7 7 8 8 8 5 5
70203222 70232309 7596 9.714286 9.642858 7596 7586.356934 9.642858 6 12 9 11 6 11 14 11 14 14 4 9 3 11
70241089 70270211 7601 10.928572 10.714286 7601 7590.285645 10.714286 9 13 14 10 18 13 8 8 9 16 10 6 5 11
70280394 70308088 7229 14.357142 14.071428 7229 7214.928711 14.071428 14 11 19 18 11 18 15 11 16 13 21 7 16 7
70318284 70347458 7616 16.428572 15.714286 7616 7600.285645 15.714286 15 14 18 15 9 22 17 14 12 24 18 10 16 16
70357658 70385316 7221 14.928572 14.785714 7221 7206.214355 14.785714 16 11 7 5 13 19 15 21 16 25 18 20 12 9
70395514 70424603 7595 12.857142 12.500000 7595 7582.500000 12.500000 12 12 14 16 9 14 12 12 9 11 10 17 14 13
70433386 70462569 7618 9.357142 9.071428 7618 7608.928711 9.071428 11 8 5 8 11 15 9 5 7 9 11 9 10 9
70472707 70500367 7220 5.000000 4.857143 7220 7215.143066 4.857143 2 8 3 7 3 3 6 7 8 6 7 3 4 1
70510621 70539704 7592 3.500000 3.500000 7592 7588.500000 3.500000 5 3 4 2 1 2 2 4 7 8 3 4 2 2
70549900 70577661 7248 1.428571 1.428571 7248 7246.571289 1.428571 1 0 2 2 1 4 0 1 3 0 4 0 2 0
70587793 70616963 7617 1.000000 0.928571 7617 7616.071289 0.928571 0 1 0 2 0 3 0 0 2 0 2 1 2 0
70627171 70654802 7215 0.285714 0.285714 7215 7214.714355 0.285714 0 0 2 1 0 0 0 0 1 0 0 0 0 0
70664994 70694174 7617 0.142857 0.142857 7617 7616.856934 0.142857 0 0 0 1 0 0 0 0 0 0 0 1 0 0
70702950 70732103 7610 0.071429 0.071429 7610 7609.928711 0.071429 0 0 0 0 1 0 0 0 0 0 0 0 0 0
70742294 70771373 7591 0.000000 0.000000 7591 7591.000000 0.000000 0 0 0 0 0 0 0 0 0 0 0 0 0 0
70780154 70809322 7616 0.000000 0.000000 7616 7616.000000 0.000000 0 0 0 0 0 0 0 0 0 0 0 0 0 0
70870418 70898196 7250 17.285715 16.857143 7250 7233.143066 16.857143 19 16 16 15 12 19 14 24 20 15 15 16 16 19
