27 32
69766083 69795232 7611 14.785714 14.571428 7611 7596.428711 14.571428 13 11 14 12 13 20 9 12 12 17 19 19 17 16
69856466 69885539 7590 0.071429 0.071429 7590 7589.928711 0.071429 0 0 0 0 0 0 0 0 1 0 0 0 0 0
69895739 69923413 7223 0.000000 0.000000 7223 7223.000000 0.000000 0 0 0 0 0 0 0 0 0 0 0 0 0 0
69933700 69962762 7586 0.071429 0.000000 7586 7586.000000 0.000000 0 0 0 0 0 0 0 0 0 0 0 0 0 0
69971551 70000642 7596 0.071429 0.071429 7596 7595.928711 0.071429 0 0 0 0 0 0 1 0 0 0 0 0 0 0
70010844 70040022 7618 0.428571 0.428571 7618 7617.571289 0.428571 0 1 0 1 0 0 1 1 0 0 0 1 1 0
70048702 70077882 7617 0.785714 0.714286 7617 7616.285645 0.714286 1 0 0 0 2 1 0 2 1 1 0 1 1 0
70086663 70115756 7594 1.642857 1.642857 7594 7592.356934 1.642857 1 4 2 3 2 0 3 1 0 3 0 0 2 2
70125962 70155114 7610 2.428571 2.357143 7610 7607.643066 2.357143 3 2 3 4 1 2 2 2 1 4 5 2 0 2
70163876 70193026 7611 5.785714 5.500000 7611 7605.500000 5.500000 9 5 3 7 1 4 6 8 9 4 8 3 3 7
70203222 70232309 7595 9.785714 9.357142 7595 7585.643066 9.357142 6 7 4 13 9 8 5 10 13 11 16 10 12 7
70241089 70270211 7601 14.857142 14.500000 7601 7586.500000 14.500000 19 19 17 11 17 12 12 14 23 11 14 10 14 10
70280394 70308088 7228 17.357143 16.928572 7228 7211.071289 16.928572 20 10 18 13 18 17 16 15 26 23 20 13 16 12
70318284 70347458 7616 19.928572 19.428572 7616 7596.571289 19.428572 21 19 13 18 17 17 18 17 25 34 22 15 15 21
70357658 70385316 7221 17.214285 16.642857 7221 7204.356934 16.642857 16 17 14 10 20 22 19 14 17 21 21 18 9 15
70395514 70424603 7595 14.285714 14.285714 7595 7580.714355 14.285714 13 10 17 11 15 14 14 14 22 16 9 11 19 15
70433386 70462569 7617 10.142858 9.928572 7617 7607.071289 9.928572 12 9 6 10 5 14 9 8 9 9 13 13 9 13
70472707 70500367 7220 5.357143 5.214286 7220 7214.785645 5.214286 7 4 9 3 7 3 4 5 5 8 8 3 3 4
70510621 70539704 7592 4.357143 4.285714 7592 7587.714355 4.285714 1 4 5 5 4 9 1 1 6 10 3 4 2 5
70549900 70577661 7248 1.428571 1.428571 7248 7246.571289 1.428571 1 1 1 0 2 2 1 2 1 1 1 3 2 2
70587793 70616963 7617 1.071429 0.928571 7617 7616.071289 0.928571 1 0 0 1 0 1 2 4 0 0 1 1 2 0
70627171 70654802 7214 0.285714 0.214286 7214 7213.785645 0.214286 0 0 0 0 0 0 2 0 0 1 0 0 0 0
70664994 70694174 7617 0.214286 0.214286 7617 7616.785645 0.214286 0 1 0 1 0 0 0 0 0 1 0 0 0 0
70702950 70732103 7610 0.000000 0.000000 7610 7610.000000 0.000000 0 0 0 0 0 0 0 0 0 0 0 0 0 0
70742294 70771373 7591 0.000000 0.000000 7591 7591.000000 0.000000 0 0 0 0 0 0 0 0 0 0 0 0 0 0
70780154 70809322 7616 0.000000 0.000000 7616 7616.000000 0.000000 0 0 0 0 0 0 0 0 0 0 0 0 0 0
70870418 70898196 7250 17.928572 17.000000 7250 7233.000000 17.000000 20 24 17 11 14 24 14 17 20 13 23 15 14 12
