27 32
69766083 69795232 7611 0.000000 0.000000 7611 7611.000000 0.000000 0 0 0 0 0 0 0 0 0 0 0 0 0 0
69856466 69885539 7590 0.000000 0.000000 7590 7590.000000 0.000000 0 0 0 0 0 0 0 0 0 0 0 0 0 0
69895739 69923413 7224 0.000000 0.000000 7224 7224.000000 0.000000 0 0 0 0 0 0 0 0 0 0 0 0 0 0
69933700 69962762 7586 0.000000 0.000000 7586 7586.000000 0.000000 0 0 0 0 0 0 0 0 0 0 0 0 0 0
69971551 70000642 7596 0.000000 0.000000 7596 7596.000000 0.000000 0 0 0 0 0 0 0 0 0 0 0 0 0 0
70010844 70040022 7619 0.000000 0.000000 7619 7619.000000 0.000000 0 0 0 0 0 0 0 0 0 0 0 0 0 0
70048702 70077882 7617 0.000000 0.000000 7617 7617.000000 0.000000 0 0 0 0 0 0 0 0 0 0 0 0 0 0
70086663 70115756 7594 0.000000 0.000000 7594 7594.000000 0.000000 0 0 0 0 0 0 0 0 0 0 0 0 0 0
70125962 70155114 7609 0.000000 0.000000 7609 7609.000000 0.000000 0 0 0 0 0 0 0 0 0 0 0 0 0 0
70163876 70193026 7612 0.000000 0.000000 7612 7612.000000 0.000000 0 0 0 0 0 0 0 0 0 0 0 0 0 0
70203222 70232309 7594 0.000000 0.000000 7594 7594.000000 0.000000 0 0 0 0 0 0 0 0 0 0 0 0 0 0
70241089 70270211 7602 0.000000 0.000000 7602 7602.000000 0.000000 0 0 0 0 0 0 0 0 0 0 0 0 0 0
70280394 70308088 7228 0.000000 0.000000 7228 7228.000000 0.000000 0 0 0 0 0 0 0 0 0 0 0 0 0 0
70318284 70347458 7615 0.000000 0.000000 7615 7615.000000 0.000000 0 0 0 0 0 0 0 0 0 0 0 0 0 0
70357658 70385316 7221 0.000000 0.000000 7221 7221.000000 0.000000 0 0 0 0 0 0 0 0 0 0 0 0 0 0
70395514 70424603 7596 0.000000 0.000000 7596 7596.000000 0.000000 0 0 0 0 0 0 0 0 0 0 0 0 0 0
70433386 70462569 7618 0.000000 0.000000 7618 7618.000000 0.000000 0 0 0 0 0 0 0 0 0 0 0 0 0 0
70472707 70500367 7220 0.071429 0.071429 7220 7219.928711 0.071429 0 0 0 0 1 0 0 0 0 0 0 0 0 0
70510621 70539704 7592 0.000000 0.000000 7592 7592.000000 0.000000 0 0 0 0 0 0 0 0 0 0 0 0 0 0
70549900 70577661 7248 0.000000 0.000000 7248 7248.000000 0.000000 0 0 0 0 0 0 0 0 0 0 0 0 0 0
70587793 70616963 7616 0.000000 0.000000 7616 7616.000000 0.000000 0 0 0 0 0 0 0 0 0 0 0 0 0 0
70627171 70654802 7213 0.000000 0.000000 7213 7213.000000 0.000000 0 0 0 0 0 0 0 0 0 0 0 0 0 0
70664994 70694174 7617 0.000000 0.000000 7617 7617.000000 0.000000 0 0 0 0 0 0 0 0 0 0 0 0 0 0
70702950 70732103 7610 0.000000 0.000000 7610 7610.000000 0.000000 0 0 0 0 0 0 0 0 0 0 0 0 0 0
70742294 70771373 7591 0.000000 0.000000 7591 7591.000000 0.000000 0 0 0 0 0 0 0 0 0 0 0 0 0 0
70780154 70809322 7616 0.071429 0.000000 7616 7616.000000 0.000000 0 0 0 0 0 0 0 0 0 0 0 0 0 0
70870418 70898196 7251 0.000000 0.000000 7251 7251.000000 0.000000 0 0 0 0 0 0 0 0 0 0 0 0 0 0
