27 32
69766083 69795232 7612 13.000000 12.857142 7612 7599.143066 12.857142 22 10 10 12 14 14 13 12 14 16 14 9 11 9
69856466 69885539 7591 0.000000 0.000000 7591 7591.000000 0.000000 0 0 0 0 0 0 0 0 0 0 0 0 0 0
69895739 69923413 7223 0.142857 0.000000 7223 7223.000000 0.000000 0 0 0 0 0 0 0 0 0 0 0 0 0 0
69933700 69962762 7586 0.000000 0.000000 7586 7586.000000 0.000000 0 0 0 0 0 0 0 0 0 0 0 0 0 0
69971551 70000642 7596 0.214286 0.142857 7596 7595.856934 0.142857 0 1 0 0 0 0 0 0 0 0 0 0 0 1
70010844 70040022 7619 0.214286 0.214286 7619 7618.785645 0.214286 1 0 0 1 1 0 0 0 0 0 0 0 0 0
70048702 70077882 7617 0.857143 0.785714 7617 7616.214355 0.785714 1 0 1 3 1 0 0 1 1 0 1 1 0 1
70086663 70115756 7594 1.071429 1.000000 7594 7593.000000 1.000000 1 1 1 1 1 1 0 0 1 1 2 2 2 0
70125962 70155114 7609 1.928571 1.785714 7609 7607.214355 1.785714 2 1 0 0 2 1 1 1 3 1 4 2 4 3
70163876 70193026 7612 5.142857 5.000000 7612 7607.000000 5.000000 10 4 7 8 2 5 6 5 3 4 4 7 2 3
70203222 70232309 7594 6.428571 6.357143 7594 7587.643066 6.357143 10 7 4 3 5 5 7 4 8 4 4 9 11 8
70241089 70270211 7602 10.428572 10.214286 7602 7591.785645 10.214286 5 9 9 8 13 11 12 6 13 15 15 10 8 9
70280394 70308088 7228 11.357142 11.000000 7228 7217.000000 11.000000 20 13 6 8 10 16 16 9 10 6 10 10 7 13
70318284 70347458 7615 14.071428 13.857142 7615 7601.143066 13.857142 12 11 13 8 14 15 14 12 21 17 17 14 14 12
70357658 70385316 7221 11.714286 11.357142 7221 7209.643066 11.357142 14 8 10 7 12 13 7 12 14 13 11 12 13 13
70395514 70424603 7595 10.928572 10.785714 7595 7584.214355 10.785714 5 14 12 14 8 11 12 14 8 12 12 15 5 9
70433386 70462569 7618 9.642858 9.142858 7618 7608.856934 9.142858 14 5 10 13 5 11 8 14 5 13 14 5 2 9
70472707 70500367 7220 3.857143 3.642857 7220 7216.356934 3.642857 4 3 3 3 4 2 4 5 7 4 4 2 3 3
70510621 70539704 7592 2.785714 2.785714 7592 7589.214355 2.785714 3 0 0 3 4 3 1 2 3 4 1 5 7 3
70549900 70577661 7248 1.357143 1.357143 7248 7246.643066 1.357143 1 2 3 2 1 2 1 0 1 2 1 2 0 1
70587793 70616963 7616 0.785714 0.785714 7616 7615.214355 0.785714 0 1 0 1 1 2 2 1 0 0 1 1 1 0
70627171 70654802 7214 0.500000 0.500000 7214 7213.500000 0.500000 1 0 0 0 0 1 1 0 0 1 0 1 1 1
70664994 70694174 7617 0.071429 0.071429 7617 7616.928711 0.071429 0 0 0 0 0 0 0 1 0 0 0 0 0 0
70702950 70732103 7610 0.000000 0.000000 7610 7610.000000 0.000000 0 0 0 0 0 0 0 0 0 0 0 0 0 0
70742294 70771373 7591 0.000000 0.000000 7591 7591.000000 0.000000 0 0 0 0 0 0 0 0 0 0 0 0 0 0
70780154 70809322 7616 0.000000 0.000000 7616 7616.000000 0.000000 0 0 0 0 0 0 0 0 0 0 0 0 0 0
70870418 70898196 7250 12.142858 11.928572 7250 7238.071289 11.928572 14 12 10 11 10 15 12 13 14 11 16 10 13 6
