27 32
69766083 69795232 7611 15.357142 14.928572 7611 7596.071289 14.928572 15 13 13 9 12 22 21 14 20 24 11 11 12 12
69856466 69885539 7590 0.000000 0.000000 7590 7590.000000 0.000000 0 0 0 0 0 0 0 0 0 0 0 0 0 0
69895739 69923413 7224 0.071429 0.071429 7224 7223.928711 0.071429 0 1 0 0 0 0 0 0 0 0 0 0 0 0
69933700 69962762 7587 0.142857 0.142857 7587 7586.856934 0.142857 0 0 0 0 1 0 0 1 0 0 0 0 0 0
69971551 70000642 7596 0.357143 0.142857 7596 7595.856934 0.142857 1 0 0 0 0 0 1 0 0 0 0 0 0 0
70010844 70040022 7619 0.285714 0.285714 7619 7618.714355 0.285714 0 1 0 0 1 0 0 0 1 0 0 1 0 0
70048702 70077882 7617 0.642857 0.642857 7617 7616.356934 0.642857 3 1 1 0 0 2 2 0 0 0 0 0 0 0
70086663 70115756 7595 1.142857 1.142857 7595 7593.856934 1.142857 1 0 1 0 1 1 0 1 2 1 2 3 2 1
70125962 70155114 7610 2.785714 2.714286 7610 7607.285645 2.714286 1 2 0 3 1 2 3 6 4 1 1 3 7 4
70163876 70193026 7611 5.785714 5.571429 7611 7605.428711 5.571429 10 4 3 7 7 0 4 7 8 4 8 4 8 4
70203222 70232309 7594 8.500000 8.214286 7594 7585.785645 8.214286 9 6 6 7 7 8 4 12 11 13 6 9 13 4
70241089 70270211 7602 12.714286 12.500000 7602 7589.500000 12.500000 10 14 9 13 11 18 12 16 12 15 16 15 12 2
70280394 70308088 7228 15.571428 15.000000 7228 7213.000000 15.000000 19 14 10 16 19 14 15 13 12 18 16 14 17 13
70318284 70347458 7615 16.571428 16.071428 7615 7598.928711 16.071428 15 20 6 12 16 15 18 17 17 19 28 15 12 15
70357658 70385316 7220 15.714286 15.428572 7220 7204.571289 15.428572 17 13 19 11 15 21 10 14 16 20 15 18 11 16
70395514 70424603 7596 13.500000 13.428572 7596 7582.571289 13.428572 18 16 13 16 6 14 14 9 16 18 17 9 12 10
70433386 70462569 7618 8.642858 8.642858 7618 7609.356934 8.642858 9 11 10 8 5 12 8 6 9 9 13 6 5 10
70472707 70500367 7219 6.642857 6.571429 7219 7212.428711 6.571429 9 7 10 3 9 6 5 3 9 12 6 4 4 5
70510621 70539704 7591 3.642857 3.500000 7591 7587.500000 3.500000 4 5 0 1 5 3 6 4 1 5 7 2 3 3
70549900 70577661 7248 1.785714 1.785714 7248 7246.214355 1.785714 2 2 1 2 1 3 2 2 2 1 4 1 1 1
70587793 70616963 7616 0.357143 0.357143 7616 7615.643066 0.357143 0 0 0 0 0 2 1 0 0 0 0 1 1 0
70627171 70654802 7214 0.214286 0.214286 7214 7213.785645 0.214286 0 0 0 0 0 0 1 0 1 0 0 1 0 0
70664994 70694174 7617 0.142857 0.142857 7617 7616.856934 0.142857 0 0 0 0 0 1 1 0 0 0 0 0 0 0
70702950 70732103 7610 0.071429 0.071429 7610 7609.928711 0.071429 0 1 0 0 0 0 0 0 0 0 0 0 0 0
70742294 70771373 7590 0.000000 0.000000 7590 7590.000000 0.000000 0 0 0 0 0 0 0 0 0 0 0 0 0 0
70780154 70809322 7616 0.071429 0.071429 7616 7615.928711 0.071429 0 1 0 0 0 0 0 0 0 0 0 0 0 0
70870418 70898196 7251 15.071428 14.642858 7251 7236.356934 14.642858 19 15 14 10 16 9 14 23 9 19 15 21 12 9
