27 32
69766083 69795232 7611 16.928572 16.500000 7611 7594.500000 16.500000 10 24 20 13 9 19 21 14 16 26 20 8 16 15
69856466 69885539 7590 0.000000 0.000000 7590 7590.000000 0.000000 0 0 0 0 0 0 0 0 0 0 0 0 0 0
69895739 69923413 7223 0.071429 0.000000 7223 7223.000000 0.000000 0 0 0 0 0 0 0 0 0 0 0 0 0 0
69933700 69962762 7586 0.071429 0.071429 7586 7585.928711 0.071429 0 0 0 0 0 0 0 0 1 0 0 0 0 0
69971551 70000642 7596 0.071429 0.071429 7596 7595.928711 0.071429 0 0 0 0 0 0 1 0 0 0 0 0 0 0
70010844 70040022 7618 0.071429 0.071429 7618 7617.928711 0.071429 0 0 0 0 1 0 0 0 0 0 0 0 0 0
70048702 70077882 7617 0.785714 0.785714 7617 7616.214355 0.785714 0 1 2 1 2 0 2 2 0 1 0 0 0 0
70086663 70115756 7594 1.571429 1.571429 7594 7592.428711 1.571429 1 2 0 1 3 4 3 1 2 0 0 0 2 3
70125962 70155114 7610 2.285714 2.285714 7610 7607.714355 2.285714 4 2 2 1 1 2 0 2 5 4 3 2 2 2
70163876 70193026 7611 5.571429 5.214286 7611 7605.785645 5.214286 3 4 4 5 3 6 6 6 4 13 5 3 5 6
70203222 70232309 7596 9.571428 9.428572 7596 7586.571289 9.428572 14 6 8 9 6 15 11 11 13 6 8 10 9 6
70241089 70270211 7602 12.071428 11.857142 7602 7590.143066 11.857142 9 8 9 8 7 15 12 10 13 19 9 13 17 17
70280394 70308088 7229 16.000000 15.428572 7229 7213.571289 15.428572 19 16 11 11 20 15 20 18 16 13 16 11 16 14
70318284 70347458 7618 16.142857 15.714286 7618 7602.285645 15.714286 20 14 10 15 14 12 19 19 22 23 17 17 11 7
70357658 70385316 7221 14.928572 14.428572 7221 7206.571289 14.428572 17 10 14 15 13 8 18 12 22 16 15 14 16 12
70395514 70424603 7595 12.857142 12.500000 7595 7582.500000 12.500000 16 16 16 2 12 16 7 8 12 19 11 16 13 11
70433386 70462569 7618 8.857142 8.357142 7618 7609.643066 8.357142 4 13 7 8 10 8 7 8 15 3 9 6 9 10
70472707 70500367 7219 5.928571 5.857143 7219 7213.143066 5.857143 3 4 4 6 4 5 2 5 3 11 8 13 8 6
70510621 70539704 7592 3.428571 3.357143 7592 7588.643066 3.357143 2 5 3 6 2 3 2 7 3 2 1 4 5 2
70549900 70577661 7248 1.142857 1.142857 7248 7246.856934 1.142857 3 0 3 0 0 1 0 1 2 1 1 3 0 1
70587793 70616963 7617 0.714286 0.642857 7617 7616.356934 0.642857 0 1 0 0 0 0 2 0 1 4 0 0 1 0
70627171 70654802 7215 0.285714 0.285714 7215 7214.714355 0.285714 0 0 0 0 0 0 1 0 0 0 0 0 1 2
70664994 70694174 7617 0.214286 0.214286 7617 7616.785645 0.214286 0 0 0 0 0 1 1 0 1 0 0 0 0 0
70702950 70732103 7610 0.000000 0.000000 7610 7610.000000 0.000000 0 0 0 0 0 0 0 0 0 0 0 0 0 0
70742294 70771373 7591 0.000000 0.000000 7591 7591.000000 0.000000 0 0 0 0 0 0 0 0 0 0 0 0 0 0
70780154 70809322 7616 0.000000 0.000000 7616 7616.000000 0.000000 0 0 0 0 0 0 0 0 0 0 0 0 0 0
70870418 70898196 7251 15.357142 14.714286 7251 7236.285645 14.714286 11 21 13 14 18 21 10 10 22 22 9 15 7 13
