27 32
69766083 69795232 7611 18.071428 17.785715 7611 7593.214355 17.785715 14 18 20 17 20 19 13 17 26 23 15 16 14 17
69856466 69885539 7590 0.071429 0.071429 7590 7589.928711 0.071429 0 0 0 0 0 0 1 0 0 0 0 0 0 0
69895739 69923413 7223 0.000000 0.000000 7223 7223.000000 0.000000 0 0 0 0 0 0 0 0 0 0 0 0 0 0
69933700 69962762 7586 0.000000 0.000000 7586 7586.000000 0.000000 0 0 0 0 0 0 0 0 0 0 0 0 0 0
69971551 70000642 7596 0.071429 0.071429 7596 7595.928711 0.071429 0 0 0 0 0 0 0 0 0 0 0 1 0 0
70010844 70040022 7618 0.357143 0.357143 7618 7617.643066 0.357143 0 0 1 1 0 0 1 1 0 0 0 0 1 0
70048702 70077882 7617 1.000000 0.928571 7617 7616.071289 0.928571 1 1 0 1 2 1 0 2 1 1 0 0 1 2
70086663 70115756 7594 1.357143 1.357143 7594 7592.643066 1.357143 2 1 0 2 2 1 1 1 5 0 2 0 2 0
70125962 70155114 7610 2.857143 2.714286 7610 7607.285645 2.714286 2 3 2 0 1 3 3 3 2 6 3 7 0 3
70163876 70193026 7611 5.071429 5.000000 7611 7606.000000 5.000000 6 3 6 6 2 7 3 9 7 5 6 5 1 4
70203222 70232309 7596 9.571428 9.214286 7596 7586.785645 9.214286 14 5 5 7 13 10 11 11 11 5 10 11 8 8
70241089 70270211 7601 12.928572 12.857142 7601 7588.143066 12.857142 11 24 11 13 13 6 9 8 14 15 11 13 13 19
70280394 70308088 7229 16.071428 15.500000 7229 7213.500000 15.500000 16 7 13 22 19 19 13 12 15 13 22 13 18 15
70318284 70347458 7616 18.142857 17.500000 7616 7598.500000 17.500000 24 14 15 12 22 17 15 19 20 32 15 16 13 11
70357658 70385316 7221 16.071428 15.714286 7221 7205.285645 15.714286 16 14 19 14 18 14 15 10 17 20 19 16 11 17
70395514 70424603 7595 14.142858 13.642858 7595 7581.356934 13.642858 19 11 4 12 16 17 9 16 22 14 12 13 5 21
70433386 70462569 7617 10.285714 10.071428 7617 7606.928711 10.071428 20 5 7 12 8 11 10 13 10 16 10 10 5 4
70472707 70500367 7220 5.428571 5.285714 7220 7214.714355 5.285714 7 7 7 4 5 3 7 2 6 7 2 10 3 4
70510621 70539704 7592 3.928571 3.928571 7592 7588.071289 3.928571 5 4 5 2 3 4 3 8 7 1 2 3 5 3
70549900 70577661 7248 2.142857 2.142857 7248 7245.856934 2.142857 3 0 2 4 4 2 2 1 2 0 2 4 2 2
70587793 70616963 7617 1.000000 1.000000 7617 7616.000000 1.000000 0 2 0 1 1 2 0 3 0 1 0 3 1 0
70627171 70654802 7214 0.428571 0.428571 7214 7213.571289 0.428571 1 0 0 0 0 0 1 1 0 2 1 0 0 0
70664994 70694174 7617 0.142857 0.071429 7617 7616.928711 0.071429 0 0 0 0 0 0 0 0 1 0 0 0 0 0
70702950 70732103 7610 0.000000 0.000000 7610 7610.000000 0.000000 0 0 0 0 0 0 0 0 0 0 0 0 0 0
70742294 70771373 7591 0.000000 0.000000 7591 7591.000000 0.000000 0 0 0 0 0 0 0 0 0 0 0 0 0 0
70780154 70809322 7616 0.000000 0.000000 7616 7616.000000 0.000000 0 0 0 0 0 0 0 0 0 0 0 0 0 0
70870418 70898196 7250 16.857143 16.357143 7250 7233.643066 16.357143 24 10 10 16 12 14 16 26 12 19 20 19 19 12
