5.114899 7.869409
5.017485 7.781458
4.992858 7.729911
4.973062 7.763970
4.946756 7.707811
4.916732 7.666796
4.888437 7.626248
4.858611 7.628965
4.829680 7.532897
4.799504 7.502241
4.770855 7.492819
4.746310 7.470999
4.721508 7.422665
4.687630 7.400198
4.659740 7.387510
4.639764 7.387450
4.626505 7.286110
4.608276 7.350544
4.584159 7.310175
4.508229 7.242540
4.576739 7.324742
4.554354 7.265356
4.531278 7.225193
4.511277 7.168184
4.489920 7.198855
4.463711 7.181609
4.439268 7.161496
4.419912 7.129324
4.399289 7.068480
4.378323 7.044246
4.357934 7.072736
4.336178 7.013497
4.317203 6.995148
4.297999 7.001471
4.279396 6.951652
4.260564 6.942843
4.236741 6.923142
4.212224 6.915619
4.194192 6.874095
4.173381 6.869015
4.153813 6.792410
4.135927 6.798767
4.115107 6.799937
4.096067 6.842131
4.071746 6.804103
4.053953 6.702764
4.037156 6.717533
4.022617 6.640076
4.009178 6.704981
3.993078 6.620446
3.973504 6.648297
3.953867 6.599071
3.928238 6.584088
3.919451 6.555730
3.906622 6.556504
3.893904 6.554909
3.867488 6.524051
3.817549 6.489020
3.797001 6.487637
3.782480 6.380805
3.767249 6.384087
3.752847 6.412797
3.734910 6.369574
3.720234 6.397296
3.709299 6.361272
3.689645 6.274178
3.673126 6.328734
3.672911 6.258514
3.660210 6.296612
3.645641 6.290057
3.629894 6.262720
3.615908 6.238406
3.602803 6.234863
3.587395 6.218435
3.572632 6.233799
3.561045 6.211539
3.546632 6.160563
3.531790 6.116828
3.517549 6.105820
3.503450 6.122003
3.487562 6.084580
3.472621 6.007818
3.462798 6.057829
3.447543 6.052628
3.437221 6.042364
3.422610 6.042297
3.406071 6.034988
3.387212 5.957961
3.370667 5.940215
3.355518 5.943794
3.345693 5.963163
3.350887 5.908674
3.341208 5.911880
3.328402 5.921539
3.316556 5.892784
3.305470 5.909659
3.293934 5.863138
3.281013 5.877237
3.269466 5.874939
3.256656 5.834336
3.244473 5.812688
3.232001 5.817036
3.215973 5.807097
3.207472 5.741709
3.198081 5.777797
3.188179 5.765335
3.173102 5.717900
3.162135 5.726709
3.152870 5.724155
3.140899 5.746956
3.123722 5.668665
3.110377 5.679542
3.100925 5.669770
3.090330 5.696296
3.079504 5.649720
3.067791 5.641767
3.053863 5.621970
3.038756 5.530179
3.019745 5.584223
3.008847 5.521981
2.995782 5.570904
2.981994 5.484354
2.973325 5.529857
2.968383 5.520586
2.956826 5.427724
2.942944 5.479241
2.935460 5.426170
2.922498 5.418287
2.911610 5.460478
2.901491 5.425073
2.888816 5.405632
2.888473 5.412101
2.881884 5.384619
2.866082 5.390200
2.864255 5.399048
2.854585 5.369701
2.842284 5.289307
2.834956 5.319647
2.793549 5.300486
2.723603 5.204749
2.711858 5.216859
2.699089 5.143475
2.684033 5.258339
2.674564 5.208663
