5.428885 8.312192
5.386242 8.261487
5.343979 8.240514
5.317276 8.228677
5.286626 8.213180
4.816959 7.915538
5.132704 8.044169
5.196751 8.107814
5.164254 8.050669
5.134023 8.012092
5.110350 7.974655
4.973039 7.814163
4.949041 7.815768
4.922314 7.840028
4.897883 7.732185
4.874145 7.735234
4.846283 7.741384
4.822288 7.628932
4.798873 7.666579
4.718704 7.545291
4.742577 7.587852
4.738326 7.592906
4.714653 7.528862
4.693594 7.514714
4.668455 7.507107
4.647333 7.442067
4.623127 7.453322
4.602672 7.393274
4.581976 7.409742
4.560636 7.408374
4.538319 7.365411
4.515875 7.327572
4.496367 7.316630
4.477613 7.325655
4.456787 7.264894
4.434021 7.302260
4.417694 7.228669
4.396823 7.223118
4.377250 7.188734
4.358562 7.198595
4.324479 7.085656
4.275236 7.071224
4.307931 7.090301
4.288725 7.068771
4.270457 7.085748
4.252024 7.093709
4.232413 7.058722
4.215384 7.015783
4.199416 7.027555
4.181479 6.940090
4.160387 6.961369
4.142468 6.936002
4.124941 6.928620
4.110397 6.902946
4.095465 6.880361
4.080116 6.915416
4.062048 6.825161
4.043974 6.792097
4.025446 6.792095
4.010292 6.736371
3.991703 6.767986
3.979327 6.765926
3.965734 6.751774
3.947528 6.693083
3.929577 6.677525
3.910509 6.689918
3.892627 6.643203
3.877244 6.610724
3.869898 6.570635
3.853156 6.585668
3.833531 6.580693
3.811236 6.550437
3.793336 6.545234
3.780999 6.533960
3.776213 6.466243
3.760278 6.453160
3.741796 6.449652
3.677236 6.399172
3.721251 6.429671
3.706737 6.447143
3.693004 6.452851
3.679310 6.417362
3.596421 6.253385
3.496617 6.173647
3.469925 6.148031
3.489548 6.208700
3.477254 6.130830
3.467056 6.164600
3.456328 6.151278
3.445366 6.226191
3.433009 6.159820
3.421706 6.189333
3.408601 6.127577
3.399470 6.039832
3.390134 6.062152
3.379395 6.091328
3.368053 5.996975
3.358349 6.091124
3.348131 6.057307
3.337128 6.040945
3.326623 5.975861
3.315931 5.925984
3.305276 5.964933
3.294282 5.957136
3.239880 5.902451
3.274163 5.939027
3.263383 5.960234
3.253287 5.948286
3.243231 5.858437
3.231493 5.930299
3.219593 5.889085
3.208654 5.844525
3.199930 5.898184
3.190976 5.878363
3.179461 5.848965
3.167223 5.838131
3.159312 5.825207
3.149753 5.758944
3.137546 5.817575
3.126732 5.790599
3.115904 5.815738
3.106612 5.751801
3.100021 5.745052
3.091773 5.732842
3.083491 5.714389
3.074611 5.714955
3.064082 5.734843
3.053796 5.690358
3.008985 5.677724
3.036006 5.706674
3.029194 5.621727
3.018844 5.679483
3.009790 5.640199
3.001202 5.606623
2.976152 5.590156
2.959648 5.560017
2.950569 5.602697
2.942660 5.601466
2.936291 5.611852
2.925352 5.482664
2.906802 5.585630
2.902336 5.527653
2.900096 5.594147
2.884831 5.532703
2.873653 5.446787
2.868426 5.496816
2.861669 5.519327
2.855605 5.464242
2.848289 5.423007
2.842659 5.445637
2.835632 5.433565
2.818671 5.360533
2.811182 5.396847
2.800414 5.399064
2.794304 5.401035
2.792066 5.405586
2.750562 5.344738
2.791704 5.359317
2.784184 5.339947
2.776783 5.361970
2.768828 5.421535
2.759901 5.327580
2.751794 5.351342
2.743455 5.328280
2.735241 5.352764
2.727193 5.260351
2.718760 5.378739
2.710292 5.293261
2.701964 5.288047
2.692697 5.293672
2.683103 5.289420
2.674083 5.297183
2.665569 5.270069
2.657581 5.193282
2.651611 5.204044
2.642710 5.164696
2.633655 5.188286
2.625473 5.229650
2.622847 5.146452
2.613734 5.163799
2.603862 5.135629
2.594760 5.175830
2.592371 5.196026
2.583852 5.080209
2.577283 5.111898
2.490998 4.987955
2.457788 4.958170
2.450172 4.984213
2.444159 4.970599
2.408233 4.934320
2.430527 4.999184
2.421899 4.880636
