1470567388 8632.73862 2496.26124
1470567412 8737.09749 699.19344
1470567435 9200.7234 8930.98008
1470567458 11279.36601 10408.70754
1470567575 8729.91801 8306.54847
1470567598 4281.75396 4216.88223
1470567622 8665.77888 8359.14915
1470567645 10831.78404 10348.19478
1470567761 5295.37932 5207.6871
1470567785 10367.7552 10012.88376
1470567808 5154.61023 5066.03889
1470567831 1001.72061 990.8415
1470567948 11080.02555 10652.29704
1470567971 11093.50539 7739.88237
1470567994 11060.35524 8562.44565
1470568018 11045.26368 10572.55353
1470568134 11019.4029 7468.74711
1470568158 11035.22706 4741.93665
1470568181 11011.30767 9557.53623
1470568204 10989.51282 10456.65621
1470568321 10966.61907 10529.84295
1470568344 10953.65205 10480.13604
1470568367 10944.3114 10450.97856
1470568391 10939.1832 10485.59391
1470568507 10899.87921 10439.51337
1470568531 10898.78031 10401.67458
1470568554 10882.47996 10223.57952
1470568577 10885.74003 10491.96753
1470568694 10851.23457 10378.26801
1470568717 10848.63384 10151.34516
1470568740 10820.75841 10366.72956
1470568764 10828.52397 10430.0262
1470568880 10804.12839 10289.76993
1470568904 10788.56064 10356.61968
1470568927 10774.86102 10436.83938
1470568950 10803.57894 5165.96553
1470569067 10753.06617 8282.48256
1470569090 10746.10647 6703.94934
1470569113 10731.78414 10381.85775
1470569137 10745.00757 10121.08878
1470569253 10724.1651 10350.42921
1470569277 10721.601 10202.1876
1470569300 10709.76951 10336.91274
1470569323 10705.26402 9523.8
1470569440 10705.1175 9091.82241
1470569463 10676.14317 9955.08162
1470569486 10673.10288 10144.20231
1470569510 10660.64868 10215.77733
1470569626 10623.50586 10098.891
1470569650 10612.88316 10201.16196
1470569673 10607.93811 10193.13999
1470569696 10617.90147 9804.31254
1470569813 10568.01141 9985.85082
1470569836 10569.36672 10184.38542
1470569859 10586.69271 9989.58708
1470569883 10581.93081 10207.46232
1470569999 10550.83194 9965.88747
1470570022 10548.19458 10177.53561
1470570046 10544.09202 9996.87645
1470570069 10535.70375 10118.78109
1470570186 10521.12501 10152.62721
1470570209 10539.07371 10127.0961
1470570232 10523.13966 5191.97283
1470570256 10517.71842 9969.66036
1470570372 10487.86497 8672.70195
1470570395 10477.68183 10102.26096
1470570419 10466.50968 8585.41266
1470570442 10462.18734 10073.25
1470570559 10436.43645 10038.48813
1470570582 10435.37418 10024.78851
1470570605 10448.67087 10027.57239
1470570629 10416.28995 10037.3526
1470570745 10399.03722 8158.92957
1470570768 10400.75883 7211.82429
1470570792 10390.42917 10073.14011
1470570815 10370.50245 9887.75568
1470570932 10361.19843 10037.86542
1470570955 10355.6673 10054.78848
1470570978 10352.51712 8808.81903
1470571002 10348.48782 9973.50651
1470571118 10288.85418 9262.73799
1470571141 10331.63802 9741.78513
1470571165 10303.68933 9772.62759
1470571188 10324.5318 9763.61661
1470571305 10286.29008 9716.03424
1470571328 10279.03734 5282.55882
1470571351 10294.05564 7645.15719
1470571375 10294.64172 9774.60561
1470571491 10258.5978 9742.8474
1470571514 10263.68937 9660.68631
1470571538 10248.74433 9591.78528
1470571561 10246.40001 3765.12444
1470571678 10237.20588 9644.53248
1470571701 10211.67477 8493.0318
1470571724 10205.41104 6672.55743
1470571748 10199.07405 9808.4151
1470571864 10175.77737 8763.43446
1470571887 10177.02279 9678.15882
1470571911 10176.43671 9644.86215
1470571934 9948.12192 9553.61682
1470572050 10148.81769 9667.79253
1470572074 10282.99338 9775.4481
1470572097 10277.02269 9732.591
1470572120 10272.26079 9679.69728
1470572237 10253.43297 9718.92801
1470572260 10249.69671 9733.21371
1470572284 10242.59049 9712.40787
1470572307 10237.97511 9741.78513
1470572423 10205.44767 9690.24672
1470572447 10219.98978 9840.57624
1470572470 10215.66744 9527.57289
1470572493 10204.60518 9729.88038
1470572610 10182.88359 9784.78875
1470572633 10180.42938 9675.15516
1470572657 10172.84697 9817.24293
1470572680 10161.12537 9640.83285
1470572796 10133.14005 9716.69358
1470572820 10142.73711 9713.94633
1470572843 10137.86532 9736.07085
1470572866 10126.58328 9702.51777
1470572983 10109.80674 9618.92811
1470573006 10093.90932 9507.60954
1470573030 10097.16939 8479.99152
1470573053 10108.63458 9559.11132
1470573169 10079.69688 9646.32735
1470573193 10075.74084 9528.67179
1470573216 10063.10349 8336.29203
1470573239 10076.10714 7642.88613
1470573356 10051.78482 9483.21396
1470573379 10044.6786 9603.83655
1470573403 10026.83979 9553.79997
1470573426 10021.30866 7588.41732
1470573542 10013.21343 9619.07463
1470573566 9989.88012 9637.49952
1470573589 9995.08158 9628.48854
1470573612 9995.26473 4534.68411
1470573729 9975.66768 9622.77426
1470573752 9971.63838 8784.75312
1470573776 9967.46256 9575.63145
1470573799 9968.1219 2587.32342
1470573915 9947.05965 9480.83301
1470573939 9950.79591 8575.88886
1470573962 9926.25381 9531.52893
1470573985 9920.5029 9522.29817
1470574102 9915.88752 9506.43738
1470574125 9913.79961 9459.47772
1470574149 9879.91686 9400.68657
1470574172 9892.48095 9502.95753
1470574288 9859.58721 9445.00887
1470574312 9863.7264 9543.69009
1470574335 9871.30881 5770.17738
1470574358 9862.81065 9009.00198
1470574475 9844.34913 9480.53997
1470574498 9845.48466 9399.58767
1470574521 9842.26122 9481.96854
1470574545 9848.78136 9404.93565
1470574661 9814.34916 9460.02717
1470574685 9810.83268 9293.21415
1470574708 9812.33451 9180.24723
1470574731 9809.29422 8988.08625
1470574848 9795.88764 9379.51443
1470574871 9771.08913 9309.99069
1470574894 9769.00122 9397.31661
1470574918 9765.59463 9371.45583
1470575034 9753.32358 9307.35333
1470575058 9746.65692 9297.13356
1470575081 9713.14047 9395.63163
1470575104 9720.83277 9192.07872
1470575221 9710.06355 7762.11678
1470575244 9697.82913 9098.85537
1470575267 9697.93902 9219.51459
1470575291 9691.01595 9230.97978
1470575407 9675.4482 9361.30932
1470575431 9682.73757 9247.20687
1470575454 9675.59472 9239.33142
1470575477 9648.74493 9269.62443
1470575594 9669.40425 9252.18855
1470575617 9654.45921 9343.32399
1470575640 9638.8182 4791.05748
1470575664 9639.62406 9307.42659
1470575780 9587.27979 9074.13012
1470575804 9585.26514 9117.82971
1470575827 9572.07834 9255.04569
1470575850 9561.1626 8105.30325
1470575967 9555.96114 9163.65384
1470575990 9547.46298 9207.79299
1470576013 9541.12599 9141.49269
1470576037 9537.06006 7950.43161
1470576153 9519.58755 9057.1338
1470576177 9508.89159 9098.19603
1470576200 9502.95753 9184.56957
1470576223 9501.63885 9215.15562
1470576340 9489.25791 9151.19964
1470576363 9479.03814 9128.45241
1470576386 9471.19932 4584.46428
1470576410 9465.30189 9041.82246
1470576526 9449.47773 8537.3541
1470576550 9444.78909 9049.77117
1470576573 9447.57297 9048.19608
1470576596 9444.3129 9016.40124
1470576713 9391.45581 9045.48546
1470576736 9407.71953 9065.04588
1470576759 9403.25067 9117.06048
1470576783 9395.11881 9052.40853
1470576899 9350.10054 8947.39032
1470576923 9340.17381 8963.25111
1470576946 9330.28371 9060.50376
1470576969 9322.07859 8804.49669
1470577086 9317.79288 8879.77134
1470577109 9317.24343 8769.73482
1470577132 9315.3753 8984.53314
1470577156 9304.42293 8871.0534
1470577272 9308.70864 8893.58085
1470577296 9305.74161 8827.31718
1470577319 9298.85517 8879.36841
1470577342 9292.70133 8917.90317
1470577459 9271.053 8912.55519
1470577482 9266.03469 8842.66515
1470577505 9258.52554 8721.45648
1470577529 9251.08965 8914.60647
1470577645 9254.97243 8771.82273
1470577668 9248.56218 8835.37578
1470577692 9236.9871 8829.18531
1470577715 9230.35707 8829.58824
1470577832 9230.86989 8854.71642
1470577855 9231.89553 8887.13397
1470577878 9230.06403 8807.86665
1470577902 9222.84792 8814.24027
1470578018 9205.74171 8845.0461
1470578041 9200.54025 8860.90689
1470578065 9196.51095 8815.59558
1470578088 9192.92121 8733.50775
1470578205 9161.27289 8861.30982
1470578228 9156.29121 8792.55531
1470578251 9143.17767 8420.79744
1470578275 9132.88464 8671.52979
1470578391 9111.67587 8686.10853
1470578414 9112.48173 7024.9014
1470578438 9112.55499 8717.2074
1470578461 9106.62093 8733.36123
1470578578 9103.83705 8754.9363
1470578601 9104.09346 8698.41621
1470578624 9094.16673 8786.25495
1470578648 9089.84439 8719.07553
1470578764 9075.92499 7822.22661
1470578787 9071.60265 8634.24045
1470578811 9064.67958 8675.4492
1470578834 9058.9653 3235.5279
1470578951 9028.34262 8737.3539
1470578974 9027.02394 8727.39054
1470578997 9025.96167 8640.32103
1470579021 9028.41588 8620.10127
1470579137 9012.29868 8554.13064
1470579160 9013.47084 8671.31001
1470579184 9011.63934 8693.54442
1470579207 9014.02029 8641.34667
1470579324 9016.03494 8710.9803
1470579347 9013.80051 8727.02424
1470579370 9006.9507 6632.41095
1470579393 9004.34997 4896.51525
1470579510 9008.59905 8690.43087
1470579533 9007.09722 8644.24044
1470579557 9000.65034 8516.8413
1470579580 8990.54046 8557.68375
1470579697 8957.20716 8590.1013
1470579720 8941.85919 8629.07562
1470579743 8933.3244 8554.60683
1470579766 8924.97276 8572.33575
1470579883 8902.9215 8606.36502
1470579906 8903.39769 8576.62146
1470579930 8896.95081 8554.71672
1470579953 8897.50026 8459.47872
1470580070 8891.9325 8503.36146
1470580093 8893.91052 8535.99879
1470580116 8892.00576 8615.33937
1470580139 8893.87389 8616.8412
1470580256 8865.48564 8519.11236
1470580279 8867.90322 8563.61781
1470580303 8862.6285 8453.43477
1470580326 8866.51128 8518.89258
1470580443 8846.145 8560.68741
1470580466 8844.02046 8503.14168
1470580489 8843.65416 7480.06578
1470580512 8832.92157 8519.00247
1470580629 8823.83733 8521.49331
1470580652 8826.65784 8521.9695
1470580676 8824.86297 8145.85266
1470580699 8827.28055 8478.19665
1470580816 8805.74211 8394.64362
1470580839 8800.28424 8500.50432
1470580862 8799.00219 8445.00987
1470580885 8794.53333 6475.92759
1470581002 8783.54433 8401.53006
1470581025 8781.96924 8475.77907
1470581049 8782.00587 8430.35787
1470581072 8784.49671 8394.97329
1470581189 8776.25496 8467.20765
1470581212 8770.50405 8483.69115
1470581235 8764.31358 8431.89633
1470581259 8762.77512 8485.63254
1470581375 8753.65425 8339.95503
1470581398 8751.96927 8466.91461
1470581422 8752.0059 6684.71859
1470581445 8751.30993 8415.41283
1470581562 8738.89236 8339.99166
1470581585 8729.73486 8231.53023
1470581608 8726.76783 8371.38357
1470581631 8724.5334 8388.23337
1470581748 8709.44184 8386.14546
1470581771 8706.2184 8375.00994
1470581795 8704.31364 8365.33962
1470581818 8702.66529 8423.28828
1470581934 8681.49315 7972.07994
1470581958 8680.9437 8392.04289
1470581981 8680.9437 8422.88535
1470582004 8678.92905 8388.27
1470582121 8661.93273 8210.68776
1470582144 8656.32834 8366.58504
1470582168 8652.99501 8332.88544
1470582191 8649.55179 8322.26274
1470582307 8634.35034 8067.53772
1470582331 8624.20383 7092.6669
1470582354 8614.60677 8330.54112
1470582377 8601.89616 8298.01368
1470582494 8561.34675 8182.4094
1470582517 8562.55554 8311.74993
1470582541 8559.40536 8308.63638
1470582564 8559.77166 8256.7683
1470582680 8548.19658 8238.19689
1470582704 8541.7497 8208.70974
1470582727 8545.88889 8130.87099
1470582750 8551.93284 8303.87448
1470582867 8545.4127 8257.20786
1470582890 8545.52259 8243.87454
1470582914 8543.39805 8087.09814
1470582937 8536.14531 8265.96243
1470583053 8540.46765 8223.435
1470583077 8540.50428 8281.12725
1470583100 8538.67278 8271.4203
1470583123 8538.70941 8261.64009
1470583240 8530.17462 8191.01745
1470583263 8519.88159 8213.06871
1470583287 8522.77536 8257.09797
1470583310 8522.7021 8257.53753
1470583426 8524.13067 8216.51193
1470583450 8526.21858 8278.48989
1470583473 8521.63983 8255.74266
1470583496 8515.0098 8198.05041
1470583613 6428.49174 6228.05238
1470583636 0.0 0.0
1470583660 0.0 0.0
