5.213283 8.209336
5.167293 8.108737
5.128802 8.112350
5.093697 8.005317
5.065148 8.018104
5.031322 7.965030
4.997206 7.945392
4.973908 7.945374
4.944572 7.920978
4.912443 7.873838
4.882333 7.798157
4.856839 7.817562
4.830144 7.748996
4.746974 7.691647
4.843119 7.774445
4.817031 7.754392
4.788285 7.754949
4.763827 7.622645
4.737295 7.653787
4.711805 7.620168
4.686251 7.561365
4.661541 7.578349
4.639192 7.534561
4.611114 7.527652
4.585749 7.510519
4.562137 7.450415
4.523719 7.400031
4.498900 7.401691
4.473495 7.346744
4.439245 7.332865
4.405573 7.320586
4.391645 7.243185
4.371278 7.245053
4.356747 7.245594
4.321849 7.148645
4.302657 7.177762
4.279707 7.173845
4.266323 7.097182
4.257612 7.139440
4.222594 7.042137
4.207036 7.063589
4.187878 7.018371
4.173589 7.104610
4.157402 7.006777
4.145636 6.989828
4.130404 6.969564
4.112560 6.915110
4.092610 6.916083
4.057126 6.860761
4.043830 6.866043
4.039106 6.894693
4.030751 6.886889
