1476434131 870.87825 550.58553
1476434154 856.0431 78.09516
1476434177 839.88927 514.94454
1476434201 812.89296 802.67319
1476434317 864.43137 852.19695
1476434340 863.25921 851.06142
1476434364 860.4387 848.46069
1476434387 860.98815 848.90025
1476434504 853.55226 841.83066
1476434527 851.2812 839.63286
1476434550 851.09805 839.52297
1476434574 849.88926 838.35081
1476434690 843.29586 832.01382
1476434713 840.43872 829.3032
1476434737 839.88927 826.51932
1476434760 839.52297 826.11639
1476434877 833.22261 820.1457
1476434900 831.72078 818.75376
1476434923 830.25558 805.78674
1476434947 830.07243 817.14204
1476435063 823.40577 792.45342
1476435086 821.31786 790.8417
1476435110 820.95156 790.54866
1476435133 820.65852 790.14573
1476435250 814.10175 784.9809
1476435273 813.03948 784.21167
1476435296 811.75743 783.07614
1476435319 810.43875 781.75746
1476435436 805.05414 777.47175
1476435459 804.0285 776.73915
1476435483 802.63656 775.42047
1476435506 801.68418 774.76113
1476435623 796.51935 770.3289
1476435646 591.97743 578.16792
1476435669 236.44665 235.12797
1476435693 622.45359 611.79426
1476435809 377.17911 373.9923
1476435832 724.57803 705.8601
1476435856 407.72853 403.84575
1476435879 94.90833 94.54203
1476435996 781.53768 757.61829
1476436019 779.33988 723.8088
1476436042 779.4864 755.93331
1476436065 779.15673 755.6769
1476436182 773.18604 750.43881
1476436205 772.30692 749.70621
1476436229 771.35454 748.82709
1476436252 770.21901 748.02123
1476436368 765.12744 743.44248
1476436392 764.32158 740.87838
1476436415 763.07616 737.83809
1476436438 762.23367 737.17875
1476436555 757.54503 733.07619
1476436578 756.33624 731.8674
1476436602 755.56701 731.39121
1476436625 755.16408 730.91502
1476436742 750.36555 726.81246
1476436765 749.23002 725.86008
1476436788 748.20438 724.02858
1476436811 747.252 724.1751
1476436928 742.38021 718.82712
1476436951 741.61098 719.15679
1476436975 740.87838 718.42419
1476436998 739.74285 717.54507
1476437115 734.90769 713.22273
1476437138 734.39487 712.60002
1476437161 734.32161 712.70991
1476437184 732.89304 711.31797
1476437301 728.2044 707.14215
1476437324 727.43517 706.62933
1476437348 726.59268 704.94435
1476437371 725.67693 704.94435
1476437488 720.07254 700.03593
1476437511 719.99928 699.9993
1476437534 719.52309 699.44985
1476437557 718.49745 698.5341
1476437674 714.17511 694.68795
1476437697 713.99196 694.61469
1476437721 712.78317 693.36927
1476437744 711.83079 692.56341
1476437860 707.36193 688.57074
1476437884 707.17878 688.53411
1476437907 705.45717 686.92239
1476437930 705.78684 685.67697
1476438047 700.51212 682.34364
1476438070 700.25571 682.0506
1476438094 698.68062 680.65866
1476438117 698.49747 680.5854
1476438233 693.95535 676.44621
1476438257 693.44253 676.07991
1476438280 691.97733 674.57808
1476438303 691.79418 674.39493
1476438420 687.21543 670.29237
1476438443 686.51946 660.10923
1476438466 685.23741 658.20447
1476438490 674.87112 658.75392
1476438606 683.58906 666.95904
1476438630 683.55243 666.81252
1476438653 682.52679 665.97003
1476438676 681.90408 665.34732
1476438793 677.72826 661.46454
1476438816 677.32533 661.1715
1476438840 676.29969 660.32901
1476438863 675.49383 659.41326
1476438979 672.12387 656.4096
1476439003 671.53779 655.93341
1476439026 670.87845 655.27407
1476439049 670.10922 654.50484
1476439166 665.82351 650.62206
1476439189 665.38395 650.14587
1476439212 664.79787 649.55979
1476439236 664.02864 648.90045
1476439352 660.65868 645.75027
1476439376 659.01033 644.21181
1476439399 659.52315 644.72463
1476439422 658.75392 644.02866
1476439539 654.83451 640.36566
1476439562 654.06528 639.70632
1476439585 653.07627 638.90046
1476439609 652.3803 638.0946
1476439725 648.93708 634.87116
1476439749 648.68067 634.68801
1476439772 648.16785 634.17519
1476439795 647.50851 633.66237
1476439912 643.91877 630.14589
1476439935 643.18617 629.52318
1476439958 642.23379 628.71732
1476439982 641.42793 627.94809
1476440098 638.57079 625.20084
1476440122 637.98471 624.65139
1476440145 637.32537 624.10194
1476440168 636.66603 623.47923
1476440285 633.44259 620.40231
1476440308 632.81988 619.85286
1476440331 632.2338 619.26678
1476440355 631.53783 618.60744
1476440471 628.60743 615.86019
1476440495 627.87483 606.51954
1476440518 627.1056 614.43162
1476440541 626.59278 613.88217
1476440658 623.33271 610.87851
1476440681 622.92978 610.51221
1476440704 622.23381 609.01038
1476440728 621.20817 246.99609
1476440844 618.24114 606.11661
1476440868 617.80158 605.67705
1476440891 616.88583 604.68804
1476440914 616.33638 604.24848
1476441031 613.88217 601.94079
1476441054 612.56349 600.732
1476441077 612.52686 600.732
1476441101 611.90415 600.07266
1476441217 607.87485 596.29977
1476441241 608.49756 596.84922
1476441264 608.16789 596.59281
1476441287 607.50855 595.93347
1476441404 604.35837 592.92981
1476441427 603.91881 592.49025
1476441450 603.47925 592.12395
1476441474 602.78328 591.42798
1476441590 599.77962 588.6441
1476441614 599.12028 588.02139
1476441637 598.46094 587.28879
1476441660 597.83823 586.66608
1476441777 595.38402 584.46828
1476441800 594.76131 583.84557
1476441823 594.10197 583.25949
1476441847 593.73567 582.89319
1476441963 590.91516 580.18257
1476441986 589.96278 579.26682
1476442010 589.15692 578.49759
1476442033 588.82725 578.13129
1476442150 586.04337 575.56719
1476442173 586.08 575.64045
1476442196 585.01773 574.57818
1476442220 584.28513 573.91884
1476442336 580.54887 570.29247
1476442359 580.91517 570.58551
1476442383 581.06169 570.76866
1476442406 580.03605 569.81628
1476442523 577.14228 567.0324
1476442546 576.59283 566.51958
1476442569 576.08001 566.00676
1476442593 575.38404 565.31079
1476442709 573.2595 563.3694
1476442732 572.38038 562.41702
1476442756 571.7943 561.97746
1476442779 571.24485 561.39138
1476442896 568.60749 558.82728
1476442919 567.83826 558.20457
1476442942 567.06903 557.39871
1476442966 565.45731 555.82362
1476443082 564.21189 554.72472
1476443105 563.84559 554.28516
1476443129 563.25951 553.77234
1476443152 562.71006 553.18626
1476443269 560.0727 550.73205
1476443292 559.55988 550.25586
1476443315 559.19358 549.88956
1476443339 558.68076 549.37674
1476443455 555.42069 546.22656
1476443478 554.9445 545.75037
1476443502 553.33278 544.24854
1476443525 553.95549 544.79799
1476443642 551.53791 542.52693
1476443665 551.17161 542.16063
1476443688 550.51227 541.57455
1476443712 549.8163 540.76869
1476443828 547.32546 471.83103
1476443851 546.55623 530.14599
1476443875 546.1533 537.3621
1476443898 545.97015 537.17895
1476444015 543.77235 535.05441
1476444038 542.38041 533.66247
1476444061 542.19726 533.58921
1476444084 541.64781 532.92987
1476444201 539.41338 530.84196
1476444224 539.01045 530.47566
1476444248 538.75404 530.21925
1476444271 538.24122 529.70643
1476444388 536.00679 527.54526
1476444411 535.5306 527.1057
1476444434 534.98115 526.59288
1476444457 534.83463 526.48299
1476444574 532.41705 524.10204
1476444597 531.72108 523.40607
1476444621 529.85295 521.64783
1476444644 531.02511 522.78336
1476444761 528.2046 520.07274
1476444784 527.72841 519.52329
1476444807 527.14233 518.97384
1476444830 526.84929 518.71743
1476444947 525.2742 517.2156
1476444970 524.9079 516.81267
1476444994 524.61486 516.59289
1476445017 524.06541 516.04344
1476445133 520.84197 512.89326
1476445157 520.65882 512.71011
1476445180 520.80534 512.85663
1476445203 520.36578 512.49033
1476445320 519.0471 511.20828
1476445343 518.86395 510.9885
1476445367 517.47201 509.63319
1476445390 288.57114 285.38433
1476445506 232.08768 229.77999
1476445530 127.87533 126.81306
1476445553 385.89705 381.28167
1476445576 466.44642 203.33313
1476445693 470.6955 444.39516
