33
44142229 44442229 977937 1130667 1036049
44442230 44742230 977943 1120121 1026632
44742231 45042231 977971 927363 855286
45042232 45342232 977908 802040 740154
45342233 45642233 977972 1091701 1002766
45642234 45942234 977936 1081453 993483
45942235 46242235 973618 1067353 980909
46242236 46542236 977848 1064326 978913
46542237 46842237 977757 1053339 969510
46842238 47142238 977828 1046323 963659
47142239 47442239 977779 1040613 958158
47442240 47742240 977873 1017863 938374
47742241 48042241 977864 1044332 961776
48042242 48342242 977867 1051370 968160
48342243 48642243 977873 1046918 963859
48642244 48942244 977872 1040610 959248
48942245 49242245 977890 1034706 953420
49242246 49542246 977852 1028744 948313
49542247 49842247 977853 1024875 945036
49842248 50142248 977850 1019456 940381
50142249 50442249 977850 1013932 935098
50442250 50742250 977908 1008607 930900
50742251 51042251 977868 1004276 927915
51042252 51342252 977777 998379 923643
51342253 51642253 977886 993988 919667
51642254 51942254 977816 988579 914903
51942255 52242255 977730 982190 909454
52242256 52542256 977857 976466 904070
52542257 52842257 977789 973528 901892
52842258 53142258 977823 968922 898039
53142259 53442259 977847 964378 893805
53442260 53742260 977852 959909 890194
53742261 53899952 514014 276829 256892
