156
84135074 84435074 975847 730232 722379
84435075 84735075 950213 600430 593928
84735076 85035076 875517 851655 842881
85035077 85335077 977910 988092 977791
85335078 85635078 977896 897489 888349
85635079 85935079 977938 636476 630360
85935080 86235080 977843 968713 959024
86235081 86535081 977867 963918 954235
86535082 86835082 977876 960488 950461
86835083 87135083 977870 957639 947881
87135084 87435084 977976 951010 941255
87435085 87735085 977877 945537 936013
87735086 88035086 977813 939328 929716
88035087 88335087 977868 933532 924326
88335088 88635088 977980 928176 918824
88635089 88935089 977913 924672 915476
88935090 89235090 978006 920051 910987
89235091 89535091 977911 914658 905552
89535092 89835092 977904 909827 900853
89835093 90135093 973750 900750 891958
90135094 90435094 977864 899864 890990
90435095 90735095 977835 896267 887462
90735096 91035096 977810 894410 885530
91035097 91335097 977867 891073 882302
91335098 91635098 977840 875922 867353
91635099 91935099 977895 888004 879219
91935100 92235100 977833 884733 876105
92235101 92535101 977878 879589 870947
92535102 92835102 977866 876819 868430
92835103 93135103 977845 874389 865807
93135104 93435104 977820 867243 858839
93435105 93735105 977853 863381 854946
93735106 94035106 977916 859296 850909
94035107 94335107 977773 854908 846631
94335108 94635108 977917 851617 843456
94635109 94935109 977843 846999 838904
94935110 95235110 977843 843716 835779
95235111 95535111 977851 839925 831848
95535112 95835112 977880 836567 828671
95835113 96135113 977781 833845 826020
96135114 96435114 977890 830049 822298
96435115 96735115 977841 826850 818936
96735116 97035116 977832 821763 813918
97035117 97335117 977817 817213 809513
97335118 97635118 977861 814338 806693
97635119 97935119 977881 809212 801651
97935120 98235120 977876 807367 799772
98235121 98535121 977830 804081 796744
98535122 98835122 977874 798187 790543
98835123 99135123 977811 796490 788939
99135124 99435124 977772 791002 783621
99435125 99735125 977888 790171 782774
99735126 100035126 977799 786753 779617
100035127 100335127 977906 783164 775909
100335128 100635128 978003 781186 774016
100635129 100935129 977942 776996 769696
100935130 101235130 977817 773427 766410
101235131 101535131 977909 768155 761096
101535132 101835132 977810 765483 758411
101835133 102135133 977904 764081 757032
102135134 102435134 977944 762009 755042
102435135 102735135 977880 757750 750797
102735136 103035136 977869 746877 740158
103035137 103335137 977744 744308 737563
103335138 103635138 976344 739076 732595
103635139 103935139 977935 739354 732585
103935140 104235140 977848 736231 729542
104235141 104535141 977738 732498 725870
104535142 104835142 977878 731309 724730
104835143 105135143 977877 727213 720754
105135144 105435144 977932 723537 717060
105435145 105735145 977813 716426 710170
105735146 106035146 977976 715303 708940
106035147 106335147 977802 711807 705455
106335148 106635148 977847 699236 693052
106635149 106935149 977812 722135 715700
106935150 107235150 977797 720874 714530
107235151 107535151 977898 718291 711762
107535152 107835152 977937 716162 709793
107835153 108135153 977851 712933 706687
108135154 108435154 977840 711015 704785
108435155 108735155 977938 707714 701479
108735156 109035156 977940 704904 698748
109035157 109335157 977876 700969 694661
109335158 109635158 977871 699569 693508
109635159 109935159 977909 695878 689759
109935160 110235160 977783 693889 687870
110235161 110535161 977901 691062 685051
110535162 110835162 977809 690297 684275
110835163 111135163 977840 687755 681747
111135164 111435164 977910 684042 678190
111435165 111735165 977910 681003 675174
111735166 112035166 977903 678763 673017
112035167 112335167 977920 676242 670535
112335168 112635168 977943 673105 667252
112635169 112935169 977903 671153 665382
112935170 113235170 977845 666285 660514
113235171 113535171 977845 663444 657880
113535172 113835172 977935 661749 656106
113835173 114135173 977726 659063 653447
114135174 114435174 977940 660402 654856
114435175 114735175 977803 658809 653209
114735176 115035176 977811 656890 651329
115035177 115335177 977904 653053 647485
115335178 115635178 977874 651865 646240
115635179 115935179 977839 650215 644602
115935180 116235180 977940 646222 640819
116235181 116535181 977977 645028 639481
116535182 116835182 977701 643158 637709
116835183 117135183 977898 639532 634223
117135184 117435184 977976 637971 632512
117435185 117735185 977945 634310 628897
117735186 118035186 977969 633348 628007
118035187 118335187 977848 632646 627358
118335188 118635188 977973 628411 623282
118635189 118935189 977905 627643 622294
118935190 119235190 977911 624425 619209
119235191 119535191 977746 622415 617241
119535192 119835192 977851 619963 614812
119835193 120135193 977815 608746 603630
120135194 120435194 977905 617200 612092
120435195 120735195 977977 613553 608354
120735196 121035196 977974 613905 608914
121035197 121335197 978000 611134 606069
121335198 121635198 977949 608685 603676
121635199 121935199 978034 606264 601290
121935200 122235200 977913 604450 599326
122235201 122535201 977813 598751 593947
122535202 122835202 973845 595749 590809
122835203 123135203 977859 597272 592351
123135204 123435204 977885 595366 590595
123435205 123735205 977866 591807 586924
123735206 124035206 977770 590425 585784
124035207 124335207 977803 588008 583104
124335208 124635208 977874 587184 582383
124635209 124935209 977809 585752 581137
124935210 125235210 977882 582964 578259
125235211 125535211 977810 580907 576299
125535212 125835212 977848 578873 574254
125835213 126135213 977829 576433 571762
126135214 126435214 977787 574407 569877
126435215 126735215 977859 572329 567799
126735216 127035216 977853 572421 567840
127035217 127335217 977878 570291 565774
127335218 127635218 977847 566287 561790
127635219 127935219 977826 567137 562543
127935220 128235220 977850 565674 561111
128235221 128535221 977873 562966 558491
128535222 128835222 977869 563402 558953
128835223 129135223 977878 553421 549077
129135224 129435224 977900 541371 537186
129435225 129735225 977851 539175 534869
129735226 130035226 977767 537166 532941
130035227 130335227 977785 531917 527730
130335228 130635228 977768 530424 526202
130635229 130835459 652722 127493 126517
