55
39351968 39651968 978019 871220 804708
39651969 39951969 973642 644877 597579
39951970 40251970 978014 1003650 921257
40251971 40551971 978045 996271 915486
40551972 40851972 977978 990157 909832
40851973 41151973 978012 982447 903799
41151974 41451974 978038 978124 899697
41451975 41751975 978016 970668 893354
41751976 42051976 978014 963590 887029
42051977 42351977 978042 960282 883984
42351978 42651978 977979 955728 880025
42651979 42951979 978039 950045 875240
42951980 43251980 978017 944813 871135
43251981 43551981 978018 939628 866172
43551982 43851982 978007 934663 862236
43851983 44151983 978007 919244 848539
44151984 44451984 978013 938022 865096
44451985 44751985 978037 932723 860396
44751986 45051986 978012 926647 854786
45051987 45351987 978011 923236 852861
45351988 45651988 978043 917193 846993
45651989 45951989 978013 912552 843014
45951990 46251990 978039 907323 838717
46251991 46551991 978019 903231 834781
46551992 46851992 978014 899933 832127
46851993 47151993 978035 894874 827511
47151994 47451994 978014 889539 822730
47451995 47751995 978015 884340 818453
47751996 48051996 978007 879226 814163
48051997 48351997 977985 874611 809875
48351998 48651998 978016 868235 804448
48651999 48951999 978044 863837 800493
48952000 49252000 978012 857363 794599
49252001 49552001 978038 854914 792991
49552002 49852002 978016 851657 789954
49852003 50152003 978014 848281 786818
50152004 50452004 978040 841698 781528
50452005 50752005 978018 838395 778217
50752006 51052006 978016 834197 774353
51052007 51352007 978041 832584 773494
51352008 51652008 978014 829869 770621
51652009 51952009 978004 824565 766498
51952010 52252010 978040 819102 761244
52252011 52552011 978016 816329 759036
52552012 52852012 978047 813697 755887
52852013 53152013 978015 810501 753711
53152014 53452014 978016 811050 754359
53452015 53752015 978041 804168 748121
53752016 54052016 978014 802113 746646
54052017 54352017 978012 799412 744124
54352018 54652018 978010 792638 738257
54652019 54952019 978007 791737 737376
54952020 55252020 978011 790434 735936
55252021 55552021 978045 787961 733695
55552022 55731899 586414 186972 174402
