80
42729009 43029009 978012 272623 251997
43029010 43329010 978014 272239 251621
43329011 43629011 978046 270678 250553
43629012 43929012 978013 268221 248297
43929013 44229013 978015 263643 244169
44229014 44529014 978041 265765 245660
44529015 44829015 978015 266679 246771
44829016 45129016 978013 263922 244378
45129017 45429017 978041 36124 33695
45429018 45729018 978014 18696 18236
45729019 46029019 978008 68851 66414
46029020 46329020 978016 176791 166479
46329021 46629021 978018 250862 233085
46629022 46929022 978039 194989 183122
46929023 47229023 978022 80334 77301
47229024 47529024 978013 21917 21352
47529025 47829025 978044 24031 22525
47829026 48129026 978011 255466 237084
48129027 48429027 978011 254148 235807
48429028 48729028 978039 252952 234749
48729029 49029029 978012 252863 234733
49029030 49329030 978041 251721 233755
49329031 49629031 978019 251415 233539
49629032 49929032 978013 251019 233068
49929033 50229033 978042 250899 233011
50229034 50529034 978012 251202 233412
50529035 50829035 978015 249958 231975
50829036 51129036 978043 249355 231685
51129037 51429037 901720 229631 213113
51429038 51729038 974453 243397 226194
51729039 52029039 977904 248890 231258
52029040 52329040 977845 248368 230914
52329041 52629041 977878 247851 230407
52629042 52929042 977871 247953 230341
52929043 53229043 977811 248048 230341
53229044 53529044 977941 246392 229171
53529045 53829045 977807 245824 228470
53829046 54129046 977815 246061 228786
54129047 54429047 977942 245426 228198
54429048 54729048 978000 244727 227556
54729049 55029049 977911 245148 227720
55029050 55329050 977902 244264 227036
55329051 55629051 977875 244103 226903
55629052 55929052 977808 243484 226403
55929053 56229053 978000 244053 227071
56229054 56529054 977815 240983 223910
56529055 56829055 977878 241738 224993
56829056 57129056 977838 241531 224617
57129057 57429057 977852 240775 223851
57429058 57729058 977845 240715 223962
57729059 58029059 977812 239992 223356
58029060 58329060 977864 240032 223499
58329061 58629061 977852 239623 222986
58629062 58929062 977837 239286 222843
58929063 59229063 977838 238345 221686
59229064 59529064 977931 239001 222742
59529065 59829065 977711 238606 222121
59829066 60129066 977943 237986 221655
60129067 60429067 977899 238212 221607
60429068 60729068 977944 237114 220866
60729069 61029069 977907 236783 220592
61029070 61329070 977904 235960 219663
61329071 61629071 977876 235614 219494
61629072 61929072 977972 234279 218346
61929073 62229073 977977 235159 219418
62229074 62529074 977739 234169 217997
62529075 62829075 977966 234412 218483
62829076 63129076 977970 233474 217695
63129077 63429077 977911 234220 218216
63429078 63729078 977939 233106 217212
63729079 64029079 977879 233786 217939
64029080 64329080 977715 232162 216331
64329081 64629081 977968 231807 216089
64629082 64929082 977998 232269 216575
64929083 65229083 977903 230572 214947
65229084 65529084 977976 230528 214814
65529085 65829085 977910 230970 215365
65829086 66129086 977833 230826 215293
66129087 66429087 977814 164349 153250
66429088 66471981 139829 0 0
