86
14415795 14715795 977842 1072664 969562
14715796 15015796 977812 943286 857313
15015797 15315797 977855 727853 665095
15315798 15615798 977847 1050216 951131
15615799 15915799 977822 1042915 944569
15915800 16215800 977902 1020252 925737
16215801 16515801 977875 1038383 940679
16515802 16815802 977861 1034514 937942
16815803 17115803 977883 1027785 931646
17115804 17415804 977856 1020005 925771
17415805 17715805 977857 1016429 922247
17715806 18015806 977823 1009730 916855
18015807 18315807 977874 1003376 910766
18315808 18616736 976717 995664 904138
18616737 18916737 977868 993827 903279
18916738 19216738 977839 987612 897475
19216739 19516739 977838 981179 892043
19516740 19816740 977975 964755 878100
19816741 20116741 978009 975536 887190
20116742 20416742 977942 969808 883171
20416743 20716743 977941 966405 879790
20716744 21016744 977805 962620 877189
21016745 21316745 977908 956061 871061
21316746 21616746 977886 952923 868540
21616747 21916747 977876 947888 863948
21916748 22216748 977877 941772 859053
22216749 22516749 977878 938803 856926
22516750 22816750 977910 935076 853029
22816751 23116751 977968 930831 849405
23116752 23416752 977782 926692 845871
23416753 23716753 977866 920989 841021
23716754 24016754 977846 916534 837237
24016755 24316755 977910 912531 834335
24316756 24616756 977970 906136 828746
24616757 24916757 977841 904223 827184
24916758 25216758 977846 901826 825045
25216759 25516759 977937 896318 820499
25516760 25816760 977844 892959 817941
25816761 26116761 977805 888297 813476
26116762 26416762 977933 881239 807124
26416763 26716763 977774 878541 804633
26716764 27016764 977901 874831 801356
27016765 27316765 977940 872660 799595
27316766 27616766 977841 868237 795902
27616767 27916767 978002 864808 792729
27916768 28216768 977810 861102 790225
28216769 28516769 977905 855887 785915
28516770 28816770 977774 851908 781826
28816771 29116771 977942 848534 779363
29116772 29416772 977779 842601 774183
29416773 29716773 977937 835723 768105
29716774 30016774 977838 843520 774525
30016775 30316775 977869 839775 771682
30316776 30616776 977942 837585 769932
30616777 30916777 977909 832244 765328
30916778 31216778 978002 830866 763906
31216779 31516779 977718 827103 760719
31516780 31816780 977846 821175 755599
31816781 32116781 977967 817132 752273
32116782 32416782 977913 814848 750593
32416783 32716783 977872 812883 748724
32716784 33016784 977902 809365 745258
33016785 33316785 977974 805004 741617
33316786 33616786 977827 803756 740593
33616787 33916787 977846 801164 737689
33916788 34216788 977878 797011 734882
34216789 34516789 977836 794608 732820
34516790 34816790 977943 791965 730615
34816791 35116791 977808 787918 726688
35116792 35416792 977896 785628 724900
35416793 35716793 977945 782461 721935
35716794 36016794 977941 779906 720086
36016795 36316795 977936 777645 718077
36316796 36616796 977973 773989 714904
36616797 36916797 977804 770707 711792
36916798 37216798 977906 766240 708166
37216799 37516799 977943 763568 705572
37516800 37816800 978012 760304 702939
37816801 38116801 977939 749243 693324
38116802 38416802 977941 756248 699270
38416803 38716803 977937 754141 697780
38716804 39016804 977939 749801 693450
39016805 39316805 977975 746273 690365
39316806 39616806 977764 742579 687405
39616807 39916807 977809 741601 686219
39916808 40211382 956060 723119 669586
