294
49644823 49944823 978024 698040 653488
49944824 50244824 978046 696601 652830
50244825 50544825 978024 690576 647250
50544826 50844826 978019 643925 604318
50844827 51144827 978053 461093 435462
51144828 51444828 978023 676392 634306
51444829 51744829 978013 674012 632127
51744830 52044830 978050 671512 629942
52044831 52344831 978021 668170 627140
52344832 52644832 978026 667949 626787
52644833 52944833 978050 666131 624947
52944834 53244834 977987 660468 620112
53244835 53544835 978049 658354 618170
53544836 53844836 978025 655569 615638
53844837 54144837 975930 651616 612212
54144838 54444838 978010 653642 613625
54444839 54744839 978026 651184 611959
54744840 55044840 978024 645902 607109
55044841 55344841 978039 644487 605707
55344842 55644842 978023 641702 603258
55644843 55944843 978025 639962 602140
55944844 56244844 978051 636029 598491
56244845 56544845 978022 631730 593956
56544846 56844846 978047 630964 593583
56844847 57144847 978026 615269 575449
57144848 57444848 978022 591306 549085
57444849 57744849 978048 590368 548264
57744850 58044850 978022 586549 544892
58044851 58344851 978019 585461 544137
58344852 58644852 978045 586427 544644
58644853 58944853 978021 583870 542558
58944854 59244854 978022 575334 534715
59244855 59544855 978046 595280 552628
59544856 59844856 977990 591080 548733
59844857 60144857 978049 590848 548620
60144858 60444858 978023 589765 547861
60444859 60744859 978026 588199 546211
60744860 61044860 978043 584475 542723
61044861 61344861 978024 584802 543382
61344862 61644862 978014 580084 538870
61644863 61944863 978054 579467 538596
61944864 62244864 978023 578904 538002
62244865 62544865 977986 577022 536588
62544866 62844866 978051 574830 534406
62844867 63144867 978021 574637 534262
63144868 63444868 977981 571709 531933
63444869 63744869 977953 571147 531391
63744870 64044870 977992 569032 529103
64044871 64344871 978014 566818 527448
64344872 64644872 977948 564844 525660
64644873 64944873 977951 564348 524602
64944874 65244874 978047 561296 522648
65244875 65544875 977924 560427 521565
65544876 65844876 977952 559039 520028
65844877 66144877 977983 557901 519604
66144878 66444878 978018 557694 519175
66444879 66744879 978016 555981 518239
66744880 67044880 977978 554816 516432
67044881 67344881 978013 551189 513269
67344882 67644882 978013 550850 513488
67644883 67944883 977989 549213 511438
67944884 68244884 977919 546966 509543
68244885 68544885 978012 546076 509017
68544886 68844886 978014 543134 505855
68844887 69144887 977952 542080 505275
69144888 69444888 978008 540098 503324
69444889 69744889 977987 539277 503016
69744890 70044890 978016 535605 499547
70044891 70344891 978010 532879 496982
70344892 70644892 978017 535808 499745
70644893 70944893 977934 534748 499069
70944894 71244894 978013 533517 497594
71244895 71544895 977915 531848 496333
71544896 71844896 977977 530371 494997
71844897 72144897 977924 527991 492919
72144898 72444898 978017 526161 491471
72444899 72744899 978016 526698 491892
72744900 73044900 977947 522421 488171
73044901 73344901 978017 521359 486841
73344902 73644902 977945 519903 485363
73644903 73944903 978021 517969 483935
73944904 74244904 977979 516688 482820
74244905 74544905 978021 503117 469809
74544906 74844906 977974 471970 440840
74844907 75144907 977945 468915 438501
75144908 75444908 978018 468131 437870
75444909 75744909 977988 467631 437017
75744910 76044910 978011 465646 435518
76044911 76344911 978018 464888 435027
76344912 76644912 977946 462970 432867
76644913 76944913 978009 461861 432050
76944914 77244914 978019 456878 427390
77244915 77544915 977972 461597 431932
77544916 77844916 977976 460546 430658
77844917 78144917 977972 458737 429573
78144918 78444918 978007 456577 427362
78444919 78744919 977949 456263 427258
78744920 79044920 978019 455417 426088
79044921 79344921 978044 453500 424443
79344922 79644922 977950 453484 424831
79644923 79944923 978022 451421 422639
79944924 80244924 978045 451487 422647
80244925 80544925 978015 448637 420107
80544926 80844926 977977 449003 420455
80844927 81144927 978016 447208 418758
81144928 81444928 977946 445052 417142
81444929 81744929 977978 446106 417850
81744930 82044930 978019 443746 415464
82044931 82344931 977978 442522 414757
82344932 82644932 977940 436109 409012
82644933 82944933 977988 440715 413026
82944934 83244934 977990 439486 411767
83244935 83544935 978036 437571 410170
83544936 83844936 978017 436551 409370
83844937 84144937 977974 436488 409506
84144938 84444938 977981 434344 407694
84444939 84744939 978019 433623 406650
84744940 85044940 977880 432916 406110
85044941 85344941 977981 430175 403775
85344942 85644942 977984 431080 404648
85644943 85944943 978035 430589 403646
85944944 86244944 978014 428765 402347
86244945 86544945 978018 427210 400820
86544946 86844946 978015 425721 399622
86844947 87144947 977978 423915 397788
87144948 87444948 978004 422570 396559
87444949 87744949 977942 422059 396310
87744950 88044950 978017 421165 395591
88044951 88344951 978011 416162 391525
88344952 88644952 977983 420518 394878
88644953 88944953 977950 419244 393956
88944954 89244954 978046 418479 393193
89244955 89544955 978015 416908 391769
89544956 89844956 977953 415443 390169
89844957 90144957 977978 415627 390482
90144958 90444958 977983 415088 389846
90444959 90744959 978011 413481 388598
90744960 91044960 977962 412153 387191
91044961 91344961 978017 410670 386289
91344962 91644962 978046 409845 385362
91644963 91944963 978020 409623 385001
91944964 92244964 977981 407911 383485
92244965 92544965 977976 407200 383065
92544966 92844966 977991 405851 381621
92844967 93144967 977986 405885 381887
93144968 93444968 978012 404514 380454
93444969 93744969 978018 402823 379030
93744970 94044970 977988 401123 377339
94044971 94344971 978041 400677 376957
94344972 94644972 978017 400121 376398
94644973 94944973 978004 399562 376120
94944974 95244974 977984 294647 278472
95244975 95544975 977919 339608 320343
95544976 95844976 978040 394271 371092
95844977 96144977 978014 394493 371461
96144978 96444978 977986 392789 370035
96444979 96744979 978048 392129 369468
96744980 97044980 977914 389616 367302
97044981 97344981 977978 388778 366181
97344982 97644982 978010 387335 365104
97644983 97944983 977977 388096 365709
97944984 98244984 978042 387000 364927
98244985 98544985 977914 386183 363717
98544986 98844986 977949 384742 362690
98844987 99144987 978005 382132 360214
99144988 99444988 978020 381552 359791
99444989 99744989 977945 381853 360228
99744990 100044990 978044 381699 360005
100044991 100344991 977959 380461 358574
100344992 100644992 978019 379349 357570
100644993 100944993 977945 377536 356198
100944994 101244994 978015 375382 353986
101244995 101544995 978040 374960 353871
101544996 101844996 977968 374299 352976
101844997 102144997 978015 373498 352573
102144998 102444998 978045 374148 353162
102444999 102744999 978009 369502 348972
102745000 103045000 977963 375050 353920
103045001 103345001 978046 373723 352705
103345002 103645002 977949 373439 352609
103645003 103945003 977982 371703 350808
103945004 104245004 977969 371529 350779
104245005 104545005 978019 370469 349830
104545006 104845006 977972 369918 348927
104845007 105145007 977885 369725 348713
105145008 105445008 977950 367723 347183
105445009 105745009 978042 367227 347036
105745010 106045010 978008 365624 345375
106045011 106345011 978016 366205 345873
106345012 106645012 978018 365043 344939
106645013 106945013 978021 364011 343948
106945014 107245014 978014 362461 342307
107245015 107545015 978041 361702 341696
107545016 107845016 977888 361169 341459
107845017 108145017 978010 359724 339892
108145018 108445018 978011 359175 339430
108445019 108745019 978024 357678 338161
108745020 109045020 978015 358321 338804
109045021 109345021 977986 356894 337201
109345022 109645022 978023 356696 337063
109645023 109945023 978044 354485 335112
109945024 110245024 978021 353627 334561
110245025 110545025 978019 352555 333343
110545026 110845026 978045 351945 332634
110845027 111145027 978015 352411 333226
111145028 111445028 978041 349986 330954
111445029 111745029 977972 349294 330366
111745030 112045030 977981 350303 331478
112045031 112345031 978052 347720 328650
112345032 112645032 978024 346831 327997
112645033 112945033 978013 345532 327014
112945034 113245034 978047 344734 326154
113245035 113545035 978019 343882 325428
113545036 113845036 978022 340157 321936
113845037 114145037 978044 343693 325341
114145038 114445038 978021 342854 324420
114445039 114745039 978046 342105 324023
114745040 115045040 978018 340942 322765
115045041 115345041 978023 340638 322728
115345042 115645042 977993 339824 321860
115645043 115945043 978020 338476 320658
115945044 116245044 978022 338625 320790
116245045 116545045 978044 337529 319614
116545046 116845046 978021 336776 319031
116845047 117145047 978022 336610 318765
117145048 117445048 978047 334460 316730
117445049 117745049 978023 334239 316459
117745050 118045050 977995 333416 315688
118045051 118345051 978024 333402 315749
118345052 118645052 978017 331906 314420
118645053 118945053 978046 331088 313741
118945054 119245054 977961 330655 313287
119245055 119545055 977988 330090 312854
119545056 119845056 978048 328364 311215
119845057 120145057 978019 326550 309740
120145058 120445058 977970 325699 308886
120445059 120745059 978044 323930 307362
120745060 121045060 978016 324152 307516
121045061 121345061 978019 323430 306754
121345062 121645062 975229 322626 305937
121645063 121945063 977910 323472 306696
121945064 122245064 978043 321045 304487
122245065 122545065 977971 318139 301746
122545066 122845066 977985 319558 303072
122845067 123145067 978037 320684 304209
123145068 123445068 977955 318955 302477
123445069 123745069 977980 317565 301543
123745070 124045070 977990 316228 299959
124045071 124345071 977932 311779 296110
124345072 124645072 977983 315909 299708
124645073 124945073 978015 316635 300231
124945074 125245074 977952 315686 299485
125245075 125545075 977945 314950 299087
125545076 125845076 977948 312977 297049
125845077 126145077 977919 312549 296601
126145078 126445078 978012 312125 296469
126445079 126745079 978019 311473 295797
126745080 127045080 977904 310344 294734
127045081 127345081 978015 309077 293752
127345082 127645082 977983 309085 293513
127645083 127945083 978010 308403 293079
127945084 128245084 977912 307617 292176
128245085 128545085 978018 307096 291914
128545086 128845086 978043 305278 290152
128845087 129145087 977947 290959 276691
129145088 129445088 977949 192589 184122
129445089 129745089 978043 304488 289307
129745090 130045090 977981 303468 288606
130045091 130345091 977994 301534 286529
130345092 130645092 978015 303024 288126
130645093 130945093 977943 302211 287000
130945094 131245094 977973 300879 286176
131245095 131545095 978023 300138 285129
131545096 131845096 978016 299696 285100
131845097 132145097 978008 298651 283985
132145098 132445098 977982 298276 283973
132445099 132745099 977965 294079 279872
132745100 133045100 978007 297488 282844
133045101 133345101 978017 296076 281667
133345102 133645102 978042 294649 280190
133645103 133945103 977956 295040 280628
133945104 134245104 977979 294167 279888
134245105 134545105 977918 293074 278977
134545106 134845106 977969 292734 278708
134845107 135145107 977953 291354 277038
135145108 135445108 978032 289565 275625
135445109 135745109 978015 289845 276033
135745110 136045110 977946 289805 275914
136045111 136345111 977974 287840 273859
136345112 136645112 978007 287886 274087
136645113 136945113 978002 286502 272632
136945114 137245114 977983 287090 273091
137245115 137545115 977941 285174 271381
137545116 137805363 848409 83951 79914
