139
27003259 27303259 978014 1202695 1091746
27303260 27603260 978010 1189354 1080914
27603261 27903261 978040 961812 879272
27903262 28203262 978014 873445 798876
28203263 28503263 977983 1135603 1034489
28503264 28803264 978043 1152843 1049899
28803265 29103265 978017 1149208 1046164
29103266 29403266 978033 1139487 1038342
29403267 29703267 978014 1129266 1029605
29703268 30003268 977987 1105672 1008905
30003269 30303269 978042 1115494 1017500
30303270 30603270 978013 1108449 1011591
30603271 30903271 978000 1097557 1002047
30903272 31203272 978039 1091449 996864
31203273 31503273 978016 1082941 989647
31503274 31803274 978009 1075979 983910
31803275 32103275 978039 1068216 976804
32103276 32403276 978012 1060217 969967
32403277 32703277 978038 1040000 953084
32703278 33003278 978010 1048270 959793
33003279 33303279 978008 1041360 954234
33303280 33603280 978039 1033467 947090
33603281 33903281 978010 1026225 941361
33903282 34203282 978011 1021746 937490
34203283 34503283 978035 1014962 930722
34503284 34803284 978010 1008699 926040
34803285 35103285 978012 1000921 918857
35103286 35403286 978039 995954 914559
35403287 35703287 978011 990046 909718
35703288 36003288 978039 984119 904998
36003289 36303289 978010 976185 897603
36303290 36603290 978014 970932 893415
36603291 36903291 978038 963262 886575
36903292 37203292 978012 958901 882913
37203293 37503293 977974 952836 877666
37503294 37803294 978040 948425 873863
37803295 38103295 978013 942791 869034
38103296 38403296 978010 935073 861554
38403297 38703297 978038 930920 857794
38703298 39003298 978015 925569 853733
39003299 39303299 978036 919447 848542
39303300 39603300 978013 900196 831169
39603301 39903301 978014 913001 842854
39903302 40203302 978038 904823 835385
40203303 40503303 978010 901777 833423
40503304 40803304 978017 896660 828536
40803305 41103305 978044 892855 825830
41103306 41403306 978014 886064 819772
41403307 41703307 978010 881370 815231
41703308 42003308 978041 877776 812013
42003309 42303309 978016 871471 806619
42303310 42603310 978040 866613 802308
42603311 42903311 978011 861509 797785
42903312 43203312 978010 857811 794498
43203313 43503313 978037 853587 790734
43503314 43803314 977977 846074 784228
43803315 44103315 978012 842024 780413
44103316 44403316 978031 837344 775873
44403317 44703317 978013 834126 773983
44703318 45003318 978011 830590 771000
45003319 45303319 978007 825796 766740
45303320 45603320 978010 820335 761293
45603321 45903321 978013 817764 759779
45903322 46203322 978033 812581 754717
46203323 46503323 977976 811047 753415
46503324 46803324 978040 805282 748551
46803325 47103325 978015 791225 735810
47103326 47403326 978015 798652 742255
47403327 47703327 976333 793379 737657
47703328 48003328 978016 789648 734294
48003329 48303329 978013 785996 731373
48303330 48603330 978037 783179 729046
48603331 48903331 978011 779227 725362
48903332 49203332 978013 773303 719969
49203333 49503333 978040 770465 717611
49503334 49803334 978013 767538 715108
49803335 50103335 978044 761858 710121
50103336 50403336 978009 758279 706415
50403337 50703337 978004 755227 704128
50703338 51003338 978044 752109 701292
51003339 51303339 978013 749141 698644
51303340 51603340 978013 744662 694600
51603341 51903341 978008 741380 691430
51903342 52203342 977952 727404 679484
52203343 52503343 978013 705751 659836
52503344 52803344 978040 711454 664786
52803345 53103345 978011 707223 661062
53103346 53403346 978037 704012 657990
53403347 53703347 978009 700081 654747
53703348 54003348 974015 695717 650835
54003349 54303349 978017 696272 651472
54303350 54603350 978009 691730 647228
54603351 54903351 978038 689623 645508
54903352 55203352 978012 685741 641637
55203353 55503353 978014 683107 639561
55503354 55803354 978038 680137 636724
55803355 56103355 978010 677377 634332
56103356 56403356 978010 672003 629653
56403357 56703357 978038 669137 626853
56703358 57003358 978006 666076 624465
57003359 57303359 978040 663264 622014
57303360 57603360 978013 660722 619598
57603361 57903361 977976 657640 616764
57903362 58203362 978038 653685 613334
58203363 58503363 977977 651690 611546
58503364 58803364 977979 648668 608619
58803365 59103365 978034 639811 600805
59103366 59403366 978016 645217 605335
59403367 59703367 978007 644384 604858
59703368 60003368 978038 640285 601054
60003369 60303369 978010 638497 599291
60303370 60603370 978035 636911 598175
60603371 60903371 978005 633653 595164
60903372 61203372 978012 629787 591534
61203373 61503373 978040 626685 588893
61503374 61803374 978011 624256 587035
61803375 62103375 978014 622632 585614
62103376 62403376 978039 618754 581723
62403377 62703377 978012 617306 580310
62703378 63003378 978012 614188 577501
63003379 63303379 978034 610679 574228
63303380 63603380 978007 609752 573607
63603381 63903381 978036 607514 571739
63903382 64203382 978009 604612 568935
64203383 64503383 978008 557160 525188
64503384 64803384 978035 391416 370372
64803385 65103385 978010 599320 564258
65103386 65403386 978010 595514 560665
65403387 65703387 978036 595089 560429
65703388 66003388 978006 591278 556974
66003389 66303389 978010 589260 555241
66303390 66603390 978038 586119 552584
66603391 66903391 977974 584491 550778
66903392 67203392 978041 583216 549441
67203393 67503393 978010 579366 545978
67503394 67803394 978010 576251 543262
67803395 68103395 978033 575823 542993
68103396 68403396 978015 573458 540994
68403397 68523722 392281 61851 58341
