100
21261135 21561135 978021 658524 614613
21561136 21861136 978026 657029 613485
21861137 22161137 978023 652807 609591
22161138 22461138 978054 651137 607742
22461139 22761139 978017 648224 605550
22761140 23061140 978031 645918 603264
23061141 23361141 978050 644292 601900
23361142 23661142 978023 641619 599402
23661143 23961143 978025 640122 598394
23961144 24261144 978053 638408 596926
24261145 24561145 977987 635440 594254
24561146 24861146 978020 634438 592763
24861147 25161147 978023 632777 591986
25161148 25461148 978024 631436 590616
25461149 25761149 978053 621445 581696
25761150 26061150 978023 631487 590480
26061151 26361151 978028 630141 589080
26361152 26661152 978056 630001 588963
26661153 26961153 978023 626566 586225
26961154 27261154 978018 624757 584421
27261155 27561155 978044 573982 536785
27561156 27861156 978025 564633 528332
27861157 28161157 978047 562391 526345
28161158 28461158 978023 561602 525710
28461159 28761159 978022 560673 524763
28761160 29061160 978047 558565 522448
29061161 29361161 978025 557195 521166
29361162 29661162 978021 554990 519728
29661163 29961163 978049 555335 520252
29961164 30261164 977988 553011 518075
30261165 30561165 977984 546901 512868
30561166 30861166 978001 550932 516036
30861167 31161167 978018 549834 515029
31161168 31461168 978049 546731 512068
31461169 31761169 978019 546112 511938
31761170 32061170 978022 543530 509144
32061171 32361171 978049 542858 509437
32361172 32661172 978018 543220 509329
32661173 32961173 978022 540533 506827
32961174 33261174 978048 541609 507843
33261175 33561175 978021 532647 499647
33561176 33861176 978021 523360 491583
33861177 34161177 977994 527353 495021
34161178 34461178 978026 525009 492945
34461179 34761179 978014 523330 491298
34761180 35061180 978020 523466 491502
35061181 35361181 978018 521480 489613
35361182 35661182 978006 519372 487728
35661183 35961183 978024 518617 487058
35961184 36261184 978016 517130 485860
36261185 36561185 978045 515689 484273
36561186 36861186 978023 513874 482872
36861187 37161187 977990 513940 482569
37161188 37461188 978050 512573 481550
37461189 37761189 978022 487904 458243
37761190 38061190 978011 471407 442851
38061191 38361191 977910 462173 434373
38361192 38661192 977982 466623 438656
38661193 38961193 978015 463131 435125
38961194 39261194 820744 388461 365045
39261195 39561195 977786 547092 514705
39561196 39861196 977820 544168 512021
39861197 40161197 977851 542785 510729
40161198 40461198 977877 542382 510706
40461199 40761199 977788 541910 509941
40761200 41061200 977715 539156 507679
41061201 41361201 979479 539779 508110
41361202 41661202 976687 536261 504887
41661203 41961203 977888 535732 504594
41961204 42261204 977851 534405 503489
42261205 42561205 977984 530259 499704
42561206 42861206 977886 529438 498869
42861207 43161207 977848 528473 497921
43161208 43461208 977887 525493 495590
43461209 43761209 977921 520553 490792
43761210 44061210 977881 521689 491779
44061211 44361211 977954 520538 490932
44361212 44661212 977820 519938 490617
44661213 44961213 977785 518941 489429
44961214 45261214 977916 517786 488513
45261215 45561215 977847 509496 480974
45561216 45861216 977949 515591 486118
45861217 46161217 977790 513634 484114
46161218 46461218 977910 513242 484207
46461219 46761219 977790 511826 482776
46761220 47061220 977891 511663 482775
47061221 47361221 977843 509364 480780
47361222 47661222 977715 508999 480277
47661223 47961223 977853 507597 479117
47961224 48261224 977978 507976 479688
48261225 48561225 977949 505659 477371
48561226 48861226 977917 505868 477284
48861227 49161227 977828 503202 474941
49161228 49461228 977790 498915 471263
49461229 49761229 977946 502054 473942
49761230 50061230 977952 499748 471756
50061231 50361231 977950 499943 472183
50361232 50661232 978043 388441 366946
50661233 50961233 977785 0 0
50961234 51253740 953424 0 0
