130
26434249 26734249 977767 945553 860837
26734250 27034250 977909 968129 879289
27034251 27334251 977881 866734 786551
27334252 27634252 977901 1136630 1026897
27634253 27934253 977881 1129109 1020123
27934254 28234254 977908 1121127 1013820
28234255 28534255 977904 1114171 1007256
28534256 28834256 977870 1106730 1001877
28834257 29134257 977838 1094750 990815
29134258 29434258 977940 1085095 983096
29434259 29734259 977944 1078547 977298
29734260 30034260 977930 1071619 971700
30034261 30334261 977937 1066667 967533
30334262 30634262 977881 1058791 960851
30634263 30934263 977749 1051834 955259
30934264 31234264 977974 1038829 944468
31234265 31534265 977843 1053803 956730
31534266 31834266 977930 1047210 950930
31834267 32134267 977810 1042236 947125
32134268 32434268 977902 1038256 943897
32434269 32734269 977969 1032493 939360
32734270 33034270 977838 1024429 932361
33034271 33334271 977930 1018882 929137
33334272 33634272 977925 1010489 923326
33634273 33934273 977977 1004612 919122
33934274 34249130 926445 946298 866740
34249131 34549131 977770 997879 917116
34549132 34849132 977832 992649 913829
34849133 35149133 977909 985758 909368
35149134 35449134 977907 972678 898530
35449135 35749135 977899 981291 906804
35749136 36049136 977942 974154 901685
36049137 36349137 977797 969338 898933
36349138 36649138 977970 966690 897770
36649139 36949139 973828 956281 889357
36949140 37249140 977859 955610 889829
37249141 37549141 977786 948689 885094
37549142 37849142 977768 944499 882174
37849143 38149143 977904 940026 878688
38149144 38449144 977858 935168 875191
38449145 38749145 977836 929358 870881
38749146 39049146 977866 923336 866339
39049147 39349147 977734 920785 864951
39349148 39649148 977963 916934 861887
39649149 39949149 977938 912547 858837
39949150 40249150 977813 910254 857726
40249151 40549151 977965 903446 852062
40549152 40849152 977838 868898 813736
40849153 41149153 977772 847044 790044
41149154 41449154 977868 839518 784512
41449155 41749155 977907 836004 781765
41749156 42049156 977871 834452 780337
42049157 42349157 978001 830091 776688
42349158 42649158 977863 826151 773564
42649159 42949159 977808 821898 769298
42949160 43249160 977834 816104 764143
43249161 43549161 977904 815932 764264
43549162 43849162 977906 808159 757076
43849163 44149163 977876 806537 755922
44149164 44449164 977844 802697 752053
44449165 44749165 977743 801360 751262
44749166 45049166 977908 793138 743720
45049167 45349167 977873 789824 740586
45349168 45649168 977906 782403 734219
45649169 45949169 977838 781377 733122
45949170 46249170 977928 779579 732014
46249171 46549171 977906 775404 727964
46549172 46849172 977817 771315 724454
46849173 47149173 977868 768236 721591
47149174 47449174 977854 761303 715646
47449175 47749175 977874 757978 711991
47749176 48049176 977862 759351 713896
48049177 48349177 977979 753984 708618
48349178 48649178 977968 749019 704446
48649179 48949179 977894 740620 696583
48949180 49249180 977849 736681 693196
49249181 49549181 977751 742426 698191
49549182 49849182 977840 758214 712584
49849183 50149183 977776 753883 708837
50149184 50449184 977774 751381 706361
50449185 50749185 977762 748509 703748
50749186 51049186 977771 746047 701394
51049187 51349187 977930 741964 698161
51349188 51649188 977873 738671 695180
51649189 51949189 977903 737247 693916
51949190 52249190 977795 734949 691641
52249191 52549191 977798 731769 688463
52549192 52849192 977860 728947 686067
52849193 53149193 977804 725662 682750
53149194 53449194 977817 711910 670691
53449195 53749195 977889 701340 661086
53749196 54049196 977823 699112 659201
54049197 54349197 977851 696544 656922
54349198 54649198 977826 695508 655734
54649199 54949199 977864 693201 653923
54949200 55249200 977883 691261 652122
55249201 55549201 977761 687758 649315
55549202 55849202 977859 684960 646284
55849203 56149203 977768 683800 645309
56149204 56449204 977804 681760 643402
56449205 56749205 977880 678532 640741
56749206 57049206 977907 677366 639789
57049207 57349207 977763 674309 636545
57349208 57649208 977807 663559 626988
57649209 57949209 977819 671029 633833
57949210 58249210 977788 667111 630293
58249211 58549211 977786 666407 629844
58549212 58849212 977914 662298 626165
58849213 59149213 977849 661924 625636
59149214 59449214 977871 658669 622684
59449215 59749215 977829 657396 621060
59749216 60049216 977886 655654 619927
60049217 60349217 977876 652070 616273
60349218 60649218 977835 650936 615766
60649219 60949219 977757 647412 612261
60949220 61249220 977787 644757 609894
61249221 61549221 977857 643484 608830
61549222 61849222 977848 641136 606894
61849223 62149223 977899 639897 605753
62149224 62449224 977812 637846 603437
62449225 62749225 977871 636890 602832
62749226 63049226 977774 633735 599841
63049227 63349227 977779 630647 596924
63349228 63649228 977962 629877 596369
63649229 63949229 977941 627694 594186
63949230 64249230 977903 626961 593684
64249231 64549231 978001 624038 590621
64549232 64849232 977808 620748 587592
64849233 65149233 977937 454306 430063
65149234 65224092 243908 0 0
