206
65620565 65920565 978048 847029 764895
65920566 66220566 978015 909188 817922
66220567 66520567 978016 1102427 987338
66520568 66820568 978036 1091048 977791
66820569 67120569 978013 1079194 968267
67120570 67420570 978016 1069625 959958
67420571 67720571 978042 1062168 954085
67720572 68020572 978015 1054564 947597
68020573 68320573 978039 1047105 941007
68320574 68620574 978009 1040986 936205
68620575 68920575 978010 1035642 931315
68920576 69220576 978043 1031842 928962
69220577 69520577 978014 1027807 925332
69520578 69820578 978013 1023537 921630
69820579 70120579 978044 1014740 914160
70120580 70420580 978015 1010251 910536
70420581 70720581 978009 1004601 906241
70720582 71020582 978005 996980 899730
71020583 71320583 977978 993305 897188
71320584 71620584 978040 988133 892145
71620585 71920585 978011 983120 887907
71920586 72220586 978012 981118 885719
72220587 72520587 978042 974982 881190
72520588 72820588 977986 973399 880114
72820589 73120589 978013 969427 876680
73120590 73420590 978045 950823 861255
73420591 73720591 978018 956859 866384
73720592 74020592 978020 949284 859387
74020593 74320593 978036 944634 855786
74320594 74620594 978012 940832 852435
74620595 74920595 978045 934249 846862
74920596 75220596 978016 931317 845322
75220597 75520597 978019 927847 841714
75520598 75820598 978044 923051 837592
75820599 76120599 978012 918389 833832
76120600 76420600 977982 912096 828432
76420601 76720601 978033 907849 824998
76720602 77020602 978017 902674 820725
77020603 77320603 977996 898818 817356
77320604 77620604 978044 893723 813043
77620605 77920605 978013 872037 794728
77920606 78220606 978023 911172 827675
78220607 78520607 978012 904094 821270
78520608 78820608 978018 895895 815055
78820609 79120609 978038 886548 806985
79120610 79420610 978018 882606 803130
79420611 79720611 978015 882032 802577
79720612 80020612 978034 878830 800254
80020613 80320613 978013 870384 793248
80320614 80620614 978013 865541 789115
80620615 80920615 978037 863292 786583
80920616 81220616 978012 861562 785826
81220617 81520617 978044 856380 781460
81520618 81820618 978013 853027 778076
81820619 82120619 977978 850055 775863
82120620 82420620 978040 848873 775030
82420621 82720621 978017 844059 770972
82720622 83020622 978008 842014 768984
83020623 83320623 978008 835855 763740
83320624 83620624 977982 832855 761681
83620625 83920625 978014 827762 757058
83920626 84220626 978042 827118 756658
84220627 84520627 978019 821800 751493
84520628 84820628 978009 816301 746883
84820629 85120629 978016 802312 734339
85120630 85420630 977976 824630 754248
85420631 85720631 978041 821598 752010
85720632 86020632 978020 818512 748971
86020633 86320633 978013 814193 745006
86320634 86620634 978040 813088 744546
86620635 86920635 978017 807200 739156
86920636 87220636 978012 805851 738010
87220637 87520637 978042 803472 736210
87520638 87820638 978015 799117 732745
87820639 88120639 978016 794862 729168
88120640 88420640 978039 791892 726050
88420641 88720641 978013 788380 723178
88720642 89020642 977970 783713 719186
89020643 89320643 978014 781883 717890
89320644 89620644 978015 777745 713974
89620645 89920645 978042 772649 709660
89920646 90220646 978015 768717 706293
90220647 90520647 978007 769406 707162
90520648 90820648 978044 768552 706201
90820649 91120649 978018 766722 704707
91120650 91420650 974482 727904 669262
91420651 91720651 979851 699591 644133
91720652 92020652 974496 739932 680661
92020653 92320653 978035 756390 695957
92320654 92620654 978013 750455 690495
92620655 92920655 978009 743314 684353
92920656 93220656 978040 747013 687895
93220657 93520657 977982 743359 684685
93520658 93820658 978014 739336 680963
93820659 94120659 978005 738043 679836
94120660 94420660 978013 737659 679333
94420661 94720661 978040 733841 676421
94720662 95020662 978010 729875 672991
95020663 95320663 978012 726870 670476
95320664 95620664 978044 725478 669142
95620665 95920665 978019 721587 665725
95920666 96220666 978011 720057 664545
96220667 96520667 978040 715673 660361
96520668 96820668 978015 715029 659853
96820669 97120669 978017 711897 657531
97120670 97420670 978042 711490 656916
97420671 97720671 978013 706772 652777
97720672 98020672 978038 703705 649981
98020673 98320673 978018 699041 646009
98320674 98620674 978018 695389 642747
98620675 98920675 978008 693360 641087
98920676 99220676 978012 694105 641759
99220677 99520677 978010 691329 639399
99520678 99820678 978006 687789 636041
99820679 100120679 978015 685076 633574
100120680 100420680 977978 672430 622558
100420681 100720681 978038 684844 633664
100720682 101020682 978016 682186 631433
101020683 101320683 978038 679575 628805
101320684 101620684 978012 676131 625679
101620685 101920685 978013 674157 624123
101920686 102220686 978042 672825 623120
102220687 102520687 978008 670971 621478
102520688 102820688 978017 666729 617684
102820689 103120689 978042 664591 616964
103120690 103420690 978014 662596 615796
103420691 103720691 978015 660484 613701
103720692 104020692 978045 658053 611700
104020693 104320693 978016 654058 607979
104320694 104620694 978044 654801 609030
104620695 104920695 978012 649894 604144
104920696 105220696 978013 648789 603370
105220697 105520697 978042 647008 602178
105520698 105820698 978017 645344 600492
105820699 106120699 978015 643830 599109
106120700 106420700 978042 642032 597470
106420701 106720701 978013 640428 596140
106720702 107020702 978016 636907 592860
107020703 107320703 978039 633730 590119
107320704 107620704 978015 632768 589508
107620705 107920705 978014 630512 587052
107920706 108220706 978045 628576 585927
108220707 108520707 978015 625723 582800
108520708 108820708 978007 623314 580479
108820709 109120709 978012 621468 579332
109120710 109420710 978015 621683 579509
109420711 109720711 978044 618019 576493
109720712 110020712 978014 614910 573237
110020713 110320713 978010 606510 566154
110320714 110620714 978043 612112 570927
110620715 110920715 978016 608267 567243
110920716 111220716 978015 608615 567456
111220717 111520717 978033 606298 565882
111520718 111820718 978015 604754 564354
111820719 112120719 978000 603035 562597
112120720 112420720 978016 600656 560534
112420721 112720721 978016 599024 559275
112720722 113020722 978038 597705 558343
113020723 113320723 978014 595646 556578
113320724 113620724 978011 592709 554056
113620725 113920725 978008 592201 553574
113920726 114220726 978011 590428 551403
114220727 114520727 978010 589772 551132
114520728 114820728 978040 587175 548837
114820729 115120729 978012 585738 547500
115120730 115420730 978041 582765 545087
115420731 115720731 978009 580718 543135
115720732 116020732 978009 577329 539913
116020733 116320733 978041 575148 537632
116320734 116620734 978015 576661 539381
116620735 116920735 977992 574316 537293
116920736 117220736 978037 571971 535246
117220737 117520737 978010 570188 533671
117520738 117820738 978012 568589 532504
117820739 118120739 978039 565729 529831
118120740 118420740 978012 563638 527467
118420741 118720741 978038 561199 525598
118720742 119020742 978017 561397 525627
119020743 119320743 978010 560427 524874
119320744 119620744 978044 558588 523337
119620745 119920745 977976 556638 521816
119920746 120220746 978008 555469 520150
120220747 120520747 978040 553637 518629
120520748 120820748 977979 551525 517169
120820749 121120749 978012 549994 515520
121120750 121420750 978037 548231 514211
121420751 121720751 978015 548052 513721
121720752 122020752 978036 545081 511196
122020753 122320753 978009 543991 510395
122320754 122620754 978012 542002 508460
122620755 122920755 978025 539495 505949
122920756 123220756 977976 539073 505758
123220757 123520757 978015 535794 502685
123520758 123820758 977997 536167 503354
123820759 124120759 978013 533024 500073
124120760 124420760 977970 530635 497956
124420761 124720761 978005 531162 498327
124720762 125020762 978011 528868 496586
125020763 125320763 978041 526372 494213
125320764 125620764 978012 525111 492919
125620765 125920765 978011 523783 491956
125920766 126220766 978041 521465 489768
126220767 126520768 977945 470497 442799
126520769 126820769 978039 346208 327087
126820770 127120772 978023 518202 486696
127120773 127193551 237277 80741 75903
