37
50553662 50853662 978013 1092407 979198
50853663 51153663 978042 976877 879927
51153664 51453664 978018 717700 652126
51453665 51753665 978011 1075585 965357
51753666 52053666 978042 1066790 958420
52053667 52353667 977978 1060189 952604
52353668 52653668 978039 1054018 947161
52653669 52953669 977947 1047008 941456
52953670 53253670 977974 1042128 937345
53253671 53553671 978044 1033202 929849
53553672 53853672 977941 1024174 922502
53853673 54153673 977980 1017566 916693
54153674 54453674 978039 1012475 912795
54453675 54753675 978016 1006923 907747
54753676 55053676 977980 999496 901248
55053677 55353677 976364 992623 896186
55353678 55653678 977976 984228 887780
55653679 55953679 978005 977311 881720
55953680 56253680 977976 971238 876380
56253681 56553681 977932 967296 873550
56553682 56853682 978000 960662 867497
56853683 57153683 978006 955965 864057
57153684 57453684 977941 952039 860685
57453685 57753685 978008 946808 856007
57753686 58053686 977942 943592 853557
58053687 58353687 977977 938626 849726
58353688 58653688 977972 937621 848739
58653689 58953689 978008 933062 844919
58953690 59253690 978037 929698 842300
59253691 59553691 978011 922979 836620
59553692 59853692 978012 921237 834719
59853693 60153693 977940 916343 830563
60153694 60453694 977988 912723 827554
60453695 60753695 977940 904833 821136
60753696 61053696 978005 902879 819398
61053697 61353697 977939 899382 816440
61353698 61603941 815816 575925 523350
