257
29564562 29864562 978041 933595 827416
29864563 30164563 978015 950666 841631
30164564 30464564 978042 941660 833835
30464565 30764565 978013 938881 832653
30764566 31064566 978015 930388 824323
31064567 31364567 978041 926426 821180
31364568 31664568 978008 920586 816401
31664569 31964569 978013 827159 735889
31964570 32264570 978005 621053 555843
32264571 32564578 978010 915883 811639
32564579 32864579 978043 910760 807704
32864580 33164580 978043 905251 802888
33164581 33464581 978016 904013 801668
33464582 33764582 978041 898437 797312
33764583 34064583 978004 896570 796039
34064584 34364584 978010 891070 790998
34364585 34664585 978037 887334 788158
34664586 34964586 978012 881552 783735
34964587 35264587 978011 880616 783345
35264588 35564588 978044 874495 778582
35564589 35864589 978012 872036 775675
35864590 36164590 977979 866686 770502
36164591 36464591 978041 863567 767144
36464592 36764592 978007 860128 764700
36764593 37064594 977877 855519 761638
37064595 37364595 977997 852411 758475
37364596 37664596 978008 849139 755675
37664597 37964597 978032 845793 752095
37964598 38264598 977940 843867 750223
38264599 38564599 978008 839641 747559
38564600 38864600 978002 833994 742829
38864601 39164601 978006 833141 741745
39164602 39464602 977949 828661 737434
39464603 39764603 978033 824074 733741
39764604 40064604 978011 821015 731737
40064605 40364605 978012 816114 727276
40364606 40664606 978038 817560 729025
40664607 40964607 978018 813186 725146
40964608 41264608 978040 808846 721517
41264609 41564609 978013 808115 720518
41564610 41864610 978014 802489 715319
41864611 42164611 978038 800072 712663
42164612 42464612 978012 797859 711269
42464613 42764613 977978 798564 711296
42764614 43064614 978047 793101 706813
43064615 43364615 978016 790482 704806
43364616 43664616 978012 787727 702100
43664617 43964617 978038 784964 700326
43964618 44264618 978013 781960 697028
44264619 44564619 978041 778266 694217
44564620 44864620 977980 774258 691289
44864621 45164621 978007 770695 688409
45164622 45464622 978042 769913 687596
45464623 45764623 978013 768586 686632
45764624 46064624 978010 765367 683435
46064625 46364625 978045 763117 681091
46364626 46664626 978015 758413 677481
46664627 46964627 978010 756040 675782
46964628 47264628 978041 751928 672172
47264629 47564629 978014 749092 669924
47564630 47864630 978044 746912 668221
47864631 48164631 978013 744088 666081
48164632 48464632 978014 741860 663969
48464633 48764633 978031 742403 664407
48764634 49064634 978014 738468 661331
49064635 49364635 978010 734953 658278
49364636 49664636 978039 723640 648572
49664637 49964637 978016 733125 656988
49964638 50264638 978012 732393 655703
50264639 50564639 978040 727141 651641
50564640 50864640 978014 725117 649743
50864641 51164641 978006 722767 647931
51164642 51464642 978007 716593 642883
51464643 51764643 977971 714406 641105
51764644 52064644 978037 711828 638050
52064645 52364645 978014 706927 634529
52364646 52664646 977958 703960 632136
52664647 52964647 978037 702683 631331
52964648 53264648 977979 698418 627098
53264649 53564649 965454 540177 481031
53564650 53864650 978035 533885 474970
53864651 54164651 978015 532974 474592
54164652 54464652 977982 530761 472167
54464653 54764653 978036 528273 469837
54764654 55064654 978007 526639 468439
55064655 55364655 978040 524330 466532
55364656 55664656 977981 522863 465355
55664657 55964657 977971 523585 466298
55964658 56264658 978038 521551 464399
56264659 56564659 978014 519531 462512
56564660 56864660 978008 516611 460389
56864661 57164661 978043 512856 456998
57164662 57464662 978013 511194 455814
57464663 57764663 978013 514487 458714
57764664 58064664 978039 513952 457743
58064665 58364665 978012 511778 456294
58364666 58664666 978018 510333 455168
58664667 58964667 978042 509090 454455
58964668 59264668 978018 506286 452330
59264669 59564669 978003 503984 449863
59564670 59864670 978011 503464 449026
59864671 60164671 978009 501358 447875
60164672 60464672 978040 501298 447847
60464673 60764673 978014 498034 444258
60764674 61064674 978015 496030 443002
61064675 61364675 978040 494697 441209
61364676 61664676 978012 493743 440837
61664677 61964677 978012 491140 438300
61964678 62264678 978040 489676 437217
62264679 62564679 977956 489531 437155
62564680 62864680 978040 486234 434500
62864681 63164681 978012 485340 433147
63164682 63464682 978011 483645 431834
63464683 63764683 978000 482309 431029
63764684 64064684 977980 482898 431356
64064685 64364685 978019 479807 428514
64364686 64664686 978036 478673 427897
64664687 64964687 978013 477423 427252
64964688 65264688 977927 474342 424478
65264689 65564689 978036 471919 422288
65564690 65864690 978010 472411 422522
65864691 66164691 978038 472463 422178
66164692 66464692 978010 466905 417394
66464693 66764693 978016 465542 415880
66764694 67064694 978044 467358 417576
67064695 67364695 978010 466523 416919
67364696 67664696 978012 465278 415900
67664697 67964697 978033 463551 414327
67964698 68264698 977978 462011 412802
68264699 68564699 978011 460226 411961
68564700 68864700 978039 458204 410030
68864701 69164701 978013 457124 408417
69164702 69464702 978039 455255 407472
69464703 69764703 978009 454410 407005
69764704 70064704 978010 452855 405747
70064705 70364705 978037 451587 404572
70364706 70664706 978006 451070 403824
70664707 70964707 978011 450093 402732
70964708 71264708 978044 447959 401339
71264709 71564709 978018 445584 399197
71564710 71864710 978015 444417 398067
71864711 72164711 978040 442249 396451
72164712 72464712 978009 441294 395273
72464713 72764713 978044 441066 394934
72764714 73064714 978014 439503 393825
73064715 73364715 978011 399737 358844
73364716 73664716 978038 289999 261351
73664717 73964717 978018 431267 386684
73964718 74264718 978011 435186 389807
74264719 74564719 978040 434686 389689
74564720 74864720 977975 432085 387052
74864721 75164721 978015 430856 386207
75164722 75464722 978042 429568 385136
75464723 75764723 978010 429219 384650
75764724 76064724 978041 427523 383529
76064725 76364725 978016 424244 380543
76364726 76664726 978010 423322 379817
76664727 76964727 978007 423046 379654
76964728 77264728 978018 422752 379833
77264729 77564729 978008 419543 377245
77564730 77864730 978040 419873 377231
77864731 78164731 978012 417158 374574
78164732 78464732 978018 415451 372945
78464733 78764733 978042 416530 373743
78764734 79064734 978015 416351 373775
79064735 79364735 978041 414609 372077
79364736 79664736 978012 412156 370263
79664737 79964737 978011 412308 370262
79964738 80264738 977999 410193 368715
80264739 80564739 978003 410294 368326
80564740 80864740 977977 408553 367581
80864741 81164741 978040 408231 366873
81164742 81464742 978010 406693 365950
81464743 81764743 978006 406022 365173
81764744 82064744 976278 403034 362326
82064745 82364745 978010 403389 362910
82364746 82664746 978041 401751 361646
82664747 82964747 978013 401038 360604
82964748 83264748 977981 399115 359038
83264749 83564749 978039 398762 358784
83564750 83864750 977988 397558 357982
83864751 84164751 978009 396821 357723
84164752 84464752 977974 397109 357985
84464753 84764753 978013 390670 352350
84764754 85064754 977981 393024 354314
85064755 85364755 978037 391219 352720
85364756 85664756 978009 391727 353347
85664757 85964757 978010 389464 351086
85964758 86264758 978037 388632 350476
86264759 86564759 978014 387922 349993
86564760 86864760 978043 386480 348734
86864761 87164761 978011 385427 347515
87164762 87464762 978010 383324 345747
87464763 87764763 978044 383474 346013
87764764 88064764 978013 381886 344429
88064765 88364765 977978 380665 343322
88364766 88664766 978007 379799 342779
88664767 88964767 978013 379292 342193
88964768 89264768 978012 377500 341269
89264769 89564769 978035 376524 340492
89564770 89864770 978005 374985 338731
89864771 90164771 978041 374724 338606
90164772 90464772 978005 371926 336182
90464773 90764773 978011 372520 336640
90764774 91064774 978040 371810 336065
91064775 91364775 978012 369812 333627
91364776 91664776 978015 369884 334154
91664777 91964777 978043 367585 331699
91964778 92264778 977967 367021 331251
92264779 92564779 978011 366452 330765
92564780 92864780 978043 366506 330430
92864781 93164781 977996 364737 329106
93164782 93464782 978038 364123 328591
93464783 93764783 978015 363054 328110
93764784 94064784 978012 361453 326388
94064785 94364785 978036 360324 325437
94364786 94664786 978014 359418 324222
94664787 94964787 978013 358792 323851
94964788 95264788 978040 357592 322588
95264789 95564789 978011 356964 322525
95564790 95864790 978012 356107 321581
95864791 96164791 978042 355284 320631
96164792 96464792 978014 348869 315077
96464793 96764793 978009 353035 318934
96764794 97064794 977973 351944 318265
97064795 97364795 978009 350716 316853
97364796 97664796 978043 349931 316232
97664797 97964797 978015 348645 315110
97964798 98264798 978013 348372 315126
98264799 98564799 978040 347447 314225
98564800 98864800 978015 346064 313150
98864801 99164801 978015 345401 312794
99164802 99464802 978039 344033 311515
99464803 99764803 978015 342616 309687
99764804 100064804 978043 343144 310131
100064805 100364805 978017 341617 308643
100364806 100664806 978009 340589 307977
100664807 100964807 978041 340147 307882
100964808 101264808 978010 338481 306534
101264809 101564809 947722 324883 293949
101564810 101864810 978038 260742 215493
101864811 102164811 977981 259960 214979
102164812 102464812 978010 259533 215090
102464813 102764813 978037 257816 213348
102764814 103064814 978011 257830 213507
103064815 103364815 978037 258041 214017
103364816 103664816 978008 255799 211614
103664817 103964817 978009 254872 210796
103964818 104264818 978002 254630 210395
104264819 104564819 978010 254286 210205
104564820 104864820 978011 254198 209896
104864821 105164821 978033 253012 209355
105164822 105464822 978009 252193 208970
105464823 105764823 978011 227749 189011
105764824 106064824 977999 168091 139879
106064825 106364825 978016 250044 207270
106364826 106548576 599036 60687 50347
