199
52837718 53137718 977877 1299193 1181025
53137719 53437719 977876 1347848 1222443
53437720 53737720 977847 756058 696554
53737721 54037721 977872 1319732 1198401
54037722 54337722 977854 1312364 1192453
54337723 54637723 977732 1299769 1181401
54637724 54937724 977834 1291403 1174548
54937725 55237725 977875 1276785 1162215
55237726 55537726 977851 1265092 1151877
55537727 55837727 977852 1253738 1143110
55837728 56137728 977852 1241608 1131900
56137729 56437729 977840 1235411 1126774
56437730 56737730 977804 1226421 1118802
56737731 57037731 977874 1182319 1081393
57037732 57337732 977831 1219213 1112965
57337733 57637733 977833 1216487 1110045
57637734 57937734 977769 1207613 1102893
57937735 58237735 977903 1198917 1095038
58237736 58537736 977920 1191744 1088785
58537737 58837737 977905 1174386 1073083
58837738 59137738 977873 1133614 1033824
59137739 59437739 977902 1126572 1027569
59437740 59737740 977806 1113090 1015946
59737741 60037741 977904 1100569 1005461
60037742 60337742 977847 1102984 1007718
60337743 60637743 977838 1097240 1002214
60637744 60937744 977928 1089144 995936
60937745 61237745 977821 1081681 989394
61237746 61537746 977709 1076466 984720
61537747 61837747 977907 1065951 975814
61837748 62137748 977860 1062938 972912
62137749 62437749 977836 1056012 967558
62437750 62737750 977882 1048075 960489
62737751 63037751 977863 1041199 954819
63037752 63337752 977863 1035422 949681
63337753 63637753 977851 1016892 933835
63637754 63937754 977835 1027334 943400
63937755 64237755 977859 1022148 938870
64237756 64537756 977853 1016385 933520
64537757 64837757 977850 1009758 927854
64837758 65137758 977859 1004529 923729
65137759 65437759 977840 997866 917578
65437760 65737760 977799 992629 913563
65737761 66037761 977883 984623 906978
66037762 66337762 977792 981648 904091
66337763 66637763 977918 972826 896309
66637764 66937764 977801 969436 893381
66937765 67237765 977804 962899 887573
67237766 67537766 977921 959314 884005
67537767 67837767 977865 951433 877894
67837768 68137768 977888 947974 874846
68137769 68437769 977881 942919 870244
68437770 68737770 975712 934206 862833
68737771 69037771 977793 930316 859155
69037772 69337772 977937 926576 856433
69337773 69637773 978001 920976 851663
69637774 69937774 977798 914077 845060
69937775 70237775 978004 909843 841525
70237776 70537776 977844 905075 837116
70537777 70837777 977931 897718 831140
70837778 71137778 977908 896789 830349
71137779 71437779 977784 888547 823391
71437780 71737780 977829 881240 816836
71737781 72037781 977899 877889 813859
72037782 72337782 977998 862257 799859
72337783 72637783 978002 866953 804097
72637784 72937784 977767 862507 800164
72937785 73237785 977771 857487 796111
73237786 73537786 977706 853487 792480
73537787 73837787 977826 856456 794771
73837788 74137788 977963 856171 794955
74137789 74437789 977879 851241 790849
74437790 74737790 977940 844852 784793
74737791 75037791 977832 840342 781119
75037792 75337792 977806 835439 776804
75337793 75637793 977868 831463 772757
75637794 75937794 977806 823810 766598
75937795 76237795 977943 820360 762894
76237796 76537796 977919 813783 757680
76537797 76837797 977842 810060 754301
76837798 77137798 977939 807977 752555
77137799 77437799 977868 801591 746368
77437800 77737800 977872 794411 740428
77737801 78037801 977909 787803 734457
78037802 78337802 977873 771026 719588
78337803 78637803 977874 780036 727502
78637804 78937804 977907 786682 733587
78937805 79237805 977840 789710 736139
79237806 79537806 977777 783326 730495
79537807 79837807 977831 782117 729650
79837808 80137808 977743 777141 725116
80137809 80437809 977773 772881 721050
80437810 80737810 977869 769474 718076
80737811 81037811 977875 766099 715002
81037812 81337812 977739 760963 710697
81337813 81637813 977797 756645 706976
81637814 81937814 977803 753177 703964
81937815 82237815 977842 749399 700517
82237816 82537816 977939 745429 697323
82537817 82837817 977733 731733 684920
82837818 83137818 977868 743483 695277
83137819 83437819 977941 739221 691652
83437820 83737820 977941 737173 689960
83737821 84037821 977767 734475 687053
84037822 84337822 977807 728089 681033
84337823 84637823 977878 727384 680580
84637824 84937824 977931 723584 677442
84937825 85237825 973469 718114 672513
85237826 85537826 977904 716972 671443
85537827 85837827 977874 714376 668784
85837828 86137828 977814 710998 665743
86137829 86437829 977823 708586 664240
86437830 86737830 977839 705462 660942
86737831 87037831 977801 702468 658850
87037832 87337832 977737 699875 656203
87337833 87637833 977859 695976 652538
87637834 87937834 977919 693565 650320
87937835 88237835 977840 689970 647289
88237836 88537836 977845 687074 644871
88537837 88837837 977850 681537 640099
88837838 89137838 977819 681309 639531
89137839 89437839 977757 678749 637392
89437840 89737840 977846 677583 636318
89737841 90037841 977835 674137 633286
90037842 90337842 977801 670821 630444
90337843 90637843 977883 667746 627567
90637844 90937844 977852 665358 625263
90937845 91237845 977908 662078 621846
91237846 91537846 977775 659837 620383
91537847 91837847 977820 657963 618492
91837848 92137848 977821 654722 615701
92137849 92437849 977828 652643 614069
92437850 92737850 977868 649428 611020
92737851 93037851 977887 646197 608126
93037852 93337852 977881 643817 606188
93337853 93637853 977841 639628 602125
93637854 93937854 977834 630838 594204
93937855 94237855 977828 635762 598660
94237856 94537856 977910 632475 595824
94537857 94837857 977847 629486 593216
94837858 95137858 977836 629393 592915
95137859 95437859 977904 625174 589122
95437860 95737860 977865 623130 586830
95737861 96037861 977845 619494 583799
96037862 96337862 977869 619471 584104
96337863 96637863 977854 616706 581419
96637864 96937864 977837 612382 577409
96937865 97237865 977835 612171 577387
97237866 97537866 977798 609151 574863
97537867 97837867 977829 607179 572692
97837868 98137868 977836 604324 570341
98137869 98437869 977867 602196 568115
98437870 98737870 977844 599322 565449
98737871 99037871 977874 597146 563493
99037872 99337872 977845 594802 561569
99337873 99637873 977850 593087 559889
99637874 99937874 977882 589929 556837
99937875 100237875 977729 589476 556687
100237876 100537876 977904 586938 554382
100537877 100837877 977830 583421 550923
100837878 101137878 977834 579626 547735
101137879 101437879 977888 576453 544450
101437880 101737880 977860 573930 542460
101737881 102037881 977893 567021 536310
102037882 102337882 977763 574810 543352
102337883 102637883 977892 572881 541574
102637884 102937884 977894 570470 539130
102937885 103237885 977844 568373 537525
103237886 103537886 977841 566630 536062
103537887 103837887 977845 563455 532837
103837888 104137888 977825 561193 530911
104137889 104437889 977880 558978 528903
104437890 104737890 977842 558609 528806
104737891 105037891 977843 556277 526338
105037892 105337892 977889 554260 524945
105337893 105637893 977804 552355 522685
105637894 105937894 977742 548665 519388
105937895 106237895 977873 546062 517270
106237896 106537896 977859 544171 515307
106537897 106837897 977783 497419 471401
106837898 107137898 977823 492096 466422
107137899 107437899 977837 488154 463070
107437900 107737900 977888 489271 463771
107737901 108037901 977856 489125 463666
108037902 108337902 977892 431992 410538
108337903 108637903 977830 336071 319900
108637904 108937904 977862 485697 460797
108937905 109237905 977873 483840 458962
109237906 109537906 977884 480292 455636
109537907 109837907 977748 479617 455062
109837908 110137908 977847 477999 453576
110137909 110437909 977889 476650 452317
110437910 110737910 977860 475735 451607
110737911 111037911 977862 473413 449152
111037912 111337912 977826 471409 447328
111337913 111637913 977862 469450 445523
111637914 111937914 977905 468018 444499
111937915 112237915 977857 463636 440371
112237916 112277915 130387 0 0
