19
54802849 55102849 978013 932 859
55102850 55402850 977969 928 860
55402851 55702851 977938 872 807
55702852 56002852 978004 760 703
56002853 56302853 977998 592 555
56302854 56602854 978008 847 779
56602855 56902855 977970 968 903
56902856 57202856 977913 762 690
57202857 57502857 977968 773 719
57502858 57802858 977970 970 902
57802859 58102859 977948 1055 962
58102860 58402860 978006 679 635
58402861 58702861 978006 859 791
58702862 59002862 978009 973 892
59002863 59302863 977907 1026 933
59302864 59602864 977974 936 866
59602865 59902865 977928 592 550
59902866 60202866 978001 984 901
60202867 60220373 57071 43 39
