23
45048482 45166464 384633 103177 95586
45179627 45297676 384853 999 979
45303469 45422937 389459 2029 1986
45428733 45546747 384737 3981 3882
45554051 45673502 389431 7644 7463
45679311 45798823 389571 14035 13619
45806138 45924152 384736 24268 23513
45929971 46049434 389470 40122 38519
46056714 46174676 384568 58776 55787
46181976 46301500 389642 80152 75141
46307260 46426746 389546 96047 89323
46432630 46552051 389334 103387 95901
46557834 46677394 389759 98496 91619
46683151 46802653 389596 83868 78507
46808449 46927903 389441 63844 60530
46933760 47053213 389415 43783 41990
47059079 47178537 389452 26860 25927
47184325 47303859 389704 15454 15019
47309647 47429092 389384 8239 8051
47434951 47552965 384739 4270 4151
47560281 47679767 389546 2122 2070
47685530 47805031 389566 1156 1133
47816713 47936168 389417 101896 94589
