179
26149892 26449892 978011 1110108 1018138
26449893 26749893 977967 627692 584167
26749894 27049894 978009 1092713 1003567
27049895 27349895 978013 1108477 1016816
27349896 27649896 978010 1099874 1009387
27649897 27949897 978006 1094280 1004633
27949898 28249898 977974 1085639 997114
28249899 28549899 978008 1078659 991559
28549900 28849900 978003 1073098 986582
28849901 29149901 977983 1067092 981478
29149902 29449902 978011 1058581 973699
29449903 29749903 977970 1052009 968231
29749904 30049904 977945 1049308 966376
30049905 30349905 977996 1040005 957767
30349906 30649906 978012 1035167 954286
30649907 30949907 978012 1012622 934347
30949908 31249908 977963 1030489 949830
31249909 31549909 977968 1024889 944951
31549910 31849910 977948 1020353 940724
31849911 32149911 978010 1015660 936597
32149912 32449912 978016 1009607 932162
32449913 32749913 977974 1005938 928346
32749914 33049914 978037 1000427 923655
33049915 33349915 978010 995959 919944
33349916 33649916 978029 989191 914041
33649917 33949917 977909 986060 911552
33949918 34249918 977945 981197 907329
34249919 34549919 978037 975977 902630
34549920 34849920 978011 969595 896944
34849921 35149921 977943 965153 893224
35149922 35449922 978030 958270 886349
35449923 35749923 977978 953082 882735
35749924 36049924 977946 950997 880373
36049925 36349925 978037 946942 877457
36349926 36649926 978015 942192 873386
36649927 36949927 978034 939658 871010
36949928 37249928 978008 935213 866948
37249929 37549929 977974 928893 861416
37549930 37849930 978002 913031 847524
37849931 38149931 977944 923036 856345
38149932 38449932 978008 918596 851909
38449933 38749933 977939 912787 847270
38749934 39049934 977969 911447 845847
39049935 39349935 978005 905865 840936
39349936 39649936 978037 901432 837413
39649937 39949937 978010 897210 833910
39949938 40249938 978039 893366 829751
40249939 40549939 978009 890912 828198
40549940 40849940 978008 887012 824767
40849941 41149941 978005 883959 821661
41149942 41449942 977974 878733 816960
41449943 41749943 977915 872490 811502
41749944 42049944 978004 872456 812172
42049945 42349945 978009 866603 806276
42349946 42649946 978013 863022 803542
42649947 42949947 978000 861625 801986
42949948 43249948 977976 854286 795721
43249949 43549949 977978 853006 794941
43549950 43849950 977948 847523 789450
43849951 44149951 977911 835569 779228
44149952 44449952 978006 831145 774917
44449953 44749953 978008 840862 783897
44749954 45049954 978012 835350 778896
45049955 45349955 978036 834331 778051
45349956 45649956 977948 830121 774262
45649957 45949957 976267 821980 766697
45949958 46249958 978006 822038 767202
46249959 46549959 978012 819199 764652
46549960 46849960 978037 815110 761076
46849961 47149961 977978 814901 760759
47149962 47449962 977981 808655 755369
47449963 47749963 978003 804887 751984
47749964 48049964 978012 805201 752437
48049965 48349965 978008 799798 746871
48349966 48649966 978003 797488 745514
48649967 48949967 978009 793609 741950
48949968 49249968 977943 790335 739056
49249969 49549969 978004 786540 735555
49549970 49849970 978013 784823 734324
49849971 50149971 978037 781700 731354
50149972 50449972 977977 777887 727908
50449973 50749973 978016 765386 717046
50749974 51049974 978007 772474 723322
51049975 51349975 977971 768673 719633
51349976 51649976 977944 764652 716036
51649977 51949977 978039 764142 715973
51949978 52249978 978013 760788 712901
52249979 52549979 977980 758796 711231
52549980 52849980 978039 754970 707491
52849981 53149981 978008 750481 703820
53149982 53449982 978013 748061 701599
53449983 53749983 978008 744198 697521
53749984 54049984 977981 742075 695897
54049985 54349985 978042 740774 694938
54349986 54649986 977980 739504 693533
54649987 54949987 977978 736056 690483
54949988 55249988 978033 733573 687957
55249989 55549989 977976 730703 685694
55549990 55849990 977977 729303 684635
55849991 56149991 978033 726947 682202
56149992 56449992 978010 722642 678387
56449993 56749993 978011 720578 676460
56749994 57049994 978001 716815 673266
57049995 57349995 977941 714126 670958
57349996 57649996 978035 711012 668234
57649997 57949997 977972 710862 667968
57949998 58249998 977972 706027 663304
58249999 58549999 974014 702044 659776
58550000 58850000 977977 703390 660831
58850001 59150001 901652 641902 603601
59150002 59450002 975055 535384 503652
59450003 59750003 977962 696155 655005
59750004 60050004 977869 682505 642409
60050005 60350005 977802 669801 630773
60350006 60650006 977975 669834 630983
60650007 60950007 977915 667001 628195
60950008 61250008 978001 663659 625206
61250009 61550009 977907 663613 625749
61550010 61850010 977905 659635 621489
61850011 62150011 977868 658407 620690
62150012 62450012 977875 656290 618593
62450013 62750013 977834 656067 618698
62750014 63050014 978004 653297 616190
63050015 63350015 977943 650574 613489
63350016 63650016 977902 647714 610935
63650017 63950017 977852 646347 609476
63950018 64250018 977977 643062 607003
64250019 64550019 977969 640467 603817
64550020 64850020 977907 640871 604757
64850021 65150021 977911 636902 600917
65150022 65450022 977936 634979 599376
65450023 65750023 977838 634079 598453
65750024 66050024 977913 633341 598078
66050025 66350025 978002 630522 595425
66350026 66650026 977977 627487 592600
66650027 66950027 977971 625744 590914
66950028 67250028 977971 625386 590632
67250029 67550029 977877 622948 588479
67550030 67850030 977995 620649 586566
67850031 68150031 978008 617654 583646
68150032 68450032 977907 616246 582250
68450033 68750033 977929 613556 579895
68750034 69050034 977941 613396 579654
69050035 69350035 977967 610738 577368
69350036 69650036 977969 609460 576082
69650037 69950037 977905 606768 573817
69950038 70250038 977939 604584 571825
70250039 70550039 977906 595435 563228
70550040 70850040 977878 603377 570623
70850041 71150041 977932 601283 568228
71150042 71450042 977929 598736 566326
71450043 71750043 977908 596250 564204
71750044 72050044 978003 594680 562620
72050045 72350045 977880 592045 560215
72350046 72650046 977940 591416 559713
72650047 72950047 977936 590784 559270
72950048 73250048 977908 589361 557648
73250049 73550049 977972 586715 555607
73550050 73850050 977909 584366 553097
73850051 74150051 977912 583429 552591
74150052 74450052 977899 581035 550352
74450053 74750053 977871 580102 549849
74750054 75050054 977841 578366 547497
75050055 75350055 978000 577508 547147
75350056 75650056 977811 575214 545114
75650057 75950057 977944 572811 542637
75950058 76250058 978000 570466 540950
76250059 76550059 977909 570599 540763
76550060 76850060 977836 568475 538669
76850061 77150061 977943 565748 536188
77150062 77450062 977978 563449 534086
77450063 77750063 977998 563988 534473
77750064 78050064 977901 561011 531865
78050065 78350065 977835 557843 529080
78350066 78650066 978003 557190 528308
78650067 78950067 977974 557682 528856
78950068 79250068 977922 553893 525547
79250069 79550069 977862 552807 524428
79550070 79658403 353134 26961 25569
