114
66702799 67002799 977943 1219430 1106773
67002800 67302800 977937 1212218 1101773
67302801 67602801 977945 904312 827414
67602802 67902802 977965 956236 874445
67902803 68202803 977911 1185544 1078911
68202804 68502804 977811 1175820 1070480
68502805 68802805 977969 1167576 1063416
68802806 69102806 978007 1156502 1053941
69102807 69402807 977971 1147788 1045689
69402808 69702808 977899 1138181 1038075
69702809 70002809 977875 1130168 1031161
70002810 70302810 977844 1126541 1028421
70302811 70602811 977868 1116963 1019479
70602812 70902812 977907 1104875 1009725
70902813 71202828 977928 1094375 1000566
71202829 71502829 977965 1099335 1004859
71502830 71802830 977810 1092074 998578
71802831 72102831 977906 1083116 990991
72102832 72402832 977975 1078918 987275
72402833 72702833 977944 1072345 981111
72702834 73002834 977961 1063265 974304
73002835 73302835 977971 1055944 967457
73302836 73602836 977878 1050149 962417
73602837 73902837 977904 1044398 957418
73902838 74202838 977906 1036448 950831
74202839 74502839 977911 1031492 945889
74502840 74802840 977898 1024527 940867
74802841 75102841 977973 1020235 937254
75102842 75402842 977968 1012695 930121
75402843 75702843 977938 1006976 926054
75702844 76002844 977876 988069 909361
76002845 76302845 977940 994442 914686
76302846 76602846 977905 989641 910302
76602847 76902847 977841 981536 903213
76902848 77202848 977970 976586 898414
77202849 77502849 977974 972415 895769
77502850 77802850 977876 964076 888087
77802851 78102851 977996 959619 884227
78102852 78402852 977969 954109 879050
78402853 78702853 978004 948785 874603
78702854 79002854 977973 943461 870218
79002855 79302855 977867 938225 865586
79302856 79602856 977934 934225 862770
79602857 79902857 977976 926609 855449
79902858 80202858 977911 921134 850817
80202859 80502859 977837 917165 847202
80502860 80802860 977947 909872 841065
80802861 81102861 977872 904305 835791
81102862 81402862 977964 898234 829972
81402863 81702863 977907 896014 828691
81702864 82002864 977933 892444 825611
82002865 82302865 977806 885973 820080
82302866 82602866 977933 882077 816627
82602867 82902867 977835 878062 812574
82902868 83202868 977911 873026 809155
83202869 83502869 977969 861667 799096
83502870 83802870 977933 867642 804122
83802871 84102871 977776 863084 799896
84102872 84402872 977935 859493 796993
84402873 84702873 977934 855585 793209
84702874 85002874 977972 850471 789309
85002875 85302875 978003 846791 785523
85302876 85602876 978005 840366 780249
85602877 85902877 977905 837760 778117
85902878 86202878 977922 833468 774034
86202879 86502879 977943 829054 770434
86502880 86802880 977809 823484 765215
86802881 87102881 977971 819545 761861
87102882 87402882 977833 815313 758176
87402883 87702883 977900 809914 753449
87702884 88002884 977998 807599 750890
88002885 88302885 977975 804022 748383
88302886 88602886 977935 799888 744206
88602887 88902887 977944 796101 740981
88902888 89202888 977943 789690 735224
89202889 89502889 977999 789129 734847
89502890 89802890 977906 784231 730156
89802891 90102891 977906 780916 727418
90102892 90402892 977933 776243 723152
90402893 90702893 977939 774332 721579
90702894 91002894 977867 759248 708386
91002895 91302895 977967 748660 698412
91302896 91602896 977974 745437 695790
91602897 91902897 977866 741907 692979
91902898 92202898 977904 729539 681907
92202899 92502899 977973 736474 688053
92502900 92802900 977899 733523 685632
92802901 93102901 977839 730358 682388
93102902 93402902 977939 726175 678651
93402903 93702903 977866 724995 678287
93702904 94002904 977909 720803 674035
94002905 94302905 977917 718088 671675
94302906 94602906 977973 713100 667405
94602907 94902907 977944 708557 663427
94902908 95202908 977934 709143 663320
95202909 95502909 977879 704614 659904
95502910 95802910 977937 700253 655504
95802911 96102911 977900 698877 654813
96102912 96402912 977905 695541 651367
96402913 96702913 977738 692148 648444
96702914 97002914 977870 690214 647055
97002915 97302915 977879 687236 644011
97302916 97602916 978005 686201 642873
97602917 97902917 977968 682571 640255
97902918 98202918 977940 683261 641264
98202919 98502924 977884 677305 635165
98502925 98802925 977902 675673 633876
98802926 99102926 977877 673015 631354
99102927 99402927 978023 669749 628446
99402928 99702928 977876 667938 626924
99702929 100002929 977910 663310 622636
100002930 100302930 977930 652165 612652
100302931 100602931 977804 442286 415409
100602932 100649582 152076 0 0
