39
30910173 31210173 977800 69740 61134
31210174 31510174 977803 69639 61003
31510175 31810175 977824 68726 60391
31810176 32110176 977793 67241 59112
32110177 32410177 977607 66669 58712
32410178 32710178 977766 39475 35181
32710179 33010179 977754 64786 56953
33010180 33310180 977730 63990 56387
33310181 33610181 977760 62603 55332
33610182 33910182 977849 61947 54729
33910183 34210183 977808 60908 53855
34210184 34510184 977815 59945 53031
34510185 34810185 977784 59200 52423
34810186 35110186 977795 58450 51790
35110187 35410187 977743 57375 50905
35410188 35710188 977772 56494 50010
35710189 36010189 977804 56027 49778
36010190 36310190 977820 55422 49244
36310191 36610191 977824 55102 49020
36610192 36910192 977828 54024 48204
36910193 37210193 977830 53584 47788
37210194 37510194 977803 52909 47048
37510195 37810195 977854 52213 46675
37810196 38110196 977771 51288 45608
38110197 38410197 977893 51429 45985
38410198 38710198 977777 50444 45167
38710199 39010199 977736 49940 44622
39010200 39310200 977768 49082 43933
39310201 39610201 977866 48812 43701
39610202 39910202 977860 48234 43275
39910203 40210203 977784 47755 42755
40210204 40510204 977923 47575 42650
40510205 40810205 977827 46883 42117
40810206 41110206 977673 46314 41565
41110207 41410207 977880 45886 41201
41410208 41710208 977679 45281 40695
41710209 42010209 977712 44799 40304
42010210 42310210 977845 38015 34380
42310211 42584115 892825 21087 19051
