55
39351968 39651968 978019 871220 862626
39651969 39951969 973642 644877 638550
39951970 40251970 978014 1003650 993062
40251971 40551971 978045 996271 985816
40551972 40851972 977978 990157 979692
40851973 41151973 978012 982447 972210
41151974 41451974 978038 978124 967830
41451975 41751975 978016 970668 960540
41751976 42051976 978014 963590 953538
42051977 42351977 978042 960282 950241
42351978 42651978 977979 955728 945848
42651979 42951979 978039 950045 940255
42951980 43251980 978017 944813 935273
43251981 43551981 978018 939628 930063
43551982 43851982 978007 934663 925026
43851983 44151983 978007 919244 909906
44151984 44451984 978013 938022 928530
44451985 44751985 978037 932723 923179
44751986 45051986 978012 926647 917170
45051987 45351987 978011 923236 913886
45351988 45651988 978043 917193 907996
45651989 45951989 978013 912552 903494
45951990 46251990 978039 907323 898136
46251991 46551991 978019 903231 894058
46551992 46851992 978014 899933 890864
46851993 47151993 978035 894874 885929
47151994 47451994 978014 889539 880565
47451995 47751995 978015 884340 875526
47751996 48051996 978007 879226 870584
48051997 48351997 977985 874611 865900
48351998 48651998 978016 868235 859773
48651999 48951999 978044 863837 855476
48952000 49252000 978012 857363 848902
49252001 49552001 978038 854914 846614
49552002 49852002 978016 851657 843346
49852003 50152003 978014 848281 840069
50152004 50452004 978040 841698 833459
50452005 50752005 978018 838395 830435
50752006 51052006 978016 834197 826028
51052007 51352007 978041 832584 824541
51352008 51652008 978014 829869 821881
51652009 51952009 978004 824565 816706
51952010 52252010 978040 819102 811042
52252011 52552011 978016 816329 808516
52552012 52852012 978047 813697 805751
52852013 53152013 978015 810501 802626
53152014 53452014 978016 811050 803423
53452015 53752015 978041 804168 796624
53752016 54052016 978014 802113 794582
54052017 54352017 978012 799412 792058
54352018 54652018 978010 792638 785065
54652019 54952019 978007 791737 784249
54952020 55252020 978011 790434 783047
55252021 55552021 978045 787961 780479
55552022 55731899 586414 186972 185210
