200
46777125 47077125 977978 1042565 1031435
47077126 47377126 977942 1034729 1023743
47377127 47677127 977905 1026999 1016133
47677128 47977128 977912 1024150 1013170
47977129 48277129 977907 1017036 1006188
48277130 48577130 977940 925951 916351
48577131 48877131 977839 654464 648124
48877132 49177132 977898 991016 980651
49177133 49477133 977907 1001614 991092
49477134 49777134 977912 994849 984317
49777135 50077135 977904 990041 979653
50077136 50377136 977912 985447 975147
50377137 50677137 977840 962915 952519
50677138 50977138 977933 952919 942682
50977139 51277139 977943 950834 940858
51277140 51577140 975276 961316 951475
51577141 51877141 977975 961856 952111
51877142 52177142 977879 958575 948773
52177143 52477143 977971 951068 941273
52477144 52777144 977944 945011 935326
52777145 53077145 977912 943475 933909
53077146 53377146 977838 938101 928690
53377147 53677147 977814 930838 921517
53677148 53977148 977966 928315 918977
53977149 54277149 977908 914080 905038
54277150 54577150 977945 918679 909262
54577151 54877151 977870 918028 908851
54877152 55177152 977976 914348 905167
55177153 55477153 977899 911199 902097
55477154 55777154 977972 905129 896270
55777155 56077155 977878 901040 892111
56077156 56377156 977802 895547 886687
56377157 56677157 977804 892825 884156
56677158 56977158 977859 889977 881193
56977159 57277159 977905 885039 876357
57277160 57577160 977977 880942 872291
57577161 57877161 977877 879268 870481
57877162 58177162 977907 874665 866139
58177163 58477163 977911 871376 862853
58477164 58777164 977974 866950 858541
58777165 59077165 977864 861473 853039
59077166 59377166 977872 859439 851148
59377167 59677167 977814 854977 846599
59677168 59977168 977876 852125 843820
59977169 60277169 977909 848610 840206
60277170 60577170 977944 840148 832000
60577171 60877171 977968 832515 824539
60877172 61177172 977912 840331 832209
61177173 61477173 977938 833299 825378
61477174 61777174 977880 832742 824670
61777175 62077175 977809 826662 818741
62077176 62377176 977970 824186 816447
62377177 62677177 977911 820949 813022
62677178 62977178 977911 818777 811017
62977179 63277179 977868 815220 807523
63277180 63577180 977881 811349 803505
63577181 63877181 977844 807295 799589
63877182 64177182 977936 803349 795636
64177183 64477183 977841 801339 793822
64477184 64777184 977872 798461 790896
64777185 65077185 977975 797913 790243
65077186 65377186 977941 791952 784565
65377187 65677187 977936 790875 783433
65677188 65977188 977909 787754 780412
65977189 66277189 977943 783983 776674
66277190 66577190 977967 782079 774950
66577191 66877191 977911 779302 772095
66877192 67177192 977844 775648 768508
67177193 67477193 977899 771752 764576
67477194 67777194 977975 768713 761655
67777195 68077195 977872 765824 758714
68077196 68377196 977906 763457 756359
68377197 68677197 977773 759584 752606
68677198 68977198 977868 758222 751432
68977199 69277199 977942 754335 747589
69277200 69577200 977873 751471 744575
69577201 69877201 977901 746912 739988
69877202 70177202 977943 744282 737548
70177203 70477203 977909 743041 736191
70477204 70777204 977836 740198 733423
70777205 71077205 977843 738057 731308
71077206 71377206 978002 733776 727242
71377207 71677207 977942 722406 715763
71677208 71977208 977844 730364 723842
71977209 72277209 977903 726694 720094
72277210 72577210 977742 724517 717953
72577211 72877211 977973 722649 716104
72877212 73177212 977935 705378 699142
73177213 73477213 977841 688086 682117
73477214 73777214 977714 682251 676365
73777215 74077215 977936 687197 681103
74077216 74377216 977743 682795 676827
74377217 74677217 977773 681569 675717
74677218 74977218 978007 680639 674626
74977219 75277219 977938 677011 671061
75277220 75577220 977965 677049 671122
75577221 75877221 977841 673659 667743
75877222 76177222 977804 670983 664997
76177223 76477223 977803 669257 663617
76477224 76777224 977903 668558 662605
76777225 77077225 977713 665996 660285
77077226 77377226 977972 662534 656797
77377227 77677227 977879 662505 656748
77677228 77977228 977932 659468 653707
77977229 78277229 977742 656586 650935
78277230 78577230 977874 655939 650344
78577231 78877231 977971 653208 647639
78877232 79177232 977909 650921 645329
79177233 79477233 977778 649876 644216
79477234 79777234 977833 638633 633137
79777235 80077235 977874 645274 639747
80077236 80377236 977784 642307 636789
80377237 80677237 977870 641378 635875
80677238 80977238 978005 640478 635097
80977239 81277239 977840 637978 632564
81277240 81577240 977881 635277 629741
81577241 81877241 977808 633362 628105
81877242 82177242 977870 632771 627158
82177243 82477243 977973 629546 624293
82477244 82777244 977809 627376 621985
82777245 83077245 977870 626913 621700
83077246 83377246 977813 624510 619212
83377247 83677247 977943 622180 616932
83677248 83977248 977809 620035 614753
83977249 84277249 977943 616482 611283
84277250 84577255 977863 614419 609181
84577256 84877256 977901 614677 609376
84877257 85177257 977902 611622 606527
85177258 85477258 977870 610971 605848
85477259 85777259 977905 609269 604107
85777260 86077260 977905 606514 601436
86077261 86377261 977835 605544 600457
86377262 86677262 977807 603600 598689
86677263 86977263 977940 593900 589081
86977264 87277264 977906 601699 596591
87277265 87577265 977938 598784 593928
87577266 87877266 977832 596181 591260
87877267 88177267 977905 595635 590763
88177268 88477268 977844 594315 589488
88477269 88777269 977971 589590 584804
88777270 89077291 977896 584063 579387
89077292 89377296 977931 583701 578905
89377297 89677297 978001 581080 576245
89677298 89977298 977944 582339 577577
89977299 90277299 977872 579244 574571
90277300 90577300 977905 575799 570990
90577301 90877301 977711 575416 570650
90877302 91177302 977943 572956 568270
91177303 91477303 977968 572270 567529
91477304 91777304 977911 568996 564343
91777305 92077305 977963 568711 564065
92077306 92377306 977815 566464 561795
92377307 92677307 977973 565513 560912
92677308 92977308 977898 565369 560791
92977309 93277309 977906 564305 559765
93277310 93577310 977911 563111 558558
93577311 93877311 977874 558937 554412
93877312 94177312 977814 558326 553733
94177313 94477313 977878 556189 551802
94477314 94777314 977906 554079 549601
94777315 95077315 977911 554482 549937
95077316 95377316 977936 546575 542199
95377317 95677317 977847 552048 547687
95677318 95977318 977880 551616 547177
95977319 96277319 977867 549742 545306
96277320 96577320 977907 548756 544324
96577321 96877321 977842 546890 542537
96877322 97177322 977966 546760 542470
97177323 97477323 977875 543759 539441
97477324 97777324 977875 543663 539267
97777325 98077325 977868 541922 537718
98077326 98377326 977879 539606 535202
98377327 98677327 977872 538496 534306
98677328 98977328 978007 536701 532373
98977329 99277329 977780 533826 529605
99277330 99577330 977933 531684 527334
99577331 99877331 977843 531490 527288
99877332 100177332 977840 530050 525829
100177333 100477333 977839 528760 524546
100477334 100777334 977946 526552 522439
100777335 101077335 977841 526575 522390
101077336 101377336 977940 523911 519838
101377337 101677337 977940 522425 518297
101677338 101977338 977873 521058 517134
101977339 102277339 977909 518959 514966
102277340 102577340 977807 519099 515015
102577341 102877341 977969 516265 512184
102877342 103177342 977882 513912 509855
103177343 103477343 977777 514034 510072
103477344 103777344 977971 512295 508274
103777345 104077345 977743 494411 490640
104077346 104377346 977912 489596 485910
104377347 104677347 977972 487118 483373
104677348 104977348 977844 486541 482858
104977349 105277349 977835 479215 475548
105277350 105577350 977873 281975 280060
105577351 105877351 977907 483919 480182
105877352 106177352 977900 483523 479854
106177353 106477353 977805 342242 339591
106477354 106523555 150576 0 0
