81
40688587 40988587 978016 827025 746322
40988588 41288588 978014 617903 560946
41288589 41588589 978036 871305 785613
41588590 41888590 978019 877954 791216
41888591 42188591 978018 873279 786918
42188592 42488592 978040 871379 784863
42488593 42788593 978016 868586 782536
42788594 43088594 977977 864952 779735
43088595 43388595 978042 862650 777211
43388596 43688596 978012 858228 773541
43688597 43988597 978002 856710 773267
43988598 44288598 978013 850845 767833
44288599 44588599 978013 849967 767173
44588600 44888600 978042 844660 762573
44888601 45188601 978017 842717 760404
45188602 45488602 977974 837379 756181
45488603 45788603 978004 836062 755163
45788604 46088604 977947 833556 752676
46088605 46388605 977976 830043 749618
46388606 46688606 978005 826904 747156
46688607 46988607 977995 825656 746333
46988608 47288615 977967 821741 742665
47288616 47588616 978029 823097 744323
47588617 47888617 978014 810175 732946
47888618 48188618 978037 818970 740791
48188619 48488619 978011 816986 738652
48488620 48788620 978009 814311 736724
48788621 49088621 978040 811992 734837
49088622 49388622 977965 808767 731846
49388623 49688623 978015 806595 730259
49688624 49988624 978007 804463 728132
49988625 50288625 978014 801439 725868
50288626 50588626 978008 800224 724110
50588627 50888627 978034 797348 722239
50888628 51188628 978013 795099 720059
51188629 51488629 978042 792796 718038
51488630 51788630 977978 791473 717427
51788631 52088631 978011 787304 713372
52088632 52388632 978007 785406 710924
52388633 52688633 978012 783157 709570
52688634 52988634 978007 782107 708715
52988635 53288635 978002 777701 705562
53288636 53588636 978012 777206 705154
53588637 53888637 978013 774759 703123
53888638 54188638 978041 657381 598243
54188639 54488639 978007 592514 539395
54488640 54788640 978041 755812 686481
54788641 55088641 978015 747429 678463
55088642 55388642 978015 744626 676061
55388643 55688643 978040 744076 675767
55688644 55988644 978014 724684 658584
55988645 56288645 978014 546734 499944
56288646 56588646 978044 646573 588737
56588647 56888647 977975 731006 664237
56888648 57188648 978006 728569 662308
57188649 57488649 978040 726505 660287
57488650 57788650 978016 722825 657122
57788651 58088651 978042 722293 656233
58088652 58388652 978010 720734 655174
58388653 58688653 978011 717151 652118
58688654 58988654 978038 716561 651208
58988655 59288655 978014 713762 648971
59288656 59588656 977982 713289 648703
59588657 59888657 978041 711983 647382
59888658 60188658 978012 711271 646595
60188659 60488659 978013 708429 644732
60488660 60788660 978005 707411 643428
60788661 61088661 978006 704038 640586
61088662 61388662 978042 701626 637887
61388663 61688663 978010 701284 638225
61688664 61988664 978013 698760 636101
61988665 62288665 978040 697616 635047
62288666 62588666 978017 696571 634353
62588667 62888667 978011 695325 633234
62888668 63188668 978040 691924 630441
63188669 63488669 977998 691126 629641
63488670 63788670 978013 689268 627837
63788671 64088671 978040 688479 627121
64088672 64388672 978012 405790 370050
64388673 64688673 978042 0 0
64688674 64762047 239197 0 0
