102
82274354 82574354 21134689 40324502 38418796
82574355 82874355 21232187 40410858 38501165
82874356 83174356 21449208 40727294 38805035
83174357 83474357 21391918 40508333 38598325
83474358 83774358 21423734 40481955 38572668
83774359 84074359 21396064 40332977 38431995
84074360 84374360 21379288 40222122 38328075
84374361 84674361 21283410 39917135 38044745
84674362 84974362 21260288 39800472 37937318
84974363 85274363 21216802 39602856 37753151
85274364 85574364 21255625 39589868 37745775
85574365 85874365 21206310 39425431 37590785
85874366 86174366 20862944 38683863 36886428
86174367 86474367 20657676 38228502 36455969
86474368 86774368 21248282 39232695 37420987
86774369 87074369 21204482 39039061 37240603
87074370 87374370 21112486 38757083 36978307
87374371 87674371 21108660 38651431 36880207
87674372 87974372 21054856 38487738 36724988
87974373 88274373 21018700 38326561 36574208
88274374 88574374 21006754 38225222 36478126
88574375 88874375 20980837 38108095 36373129
88874376 89174376 20938297 37979541 36251977
89174377 89474377 20927936 37885373 36165311
89474378 89774378 20666814 37340705 35652651
89774379 90074379 20610692 37177302 35498380
90074380 90374380 20817294 37461407 35772352
90374381 90674381 20779787 37317845 35637985
90674382 90974382 20683728 37050305 35386706
90974383 91274383 20696739 36996376 35338086
91274384 91574384 20639678 36815863 35170612
91574385 91874385 20606110 36687292 35048081
91874386 92174386 20592227 36586498 34958123
92174387 92474387 20539234 36427064 34805498
92474388 92774388 20504414 36304645 34692903
92774389 93074389 20500017 36222463 34618003
93074390 93374390 20327111 35849957 34266051
93374391 93674391 20215861 35583878 34015213
93674392 93974473 19828377 34842171 33309768
93974474 94274474 19961966 34983721 33446777
94274475 94574475 20287283 35479130 33923716
94574476 94874476 20279581 35406909 33854797
94874477 95174477 19794677 34498657 32992900
95174478 95474478 20208188 35152863 33621025
95474479 95774479 20101326 34891926 33375070
95774480 96074480 19747539 34225265 32739105
96074481 96374481 20122894 34840505 33330318
96374482 96674482 20083333 34713550 33213508
96674483 96974483 19806109 34166031 32689760
96974484 97274484 19923594 34300709 32821155
97274485 97574485 19968336 34306999 32834475
97574486 97874486 19902535 34106167 32643428
97874487 98174487 19900740 34050081 32593116
98174488 98474488 19868472 33950659 32500031
98474489 98774489 19818748 33775366 32334114
98774490 99074490 19783677 33653229 32222120
99074491 99374491 19756900 33565532 32142012
99374492 99674492 19719651 33469686 32049330
99674493 99974493 19690104 33377973 31961914
99974494 100274494 19682820 33320895 31911998
100274495 100574495 19609688 33143985 31744104
100574496 100874496 19253828 32483606 31113946
100874497 101174497 19572883 32947514 31559272
101174498 101474498 19519577 32799274 31423278
101474499 101774499 19483882 32691943 31318926
101774500 102074500 19453979 32584171 31218570
102074501 102374501 19411801 32442095 31086841
102374502 102674502 19394491 32351772 31002904
102674503 102974503 19365360 32276285 30930794
102974504 103274504 19350386 32216465 30877028
103274505 103574505 19312533 32105642 30773865
103574506 103874506 19277797 31980736 30657066
103874507 104174507 19228291 31856351 30542251
104174508 104474508 19110266 31598092 30294557
104474509 104774509 19118756 31549777 30250006
104774510 105074510 19063003 31393520 30106531
105074511 105374511 19014248 31277327 29995389
105374512 105674512 19012707 31218408 29939702
105674513 105974513 18973914 31079642 29809580
105974514 106274514 18920178 30943302 29684801
106274515 106574515 18921759 30911070 29651720
106574516 106874516 18896242 30844794 29590081
106874517 107174517 18870206 30768400 29520691
107174518 107474518 18817912 30635589 29392803
107474519 107774519 18695564 30394209 29163991
107774520 108074520 18491530 29994026 28783816
108074521 108374521 18710455 30295033 29074795
108374522 108674522 18678819 30194259 28982654
108674523 108974523 18631663 30058347 28852381
108974524 109274524 18609879 29978671 28779964
109274525 109574525 18393729 29416218 28248160
109574526 109874526 18598714 29955469 28759410
109874527 110174527 18609645 30006210 28803411
110174528 110474528 18576401 29913052 28719527
110474529 110774529 18573102 29866176 28674822
110774530 111074530 18569035 29810737 28621927
111074531 111374531 18491961 29645732 28463060
111374532 111674532 18288780 29281838 28116892
111674533 111974533 18456284 29518739 28345624
111974534 112274534 18427701 29428729 28260732
112274535 112574535 18406256 29347822 28187714
112574536 112615275 2491143 3968790 3811937
