266
39678387 39978387 978014 811618 713533
39978388 40278388 978035 803995 707168
40278389 40578389 977978 798614 702523
40578390 40878390 978011 792708 697255
40878391 41178391 978035 785860 691801
41178392 41478392 978014 780759 687429
41478393 41778393 978009 680775 602260
41778394 42078394 978037 552671 489726
42078395 42378395 978006 777580 685082
42378396 42678396 977979 774965 682630
42678397 42978397 978039 771365 679632
42978398 43278398 977942 766247 674994
43278399 43578399 977923 763571 673324
43578400 43878400 977976 759616 669392
43878401 44178401 977992 756438 666411
44178402 44478402 977990 755312 666100
44478403 44778403 977975 751160 661559
44778404 45078404 977979 746303 656745
45078405 45378405 978005 744856 656906
45378406 45678406 977975 740766 652859
45678407 45978407 970073 826442 733469
45978408 46278408 978035 860177 765097
46278409 46578409 978008 862570 767078
46578410 46878410 978008 858668 763739
46878411 47178411 978039 856172 761523
47178412 47478412 978014 852535 758367
47478413 47778413 978041 850137 756935
47778414 48078414 977977 844217 751986
48078415 48378415 978014 842076 749864
48378416 48678416 978038 837687 746196
48678417 48978417 978013 833645 743053
48978418 49278418 978007 832023 741502
49278419 49578419 978039 828709 738189
49578420 49878420 978009 824827 734639
49878421 50178421 978011 821100 732467
50178422 50478422 978010 816199 728709
50478423 50778423 978008 813295 725541
50778424 51078424 978034 810622 723978
51078425 51378425 978017 797041 712257
51378426 51678426 978011 809156 722271
51678427 51978427 978043 804351 718274
51978428 52278428 977978 799173 713302
52278429 52578429 978012 796538 711697
52578430 52878430 978037 791117 706706
52878431 53178431 978018 786931 702788
53178432 53478432 978013 783906 700802
53478433 53778433 978045 779366 697538
53778434 54078434 978014 776363 694359
54078435 54378435 978037 776106 694849
54378436 54678436 978015 774551 693440
54678437 54978437 978014 770571 689343
54978438 55278438 978037 767485 686683
55278439 55578439 978013 764069 683852
55578440 55878440 978012 762403 682212
55878441 56178441 978039 761370 681634
56178442 56478442 977980 759017 678467
56478443 56778443 977980 756225 677088
56778444 57078444 978006 753882 674399
57078445 57378445 978013 741014 663325
57378446 57678446 978044 754107 674412
57678447 57978447 977974 752195 672913
57978448 58278448 978013 747842 669226
58278449 58578449 978042 745455 667359
58578450 58878450 978012 742272 665162
58878451 59178451 978015 738955 662376
59178452 59478452 978041 736848 660429
59478453 59778453 978015 733962 659027
59778454 60078454 978010 730259 654627
60078455 60378455 978034 727279 652176
60378456 60678456 978012 723432 649629
60678457 60978457 978039 722930 649258
60978458 61278458 978017 719819 646565
61278459 61578459 978013 718568 644961
61578460 61878460 978002 715276 642863
61878461 62178461 978010 709652 638030
62178462 62478462 978012 709336 637403
62478463 62778463 978035 707545 635773
62778464 63078464 978013 700749 630112
63078465 63378465 978010 699506 629449
63378466 63678466 978039 696556 626690
63678467 63978467 978015 692651 623741
63978468 64278468 978040 693462 624280
64278469 64578469 977940 694994 625348
64578470 64878470 977983 690836 621500
64878471 65178471 978043 689532 620505
65178472 65478472 978013 686834 618781
65478473 65778473 978012 684272 616680
65778474 66078474 977999 682648 615048
66078475 66378475 978012 681584 613963
66378476 66678476 978013 677630 610676
66678477 66978477 978035 675141 608780
66978478 67278478 977969 672229 606302
67278479 67578479 978039 669892 603946
67578480 67878480 978012 668773 602651
67878481 68178481 978009 667294 601621
68178482 68478482 977996 665276 599981
68478483 68778483 978017 662589 597155
68778484 69078484 978016 660181 595609
69078485 69378485 978039 652107 588430
69378486 69678486 978007 655380 592167
69678487 69978487 978014 651865 588935
69978488 70278488 978040 651109 588164
70278489 70578489 977976 648908 585876
70578490 70878490 978040 645536 583375
70878491 71178491 978011 644295 583106
71178492 71478492 978013 642206 580429
71478493 71778493 978039 640981 579810
71778494 72078494 978016 638297 577241
72078495 72378495 977975 635571 574434
72378496 72678496 978043 633824 573179
72678497 72978497 978015 630337 569946
72978498 73278498 978012 629068 569263
73278499 73578499 978042 625309 565512
73578500 73878500 978011 622890 563518
73878501 74178501 978013 622054 563237
74178502 74478502 978037 618703 560160
74478503 74778503 978016 616203 558288
74778504 75078504 978038 615470 556946
75078505 75378505 978012 612967 555803
75378506 75678506 978008 611075 553779
75678507 75978507 978040 611484 554186
75978508 76278508 977976 609993 552622
76278509 76578509 978015 606509 549489
76578510 76878510 978039 602676 546426
76878511 77178511 977979 600317 544215
77178512 77478512 978010 598933 543231
77478513 77778513 978005 597231 541564
77778514 78078514 977980 594823 539283
78078515 78378515 978037 595459 540056
78378516 78678516 978010 590214 536015
78678517 78978517 978012 590048 535904
78978518 79278518 978041 587956 533941
79278519 79578519 978015 586391 532311
79578520 79878520 977979 584062 530606
79878521 80178521 978043 582788 529914
80178522 80478522 978012 581539 528393
80478523 80778523 978013 577968 525272
80778524 81078524 978040 579157 526632
81078525 81378525 978013 577307 525010
81378526 81678526 978040 573455 521562
81678527 81978527 978011 521715 475113
81978528 82278528 978013 383144 350191
82278529 82578529 978040 572594 519900
82578530 82878530 978016 570815 518536
82878531 83178531 978014 570982 518646
83178532 83478532 978043 567938 516494
83478533 83778533 978013 567884 516539
83778534 84078534 978015 566551 515656
84078535 84378535 978040 563510 512674
84378536 84678536 978005 561772 511044
84678537 84978537 978040 558441 508155
84978538 85278538 978011 557448 507498
85278539 85578539 978012 556173 506005
85578540 85878540 978037 553057 503515
85878541 86178541 978012 550378 501301
86178542 86478542 978016 548431 499344
86478543 86778543 978044 548428 499594
86778544 87078544 977976 548650 499542
87078545 87378545 977978 544764 495972
87378546 87678546 978035 544179 495247
87678547 87978547 978014 541790 493471
87978548 88278548 978034 541345 492506
88278549 88578549 978018 540542 492876
88578550 88878550 978018 537375 489415
88878551 89178551 978038 536377 488635
89178552 89478552 978012 535123 487131
89478553 89778553 978008 533016 485383
89778554 90078554 978039 532793 484975
90078555 90378555 978014 529303 482417
90378556 90678556 978014 528730 482009
90678557 90978557 978005 528197 481779
90978558 91278558 978011 525852 479735
91278559 91578559 978033 524413 477436
91578560 91878560 978014 522642 476765
91878561 92178561 978017 520747 474558
92178562 92478562 978046 519597 474001
92478563 92778563 978013 518245 472481
92778564 93078564 978015 517148 472027
93078565 93378565 978006 516298 470686
93378566 93678566 978013 514036 469527
93678567 93978567 978013 512332 467436
93978568 94278568 978043 511116 466518
94278569 94578569 978013 508557 463863
94578570 94878570 978041 507494 463565
94878571 95178571 978010 506017 461969
95178572 95478572 978015 503194 459246
95478573 95778573 978042 504072 460149
95778574 96078574 978014 501128 457935
96078575 96378575 978013 497940 455286
96378576 96678576 978040 494274 451617
96678577 96978577 978015 499601 456446
96978578 97278578 978014 499395 456861
97278579 97578579 978035 497383 454880
97578580 97878580 978011 495291 452703
97878581 98178588 978037 493871 451763
98178589 98478589 978036 493210 450925
98478590 98778590 978013 491783 449808
98778591 99078591 978041 490335 448311
99078592 99378592 978011 486775 445057
99378593 99678593 978014 488727 446883
99678594 99978594 978038 484631 443696
99978595 100278595 978012 484868 443755
100278596 100578596 977982 483527 442644
100578597 100878597 978016 482122 441484
100878598 101178598 978008 479540 438526
101178599 101478599 978011 479755 439031
101478600 101778600 978042 477038 436477
101778601 102078601 978016 475635 435099
102078602 102378602 978036 474790 434541
102378603 102678603 978014 475054 434819
102678604 102978604 978011 471459 431491
102978605 103278605 978013 471504 431407
103278606 103578606 978011 469857 429957
103578607 103878607 978012 468765 429412
103878608 104178608 977982 469066 429752
104178609 104478609 978014 465649 426738
104478610 104778610 978015 463984 425405
104778611 105078611 978037 462066 424020
105078612 105378612 978013 455063 417763
105378613 105678613 978037 459461 421531
105678614 105978614 978015 459843 422031
105978615 106278615 978017 460296 422367
106278616 106578616 978041 457285 419177
106578617 106878617 978014 456221 418661
106878618 107178618 978013 454037 416380
107178619 107478619 978039 454280 416700
107478620 107778620 978011 452974 415393
107778621 108078621 978015 451014 413976
108078622 108378622 978042 450694 413818
108378623 108678623 978012 448206 411305
108678624 108978624 978041 445779 409634
108978625 109278625 978012 444469 408184
109278626 109578626 978010 444727 408778
109578627 109878627 978037 442684 406469
109878628 110178628 978014 442351 406272
110178629 110478629 978012 440329 404282
110478630 110778630 978038 440683 405058
110778631 111078631 977965 438702 403288
111078632 111378632 978015 437841 402545
111378633 111678633 978036 436999 401900
111678634 111978634 978016 435455 400002
111978635 112278635 978042 433935 398851
112278636 112578636 978012 432741 397544
112578637 112878637 977960 431648 396959
112878638 113178638 978040 430519 395666
113178639 113478639 978008 428903 394641
113478640 113778640 978010 427970 393939
113778641 114078641 978041 421224 387810
114078642 114378642 978018 425669 391598
114378643 114678643 978011 424583 390311
114678644 114978644 978005 422879 389151
114978645 115278645 978016 421469 387663
115278646 115578646 978036 420934 387416
115578647 115878647 978017 420200 386409
115878648 116178648 978016 418349 384920
116178649 116478649 978036 418997 385771
116478650 116778650 978012 416318 383155
116778651 117078651 978017 416835 383754
117078652 117378652 978034 415482 382855
117378653 117678653 978013 400046 368498
117678654 117978654 978013 249500 231080
117978655 118278655 978040 411895 379415
118278656 118578656 978017 410408 378103
118578657 118878657 978004 410850 378251
118878658 119178658 977981 409084 377024
119178659 119278801 326468 98492 90729
