107
291069 591069 978052 774684 723067
591070 891070 977989 526849 496268
891071 1191071 978027 740547 690632
1191072 1491072 978051 770463 718496
1491073 1791073 977985 767807 716773
1791074 2091074 978026 763082 711757
2091075 2391075 978050 761617 710388
2391076 2691076 977997 758334 707756
2691077 2991077 978025 754334 703980
2991078 3291078 978048 752960 703030
3291079 3591079 978020 750035 700398
3591080 3891080 978020 745380 696096
3891081 4191081 978049 743151 694253
4191082 4491082 978027 738842 690608
4491083 4791083 978054 733807 686041
4791084 5091084 978023 742294 693669
5091085 5391085 978023 737568 689422
5391086 5691086 978051 736829 688300
5691087 5991087 978029 732990 685130
5991088 6291088 978017 731487 683855
6291089 6591089 978045 729381 682061
6591090 6891090 977988 728894 681544
6891091 7191091 978020 725631 678795
7191092 7491092 978051 724377 677711
7491093 7791093 978027 720090 673682
7791094 8091094 978047 718363 672556
8091095 8391095 978019 715787 669743
8391096 8691096 978028 714684 669115
8691097 8991097 978053 714272 668381
8991098 9291098 978019 711271 665983
9291099 9591099 976083 701111 657169
9591100 9891100 978015 709136 664104
9891101 10191101 978022 704917 660583
10191102 10491102 977996 703012 658690
10491103 10791103 978012 699396 655230
10791104 11091104 978022 698360 654286
11091105 11391105 978050 697089 653266
11391106 11691106 978023 695078 651597
11691107 11991107 978027 690425 647341
11991108 12291108 978047 693372 649850
12291109 12591109 978025 689230 646334
12591110 12891110 978024 688395 645258
12891111 13191111 978050 686632 643965
13191112 13491112 978017 685513 643068
13491113 13791113 978024 683735 641403
13791114 14091114 978014 680591 639091
14091115 14391115 978026 675016 633595
14391116 14691116 978059 665912 625005
14691117 14991117 978023 674841 633462
14991118 15291118 978019 673834 632373
15291119 15591119 978054 672369 631406
15591120 15891120 977983 669122 628388
15891121 16191121 978019 668214 627701
16191122 16491122 977982 665264 625042
16491123 16791123 977994 665572 625350
16791124 17091124 978019 661183 620961
17091125 17391125 978019 660884 620752
17391126 17691126 977958 660105 620371
17691127 17991127 978046 658120 618584
17991128 18291128 978018 656748 617323
18291129 18591129 977987 655188 615851
18591130 18891130 978042 652561 613386
18891131 19191131 977989 652209 613281
19191132 19491132 978026 650343 611090
19491133 19791133 977950 648078 609286
19791134 20091134 978022 645970 607505
20091135 20391135 978017 644111 606120
20391136 20691136 977962 640577 602804
20691137 20991137 977979 639430 601547
20991138 21291138 977835 638747 601086
21291139 21591139 977989 637891 600282
21591140 21891140 977976 628722 591945
21891141 22191141 978050 635649 598030
22191142 22491142 977888 632216 594899
22491143 22791143 977956 632357 595436
22791144 23091144 978010 629167 592178
23091145 23391145 977949 627725 591132
23391146 23691146 977983 626287 589752
23691147 23991147 977980 625143 588468
23991148 24291148 977940 623935 587418
24291149 24591149 978008 537075 507563
24591150 24891150 978019 325237 310270
24891151 25191151 977952 606545 571857
25191152 25491152 977975 617443 581987
25491153 25791153 977925 613913 578829
25791154 26091154 977987 613564 578594
26091155 26391155 977974 610552 575520
26391156 26691156 977983 607055 572174
26691157 26991157 977986 603995 569395
26991158 27291158 978014 591744 558390
27291159 27591159 977893 591639 558220
27591160 27891160 978014 590834 557702
27891161 28191161 977984 582457 549765
28191162 28491162 978022 577852 545684
28491163 28791163 978048 578874 546484
28791164 29091164 978030 576645 544856
29091165 29391165 978019 495393 468906
29391166 29691166 978055 345808 329810
29691167 29991167 978025 458896 434775
29991168 30291168 978024 568750 537495
30291169 30591169 978050 568901 537515
30591170 30891170 978022 567150 536205
30891171 31191171 978022 565249 534405
31191172 31491172 978009 565800 534873
31491173 31791173 977987 564151 533141
31791174 32091174 978049 562345 531647
32091175 32358225 870613 77254 73005
