66
85147999 85447999 978013 886166 787616
85448000 85748000 978042 637878 571281
85748001 86048001 978013 950942 844509
86048002 86348002 978013 946994 839369
86348003 86648003 978038 940284 834033
86648004 86948004 978013 933764 828634
86948005 87248005 978013 928660 825046
87248006 87548006 978039 922123 819031
87548007 87848016 977964 916100 814165
87848017 88148017 978068 912169 810695
88148018 88448018 978011 906492 806484
88448019 88748019 978000 900090 800620
88748020 89048020 978043 898528 799896
89048021 89348021 978010 894228 795097
89348022 89648022 977975 879383 782519
89648023 89948023 978042 890925 792846
89948024 90248024 977983 889574 791467
90248025 90548025 978012 885043 787425
90548026 90848026 978041 879775 782602
90848027 91148027 978010 875874 779045
91148028 91448028 978040 871763 776306
91448029 91748029 978013 867515 772433
91748030 92048030 977999 862830 768561
92048031 92348031 978035 860730 766491
92348032 92648032 978013 854951 761581
92648033 92948033 978013 850840 757874
92948034 93248034 978041 845123 753240
93248035 93548035 978013 840964 749122
93548036 93848036 977984 835706 744819
93848037 94148037 978042 833669 743438
94148038 94448038 978006 831479 742284
94448039 94748039 978041 824035 735333
94748040 95048040 978011 819615 731876
95048041 95348041 978006 819726 731892
95348042 95648042 978041 819490 731739
95648043 95948043 977957 813894 727444
95948044 96248044 978014 809960 724097
96248045 96548045 978042 807044 721562
96548046 96848046 978012 792926 709210
96848047 97148047 978014 803794 718366
97148048 97448048 978040 801295 716285
97448049 97748049 977978 796242 711815
97748050 98048050 978041 793940 710225
98048051 98348051 978013 789345 705827
98348052 98648052 977979 786937 704518
98648053 98948053 978045 785498 703041
98948054 99248054 978014 782052 700053
99248055 99548055 978014 778676 697272
99548056 99848056 978036 773338 692677
99848057 100148057 978012 771315 690962
100148058 100448058 978013 763925 685170
100448059 100748059 978041 760421 681858
100748060 101048060 977980 760594 682179
101048061 101348061 978038 752241 674126
101348062 101648062 978021 751574 674191
101648063 101948063 978016 749181 672554
101948064 102248064 977999 748153 671518
102248065 102548065 978014 743266 667830
102548066 102848066 978009 739951 664800
102848067 103148067 978040 737276 662318
103148068 103448068 978010 735856 661507
103448069 103748069 976145 728943 655784
103748070 104048070 978007 728861 655424
104048071 104348071 978018 726325 652983
104348072 104648072 978042 381891 343381
104648073 104712685 210635 0 0
