134
84347202 84647202 978009 1187879 1081334
84647203 84947203 978010 1175836 1072147
84947204 85247204 978039 789193 728034
85247205 85547205 977977 1026731 938054
85547206 85847206 978005 1149006 1048476
85847207 86147207 978039 1141618 1042811
86147208 86447208 978012 1130958 1033722
86447209 86747209 978013 1116820 1021399
86747210 87047210 978039 1135136 1036560
87047211 87347211 978015 1126707 1029679
87347212 87647212 978046 1122301 1026336
87647213 87947213 978011 1116419 1020831
87947214 88247214 978013 1109996 1015546
88247215 88547215 978045 1102407 1009021
88547216 88847216 978017 1093792 1001848
88847217 89147217 978013 1087850 997256
89147218 89447218 978044 1083611 992554
89447219 89747219 977992 1077497 987637
89747220 90047220 978014 1073788 984476
90047221 90347221 978039 1065691 977290
90347222 90647222 978014 1059203 972327
90647223 90947223 978044 1053937 967637
90947224 91247224 977979 1047542 961944
91247225 91547225 978014 1027413 944805
91547226 91847226 978040 1043290 958293
91847227 92147227 978016 1038566 954667
92147228 92447228 977984 1032205 948449
92447229 92747229 977973 1027717 944588
92747230 93047230 977980 1022995 941219
93047231 93347231 978015 1016188 934984
93347232 93647232 978044 1012098 931460
93647233 93947233 978017 1009260 929224
93947234 94247234 978012 1003311 924179
94247235 94547235 978015 996367 917836
94547236 94847236 978012 992008 914170
94847237 95147237 978039 986294 909174
95147238 95447238 978015 983352 906902
95447239 95747239 978013 978205 902444
95747240 96047240 978041 976761 901224
96047241 96347241 978014 970302 895523
96347242 96647242 978010 966101 891992
96647243 96947243 978025 962432 888610
96947244 97247244 978011 954562 881801
97247245 97547245 977968 950255 877520
97547246 97847246 977944 946627 874540
97847247 98147247 977936 941840 870703
98147248 98447248 978002 939421 868497
98447249 98747249 977945 923843 855188
98747250 99047250 978002 928958 859401
99047251 99347251 978035 927272 858500
99347252 99647252 977977 923562 854612
99647253 99947253 977877 920221 851912
99947254 100247254 977978 914949 846880
100247255 100547255 977975 909051 842077
100547256 100847256 977968 906322 839820
100847257 101147257 978006 901852 835889
101147258 101447258 977942 897134 831677
101447259 101747259 973603 887433 822698
101747260 102047260 978009 890135 825868
102047261 102347261 978043 886073 822141
102347262 102647262 978013 883523 819821
102647263 102947263 978011 878908 816189
102947264 103247264 978040 875942 813137
103247265 103547265 978011 871451 809167
103547266 103847266 978013 867024 804841
103847267 104147267 978040 865739 804619
104147268 104447268 977975 863033 801783
104447269 104747269 978013 858933 797901
104747270 105047270 978038 844491 785514
105047271 105347271 978012 850949 791074
105347272 105647272 978036 848118 788568
105647273 105947273 977980 844829 785998
105947274 106247274 977979 842594 783812
106247275 106547275 978041 837676 779477
106547276 106847276 978016 835750 777965
106847277 107147277 978016 831331 774253
107147278 107447278 978045 828236 771270
107447279 107747279 978012 824766 768058
107747280 108047280 978017 820930 764781
108047281 108347281 978046 817124 761189
108347282 108647282 978013 814846 759242
108647283 108947283 978040 811342 756024
108947284 109247284 978009 809384 754478
109247285 109547285 978010 805949 751651
109547286 109847286 978002 801793 747596
109847287 110147287 978018 798521 744811
110147288 110447288 978012 796161 742935
110447289 110747289 978040 793656 740654
110747290 111047290 978014 779213 727771
111047291 111347291 978012 788079 735443
111347292 111647292 978038 784598 732039
111647293 111947293 978013 780882 729169
111947294 112247294 978040 777788 726412
112247295 112547295 978015 775120 724025
112547296 112847296 978015 773049 722487
112847297 113147297 978039 770819 720173
113147298 113447298 978013 766989 717041
113447299 113747299 978010 764126 714461
113747300 114047300 978040 761648 712636
114047301 114347301 978019 760172 710517
114347302 114647302 978010 756302 707257
114647303 114947303 978037 752743 704562
114947304 115247304 978004 752132 703877
115247305 115547305 978040 748735 700914
115547306 115847306 978020 744626 696744
115847307 116147307 978017 743003 695586
116147308 116447308 978037 740109 692933
116447309 116747309 978012 737011 689941
116747310 117047310 978013 734157 687629
117047311 117347311 978040 728782 682603
117347312 117647312 978018 722161 677130
117647313 117947313 978015 727561 681858
117947314 118247314 978041 725359 679714
118247315 118547315 978016 722661 677593
118547316 118847316 978026 719994 674869
118847317 119147317 978013 716970 672118
119147318 119447318 978015 714273 669967
119447319 119747319 978039 711775 667515
119747320 120047320 978017 709071 665111
120047321 120347321 978014 707145 663437
120347322 120647322 978040 704502 660913
120647323 120947323 977977 701873 658399
120947324 121247324 978009 699931 657049
121247325 121547325 978035 696230 653395
121547326 121847326 978014 695341 652505
121847327 122147327 978010 691404 649313
122147328 122447328 978039 689653 647599
122447329 122747329 978012 688583 646981
122747330 123047330 978038 685052 643780
123047331 123347331 977975 683371 642333
123347332 123647332 978010 679586 638495
123647333 123947333 978034 678869 637639
123947334 124247334 978014 667440 627673
124247335 124326438 257885 14093 13265
