260
30145129 30445129 977828 923787 823358
30445130 30745130 977779 1020980 903184
30745131 31045131 977877 935919 830759
31045132 31345132 977773 675394 606370
31345133 31645133 977939 994670 881491
31645134 31945134 977808 987542 876094
31945135 32245135 977863 979511 868766
32245136 32545136 977843 973029 863582
32545137 32845137 977864 964073 856517
32845138 33145138 977777 956307 850392
33145139 33445139 977840 966318 858962
33445140 33745140 977999 961607 854435
33745141 34045141 977940 953034 847593
34045142 34345142 977871 948095 843640
34345143 34645143 977865 943727 840025
34645144 34945144 977900 937273 834511
34945145 35245145 977808 933394 831971
35245146 35545146 977904 926928 825350
35545147 35845147 977879 921268 821494
35845148 36145148 977933 915603 817250
36145149 36445149 977963 909671 812303
36445150 36745150 977907 903334 806714
36745151 37045151 977765 895849 800797
37045152 37345152 977877 892176 797893
37345153 37645153 977668 872526 781363
37645154 37945154 977774 890245 796234
37945155 38245155 977810 886255 792114
38245156 38545156 977908 884397 791660
38545157 38845157 977866 877443 785613
38845158 39145158 977768 874575 783378
39145159 39445159 977832 867015 776768
39445160 39745160 977876 862484 773514
39745161 40045161 977870 860983 772341
40045162 40345162 977929 856242 768668
40345163 40645163 977841 850983 763507
40645164 40945164 977934 843685 757989
40945165 41245165 977966 842534 757303
41245166 41545166 977876 837989 752519
41545167 41845167 977969 832387 748201
41845168 42145168 977930 832177 748231
42145169 42445169 977873 826605 743619
42445170 42745176 977931 820880 738695
42745177 43045177 978002 818480 737095
43045178 43345178 977871 815678 735108
43345179 43645179 978029 811121 730966
43645180 43945180 977972 807755 728329
43945181 44245181 977877 805539 726323
44245182 44545182 977834 802206 723589
44545183 44845183 977869 797605 720024
44845184 45145184 977702 795461 717949
45145185 45445185 977870 791501 714453
45445186 45745186 977801 788015 711934
45745187 46045187 977841 785896 709962
46045188 46345188 977869 776587 702639
46345189 46645189 977823 769895 696311
46645190 46945190 977938 773912 700214
46945191 47245191 977866 769648 696094
47245192 47545192 977915 764023 691503
47545193 47845193 977833 757466 686001
47845194 48145194 977871 751704 681375
48145195 48445195 977871 748409 678590
48445196 48745196 977899 743300 674242
48745197 49045197 977875 737785 669206
49045198 49345198 977843 734247 666288
49345199 49645199 977900 728531 661794
49645200 49945200 977942 727898 661008
49945201 50245201 977901 739077 671302
50245202 50545202 977936 733748 666144
50545203 50845203 977908 729581 662740
50845204 51145204 977932 726840 660278
51145205 51445205 977742 723057 656723
51445206 51745206 977876 719580 654185
51745207 52045207 977812 717562 652452
52045208 52345208 977874 709147 645428
52345209 52645209 977857 715751 651402
52645210 52945210 977864 711392 647532
52945211 53245211 977800 710519 646442
53245212 53545212 977833 704902 641704
53545213 53845213 977855 700784 637810
53845214 54145214 977837 700806 638240
54145215 54445215 977884 697219 635273
54445216 54745216 977838 694754 632741
54745217 55045217 977880 690005 628676
55045218 55345218 977845 688178 627789
55345219 55645219 977857 683028 622885
55645220 55945220 977813 681817 622089
55945221 56245221 977869 679164 619963
56245222 56545222 977749 674467 615728
56545223 56845223 973714 665930 608330
56845224 57145224 977874 667324 609463
57145225 57445225 977803 663971 606982
57445226 57745226 977965 662408 605566
57745227 58045227 977841 658598 602366
58045228 58345228 977961 655934 599929
58345229 58645229 977868 655973 600452
58645230 58945230 977942 653049 597553
58945231 59245231 977864 647998 592720
59245232 59545232 977808 643602 589328
59545233 59845233 977975 643411 589557
59845234 60145234 977868 646024 591288
60145235 60445235 977971 644090 590051
60445236 60745236 977843 640752 587211
60745237 61045237 977871 637108 584041
61045238 61345238 977941 633625 581045
61345239 61645239 977836 629255 577076
61645240 61945240 977775 633500 580708
61945241 62245241 977899 631116 578320
62245242 62545242 977903 629377 576994
62545243 62845243 977741 625867 574346
62845244 63145244 977875 622941 571590
63145245 63445245 977900 595435 548026
63445246 63745246 977811 590590 543757
63745247 64045247 977809 589154 542784
64045248 64345248 977935 587312 541361
64345249 64645249 977749 586094 540032
64645250 64945250 977937 584571 538064
64945251 65245251 977861 581347 535460
65245252 65545252 977804 581096 535753
65545253 65845253 977903 577707 532587
65845254 66145254 977941 574679 529817
66145255 66445255 977908 572836 528372
66445256 66745256 977867 571000 526826
66745257 67045257 977886 568932 524868
67045258 67345258 977816 567907 523677
67345259 67645259 977870 567744 524040
67645260 67945260 977840 565562 522148
67945261 68245261 977811 563467 520106
68245262 68545262 977934 562661 519330
68545263 68845263 977838 561056 518016
68845264 69145264 977891 558259 515504
69145265 69445265 977903 557665 514807
69445266 69745266 977940 554775 512469
69745267 70045267 977939 552771 510739
70045268 70345268 978005 552222 510211
70345269 70645269 977905 549305 508071
70645270 70945270 977898 547496 506166
70945271 71245271 977883 547038 505574
71245272 71545272 977873 547068 506061
71545273 71845273 977901 542359 501446
71845274 72145274 977809 540733 500777
72145275 72445275 977869 538471 498413
72445276 72745276 805978 258687 239309
72745277 73045277 650072 12 12
73045278 73345278 865625 373881 351549
73345279 73645279 978016 472955 444107
73645280 73945280 978014 575216 538452
73945281 74245281 978048 572224 536149
74245282 74545282 978007 573294 537217
74545283 74845283 978013 570656 534480
74845284 75145284 978037 568087 532371
75145285 75445285 978013 565802 529732
75445286 75745286 978037 564319 528626
75745287 76045287 978017 564439 529185
76045288 76345288 978008 561885 526666
76345289 76645289 978042 559624 524424
76645290 76945290 978010 558952 524059
76945291 77245291 978014 557351 522516
77245292 77545292 978039 555607 521250
77545293 77845293 978010 554635 520071
77845294 78145294 978013 552245 517914
78145295 78445295 978042 544765 511203
78445296 78745296 978013 548421 514422
78745297 79045297 978043 545014 511301
79045298 79345298 977971 544110 510580
79345299 79645299 978015 543383 509978
79645300 79945300 978040 541968 508867
79945301 80245301 978016 538828 505829
80245302 80545302 978011 537527 504506
80545303 80845303 978043 537088 504578
80845304 81145304 977978 535901 503177
81145305 81445305 978017 533421 501016
81445306 81745306 978040 531896 499479
81745307 82045307 978012 530390 498258
82045308 82345308 978035 531842 499405
82345309 82645309 977988 527519 495543
82645310 82945310 978014 525467 493897
82945311 83245311 978042 525169 493555
83245312 83545312 978012 522574 490999
83545313 83845313 978012 522232 490788
83845314 84145314 978005 521859 490400
84145315 84445315 978012 513818 483047
84445316 84745316 978015 519737 488142
84745317 85045317 978042 517784 486973
85045318 85345318 977978 515966 485187
85345319 85645319 978041 515442 484515
85645320 85945320 978013 512448 481628
85945321 86245321 978012 511076 480827
86245322 86545322 978041 510889 480377
86545323 86845323 978017 507135 477240
86845324 87145324 978015 496255 467596
87145325 87445325 978040 495924 467142
87445326 87745326 978018 492602 464129
87745327 88045327 978014 491740 463147
88045328 88345328 978041 492406 464138
88345329 88645329 978013 490028 461607
88645330 88945330 978043 487599 459369
88945331 89245331 978012 487648 459353
89245332 89545332 978016 485608 457517
89545333 89845333 978039 484452 456645
89845334 90145334 978000 483494 455684
90145335 90445335 977982 482242 454755
90445336 90745336 978042 481899 454553
90745337 91045337 977985 479827 452216
91045338 91345338 978009 478855 451334
91345339 91645339 978040 478074 451034
91645340 91945340 977985 477036 450174
91945341 92245341 978045 475145 448163
92245342 92545342 978013 473278 446307
92545343 92845343 978010 473100 446289
92845344 93145344 978006 471021 444435
93145345 93445345 977918 471453 444666
93445346 93745346 977977 469564 443129
93745347 94045347 978040 468518 442227
94045348 94345348 978017 466522 440348
94345349 94645349 978018 466479 440533
94645350 94945350 978041 460738 435022
94945351 95245351 978010 463242 437308
95245352 95545352 978037 462259 436610
95545353 95845353 978013 462655 436765
95845354 96145354 978012 459317 433802
96145355 96445355 978042 458813 433315
96445356 96745356 978012 457696 432308
96745357 97045357 978013 455942 430774
97045358 97345358 978041 455030 429763
97345359 97645359 978015 454198 428789
97645360 97945360 977979 452970 427936
97945361 98245361 978045 452490 427824
98245362 98545362 978009 449826 425327
98545363 98845363 978016 448964 424236
98845364 99145364 978045 448339 423768
99145365 99445365 977982 448026 423193
99445366 99745366 978040 446077 421966
99745367 100045367 977967 444180 420314
100045368 100345368 978017 442050 418205
100345369 100645369 978043 438972 414958
100645370 100945370 978012 320745 304480
100945371 101245371 978015 388196 367371
101245372 101545372 978039 441163 417309
101545373 101845373 978010 436729 413296
101845374 102145374 978012 436358 412718
102145375 102445375 978044 434756 411529
102445376 102745376 978015 433926 410619
102745377 103045377 978044 433575 410237
103045378 103345378 978012 431822 408536
103345379 103645379 977986 433173 410181
103645380 103945380 978041 427166 404316
103945381 104245381 978018 418577 396452
104245382 104545382 978013 417587 395662
104545383 104845383 978045 416514 394623
104845384 105145384 978014 414560 392989
105145385 105445385 978015 414360 392587
105445386 105745386 978039 413305 391611
105745387 106045387 978013 413480 391816
106045388 106345388 978044 411071 389409
106345389 106645389 978017 410532 389143
106645390 106945390 978016 409804 388666
106945391 107245391 978041 408639 387424
107245392 107545392 977996 407956 387098
107545393 107845393 978011 406689 385522
107845394 108116525 883912 342568 324936
