156
84135074 84435074 975847 730232 671184
84435075 84735075 950213 600430 553080
84735076 85035076 875517 851655 784112
85035077 85335077 977910 988092 910335
85335078 85635078 977896 897489 829082
85635079 85935079 977938 636476 591683
85935080 86235080 977843 968713 893333
86235081 86535081 977867 963918 889408
86535082 86835082 977876 960488 885916
86835083 87135083 977870 957639 883826
87135084 87435084 977976 951010 878098
87435085 87735085 977877 945537 873428
87735086 88035086 977813 939328 867667
88035087 88335087 977868 933532 863210
88335088 88635088 977980 928176 858542
88635089 88935089 977913 924672 855388
88935090 89235090 978006 920051 851314
89235091 89535091 977911 914658 846766
89535092 89835092 977904 909827 842498
89835093 90135093 973750 900750 834207
90135094 90435094 977864 899864 833387
90435095 90735095 977835 896267 830964
90735096 91035096 977810 894410 828666
91035097 91335097 977867 891073 825934
91335098 91635098 977840 875922 812483
91635099 91935099 977895 888004 822960
91935100 92235100 977833 884733 820454
92235101 92535101 977878 879589 816037
92535102 92835102 977866 876819 813967
92835103 93135103 977845 874389 811443
93135104 93435104 977820 867243 804961
93435105 93735105 977853 863381 801550
93735106 94035106 977916 859296 798034
94035107 94335107 977773 854908 794479
94335108 94635108 977917 851617 791627
94635109 94935109 977843 846999 787093
94935110 95235110 977843 843716 784542
95235111 95535111 977851 839925 781171
95535112 95835112 977880 836567 777995
95835113 96135113 977781 833845 775879
96135114 96435114 977890 830049 772420
96435115 96735115 977841 826850 769606
96735116 97035116 977832 821763 764933
97035117 97335117 977817 817213 761037
97335118 97635118 977861 814338 758401
97635119 97935119 977881 809212 754247
97935120 98235120 977876 807367 752476
98235121 98535121 977830 804081 749404
98535122 98835122 977874 798187 743574
98835123 99135123 977811 796490 742296
99135124 99435124 977772 791002 737983
99435125 99735125 977888 790171 737091
99735126 100035126 977799 786753 734512
100035127 100335127 977906 783164 730653
100335128 100635128 978003 781186 729468
100635129 100935129 977942 776996 725339
100935130 101235130 977817 773427 722388
101235131 101535131 977909 768155 717579
101535132 101835132 977810 765483 715300
101835133 102135133 977904 764081 713984
102135134 102435134 977944 762009 712060
102435135 102735135 977880 757750 708314
102735136 103035136 977869 746877 698412
103035137 103335137 977744 744308 696020
103335138 103635138 976344 739076 691917
103635139 103935139 977935 739354 692153
103935140 104235140 977848 736231 689018
104235141 104535141 977738 732498 685841
104535142 104835142 977878 731309 684525
104835143 105135143 977877 727213 680953
105135144 105435144 977932 723537 678141
105435145 105735145 977813 716426 671924
105735146 106035146 977976 715303 670289
106035147 106335147 977802 711807 667243
106335148 106635148 977847 699236 655882
106635149 106935149 977812 722135 676433
106935150 107235150 977797 720874 675758
107235151 107535151 977898 718291 673063
107535152 107835152 977937 716162 671115
107835153 108135153 977851 712933 668284
108135154 108435154 977840 711015 666659
108435155 108735155 977938 707714 663589
108735156 109035156 977940 704904 661070
109035157 109335157 977876 700969 657272
109335158 109635158 977871 699569 656115
109635159 109935159 977909 695878 653008
109935160 110235160 977783 693889 651445
110235161 110535161 977901 691062 648867
110535162 110835162 977809 690297 648037
110835163 111135163 977840 687755 645908
111135164 111435164 977910 684042 642946
111435165 111735165 977910 681003 639749
111735166 112035166 977903 678763 637680
112035167 112335167 977920 676242 635381
112335168 112635168 977943 673105 632434
112635169 112935169 977903 671153 630649
112935170 113235170 977845 666285 626588
113235171 113535171 977845 663444 624034
113535172 113835172 977935 661749 622416
113835173 114135173 977726 659063 619762
114135174 114435174 977940 660402 621381
114435175 114735175 977803 658809 619861
114735176 115035176 977811 656890 617992
115035177 115335177 977904 653053 614570
115335178 115635178 977874 651865 613342
115635179 115935179 977839 650215 612092
115935180 116235180 977940 646222 608242
116235181 116535181 977977 645028 607133
116535182 116835182 977701 643158 605634
116835183 117135183 977898 639532 602358
117135184 117435184 977976 637971 600860
117435185 117735185 977945 634310 597475
117735186 118035186 977969 633348 596983
118035187 118335187 977848 632646 596093
118335188 118635188 977973 628411 592181
118635189 118935189 977905 627643 591755
118935190 119235190 977911 624425 588666
119235191 119535191 977746 622415 586787
119535192 119835192 977851 619963 584334
119835193 120135193 977815 608746 574493
120135194 120435194 977905 617200 582213
120435195 120735195 977977 613553 578706
120735196 121035196 977974 613905 579098
121035197 121335197 978000 611134 576322
121335198 121635198 977949 608685 574296
121635199 121935199 978034 606264 572060
121935200 122235200 977913 604450 570468
122235201 122535201 977813 598751 565639
122535202 122835202 973845 595749 562860
122835203 123135203 977859 597272 563919
123135204 123435204 977885 595366 562490
123435205 123735205 977866 591807 558838
123735206 124035206 977770 590425 558044
124035207 124335207 977803 588008 555492
124335208 124635208 977874 587184 554768
124635209 124935209 977809 585752 553959
124935210 125235210 977882 582964 551022
125235211 125535211 977810 580907 549386
125535212 125835212 977848 578873 547508
125835213 126135213 977829 576433 544957
126135214 126435214 977787 574407 543245
126435215 126735215 977859 572329 541391
126735216 127035216 977853 572421 541441
127035217 127335217 977878 570291 539583
127335218 127635218 977847 566287 535763
127635219 127935219 977826 567137 536517
127935220 128235220 977850 565674 535299
128235221 128535221 977873 562966 533189
128535222 128835222 977869 563402 533431
128835223 129135223 977878 553421 524087
129135224 129435224 977900 541371 513194
129435225 129735225 977851 539175 511047
129735226 130035226 977767 537166 509537
130035227 130335227 977785 531917 503947
130335228 130635228 977768 530424 502796
130635229 130835459 652722 127493 120961
