41
65374622 65674622 977915 699562 641780
65674623 65974623 977901 771792 705692
65974624 66274624 977737 922472 839871
66274625 66574625 977971 918213 836541
66574626 66874626 977868 907337 827295
66874627 67174627 977899 898887 820305
67174628 67474628 977848 891338 813533
67474629 67774629 977972 886430 809357
67774630 68074630 977939 882452 806321
68074631 68374631 977966 878494 802276
68374632 68674632 977946 870242 795582
68674633 68974633 977881 865759 791936
68974634 69274634 977938 861345 787810
69274635 69574635 977840 858255 785110
69574636 69874636 977977 853083 780907
69874637 70174637 977734 850154 778002
70174638 70474638 977881 844739 773876
70474639 70774639 977805 840826 769947
70774640 71074640 973796 835029 765279
71074641 71374641 977974 835150 765496
71374642 71674642 977889 831248 762263
71674643 71974643 977941 826253 757848
71974644 72274644 977940 822130 754187
72274645 72574645 977973 818161 751284
72574646 72874646 977942 812276 745972
72874647 73174647 977967 807775 742166
73174648 73474648 977975 803546 737845
73474649 73774649 977778 804495 738732
73774650 74074650 977971 819145 751612
74074651 74374651 977940 812417 745799
74374652 74674652 977978 810271 744293
74674653 74974653 977869 804554 738826
74974654 75274654 977882 801190 736442
75274655 75574655 977884 797115 732685
75574656 75874656 977996 794591 730366
75874657 76174657 977872 788754 725495
76174658 76474658 977903 782796 720076
76474659 76774659 977837 781389 718996
76774660 77074660 977945 781841 719468
77074661 77374661 977963 777870 716313
77374662 77647006 887767 703300 647487
