306
77137232 77437232 977939 909223 839380
77437233 77737233 977814 904037 835061
77737234 78037234 976169 896800 828707
78037235 78337235 977975 892439 825125
78337236 78637236 978001 890023 823154
78637237 78937237 977910 885229 818971
78937238 79237238 977814 882167 816262
79237239 79537239 977937 878512 812711
79537240 79837240 977784 875375 810227
79837241 80137241 977911 870531 806056
80137242 80437242 977910 795215 737779
80437243 80737243 977912 590849 551937
80737244 81037244 977873 847610 785957
81037245 81337245 978039 863905 800330
81337246 81637246 977881 860605 797399
81637247 81937247 977777 858057 795107
81937248 82237248 977977 854212 792221
82237249 82537249 977974 849646 788115
82537250 82837250 977939 846868 785249
82837251 83137251 977973 842491 781649
83137252 83437252 977943 840198 779443
83437253 83737253 977908 833980 773700
83737254 84037254 977913 833947 773821
84037255 84337255 977975 829917 770172
84337256 84637256 978039 827676 768623
84637257 84937257 977937 824035 765691
84937258 85237258 973984 817786 759696
85237259 85537259 977879 808739 752073
85537260 85837260 977815 818482 760501
85837261 86137261 977969 815445 757891
86137262 86437262 977976 811536 754156
86437263 86737263 977937 811959 754813
86737264 87037264 977815 806466 749971
87037265 87337265 977943 804180 747753
87337266 87637266 977905 801056 745233
87637267 87937267 977911 799580 743441
87937268 88237268 977882 797356 742049
88237269 88537269 977903 793308 738416
88537270 88837270 977842 792921 737924
88837271 89137271 977940 790542 735759
89137272 89437272 978006 786126 732088
89437273 89737273 977910 782597 728745
89737274 90037274 977973 782058 728462
90037275 90337275 977849 778756 725422
90337276 90637276 977807 776030 722588
90637277 90937277 977764 773191 720841
90937278 91237278 977811 769919 717734
91237279 91537279 977842 767198 715006
91537280 91837280 977971 765262 713837
91837281 92137281 977815 731159 676829
92137282 92437282 977909 719186 664064
92437283 92737283 977967 718550 663840
92737284 93037284 977911 716838 662229
93037285 93337285 977971 711442 657638
93337286 93637286 977881 711456 657368
93637287 93937287 977976 708944 655255
93937288 94237288 977900 707672 654490
94237289 94537289 977944 693312 641646
94537290 94837290 977841 700987 648247
94837291 95137291 977773 699006 646612
95137292 95437292 977876 698759 646208
95437293 95737293 977944 696078 644278
95737294 96037294 977839 692669 641379
96037295 96337295 977813 691395 639798
96337296 96637296 977872 689071 637747
96637297 96937297 973754 684977 628762
96937298 97237298 977945 686020 595580
97237299 97537299 977864 682701 593311
97537300 97837300 977776 680808 591877
97837301 98137301 977935 679073 589957
98137302 98437302 977906 675548 587341
98437303 98737303 977912 673505 585602
98737304 99037304 977637 672244 584369
99037305 99337305 977903 669978 582716
99337306 99637306 977842 669036 581517
99637307 99937307 977966 668097 580941
99937308 100237308 977879 664661 578352
100237309 100537309 977913 663473 576992
100537310 100837310 977879 652375 567398
100837311 101137311 977945 659623 574081
101137312 101437312 977899 658861 573202
101437313 101737313 977977 655779 571199
101737314 102037314 977940 653940 569025
102037315 102337315 978003 653372 568951
102337316 102637316 977942 649806 566161
102637317 102937317 977971 647867 564400
102937318 103237318 973787 642014 559160
103237319 103537319 977876 644690 561997
103537320 103837320 977940 642165 560106
103837321 104137321 977842 640043 557872
104137322 104437322 977980 639056 557312
104437323 104737323 977969 636904 555027
104737324 105037324 978006 634527 553647
105037325 105337325 977960 632664 552205
105337326 105637326 978037 629544 549146
105637327 105937327 977945 625522 546284
105937328 106237328 977973 623793 543931
106237329 106537329 977891 624762 545191
106537330 106837330 977942 621240 542202
106837331 107137331 977972 618706 539863
107137332 107437332 977975 610114 533000
107437333 107737333 977844 567554 492451
107737334 108037334 977974 565125 490135
108037335 108337335 977944 564275 489457
108337336 108637336 977935 562165 487409
108637337 108937337 977969 561625 487119
108937338 109237338 977945 558156 484739
109237339 109537339 977912 558104 484890
109537340 109837340 977880 549486 477308
109837341 110137341 977842 551030 478463
110137342 110437342 978009 557451 483729
110437343 110737343 977875 556578 483742
110737344 111037344 977976 555407 482452
111037345 111337345 977963 551726 479809
111337346 111637346 977846 550818 478831
111637347 111937347 977839 550004 478083
111937348 112237348 978005 550857 478521
112237349 112537349 977712 545972 474497
112537350 112837350 977813 545338 473965
112837351 113137351 977938 544832 473488
113137352 113437352 977940 541624 470979
113437353 113737353 977967 541508 470854
113737354 114037354 977878 539942 469432
114037355 114337355 978002 538394 468124
114337356 114637356 977903 537863 468095
114637357 114937357 977944 534588 465220
114937358 115237358 977811 532772 463561
115237359 115537359 977971 531176 461934
115537360 115837360 977877 531038 461630
115837361 116137361 977950 528255 459516
116137362 116437362 977872 527437 458797
116437363 116737363 978009 526441 457942
116737364 117037364 977908 526733 458335
117037365 117337365 977916 523322 455351
117337366 117637366 977942 521793 454328
117637367 117937367 978035 520936 453930
117937368 118237368 977911 519072 451973
118237369 118537369 977850 516362 449910
118537370 118837370 977870 516175 449664
118837371 119137371 977943 512811 446846
119137372 119437372 977943 512790 446737
119437373 119737373 977996 511094 445900
119737374 120037374 978011 510108 444656
120037375 120337375 977907 508894 443380
120337376 120637376 977912 506734 441678
120637377 120937377 977878 504561 440113
120937378 121237378 977907 504489 439902
121237379 121537379 977972 503142 438788
121537380 121837380 977867 501456 437337
121837381 122137381 978003 498566 435176
122137382 122437382 977971 497985 434473
122437383 122737383 978009 496785 433583
122737384 123037384 977973 494823 431926
123037385 123337385 977944 494569 431688
123337386 123637386 977907 492874 429509
123637387 123937387 977910 491298 428804
123937388 124237388 977940 490262 427739
124237389 124537389 977939 490143 428271
124537390 124837390 977717 487280 425628
124837391 125137391 977877 487646 425659
125137392 125437392 978000 485355 423679
125437393 125737393 977945 482181 420822
125737394 126037394 977915 482336 421256
126037395 126337395 978002 482699 421734
126337396 126637396 977721 481633 420642
126637397 126937397 977989 480483 419988
126937398 127237398 977980 478693 417899
127237399 127537399 977913 471247 412104
127537400 127837400 978039 475918 415966
127837401 128137401 977974 474324 414804
128137402 128437402 977876 473685 413654
128437403 128737403 977933 473022 413633
128737404 129037404 977915 469731 410570
129037405 129337405 977909 468553 409673
129337406 129637406 977940 467830 409016
129637407 129937407 977974 467071 408980
129937408 130237408 977962 465306 407033
130237409 130537409 977902 465334 407478
130537410 130837410 977909 463036 405021
130837411 131137411 977942 462844 405240
131137412 131437412 977941 460510 403281
131437413 131737413 977882 460023 402895
131737414 132037414 978003 458484 401002
132037415 132337415 977840 458496 401317
132337416 132637416 977875 457429 400562
132637417 132937417 977936 454609 398157
132937418 133237418 977870 454322 397798
133237419 133537419 977966 448976 393104
133537420 133837420 977782 267906 236568
133837421 134137421 977943 451151 395209
134137422 134437422 977968 449488 394246
134437423 134737423 977912 449862 394389
134737424 135037424 977938 448861 393125
135037425 135337425 977840 445302 390541
135337426 135637426 977946 443859 388783
135637427 135937427 977876 445171 390181
135937428 136237428 977866 443028 388359
136237429 136537429 977941 441478 387030
136537430 136837430 977906 441297 387319
136837431 137137431 977811 438361 384313
137137432 137437432 977868 436551 383082
137437433 137737433 977842 435938 382143
137737434 138037434 977845 434955 381860
138037435 138337435 977872 434558 380662
138337436 138637436 977969 431601 378395
138637437 138937437 977846 431864 378918
138937438 139237438 977805 430598 377757
139237439 139537439 977937 429149 376654
139537440 139837440 977911 429140 376173
139837441 140137441 977943 426846 374709
140137442 140437442 977964 423398 371668
140437443 140737443 977869 423409 371714
140737444 141037444 977959 425969 373998
141037445 141337445 977876 424238 372741
141337446 141637446 977980 423113 371245
141637447 141937447 977971 420626 369692
141937448 142237448 977933 421471 369888
142237449 142537449 977944 419578 368320
142537450 142837450 977873 420177 369060
142837451 143137451 977940 415714 364990
143137452 143437452 977908 416190 365155
143437453 143737453 977907 414692 364748
143737454 144037454 977904 414199 363780
144037455 144337455 978002 412866 362760
144337456 144637456 977910 412456 362277
144637457 144937457 977804 411644 361401
144937458 145237458 977838 411253 361094
145237459 145537459 977844 409671 360346
145537460 145837460 977944 408815 359388
145837461 146137461 977967 407257 357978
146137462 146437462 977845 406104 356912
146437463 146737463 977742 405387 356367
146737464 147037464 978002 404894 355953
147037465 147337465 977946 403226 354631
147337466 147637466 977870 403262 354704
147637467 147937467 977943 401642 353110
147937468 148237468 977844 400239 352059
148237469 148537469 977772 399154 351369
148537470 148837470 977944 398998 351048
148837471 149137471 977975 397808 349796
149137472 149437472 977966 397619 349971
149437473 149737473 977775 394914 347163
149737474 150037474 977845 395514 348133
150037475 150337475 977938 393034 345634
150337476 150637476 977913 394482 347132
150637477 150937477 977933 391690 344820
150937478 151237478 977939 390407 343692
151237479 151537479 977877 390607 343907
151537480 151837480 977934 388790 341632
151837481 152137481 977905 387340 341048
152137482 152437482 977749 387275 341155
152437483 152737483 977774 386314 340356
152737484 153037484 977771 384723 338692
153037485 153337485 977841 383936 338414
153337486 153637486 977939 383710 338294
153637487 153937487 977877 381846 336586
153937488 154237488 977775 381100 335711
154237489 154537489 977847 375634 330845
154537490 154837490 977843 380178 334597
154837491 155137491 978002 377234 332391
155137492 155437492 977913 376793 331795
155437493 155737493 978004 377198 332454
155737494 156037494 977897 375300 330677
156037495 156337495 977835 375377 331031
156337496 156637496 977944 374662 330563
156637497 156937497 977935 372387 327989
156937498 157237498 977873 372037 328052
157237499 157537499 977803 371133 326977
157537500 157837500 977911 370940 326889
157837501 158137501 977882 368849 325445
158137502 158437502 977830 367551 324075
158437503 158737503 977930 366466 323294
158737504 159037504 977941 365643 322445
159037505 159337505 977961 366225 322890
159337506 159637506 977877 365751 322450
159637507 159937507 977802 364024 320819
159937508 160237508 977970 363111 320438
160237509 160537509 977909 361912 319119
160537510 160837510 977967 362378 320033
160837511 161137511 977912 361086 318562
161137512 161437512 977845 360641 318064
161437513 161737513 977936 359522 317184
161737514 162037514 977840 358974 316882
162037515 162337515 977815 357543 315650
162337516 162637516 977799 292118 258374
162637517 162937517 977878 268794 237666
162937518 163237518 977877 354614 313080
163237519 163537519 977935 354367 312790
163537520 163837520 977871 353673 312409
163837521 164137521 977803 353435 312246
164137522 164437522 977941 351864 310856
164437523 164737523 977747 351094 310046
164737524 165037524 977929 349854 308828
165037525 165337525 977711 350588 309792
165337526 165637526 977809 349451 308618
165637527 165937527 977901 348456 307889
165937528 166237528 977843 347721 306823
166237529 166537529 977939 346118 305507
166537530 166837530 978002 345218 304847
166837531 167137531 977976 343490 303149
167137532 167437532 977879 344171 304151
167437533 167737533 977868 343088 303258
167737534 168037534 977910 342398 302564
168037535 168337535 978001 342179 302167
168337536 168637536 977981 340004 300310
168637537 168763016 409062 103783 91667
