54
37819108 38119108 978001 989877 897355
38119109 38419109 977839 979602 888021
38419110 38719110 977841 973433 882801
38719111 39019111 977941 967258 877986
39019112 39319112 977939 955402 867168
39319113 39619113 977938 711468 652153
39619114 39919114 977872 779910 711394
39919115 40219115 977978 950273 863088
40219116 40519116 977940 944824 858421
40519117 40819117 977939 940696 854994
40819118 41119118 977948 935774 850740
41119119 41419119 977968 932189 847936
41419120 41719120 977971 927135 844019
41719121 42312800 912827 861219 783589
42312801 42612801 864418 808784 737006
42612802 42912802 977941 910061 830037
42912803 43212803 977974 903710 824291
43212804 43512804 977939 887531 810994
43512805 43812805 977980 898872 820243
43812806 44112806 977976 896860 818711
44112807 44412807 978008 891718 814250
44412808 44712808 977910 888455 811691
44712809 45012809 977978 883445 807111
45012810 45312810 977972 880815 804858
45312811 45612811 978008 876633 801439
45612812 45912812 978000 874680 799198
45912813 46212813 977949 870079 795910
46212814 46512814 977979 864720 791321
46512815 46812815 978035 860210 787688
46812816 47112816 977945 856489 783666
47112817 47412817 978014 852587 780981
47412818 47712818 978039 850744 779340
47712819 48012819 977757 846942 775635
48012820 48312820 977835 844648 774292
48312821 48612821 978005 838953 768919
48612822 48912822 978008 836018 766565
48912823 49212823 977999 832165 763245
49212824 49512824 978012 828438 760248
49512825 49812825 978011 825099 757573
49812826 50112826 978007 819846 752348
50112827 50412827 977942 818176 751284
50412828 50712828 978015 811747 746248
50712829 51012829 977973 807553 742651
51012830 51312830 978014 804249 739140
51312831 51612831 978014 799711 735067
51612832 51912832 978036 798419 734417
51912833 52212833 978013 796825 733169
52212834 52512834 977970 794306 730607
52512835 52812835 977978 790464 727191
52812836 53112836 978009 786201 723794
53112837 53412837 978036 782937 720700
53412838 53712838 977936 777954 716842
53712839 54012839 978011 770927 710113
54012840 54205852 629202 186390 172130
