13 2208
77428928 77728928 978019 1108281 1019153
77728929 78028929 978014 1101750 1013382
78028930 78328930 978042 1093456 1005985
78328931 78628931 978014 1086991 1000178
78628932 78928932 978011 885892 820606
78928933 79228933 978044 783863 725814
79228934 79528934 978019 1069501 985445
79528935 79828935 978015 1065863 982202
79828936 80128936 978043 1057952 974782
80128937 80428937 978013 1051380 968897
80428938 80728938 978040 1048587 967599
80728939 81028939 978014 885944 817160
81028940 81098145 225611 0 0
