307
12186071 12486071 977822 885835 818894
12486072 12786072 977709 907915 838548
12786073 13086073 977726 903495 834252
13086074 13386074 977783 896804 828692
13386075 13686075 977858 894496 826644
13686076 13986076 977765 889690 822408
13986077 14286077 977765 884543 817974
14286078 14586078 977799 878611 812232
14586079 14886079 977835 874877 809468
14886080 15186080 977543 869294 804689
15186081 15486081 977762 666200 620667
15486082 15786082 977702 726462 674387
15786083 16086083 977841 869692 805299
16086084 16386084 977867 866654 802904
16386085 16686085 977952 863378 799425
16686086 16986086 977940 858863 795208
16986087 17286087 977886 853900 791053
17286088 17586088 977914 850543 788000
17586089 17886089 977945 850230 788344
17886090 18186090 977983 847317 785302
18186091 18486091 977977 845100 783144
18486092 18786092 977920 838977 778015
18786093 19086093 977951 835802 774976
19086094 19386094 977780 834637 774130
19386095 19686095 977948 831312 771465
19686096 19986096 977979 829751 770081
19986097 20286097 977849 824864 766046
20286098 20586098 977883 824797 766422
20586099 20886099 977910 820980 762554
20886100 21186100 977849 816718 758583
21186101 21486101 977818 815273 757245
21486102 21786102 977874 813230 755455
21786103 22086103 977852 807913 750132
22086104 22386104 977886 805001 748696
22386105 22686105 977913 803135 746249
22686106 22986106 977827 800606 744259
22986107 23286107 977952 798424 742823
23286108 23586108 977878 795357 739546
23586109 23886109 977921 792997 738017
23886110 24186110 977781 790374 735521
24186111 24486111 977823 788232 734026
24486112 24786112 977916 786271 732282
24786113 25086113 977840 781318 727209
25086114 25386114 977919 774871 721988
25386115 25686115 977752 781199 727813
25686116 25986116 977881 778787 725288
25986117 26286117 977853 776677 723023
26286118 26586118 977915 773959 721011
26586119 26886119 977947 769395 716609
26886120 27186120 977757 767399 714733
27186121 27486121 977943 764795 712894
27486122 27786122 977818 762453 710350
27786123 28086123 977748 758196 707090
28086124 28386124 958798 650411 606617
28386125 28686125 977757 529860 494632
28686126 28986126 977913 528937 494425
28986127 29286127 968589 618430 566717
29286128 29586128 977852 697858 631352
29586129 29886129 977848 695491 629883
29886130 30186130 977823 693228 627750
30186131 30486131 977867 692333 626647
30486132 30786132 977756 689299 623703
30786133 31086133 977836 687793 622575
31086134 31386134 977764 686129 621315
31386135 31686135 977797 682904 617994
31686136 31986136 977859 680954 616172
31986137 32286137 977807 679296 614836
32286138 32586138 977765 675859 612095
32586139 32886139 977841 675950 612876
32886140 33186140 977695 671787 608835
33186141 33486141 977871 670682 608102
33486142 33786142 977852 668565 605543
33786143 34086143 977718 665529 603366
34086144 34386144 977827 664925 602840
34386145 34686145 977784 661818 600500
34686146 34986146 977865 661056 599638
34986147 35286147 977847 657419 596794
35286148 35586148 977848 648065 588321
35586149 35886149 976156 654109 593970
35886150 36186150 977834 655288 594780
36186151 36486151 977786 653954 593760
36486152 36786152 977793 650283 590523
36786153 37086153 977748 647154 587779
37086154 37386154 977775 647046 587231
37386155 37686155 977865 645667 586758
37686156 37986156 977811 643968 584801
37986157 38286157 977815 641896 582867
38286158 38586158 977887 639987 581348
38586159 38886159 977822 639080 580641
38886160 39186160 977844 635911 577843
39186161 39486161 977826 632879 575521
39486162 39786162 977798 631937 574762
39786163 40086163 977852 630792 574136
40086164 40386164 977836 629326 572783
40386165 40686165 977834 627769 570769
40686166 40986166 977817 626742 570451
40986167 41286167 977752 624249 567725
41286168 41586168 977830 622142 566380
41586169 41886169 977924 618854 563055
41886170 42186170 977785 618710 563620
42186171 42486171 977863 616085 561482
42486172 42786172 977845 614318 559317
42786173 43086173 977831 612599 558366
43086174 43386174 977689 611011 556502
43386175 43686175 977882 609270 555281
43686176 43986176 977884 607167 553480
43986177 44286177 977904 606062 552024
44286178 44586178 977774 605404 551564
44586179 44886179 977975 603624 550221
44886180 45186180 977804 600721 547881
45186181 45486181 977944 600979 547572
45486182 45786182 977911 598741 546023
45786183 46086183 977864 598327 545810
46086184 46386184 977943 595617 543152
46386185 46686185 977809 595097 543266
46686186 46986186 977968 592715 540274
46986187 47286187 977871 590112 538830
47286188 47586188 977902 590959 538910
47586189 47886189 977910 582045 530819
47886190 48186190 977909 587154 535454
48186191 48486191 977830 585671 534460
48486192 48786192 977906 583747 532865
48786193 49086193 977909 581785 531056
49086194 49386194 977932 580192 529783
49386195 49686195 977872 577991 527751
49686196 49986196 977940 577093 526748
49986197 50286197 977935 575882 525500
50286198 50586198 977942 575128 524503
50586199 50886199 977900 573168 523854
50886200 51186200 977880 571209 521921
51186201 51486201 977776 568973 519473
51486202 51786202 977831 567437 518082
51786203 52086203 977675 566651 516772
52086204 52386204 977778 564854 515514
52386205 52686205 978001 562324 513442
52686206 52986206 977714 562583 513824
52986207 53286207 977912 559601 511138
53286208 53586208 977896 559192 510961
53586209 53886209 977847 557060 509907
53886210 54186210 977904 554270 506788
54186211 54486211 977976 553687 506381
54486212 54786212 977843 552623 504921
54786213 55086213 977969 551975 504700
55086214 55386214 977843 549381 502177
55386215 55686215 977943 547656 500723
55686216 55986216 977900 548085 500907
55986217 56286217 977837 545352 498527
56286218 56586218 977778 544369 497465
56586219 56886219 977798 541499 495282
56886220 57186220 977908 540360 494440
57186221 57486221 977868 538513 491985
57486222 57786222 978006 539209 492633
57786223 58086223 977877 537501 491452
58086224 58386224 978004 534957 489253
58386225 58686225 977875 534612 489083
58686226 58986226 977910 532155 486655
58986227 59286227 977937 530460 484823
59286228 59586228 977866 530700 485459
59586229 59886229 977877 528171 482951
59886230 60186230 977968 528154 482857
60186231 60486231 977877 524587 479734
60486232 60786232 978003 523967 479184
60786233 61086233 977877 523476 479067
61086234 61386234 977771 519323 475039
61386235 61686235 977892 516564 472911
61686236 61986236 977877 518832 474955
61986237 62286237 977741 517353 474009
62286238 62586238 977902 516982 473397
62586239 62886239 977843 514056 470696
62886240 63186240 977943 514367 470980
63186241 63486241 977904 511401 468423
63486242 63786242 977778 511752 469161
63786243 64086243 977908 509471 466326
64086244 64386244 977869 508808 466227
64386245 64686245 977782 507402 464659
64686246 64986246 978002 506819 464066
64986247 65286247 977910 503758 461402
65286248 65586248 977908 503716 461066
65586249 65886249 978001 501827 459570
65886250 66186250 977937 500794 458312
66186251 66486251 977946 500577 459158
66486252 66786252 977971 499786 457663
66786253 67086253 977845 496761 454696
67086254 67386254 977876 495510 453556
67386255 67686255 977965 492678 451553
67686256 67986256 977946 493682 452259
67986257 68286257 977867 492235 450952
68286258 68586258 977775 490716 450073
68586259 68886259 977807 488229 447331
68886260 69186260 977898 488584 447722
69186261 69486261 977863 486336 445826
69486262 69786262 977777 484320 444248
69786263 70086263 978000 483446 443334
70086264 70386264 977811 481476 441536
70386265 70686265 977906 482846 442860
70686266 70986266 977939 479977 440455
70986267 71286267 977878 477942 438499
71286268 71586268 977970 475913 436566
71586269 71886269 977947 474878 435778
71886270 72186270 977907 474214 435047
72186271 72486271 977969 473385 434694
72486272 72786272 977778 472929 434577
72786273 73086273 977874 471612 432868
73086274 73386274 977859 471138 432594
73386275 73686275 977907 468858 430515
73686276 73986276 977811 466406 428065
73986277 74286277 977801 461691 424335
74286278 74586278 977941 465272 427437
74586279 74886279 977835 464528 427127
74886280 75186280 977843 464368 426661
75186281 75486281 977843 461284 423754
75486282 75786282 977967 461177 423737
75786283 76086283 977908 459550 422101
76086284 76386284 977716 459481 422243
76386285 76686285 977738 340050 313548
76686286 76986286 977935 382490 352361
76986287 77286287 977915 456222 419415
77286288 77586288 977743 454277 417716
77586289 77886289 977915 452251 415561
77886290 78186290 977827 451154 415056
78186291 78486291 977911 449935 413798
78486292 78786292 977978 450849 414708
78786293 79086293 977837 450107 413838
79086294 79386294 977874 446574 410813
79386295 79686295 977909 446004 410199
79686296 79986296 977999 444247 408326
79986297 80286297 977814 443136 407263
80286298 80586298 977874 442508 406689
80586299 80886299 977901 440609 405155
80886300 81186300 977876 440047 404993
81186301 81486301 977873 438746 403564
81486302 81786302 977977 436738 402017
81786303 82086303 977870 435551 401078
82086304 82386304 977839 436207 401737
82386305 82686305 977944 435301 401033
82686306 82986306 977839 434166 400203
82986307 83286307 977793 433900 399850
83286308 83586308 977846 431064 396807
83586309 83886309 977871 426445 393044
83886310 84186310 977936 428745 394913
84186311 84486311 977709 428726 394990
84486312 84786312 977873 427579 393974
84786313 85086313 973459 424902 391104
85086314 85386314 977979 424400 390958
85386315 85686315 977872 424866 391002
85686316 85986316 977843 423973 390477
85986317 86286317 977907 423857 390650
86286318 86586318 977933 421359 388180
86586319 86886319 977875 420100 386900
86886320 87186320 977870 418646 385758
87186321 87486321 977878 417877 385391
87486322 87786322 977807 418133 385102
87786323 88086323 977998 417168 384503
88086324 88386324 977873 416711 384370
88386325 88686325 977872 414972 382459
88686326 88986326 977967 413635 381595
88986327 89286327 977915 412183 380175
89286328 89586328 977934 411943 379655
89586329 89886329 977901 411907 379786
89886330 90186330 977908 410231 378404
90186331 90486331 977887 409121 377435
90486332 90786332 977876 406716 375504
90786333 91086333 977772 407856 376385
91086334 91386334 977934 405718 374373
91386335 91686335 977912 405844 374025
91686336 91986336 977872 405199 373727
91986337 92286337 977971 403139 371928
92286338 92586338 977911 402562 371481
92586339 92886339 977976 401221 370423
92886340 93186340 977934 401427 370224
93186341 93486341 977807 400007 368965
93486342 93786342 977971 393038 362556
93786343 94086343 978008 396325 365392
94086344 94386344 977908 396345 365404
94386345 94686345 977999 395929 365054
94686346 94986346 977872 394472 364267
94986347 95286347 977809 393673 363224
95286348 95586348 977796 393752 363743
95586349 95886349 977876 392399 362036
95886350 96186350 977907 390824 360667
96186351 96486351 977940 388410 358803
96486352 96786352 978007 388406 358520
96786353 97086353 977974 388551 358729
97086354 97386354 977803 386262 356443
97386355 97686355 977910 384589 354867
97686356 97986356 977939 385059 355297
97986357 98286357 977851 384735 354860
98286358 98586358 977879 384069 354466
98586359 98886359 977934 381397 352226
98886360 99186360 977909 381459 352151
99186361 99486361 977977 381024 352065
99486362 99786362 977972 379978 351127
99786363 100086363 977912 379089 350020
100086364 100386364 978033 378192 349621
100386365 100686365 977974 375799 347145
100686366 100986366 977872 376397 347768
100986367 101286367 977838 375743 347026
101286368 101586368 977937 374806 346199
101586369 101886369 977939 373636 344686
101886370 102186370 977936 372974 344300
102186371 102486371 977839 371121 342661
102486372 102786372 977845 370668 342213
102786373 103086373 977735 370407 342048
103086374 103386374 977941 371129 342713
103386375 103686375 977856 211155 195889
103686376 103986376 977771 367660 339550
103986377 104206588 717824 159052 146958
