86 2028
82648113 82948113 977854 758868 707327 206 1766669.579500
82948114 83248114 977858 752861 702393 206 1756011.704500
83248115 83548115 977826 747860 697642 206 1746347.349500
83548116 83848116 977791 745052 695010 205 1726613.123500
83848117 84148117 977816 739515 690223 206 1719189.101700
84148118 84448118 977799 733041 684533 206 1709523.722700
84448119 84748119 977751 735597 686802 206 1716189.838000
84748120 85048120 977843 733509 684571 206 1709190.104000
85048121 85348121 977815 730754 682662 206 1701123.456000
85348122 85648122 977798 728108 680274 206 1692185.420000
85648123 85948123 977813 724279 676801 206 1684988.338100
85948124 86248124 977834 721973 674892 206 1677671.707400
86248125 86548125 977805 718638 672141 206 1670247.899500
86548126 86848126 977859 716156 669213 206 1662690.756700
88048131 88348131 977904 704123 659202 206 1630251.609000
88348132 88648132 977912 700481 655460 206 1623371.255600
88648133 88948133 977777 696272 652004 206 1615362.253300
88948134 89248134 977898 693119 648884 206 1606226.949000
89248135 89548135 977973 688786 645291 206 1596850.756900
89548136 89848136 977679 686245 642426 205 1583840.868000
89848137 90148137 977839 684570 641601 206 1588546.637400
90148138 90448138 977941 681956 638191 206 1581093.238300
90448139 90748139 977935 679403 636763 206 1572999.330400
90748140 91048140 977971 676592 634120 206 1569845.358200
91048141 91348141 977875 675703 633404 206 1563588.492100
91348142 91648142 977933 672006 629924 206 1556807.158300
91648143 91948143 977871 668620 626693 206 1550320.165100
91948144 92248144 977971 666514 625158 206 1544863.943500
92248145 92548145 977902 664586 623246 206 1538941.703900
92548146 92848146 977781 662765 621642 206 1532881.516600
92848147 93148147 977942 658727 618205 205 1518528.339600
93148148 93448148 977907 657066 616729 206 1518887.711300
93448149 93748149 977974 654208 613991 206 1511380.763100
93748150 94048150 978001 650824 610796 206 1503581.501500
94048151 94348151 977907 647877 608448 206 1494956.434100
94348152 94648152 977877 641247 602075 206 1479556.857800
94648153 94948153 977932 644120 604990 206 1490454.225000
94948154 95248154 977874 641025 602054 206 1485246.234000
95248155 95548155 977910 641665 602488 206 1480464.998600
95848157 96148157 977939 637893 599510 206 1471232.810600
96148158 96448158 977846 633439 595247 206 1466347.951600
96448159 96748159 977889 632233 594320 206 1460083.661500
96748160 97048160 977908 629223 591168 206 1453063.094400
97048161 97348161 977967 625668 587937 206 1449942.561500
97348162 97648162 977909 627060 589693 206 1445907.946200
97648163 97948163 977772 623400 586127 206 1441362.939600
97948164 98248164 977934 623022 585567 206 1436577.192600
98248165 98548165 977975 620128 583563 206 1431162.109700
98548166 98848166 977874 617748 581138 206 1426065.166400
98848167 99148167 978000 615321 578881 205 1413246.758900
99448169 99748169 977891 610185 574466 206 1411233.076300
99748170 100048170 977808 610502 574590 206 1406168.832600
100048171 100348171 977819 608521 572651 206 1401249.189500
100348172 100648172 977846 598280 563489 206 1380979.180600
100648173 100948173 977787 604400 569035 206 1391325.816500
100948174 101248174 977825 600769 565526 206 1386575.079700
101248175 101548175 977854 600096 565336 206 1381735.159900
101548176 101848176 977806 598727 563944 206 1376705.321100
101848177 102148177 977833 595831 561099 205 1365214.902600
102148178 102448178 977808 594191 559969 206 1367339.345900
102448179 102748179 977820 590194 556200 206 1360902.413400
102748180 103048180 977816 589839 555735 206 1357164.918100
103048181 103348181 977787 587628 554089 206 1353864.710500
103348182 103648182 977808 586003 552185 206 1349395.252100
103648183 103948183 977848 586181 552624 206 1344356.789300
103948184 104248184 977853 582363 549158 206 1339306.869400
104248185 104548185 977827 579626 546897 206 1334942.169000
104548186 104848186 977873 578214 545414 206 1329998.774400
104848187 105148187 977794 577189 544319 206 1325472.154900
105148188 105448188 977853 572199 539596 205 1314489.990600
105448189 105748189 977763 573217 540877 206 1315918.602200
106048191 106348191 977812 569776 537624 206 1308709.183700
106348192 106648192 977797 568105 535914 206 1304334.435500
106648193 106948193 977852 565610 533694 206 1300597.180700
106948194 107248194 977816 563865 532067 206 1295706.180600
107248195 107548195 977802 560987 529468 206 1290935.265100
107548196 107848196 977838 561541 530240 206 1287146.429300
107848197 108148197 977848 559622 528238 206 1282944.299600
108148198 108448198 977799 556259 525233 206 1278228.619600
108448199 108748199 977881 553730 522893 206 1273141.878100
108748200 109048200 977895 553479 522904 205 1262790.646900
109048201 109348201 977836 550649 520217 206 1265134.127500
109348202 109648202 977933 548092 518020 206 1259468.542400
109648203 109948203 977902 545955 516163 206 1253855.096900
109948204 110248204 977774 544591 514684 206 1250983.280200
110248205 110548205 977933 542549 512761 206 1245418.470300
