27 2208
76098363 76398363 978002 1042385 958624 206 2295673.548500
76398364 76698364 978014 1034937 951792 206 2277156.276500
76698365 76998365 978017 1027542 945771 206 2260847.108000
77298367 77598367 978014 1017792 936786 206 2236505.252000
77598368 77898368 978012 1011809 931598 206 2220625.080500
77898369 78198369 978037 1003059 924685 206 2202974.324000
78198370 78498370 978013 995763 917938 206 2184139.165000
78498371 78798371 978007 987715 910887 206 2168770.597500
78798372 79098372 978019 980414 904399 206 2153003.140500
79098373 79398373 978011 962124 888960 205 2098328.116500
79398374 79698374 978008 970662 896299 206 2124178.367500
79698375 79998375 978019 968331 893565 206 2123926.367000
79998376 80298376 978019 971842 896902 206 2129988.414500
80298377 80598377 978043 967905 893793 206 2117433.609000
80598378 80898378 978018 961365 887988 206 2104951.070000
80898379 81198379 978016 955381 882721 206 2092108.808500
81198380 81498380 978043 950705 878384 206 2082247.591500
81498381 81798381 978017 945564 874050 206 2070603.021000
81798382 82098382 978046 940688 869675 206 2060533.534500
82098383 82398383 978015 937991 867407 206 2050950.048000
82398384 82698384 978012 931587 862072 205 2030134.714000
82698385 82998385 978010 929560 860245 206 2030479.220500
82998386 83298386 978016 924566 855854 206 2020195.616500
83298387 83598387 978014 921702 853393 206 2009684.045500
83598388 83898388 978043 915846 848406 206 1999274.011500
83898389 84198389 978005 911046 844037 206 1989581.090500
84198390 84498390 978014 906807 840720 206 1979122.550000
