72 2208
33459124 33759124 978042 1020653 864409 205 2421636.015500
33759125 34059125 977780 1008370 853949 206 2409425.645500
34059126 34359126 977876 999616 847921 206 2381581.357000
34359127 34659127 977956 992342 842075 206 2359932.070500
34659128 34959128 977838 982104 833831 206 2339345.669000
34959129 35259129 977905 972520 826414 206 2316261.730500
35259130 35559130 977973 965298 819902 206 2292237.273000
35559131 35859131 977877 951769 810115 206 2264215.929000
35859132 36159132 977873 942033 802056 206 2238888.199000
36159133 36459133 977900 934240 795991 206 2219914.985500
36459134 36759134 977876 915960 781474 206 2176033.656500
36759135 37059135 977975 956734 813787 206 2269866.758000
37059136 37359136 977944 948026 806942 205 2245162.835000
37359137 37659137 977945 944615 804288 206 2242532.570000
37659138 37959138 977963 939587 800209 206 2229449.573000
37959139 38259139 977842 932689 794606 206 2216540.239000
38259140 38559140 977964 926027 789035 206 2203402.428500
38559141 38859141 977910 922180 786035 206 2189963.475500
38859142 39159142 977913 916724 782334 206 2176397.884000
39159143 39459143 977901 911471 777982 206 2162826.021500
39459144 39759144 977873 906514 774502 206 2151997.292000
39759145 40059145 977978 900670 769211 206 2139902.549000
40059146 40359146 977911 895748 765170 206 2127367.673500
40359147 40659147 977968 892452 763219 206 2114602.650000
40659148 40959148 977808 885517 757528 205 2094332.165000
40959149 41259149 977970 884565 756726 206 2091476.916500
41259150 41559150 977908 876931 751298 206 2077728.602500
41559151 41859151 977875 870198 745218 206 2063557.373000
41859152 42159152 977903 866183 742072 206 2051261.710000
42159153 42459153 977905 862761 739751 206 2040715.078000
42459154 42759154 977967 846690 726867 206 2005498.977500
42759155 43059155 977944 860477 738574 206 2033999.821500
43059156 43359156 977916 855396 733944 206 2022410.523000
43359157 43659157 978004 850582 730167 206 2011978.466500
43659158 43959158 977905 847210 726730 206 2003421.158000
43959159 44259159 978006 842861 723741 205 1983394.049500
44259160 44559160 977900 836585 718671 206 1982216.274500
44559161 44859161 977874 834057 716648 206 1972005.925000
44859162 45159162 977981 831001 714287 206 1963680.085000
45159163 45459163 977974 825835 710114 206 1955367.348500
45459164 45759164 977940 823122 707701 206 1945464.732000
45759165 46059165 977930 819623 705180 206 1935545.618500
46059166 46359166 977841 814842 701553 206 1925940.508000
46359167 46659167 977880 812114 699198 206 1917724.082500
46659168 46959168 977901 810232 697369 206 1909122.363000
46959169 47259169 978006 804526 692978 205 1891061.731500
47259170 47559170 977869 801769 690767 206 1891022.000500
47559171 47859171 977970 798383 688168 206 1882404.405000
47859172 48159172 977909 793573 684144 206 1872112.161500
48159173 48459173 977971 788274 679290 206 1862518.306000
48459174 48759174 976219 784673 676575 205 1846432.686500
48759175 49059175 977862 784908 677585 206 1848073.993000
49059176 49359176 978001 780811 673663 206 1840016.720000
49359177 49659177 977972 776614 670247 206 1831464.450000
49659178 49959178 977979 773570 668092 206 1823074.329500
49959179 50259179 977933 770958 666311 206 1814782.994000
50259180 50559180 977944 760624 658113 205 1780926.282500
50559181 50859181 977974 759491 656697 206 1788954.182600
50859182 51159182 977965 760865 657882 206 1790340.066500
51159183 51459183 977878 756936 654550 206 1782281.315000
51459184 51759184 977842 752509 650740 206 1774259.839000
51759185 52059185 978003 749361 648209 206 1766779.926000
52059186 52359186 977911 748252 647561 206 1759629.317000
52359187 52659187 977972 743182 643636 206 1752340.342000
52659188 52959188 977811 739044 639622 206 1743052.678500
52959189 53259189 977747 736043 637414 206 1734669.360000
53259190 53559190 977877 736149 637919 206 1728472.857000
53559191 53859191 977910 730573 633257 206 1720088.040000
53859192 54159192 977837 726087 629360 205 1700644.482500
54159193 54459193 977865 723243 626115 206 1700623.852100
54459194 54759194 977908 719679 623796 206 1691888.042000
54759195 55059195 977902 716730 621647 206 1685352.510500
