23 578
45048482 45166464 384633 103177 95586 81 227568.421000
45179627 45297676 384853 999 979 81 2053.081644
45303469 45422937 389459 2029 1986 81 4186.584070
45428733 45546747 384737 3981 3882 66 6656.806191
45554051 45673502 389431 7644 7463 82 15749.767560
45679311 45798823 389571 14035 13619 81 28359.268670
45806138 45924152 384736 24268 23513 81 50420.593510
45929971 46049434 389470 40122 38519 83 84715.195130
46056714 46174676 384568 58776 55787 81 124868.598200
46181976 46301500 389642 80152 75141 83 175267.697300
46307260 46426746 389546 96047 89323 81 207572.527900
46432630 46552051 389334 103387 95901 82 226209.118000
46557834 46677394 389759 98496 91619 83 219140.673100
46683151 46802653 389596 83868 78507 82 183782.738000
46808449 46927903 389441 63844 60530 81 136940.346000
46933760 47053213 389415 43783 41990 83 94485.400900
47059079 47178537 389452 26860 25927 82 56959.075510
47184325 47303859 389704 15454 15019 81 32061.347510
47309647 47429092 389384 8239 8051 82 17357.228190
47434951 47552965 384739 4270 4151 81 8831.741766
47560281 47679767 389546 2122 2070 81 4379.959219
47685530 47805031 389566 1156 1133 82 2141.549013
47816713 47936168 389417 101896 94589 83 226275.278500
