38 2208
59484277 59784277 976339 917495 844116 103 1007534.423000
59784278 60084278 978018 914966 842700 103 1002400.309000
60084279 60384279 978041 911376 839477 103 996677.657000
60384280 60684280 978013 904253 832722 103 991883.253500
60684281 60984281 978020 902130 831285 103 987616.908500
60984282 61284282 978045 889046 820172 103 972288.948500
61884285 62184285 978015 891481 821988 103 974865.702000
62184286 62484286 977942 886697 818055 103 970769.042500
62484287 62784287 978003 884467 816451 103 967232.819000
62784288 63084288 977864 882301 814695 103 963348.346500
63084289 63384289 977948 877503 810321 103 959147.392000
63384290 63684290 978005 872748 805800 103 954877.073000
63684291 63984291 978012 869998 803432 103 951133.639000
63984292 64284292 977997 867677 801642 103 947827.929000
64284293 64584293 977976 864661 798609 103 944446.364000
64584294 64884294 977979 860884 795365 103 940528.268500
64884295 65184295 977990 857843 792282 103 936761.138000
65184296 65484296 977979 852993 788700 103 932963.264000
65484297 65784297 977981 851045 787421 103 928651.170500
65784298 66084298 978000 848828 785302 103 924363.865000
66084299 66384299 977946 843574 780195 103 920295.225000
66384300 66684300 977910 837525 774978 103 914698.593000
66684301 66984301 977940 830954 769245 103 905978.010400
66984302 67284302 977945 836035 773604 102 904582.414500
67284303 67584303 978003 835392 773130 103 909954.573500
67584304 67884304 978015 831927 770358 103 906357.121500
67884305 68184305 978013 828631 767432 103 902891.631500
68184306 68484306 978004 825905 764657 103 900310.518500
68484307 68784307 977950 823711 763634 103 897363.482000
68784308 69084308 978008 819250 759313 103 893724.888000
69084309 69384309 978036 818257 758599 103 889972.080500
69384310 69684310 977948 813696 754683 103 886643.337500
69684311 69984311 978012 811878 752760 103 883462.866000
69984312 70284312 978011 799091 741243 103 868972.328800
70284313 70584313 978011 806826 748493 103 878518.159000
70584314 70884314 978006 803379 745285 103 874715.213500
70884315 71184315 977980 804060 745711 103 872334.837000
71184316 71484316 977975 798698 740552 103 869088.935500
