110 2208
66702799 67002799 977943 1219430 1106773 103 1458878.877000
67002800 67302800 977937 1212218 1101773 103 1445960.160500
67902803 68202803 977911 1185544 1078911 103 1413906.037500
68202804 68502804 977811 1175820 1070480 103 1400970.684000
68502805 68802805 977969 1167576 1063416 103 1389088.852000
68802806 69102806 978007 1156502 1053941 103 1377514.804000
69102807 69402807 977971 1147788 1045689 103 1365749.747500
69402808 69702808 977899 1138181 1038075 103 1353283.908500
69702809 70002809 977875 1130168 1031161 103 1343162.546500
70002810 70302810 977844 1126541 1028421 103 1337466.932000
70302811 70602811 977868 1116963 1019479 103 1327669.376000
70602812 70902812 977907 1104875 1009725 103 1309035.119000
70902813 71202828 977928 1094375 1000566 103 1298217.548500
71202829 71502829 977965 1099335 1004859 103 1302794.537500
71502830 71802830 977810 1092074 998578 103 1293573.871500
71802831 72102831 977906 1083116 990991 103 1284885.334500
72102832 72402832 977975 1078918 987275 102 1263785.157000
72402833 72702833 977944 1072345 981111 103 1267416.359500
72702834 73002834 977961 1063265 974304 103 1258497.218000
73002835 73302835 977971 1055944 967457 103 1249926.506500
73302836 73602836 977878 1050149 962417 103 1241794.930000
73602837 73902837 977904 1044398 957418 103 1233784.796000
73902838 74202838 977906 1036448 950831 103 1225915.778500
74202839 74502839 977911 1031492 945889 103 1217512.322500
74502840 74802840 977898 1024527 940867 103 1209225.127000
74802841 75102841 977973 1020235 937254 103 1201551.696000
75102842 75402842 977968 1012695 930121 103 1194250.654000
75402843 75702843 977938 1006976 926054 103 1185207.978000
75702844 76002844 977876 988069 909361 103 1164591.992500
76002845 76302845 977940 994442 914686 103 1170686.895500
76302846 76602846 977905 989641 910302 103 1163266.814500
76602847 76902847 977841 981536 903213 103 1156140.273500
76902848 77202848 977970 976586 898414 103 1148996.639000
77202849 77502849 977974 972415 895769 103 1141492.771000
77502850 77802850 977876 964076 888087 103 1134326.110500
77802851 78102851 977996 959619 884227 103 1127411.351000
78102852 78402852 977969 954109 879050 103 1120567.787500
78402853 78702853 978004 948785 874603 103 1113907.131000
78702854 79002854 977973 943461 870218 102 1096663.005500
79002855 79302855 977867 938225 865586 103 1101032.407000
79302856 79602856 977934 934225 862770 103 1093171.261000
79602857 79902857 977976 926609 855449 103 1086819.157000
79902858 80202858 977911 921134 850817 103 1079650.527500
80202859 80502859 977837 917165 847202 103 1073144.620000
80502860 80802860 977947 909872 841065 103 1066368.816000
80802861 81102861 977872 904305 835791 103 1059607.280000
81102862 81402862 977964 898234 829972 103 1051448.588500
81402863 81702863 977907 896014 828691 103 1048073.319500
81702864 82002864 977933 892444 825611 103 1043152.220500
82002865 82302865 977806 885973 820080 103 1036764.760500
82302866 82602866 977933 882077 816627 103 1030593.903500
82602867 82902867 977835 878062 812574 103 1024326.287500
82902868 83202868 977911 873026 809155 103 1018155.394000
83202869 83502869 977969 861667 799096 103 1003662.500500
83502870 83802870 977933 867642 804122 103 1013552.974000
83802871 84102871 977776 863084 799896 103 1008026.077000
84102872 84402872 977935 859493 796993 103 1002051.702500
84402873 84702873 977934 855585 793209 103 997043.412500
84702874 85002874 977972 850471 789309 103 991927.562500
85002875 85302875 978003 846791 785523 103 986087.691500
85302876 85602876 978005 840366 780249 103 981089.371500
85602877 85902877 977905 837760 778117 102 966073.737000
85902878 86202878 977922 833468 774034 103 970273.745000
86202879 86502879 977943 829054 770434 103 964972.590500
86502880 86802880 977809 823484 765215 103 959030.605500
86802881 87102881 977971 819545 761861 103 954349.924000
87102882 87402882 977833 815313 758176 103 949235.222000
87402883 87702883 977900 809914 753449 103 943940.978000
87702884 88002884 977998 807599 750890 103 939346.977000
88002885 88302885 977975 804022 748383 103 934494.729500
88302886 88602886 977935 799888 744206 103 929766.527500
88602887 88902887 977944 796101 740981 103 925330.041500
88902888 89202888 977943 789690 735224 103 920512.643000
89202889 89502889 977999 789129 734847 103 915637.172500
89502890 89802890 977906 784231 730156 103 911106.892500
89802891 90102891 977906 780916 727418 103 906290.302000
90102892 90402892 977933 776243 723152 103 901371.839000
90402893 90702893 977939 774332 721579 103 898291.709000
90702894 91002894 977867 759248 708386 103 879453.278500
91002895 91302895 977967 748660 698412 103 868423.138000
91302896 91602896 977974 745437 695790 103 864034.772500
91602897 91902897 977866 741907 692979 103 860395.616500
91902898 92202898 977904 729539 681907 103 845820.864700
92202899 92502899 977973 736474 688053 102 845010.712000
92502900 92802900 977899 733523 685632 103 849249.318000
92802901 93102901 977839 730358 682388 103 845299.998800
93102902 93402902 977939 726175 678651 103 841520.820300
93402903 93702903 977866 724995 678287 103 837692.817300
93702904 94002904 977909 720803 674035 103 834170.668100
94002905 94302905 977917 718088 671675 103 830433.284700
94302906 94602906 977973 713100 667405 103 825790.758900
94602907 94902907 977944 708557 663427 103 821362.568200
94902908 95202908 977934 709143 663320 103 817985.538800
95202909 95502909 977879 704614 659904 103 814119.221800
95502910 95802910 977937 700253 655504 103 810476.467600
95802911 96102911 977900 698877 654813 103 806354.488200
96102912 96402912 977905 695541 651367 103 803588.890200
96402913 96702913 977738 692148 648444 103 800568.743700
96702914 97002914 977870 690214 647055 103 797140.528000
97002915 97302915 977879 687236 644011 103 793963.958000
97302916 97602916 978005 686201 642873 103 790579.241600
97602917 97902917 977968 682571 640255 103 787144.632500
97902918 98202918 977940 683261 641264 103 784687.341800
98202919 98502924 977884 677305 635165 103 781470.129400
98502925 98802925 977902 675673 633876 103 777892.034200
98802926 99102926 977877 673015 631354 103 774517.446600
99102927 99402927 978023 669749 628446 102 764149.999500
99402928 99702928 977876 667938 626924 103 768241.344000
99702929 100002929 977910 663310 622636 103 765020.272000
100002930 100302930 977930 652165 612652 103 751699.510400
