65 2064
85147999 85447999 978013 886166 787616 206 2088290.396600
85448000 85748000 978042 637878 571281 206 1497140.347350
85748001 86048001 978013 950942 844509 206 2252838.232000
86048002 86348002 978013 946994 839369 206 2239913.055000
86348003 86648003 978038 940284 834033 206 2224472.216000
86648004 86948004 978013 933764 828634 206 2208567.251500
86948005 87248005 978013 928660 825046 206 2193481.384500
87248006 87548006 978039 922123 819031 206 2178965.438500
87548007 87848016 977964 916100 814165 206 2164087.613500
87848017 88148017 978068 912169 810695 205 2141946.507000
88148018 88448018 978011 906492 806484 206 2138045.002000
88448019 88748019 978000 900090 800620 206 2127436.389500
88748020 89048020 978043 898528 799896 206 2117860.294000
89048021 89348021 978010 894228 795097 206 2106423.658000
89348022 89648022 977975 879383 782519 206 2071645.544000
89648023 89948023 978042 890925 792846 206 2102358.271000
89948024 90248024 977983 889574 791467 206 2092862.281000
90248025 90548025 978012 885043 787425 206 2082099.987500
90548026 90848026 978041 879775 782602 206 2069588.398500
90848027 91148027 978010 875874 779045 206 2060798.885500
91148028 91448028 978040 871763 776306 206 2051753.078500
91448029 91748029 978013 867515 772433 205 2029421.835000
91748030 92048030 977999 862830 768561 206 2029280.040500
92048031 92348031 978035 860730 766491 206 2020908.360500
92348032 92648032 978013 854951 761581 206 2010588.808500
92648033 92948033 978013 850840 757874 206 1997676.961500
92948034 93248034 978041 845123 753240 206 1984675.302000
93248035 93548035 978013 840964 749122 206 1971768.017000
93548036 93848036 977984 835706 744819 206 1961412.744500
93848037 94148037 978042 833669 743438 206 1954449.018000
94148038 94448038 978006 831479 742284 206 1948244.516500
94448039 94748039 978041 824035 735333 206 1935002.225000
94748040 95048040 978011 819615 731876 205 1913090.437000
95048041 95348041 978006 819726 731892 206 1922792.457000
95348042 95648042 978041 819490 731739 206 1918840.087000
95648043 95948043 977957 813894 727444 206 1910073.862000
95948044 96248044 978014 809960 724097 206 1898806.366500
96248045 96548045 978042 807044 721562 206 1888287.521500
96548046 96848046 978012 792926 709210 206 1858836.547800
96848047 97148047 978014 803794 718366 206 1882381.157000
97148048 97448048 978040 801295 716285 206 1873970.907000
97448049 97748049 977978 796242 711815 206 1865463.778000
97748050 98048050 978041 793940 710225 206 1857948.601000
98048051 98348051 978013 789345 705827 205 1841605.716000
98348052 98648052 977979 786937 704518 206 1842089.891500
98648053 98948053 978045 785498 703041 206 1833832.225000
98948054 99248054 978014 782052 700053 206 1827010.085000
99248055 99548055 978014 778676 697272 206 1818309.077500
99548056 99848056 978036 773338 692677 206 1807578.968000
99848057 100148057 978012 771315 690962 206 1798717.209500
100148058 100448058 978013 763925 685170 206 1783913.246500
100448059 100748059 978041 760421 681858 206 1778050.882000
100748060 101048060 977980 760594 682179 206 1772510.091500
101048061 101348061 978038 752241 674126 206 1758522.696500
101348062 101648062 978021 751574 674191 205 1743429.874000
101648063 101948063 978016 749181 672554 206 1748654.152500
101948064 102248064 977999 748153 671518 206 1742987.687500
102248065 102548065 978014 743266 667830 206 1732175.971000
102548066 102848066 978009 739951 664800 206 1723615.990000
102848067 103148067 978040 737276 662318 206 1718421.285000
103148068 103448068 978010 735856 661507 206 1713879.831500
103448069 103748069 976145 728943 655784 206 1702438.287400
103748070 104048070 978007 728861 655424 206 1697785.632500
104048071 104348071 978018 726325 652983 206 1692402.107400
104348072 104648072 978042 381891 343381 110 900082.704100
