134 2064
84347202 84647202 978009 1187879 1081334 103 1327434.613500
84647203 84947203 978010 1175836 1072147 103 1312892.698500
85547206 85847206 978005 1149006 1048476 103 1279784.192000
85847207 86147207 978039 1141618 1042811 103 1270149.228500
86147208 86447208 978012 1130958 1033722 103 1257813.993500
86447209 86747209 978013 1116820 1021399 103 1238368.909500
86747210 87047210 978039 1135136 1036560 103 1262281.851000
87047211 87347211 978015 1126707 1029679 103 1253406.119500
87347212 87647212 978046 1122301 1026336 103 1245561.918000
87647213 87947213 978011 1116419 1020831 103 1239477.469500
87947214 88247214 978013 1109996 1015546 103 1231785.956000
88247215 88547215 978045 1102407 1009021 103 1223047.071000
88547216 88847216 978017 1093792 1001848 103 1214607.308000
88847217 89147217 978013 1087850 997256 103 1208388.050000
89147218 89447218 978044 1083611 992554 103 1201815.086500
89447219 89747219 977992 1077497 987637 103 1195113.495500
89747220 90047220 978014 1073788 984476 103 1188319.698500
90047221 90347221 978039 1065691 977290 102 1170125.363500
90347222 90647222 978014 1059203 972327 103 1174830.208000
90647223 90947223 978044 1053937 967637 103 1167722.016500
90947224 91247224 977979 1047542 961944 103 1160674.398000
91247225 91547225 978014 1027413 944805 103 1136503.572500
91547226 91847226 978040 1043290 958293 103 1150818.979500
91847227 92147227 978016 1038566 954667 103 1147518.642500
92147228 92447228 977984 1032205 948449 103 1141421.208000
92447229 92747229 977973 1027717 944588 103 1135342.733000
92747230 93047230 977980 1022995 941219 103 1129379.117000
93047231 93347231 978015 1016188 934984 103 1123664.444500
93347232 93647232 978044 1012098 931460 103 1117759.831500
93647233 93947233 978017 1009260 929224 103 1111749.184500
93947234 94247234 978012 1003311 924179 103 1105931.371500
94247235 94547235 978015 996367 917836 103 1100240.420000
94547236 94847236 978012 992008 914170 103 1094569.068000
94847237 95147237 978039 986294 909174 103 1088254.362000
95147238 95447238 978015 983352 906902 103 1083293.781500
95447239 95747239 978013 978205 902444 103 1077714.031500
95747240 96047240 978041 976761 901224 103 1072753.875500
96047241 96347241 978014 970302 895523 103 1067485.546500
96347242 96647242 978010 966101 891992 103 1061828.152000
96647243 96947243 978025 962432 888610 102 1046034.004000
96947244 97247244 978011 954562 881801 103 1050667.047000
97247245 97547245 977968 950255 877520 103 1044962.756500
97547246 97847246 977944 946627 874540 103 1040253.924500
97847247 98147247 977936 941840 870703 103 1035459.731000
98147248 98447248 978002 939421 868497 103 1030798.812000
98447249 98747249 977945 923843 855188 103 1012243.793000
98747250 99047250 978002 928958 859401 103 1021783.066500
99047251 99347251 978035 927272 858500 103 1016891.979500
99347252 99647252 977977 923562 854612 103 1012130.418500
99647253 99947253 977877 920221 851912 103 1007575.733000
99947254 100247254 977978 914949 846880 103 1003100.041000
100247255 100547255 977975 909051 842077 103 997704.497500
100547256 100847256 977968 906322 839820 103 992589.229000
100847257 101147257 978006 901852 835889 102 978280.362500
101147258 101447258 977942 897134 831677 103 983074.483500
101447259 101747259 973603 887433 822698 103 978482.014000
101747260 102047260 978009 890135 825868 103 974332.243500
102047261 102347261 978043 886073 822141 103 970856.235000
102347262 102647262 978013 883523 819821 103 966561.425000
102647263 102947263 978011 878908 816189 103 962140.715000
102947264 103247264 978040 875942 813137 103 958134.846000
103247265 103547265 978011 871451 809167 103 953630.940500
103547266 103847266 978013 867024 804841 103 949471.797000
103847267 104147267 978040 865739 804619 103 945993.040000
104147268 104447268 977975 863033 801783 102 932583.093000
104447269 104747269 978013 858933 797901 103 937672.405000
104747270 105047270 978038 844491 785514 103 920604.552300
105047271 105347271 978012 850949 791074 103 931089.155000
105347272 105647272 978036 848118 788568 103 926910.874000
105647273 105947273 977980 844829 785998 103 922871.634000
105947274 106247274 977979 842594 783812 103 918665.414500
106247275 106547275 978041 837676 779477 103 914510.336500
106547276 106847276 978016 835750 777965 103 910646.384000
106847277 107147277 978016 831331 774253 103 906989.538000
107147278 107447278 978045 828236 771270 103 902749.145000
107447279 107747279 978012 824766 768058 103 898848.463500
107747280 108047280 978017 820930 764781 103 895639.931000
108047281 108347281 978046 817124 761189 103 892130.788500
108347282 108647282 978013 814846 759242 103 888545.435000
108647283 108947283 978040 811342 756024 103 885242.294000
108947284 109247284 978009 809384 754478 103 881380.823000
109247285 109547285 978010 805949 751651 103 877711.628500
109547286 109847286 978002 801793 747596 103 873772.841000
109847287 110147287 978018 798521 744811 103 870541.440500
110147288 110447288 978012 796161 742935 103 867421.735000
110447289 110747289 978040 793656 740654 103 863398.962000
110747290 111047290 978014 779213 727771 103 847440.739400
111047291 111347291 978012 788079 735443 102 848797.502500
111347292 111647292 978038 784598 732039 103 853310.751000
111647293 111947293 978013 780882 729169 103 850272.762500
111947294 112247294 978040 777788 726412 103 846425.104000
112247295 112547295 978015 775120 724025 103 843127.762300
112547296 112847296 978015 773049 722487 103 839936.295900
112847297 113147297 978039 770819 720173 103 836631.434500
113147298 113447298 978013 766989 717041 103 833371.780600
113447299 113747299 978010 764126 714461 103 830225.514000
113747300 114047300 978040 761648 712636 103 826668.386000
114047301 114347301 978019 760172 710517 103 823475.740800
114347302 114647302 978010 756302 707257 103 820560.707100
114647303 114947303 978037 752743 704562 103 817816.963900
114947304 115247304 978004 752132 703877 103 814810.332600
115247305 115547305 978040 748735 700914 103 811571.798900
115547306 115847306 978020 744626 696744 103 808577.287100
115847307 116147307 978017 743003 695586 103 805507.984900
116147308 116447308 978037 740109 692933 103 802515.681000
116447309 116747309 978012 737011 689941 103 799414.054200
116747310 117047310 978013 734157 687629 103 796487.921200
117047311 117347311 978040 728782 682603 103 790318.937300
117347312 117647312 978018 722161 677130 103 783063.287400
117647313 117947313 978015 727561 681858 103 787473.400800
117947314 118247314 978041 725359 679714 102 777287.000300
118247315 118547315 978016 722661 677593 103 782324.417200
118547316 118847316 978026 719994 674869 103 779200.143500
118847317 119147317 978013 716970 672118 103 776490.362500
119147318 119447318 978015 714273 669967 103 773487.467400
119447319 119747319 978039 711775 667515 103 770525.973500
119747320 120047320 978017 709071 665111 103 767792.606700
120047321 120347321 978014 707145 663437 103 765163.508800
120347322 120647322 978040 704502 660913 103 762546.568500
120647323 120947323 977977 701873 658399 103 759486.099700
120947324 121247324 978009 699931 657049 103 756436.676100
121247325 121547325 978035 696230 653395 103 753166.898400
121547326 121847326 978014 695341 652505 103 751044.917100
121847327 122147327 978010 691404 649313 103 748771.016800
122147328 122447328 978039 689653 647599 103 745484.871500
122447329 122747329 978012 688583 646981 103 742551.159800
122747330 123047330 978038 685052 643780 103 740269.998400
123047331 123347331 977975 683371 642333 103 738150.771200
123347332 123647332 978010 679586 638495 103 735511.719700
123647333 123947333 978034 678869 637639 103 732753.530800
123947334 124247334 978014 667440 627673 103 720413.884000
