72 303
31402054 31702054 980972 183513 165599 102 178500.842100
31702055 32002055 978008 182824 164795 103 179675.404500
32602058 32902058 978013 180307 162362 103 177632.654500
32902059 33202059 978009 179342 161477 103 176361.763300
33202060 33502060 978003 178066 160752 103 175059.481000
33502061 33802061 978004 177094 159936 103 173715.742200
33802062 34102062 978039 175976 158687 103 172791.957400
34402064 34702064 978008 173466 156496 103 170527.079100
34702065 35002065 978038 172272 155635 103 169368.278900
35002066 35302066 978006 171102 154515 103 168319.386200
35302067 35602067 978009 170377 154058 103 167247.201600
35602068 35902068 978036 168558 152516 103 166219.510200
35902069 36202069 978009 168025 152156 103 165428.776000
36202070 36502070 978009 166393 150824 103 164550.460600
36502071 36802071 978033 166630 151242 103 163660.978600
36802072 37102072 977973 165638 150168 103 162740.268500
37102073 37402073 978032 164854 149453 103 162206.945300
37402074 37702074 978011 163431 148269 103 161019.483100
37702075 38002075 978004 162930 147609 103 160748.526600
38002076 38302076 978037 162152 147039 103 159597.163600
38602078 38902078 978010 162133 147035 103 158998.258600
38902079 39202079 978037 160062 145245 103 157943.458800
39202080 39502080 978009 160231 145402 103 157458.841600
39502081 39802081 978006 158806 144395 103 156242.719800
39802082 40102082 977993 156840 142633 103 155390.170900
40102083 40402083 977971 157193 142929 103 154715.582200
40402084 40702084 978033 155811 141797 103 153983.399200
40702085 41002085 978010 154179 140289 103 153278.786000
41002086 41302086 978004 154356 140467 103 152512.521900
41302087 41602087 978032 153888 140036 103 151719.236500
41602088 41902088 978011 152672 138999 103 150952.718700
41902089 42202089 978006 152211 138738 103 150255.723500
42202090 42502090 977997 151422 137975 103 149579.750600
42502091 42802091 978005 150556 137407 103 148829.310800
42802092 43102092 977938 150052 136841 103 148133.985200
43102093 43402093 977999 149413 136273 103 147477.382900
43402094 43702094 977945 148874 135928 103 146767.861000
43702095 44002095 978035 148022 135018 103 146074.193400
44002096 44302096 978004 146294 133683 103 145414.606400
44302097 44602097 978011 147352 134702 102 143351.345100
44602098 44902098 978036 145343 132642 103 144063.364300
44902099 45202099 978012 145256 132573 103 143418.486300
45202100 45502100 978010 144396 132081 103 142784.439600
45502101 45802101 978022 143681 131295 103 142151.757500
45802102 46102102 978012 142757 130614 103 141441.330900
46102103 46402103 978010 142741 130673 103 140646.306600
46402104 46702104 978035 141669 129661 103 139971.378200
46702105 47002105 978006 139949 128028 102 137922.142200
47002106 47302106 978040 140318 128647 103 138688.315300
47302107 47602107 977918 140386 128667 103 138177.425200
47602108 47902108 978008 139292 127738 103 137515.968200
47902109 48202109 978033 138830 127431 103 136944.662800
48202110 48502110 978007 137683 126246 103 136339.938400
48502111 48802111 978005 137437 125915 103 135770.705200
48802112 49102112 978029 136555 125266 103 135190.527700
49102113 49402113 977975 135828 124468 103 134628.442200
49402114 49702114 978004 136011 124887 103 134085.014600
49702115 50002115 978034 134775 123783 103 133524.216400
50002116 50302116 978009 134016 123131 103 132912.477400
50302117 50602117 978036 133014 122210 103 132267.396500
50602118 50902118 978006 132029 121380 103 131670.145900
51202120 51502120 977999 131241 120758 103 130545.943600
51502121 51802121 978007 130909 120242 103 129994.368500
51802122 52102122 978008 130730 120525 103 129462.107100
52102123 52402123 978001 130024 119909 103 128912.395900
52402124 52702124 978008 129648 119243 103 128363.804300
52702125 53002125 978009 128879 118580 103 127836.221900
53002126 53302126 978037 128283 118113 103 127302.457000
53302127 53602127 978005 127547 117538 103 126782.006900
53602128 53902128 978037 127331 117346 103 126235.555200
53902129 54202129 978002 126423 116452 103 125710.665800
54202130 54502130 978008 126388 116651 103 125154.022600
