67 1213
70421550 70721550 977861 726273 638287 206 1463001.251650
70721551 71021551 977882 770609 676588 206 1552989.920900
71021552 71321552 977880 762573 669996 206 1539667.263100
71321553 71621553 977877 755352 665002 206 1524620.601600
71621554 71921554 977810 748292 658363 206 1512088.249900
71921555 72221555 977879 743019 654419 206 1498990.909900
72221556 72521556 977881 735162 647684 205 1480218.052000
72521557 72821557 977870 728597 642638 206 1475887.904100
72821558 73121558 977809 724391 639201 206 1464467.198400
73121559 73421559 977841 720287 636224 205 1447248.090300
73421560 73721560 977895 712676 630016 206 1440780.726300
73721561 74021561 977970 707419 625368 205 1423932.448300
74021562 74321562 977907 702905 621575 206 1422529.670600
74321563 74621563 975309 697476 617712 205 1408564.009500
74621564 74921564 977803 693915 614425 206 1405041.710700
77021572 77321572 977767 675864 600141 206 1372167.951200
77321573 77621573 977936 672173 596748 206 1364082.579200
77621574 77921574 977910 667484 592876 206 1355076.893900
77921575 78221575 977894 663738 589906 205 1340243.230500
78221576 78521576 977937 661140 587977 206 1339583.462800
78521577 78821577 977933 658174 585748 206 1331982.231800
78821578 79121578 977967 652198 580605 206 1324445.083900
79121579 79421579 977842 648819 577813 206 1317079.007700
79421580 79721580 977806 643349 573025 206 1309270.014200
79721581 80021581 977968 641829 572228 206 1301360.262600
80021582 80321582 977906 635485 566688 206 1293627.001300
80321583 80621583 977796 634192 565536 206 1286104.980600
80621584 80921584 978030 628977 560892 206 1278601.707000
80921585 81221585 978006 625300 558300 206 1271159.038800
81221586 81521586 977902 621201 554936 205 1258124.388800
81521587 81821587 977796 617224 551407 206 1256568.419900
81821588 82121588 977836 613363 548528 206 1249392.174400
82121589 82421589 977803 609185 544821 206 1242079.065500
82421590 82721590 977770 606511 541973 206 1234538.446900
82721591 83021591 977809 602347 538964 206 1227216.334600
83021592 83321592 977967 599833 537031 206 1220466.327300
83321593 83621593 977940 595183 533287 206 1214340.790800
83621594 83921594 977974 588586 528121 206 1199633.379000
83921595 84221595 978034 585617 524988 206 1196296.829900
84221596 84521596 977840 586963 526242 206 1195019.048400
84521597 84821597 977828 585566 525121 205 1190053.756400
85121599 85421599 977836 591001 529690 206 1205321.374500
85421600 85721600 977967 588064 527292 206 1198881.948900
85721601 86021601 977772 583563 522964 206 1191974.780400
86021602 86321602 977839 581248 521229 206 1185969.552000
86321603 86621603 977933 577466 518149 206 1179404.621800
86621604 86921604 977902 573933 515541 206 1172689.577400
86921605 87221605 977800 571476 513168 206 1166457.468300
87221606 87521606 977858 566785 509173 206 1159480.918600
87521607 87821607 977869 564135 507146 206 1152929.872100
87821608 88121608 977934 562234 505801 206 1147355.268200
88121609 88421609 977898 558335 502275 205 1135251.108500
88421610 88721610 977904 554205 498579 206 1134970.206200
88721611 89021611 977922 553104 498130 206 1127891.448400
89021612 89321612 977642 549477 494989 206 1122035.003600
89321613 89621613 977887 545712 491364 206 1108679.730300
89621614 89921614 977894 544517 490328 206 1098732.586000
89921615 90221615 977839 538571 485410 206 1092539.916900
90221616 90521616 977909 535635 483094 206 1086149.878100
90521617 90821617 977860 533476 481223 206 1080803.145700
90821618 91121618 977972 531340 479482 206 1075785.460700
91121619 91421619 977877 527981 476677 206 1070239.974900
91421620 91721620 977861 525487 474441 205 1059192.012700
91721621 92021621 977906 522823 472413 206 1058594.506000
92021622 92321622 977932 519635 468989 206 1053803.804600
92321623 92621623 977871 516669 466614 206 1048468.312800
92621624 92921624 977873 513778 464769 206 1043276.465200
