79 2208
41149154 41449154 977868 839518 784512 103 969851.225000
41449155 41749155 977907 836004 781765 103 966416.865500
41749156 42049156 977871 834452 780337 103 962160.934000
42049157 42349157 978001 830091 776688 103 956373.105000
42349158 42649158 977863 826151 773564 103 952025.174000
42649159 42949159 977808 821898 769298 102 939453.488500
42949160 43249160 977834 816104 764143 103 943829.747500
43249161 43549161 977904 815932 764264 103 939521.176500
43549162 43849162 977906 808159 757076 103 932739.393000
43849163 44149163 977876 806537 755922 103 929165.130500
44149164 44449164 977844 802697 752053 103 926180.789500
44449165 44749165 977743 801360 751262 103 921434.178500
44749166 45049166 977908 793138 743720 103 915753.828000
45049167 45349167 977873 789824 740586 103 909555.641000
45349168 45649168 977906 782403 734219 103 901203.418500
45649169 45949169 977838 781377 733122 102 890647.609500
45949170 46249170 977928 779579 732014 103 896776.909500
46249171 46549171 977906 775404 727964 103 893262.218500
46549172 46849172 977817 771315 724454 103 888985.899000
46849173 47149173 977868 768236 721591 103 883861.128500
47149174 47449174 977854 761303 715646 103 876471.997500
47449175 47749175 977874 757978 711991 103 874793.765000
47749176 48049176 977862 759351 713896 103 871770.427500
48049177 48349177 977979 753984 708618 103 866913.829500
48349178 48649178 977968 749019 704446 103 860311.652000
48649179 48949179 977894 740620 696583 103 852544.167500
48949180 49249180 977849 736681 693196 102 837135.505500
49249181 49549181 977751 742426 698191 103 854786.598600
49549182 49849182 977840 758214 712584 103 871700.751000
49849183 50149183 977776 753883 708837 102 859574.856500
50149184 50449184 977774 751381 706361 103 864316.632500
50449185 50749185 977762 748509 703748 103 860516.810500
50749186 51049186 977771 746047 701394 103 856828.197000
51049187 51349187 977930 741964 698161 103 852943.986500
51349188 51649188 977873 738671 695180 103 849976.732000
51649189 51949189 977903 737247 693916 102 838777.943500
51949190 52249190 977795 734949 691641 103 843637.758700
52249191 52549191 977798 731769 688463 103 840006.524400
52549192 52849192 977860 728947 686067 103 837237.489500
52849193 53149193 977804 725662 682750 103 834003.707100
53149194 53449194 977817 711910 670691 103 817392.782100
53449195 53749195 977889 701340 661086 103 805932.211500
53749196 54049196 977823 699112 659201 103 802567.502400
54049197 54349197 977851 696544 656922 103 799917.144200
54349198 54649198 977826 695508 655734 103 796885.664700
54649199 54949199 977864 693201 653923 103 794755.479800
54949200 55249200 977883 691261 652122 103 792240.779100
55249201 55549201 977761 687758 649315 103 788908.014800
55549202 55849202 977859 684960 646284 103 785799.147500
55849203 56149203 977768 683800 645309 103 783217.671500
56149204 56449204 977804 681760 643402 103 780849.820300
56449205 56749205 977880 678532 640741 103 778100.800000
56749206 57049206 977907 677366 639789 103 775316.401300
57049207 57349207 977763 674309 636545 103 772330.605000
57349208 57649208 977807 663559 626988 103 760027.572800
57649209 57949209 977819 671029 633833 102 760537.456700
57949210 58249210 977788 667111 630293 103 765306.018500
58249211 58549211 977786 666407 629844 103 762686.652300
58549212 58849212 977914 662298 626165 103 760123.227600
58849213 59149213 977849 661924 625636 103 757415.342500
59149214 59449214 977871 658669 622684 103 754660.413700
59449215 59749215 977829 657396 621060 103 751942.817100
59749216 60049216 977886 655654 619927 103 749394.820700
60049217 60349217 977876 652070 616273 103 746494.596600
60349218 60649218 977835 650936 615766 103 744268.687900
60649219 60949219 977757 647412 612261 103 741585.357900
60949220 61249220 977787 644757 609894 103 739144.484600
61249221 61549221 977857 643484 608830 103 736858.066500
61549222 61849222 977848 641136 606894 103 734391.623800
61849223 62149223 977899 639897 605753 102 725340.139600
62149224 62449224 977812 637846 603437 103 729972.087900
62449225 62749225 977871 636890 602832 103 727250.592100
62749226 63049226 977774 633735 599841 103 724934.175300
63049227 63349227 977779 630647 596924 103 722223.113700
63349228 63649228 977962 629877 596369 103 719921.870800
63649229 63949229 977941 627694 594186 103 717566.916300
63949230 64249230 977903 626961 593684 103 715126.929100
64249231 64549231 978001 624038 590621 103 712666.677000
64549232 64849232 977808 620748 587592 103 710086.953200
