53
63066814 63366814 977937 852 784 206 2141.004639
63366815 63666815 978004 54 50 206 102.969247
63666816 63966816 977945 1 1 206 0.133694
63966817 64266817 978035 0 0 206 0.158045
64266818 64566818 978007 0 0 205 0.150381
64566819 64866819 977935 0 0 206 0.143992
64866820 65166820 977974 0 0 206 0.143760
65166821 65466821 977840 0 0 206 0.154277
65466822 65766822 977973 0 0 206 0.145487
65766823 66066823 977940 0 0 206 0.478982
66066824 66366824 977974 760 700 206 1694.209641
66366825 66666825 977900 635 585 206 1561.575699
66666826 66966826 977945 469 444 206 1083.034685
66966827 67266827 978008 311 283 206 662.067678
67266828 67566828 977970 0 0 206 0.061825
67566829 67866829 977976 0 0 205 0.063173
67866830 68166830 977938 0 0 206 0.061859
68166831 68466831 978031 0 0 206 0.063341
68466832 68766832 977974 0 0 206 0.061825
68766833 69066833 977905 0 0 206 0.062667
69066834 69366834 977897 0 0 206 0.057276
69366835 69666835 977941 0 0 206 0.056771
69666836 69966836 974463 343 320 148 760.585595
69966837 70266837 977538 0 0 0 0.000000
70266838 70566838 977839 0 0 0 0.000000
70566839 70866839 977873 0 0 0 0.000000
70866840 71166840 977804 0 0 0 0.000000
71166841 71466841 977916 0 0 0 0.000000
71466842 71766842 977876 0 0 0 0.000000
71766843 72066843 977775 0 0 0 0.000000
72066844 72366844 977841 0 0 0 0.000000
72366845 72666845 974373 0 0 0 0.000000
72666846 72966846 977971 0 0 0 0.000000
72966847 73266847 977825 0 0 0 0.000000
73266848 73566848 977939 0 0 0 0.000000
73566849 73866849 977912 0 0 0 0.000000
73866850 74166850 978002 0 0 0 0.000000
74166851 74466851 978039 0 0 0 0.000000
74466852 74766852 978006 0 0 0 0.000000
74766853 75066853 978038 0 0 0 0.000000
75066854 75366854 978008 0 0 0 0.000000
75366855 75666855 978006 0 0 0 0.000000
75666856 75966856 978035 0 0 0 0.000000
75966857 76266857 978009 0 0 0 0.000000
76266858 76566858 978013 0 0 0 0.000000
76566859 76866859 974458 32 17 0 0.000000
76866860 77166860 978007 66 28 0 0.000000
77166861 77466861 978007 43 25 0 0.000000
77466862 77766862 978014 42 26 0 0.000000
77766863 78066863 978013 40 19 0 0.000000
78066864 78366864 978037 49 28 0 0.000000
78366865 78666865 978013 1113930 984924 0 0.000000
78666866 78791123 405100 519551 458772 0 0.000000
