93 973
15694030 15994030 980766 572546 504514 206 1147419.475130
16294032 16594032 977992 609542 536612 206 1226968.888300
16594033 16894033 977896 603149 531603 205 1208944.120000
16894034 17194034 977960 588242 519631 206 1186492.277200
17194035 17494035 977920 593472 523456 206 1198599.805600
17494036 17794036 977929 592091 522582 206 1191647.525000
17794037 18094037 977917 586042 517447 206 1182359.579900
18094038 18394038 978000 581818 514216 206 1173747.751400
18394039 18694039 977896 576490 509456 206 1165228.085400
18694040 18994040 977990 572507 506714 206 1156109.197000
18994041 19294041 977927 567170 502380 206 1147751.369300
19294042 19594042 977922 556513 493579 206 1126652.664900
19594043 19894043 977986 562251 497969 206 1135393.887400
19894044 20194044 977958 557795 494805 205 1122601.734700
20194045 20494045 977930 552344 490196 206 1120658.027800
20494046 20794046 977927 548455 486809 206 1112839.476400
20794047 21094047 977959 545804 484627 206 1105273.584600
21094048 21394048 977981 542537 482365 206 1098040.228000
21394049 21694049 977862 539278 479177 206 1091024.051200
21694050 21994050 977896 534200 474918 206 1083766.167600
21994051 22294051 977958 531540 473121 206 1076728.612200
22294052 22594052 977987 528178 469928 206 1070049.392200
22594053 22894053 977967 525791 468644 206 1063497.371000
22894054 23194054 977820 520601 464034 206 1056151.602300
23194055 23494055 977995 516222 459995 205 1044683.533900
23494056 23794056 977959 513274 457978 206 1043215.183300
23794057 24094057 977991 511250 456398 206 1037486.198500
24094058 24394058 977923 508192 453931 206 1031039.468900
24394059 24694059 977983 505134 451173 206 1024831.743400
24694060 24994060 977896 501407 448221 206 1018170.215100
24994061 25294061 977960 497355 444659 206 1012244.234100
25294062 25594062 978032 494991 442959 206 1006083.195800
25594063 25894063 977937 492072 439996 206 1000097.888500
25894064 26194064 977908 489481 437812 205 989541.461300
26194065 26494065 977864 486443 435923 206 988586.196500
26494066 26794066 977834 483929 433485 206 982701.978400
26794067 27094067 977871 480078 430491 206 977111.916600
27094068 27394068 977968 471714 423774 206 959643.702600
27394069 27694069 977873 474619 425586 206 968005.205500
27694070 27994070 977877 472165 423674 206 962324.942800
27994071 28294071 977934 470944 422926 206 956814.532800
28294072 28594072 977967 466313 418337 206 951334.169400
28594073 28894073 978031 464396 417310 206 945479.218000
28894074 29194074 978006 461231 414333 206 940008.192200
29194075 29494075 977970 459290 412828 205 930351.115500
29494076 29794076 977998 455220 409594 206 929773.131700
29794077 30094077 977938 453661 408028 206 924725.219000
30094078 30394078 977844 449125 404323 206 918048.456400
30394079 30694079 977960 446978 402461 206 912400.912400
30694080 30994080 977834 444015 400047 206 907736.064800
30994081 31294081 977838 442265 398438 205 898038.252400
31294082 31594082 977937 439473 396370 206 897149.811300
31594083 31894083 977806 437323 394500 205 887848.841800
31894084 32194084 977901 435821 393452 206 887542.490800
32194085 32494085 977871 431547 389510 206 882528.451800
32494086 32794086 977809 429769 388000 206 878000.947600
32794087 33094087 977866 427647 385940 206 873697.203500
33094088 33394088 977873 424553 383328 205 864987.035000
33394089 33694089 977939 423523 382709 206 864427.648700
33694090 33994090 977765 420971 380243 206 860353.790400
33994091 34294091 977840 413937 374653 205 841945.429300
34294092 34594092 977737 418301 378223 206 853409.544100
34594093 34894093 977962 414771 375018 206 848798.644500
34894094 35194094 977868 413529 374173 206 844489.106300
35194095 35494095 977898 409867 370923 206 839925.124900
35494096 35794096 977970 408465 369901 206 835762.567500
35794097 36094097 977838 405506 367440 205 827239.203700
36094098 36394098 977889 402939 365241 206 826874.986400
36394099 36694099 977869 402024 364293 206 822457.176600
36694100 36994100 977872 400211 362819 206 818147.538900
36994101 37294101 977962 396722 359464 205 809817.288800
37294102 37594102 977868 395297 358376 206 808756.116500
37594103 37894103 977870 392562 356264 206 804023.637200
37894104 38194104 977963 389919 353858 206 799313.923100
38194105 38494105 977744 388878 352824 206 794523.786800
38494106 38794106 977999 385220 349815 206 789865.228500
38794107 39094107 977870 382812 347625 206 786061.606300
39094108 39394108 977874 380817 346101 205 778334.945200
40294112 40594112 978010 373666 339796 206 767797.438200
40594113 40894113 978010 371677 338229 206 763961.877900
40894114 41194114 978036 370590 337281 206 759315.668300
41194115 41494115 978008 367922 334981 205 751259.124600
41494116 41794116 978034 364705 332175 206 749706.398900
41794117 42094117 978007 361168 329032 206 742122.539300
42094118 42394118 978013 358097 326528 206 735139.987800
42394119 42694119 978036 355822 324891 206 731244.986000
42694120 42994120 978016 353006 321908 206 727732.656600
42994121 43294121 978013 351973 320945 206 723905.750900
43294122 43594122 978037 350056 319693 206 720125.091700
43594123 43894123 977972 348541 318419 206 715968.552800
43894124 44194124 978008 342156 313108 206 703121.406900
44194125 44494125 978040 326561 298882 206 673074.347300
44494126 44794126 978009 323183 296518 205 664384.954900
