33 2064
51453665 51753665 978011 1075585 965357 206 2368719.714000
51753666 52053666 978042 1066790 958420 206 2353079.778500
52053667 52353667 977978 1060189 952604 205 2325467.405000
52353668 52653668 978039 1054018 947161 206 2320881.582500
52653669 52953669 977947 1047008 941456 206 2303672.607000
52953670 53253670 977974 1042128 937345 206 2289884.469000
53253671 53553671 978044 1033202 929849 206 2270476.496500
53553672 53853672 977941 1024174 922502 206 2252303.359000
53853673 54153673 977980 1017566 916693 206 2238849.601500
54153674 54453674 978039 1012475 912795 206 2227052.509500
54453675 54753675 978016 1006923 907747 205 2200271.558500
54753676 55053676 977980 999496 901248 206 2195861.891500
55053677 55353677 976364 992623 896186 205 2175259.473000
55353678 55653678 977976 984228 887780 206 2158656.369000
55653679 55953679 978005 977311 881720 205 2133683.814500
55953680 56253680 977976 971238 876380 206 2132520.898500
56253681 56553681 977932 967296 873550 206 2121561.254500
56553682 56853682 978000 960662 867497 206 2107894.156000
56853683 57153683 978006 955965 864057 206 2097836.168500
57153684 57453684 977941 952039 860685 206 2083210.412000
57453685 57753685 978008 946808 856007 206 2071699.353500
57753686 58053686 977942 943592 853557 206 2064103.359000
58053687 58353687 977977 938626 849726 206 2056015.215500
58353688 58653688 977972 937621 848739 206 2051848.696500
58653689 58953689 978008 933062 844919 206 2042781.317500
58953690 59253690 978037 929698 842300 205 2021168.591500
59253691 59553691 978011 922979 836620 206 2018714.817500
59553692 59853692 978012 921237 834719 206 2011814.035500
59853693 60153693 977940 916343 830563 206 2004566.871000
60153694 60453694 977988 912723 827554 206 1992322.802500
60453695 60753695 977940 904833 821136 206 1979602.502500
60753696 61053696 978005 902879 819398 206 1967109.678500
61053697 61353697 977939 899382 816440 206 1957750.465500
