194 2064
46777125 47077125 977978 1042565 1031435 69 773160.067500
47077126 47377126 977942 1034729 1023743 68 755969.808000
47377127 47677127 977905 1026999 1016133 69 761068.090500
47677128 47977128 977912 1024150 1013170 69 757265.222500
47977129 48277129 977907 1017036 1006188 68 741988.531500
49177133 49477133 977907 1001614 991092 69 740100.545000
49477134 49777134 977912 994849 984317 68 724813.312500
49777135 50077135 977904 990041 979653 69 731166.957000
50077136 50377136 977912 985447 975147 69 727795.581000
50377137 50677137 977840 962915 952519 68 699604.913500
50677138 50977138 977933 952919 942682 69 704752.285000
50977139 51277139 977943 950834 940858 69 700905.830500
51277140 51577140 975276 961316 951475 68 699950.314000
51577141 51877141 977975 961856 952111 69 708240.332500
51877142 52177142 977879 958575 948773 68 694607.853500
52177143 52477143 977971 951068 941273 69 701016.212500
52477144 52777144 977944 945011 935326 69 697536.857000
52777145 53077145 977912 943475 933909 68 684096.043000
53077146 53377146 977838 938101 928690 69 690188.176000
53377147 53677147 977814 930838 921517 68 676817.791500
53677148 53977148 977966 928315 918977 69 683436.281500
53977149 54277149 977908 914080 905038 69 672018.958500
54277150 54577150 977945 918679 909262 68 665630.181500
54577151 54877151 977870 918028 908851 69 674813.465500
54877152 55177152 977976 914348 905167 69 671442.058000
55177153 55477153 977899 911199 902097 68 658755.309000
55477154 55777154 977972 905129 896270 69 664862.675500
55777155 56077155 977878 901040 892111 69 661854.628000
56077156 56377156 977802 895547 886687 68 648865.074000
56377157 56677157 977804 892825 884156 69 655494.108000
56677158 56977158 977859 889977 881193 68 643089.467500
56977159 57277159 977905 885039 876357 69 649507.476500
57277160 57577160 977977 880942 872291 69 646329.230000
57577161 57877161 977877 879268 870481 68 633812.128000
57877162 58177162 977907 874665 866139 69 640354.596000
58177163 58477163 977911 871376 862853 69 637683.771500
58477164 58777164 977974 866950 858541 68 625518.996500
58777165 59077165 977864 861473 853039 69 631475.479000
59077166 59377166 977872 859439 851148 69 629150.366000
59377167 59677167 977814 854977 846599 68 617102.935000
59677168 59977168 977876 852125 843820 69 623390.482000
59977169 60277169 977909 848610 840206 68 611732.930000
60277170 60577170 977944 840148 832000 69 615875.000500
60577171 60877171 977968 832515 824539 69 608861.973000
60877172 61177172 977912 840331 832209 68 604626.699000
61177173 61477173 977938 833299 825378 69 610783.048000
61477174 61777174 977880 832742 824670 69 608181.339000
61777175 62077175 977809 826662 818741 68 596780.050000
62077176 62377176 977970 824186 816447 69 602763.312000
62377177 62677177 977911 820949 813022 69 600338.075500
62677178 62977178 977911 818777 811017 68 589396.426000
62977179 63277179 977868 815220 807523 69 595509.561000
63277180 63577180 977881 811349 803505 68 583918.600000
63577181 63877181 977844 807295 799589 69 589953.770500
63877182 64177182 977936 803349 795636 69 587457.627000
64177183 64477183 977841 801339 793822 68 576902.402000
64477184 64777184 977872 798461 790896 69 583259.747500
64777185 65077185 977975 797913 790243 69 581073.744500
65077186 65377186 977941 791952 784565 68 570116.543500
65377187 65677187 977936 790875 783433 69 575926.533500
65677188 65977188 977909 787754 780412 69 573287.889500
65977189 66277189 977943 783983 776674 68 562852.534000
66277190 66577190 977967 782079 774950 69 568482.371000
66577191 66877191 977911 779302 772095 68 558506.451000
66877192 67177192 977844 775648 768508 69 564783.947200
67177193 67477193 977899 771752 764576 69 562191.088700
67477194 67777194 977975 768713 761655 68 551523.967000
67777195 68077195 977872 765824 758714 69 556919.038200
68077196 68377196 977906 763457 756359 69 554372.342900
68377197 68677197 977773 759584 752606 68 544178.948700
68677198 68977198 977868 758222 751432 69 551135.352900
68977199 69277199 977942 754335 747589 69 548751.071300
69277200 69577200 977873 751471 744575 68 538043.790600
69577201 69877201 977901 746912 739988 69 542781.015000
69877202 70177202 977943 744282 737548 68 532402.358000
70177203 70477203 977909 743041 736191 69 538474.712000
70477204 70777204 977836 740198 733423 69 537793.174200
70777205 71077205 977843 738057 731308 68 527762.535500
71077206 71377206 978002 733776 727242 69 532891.629600
71377207 71677207 977942 722406 715763 69 523697.309200
71677208 71977208 977844 730364 723842 68 522285.003500
71977209 72277209 977903 726694 720094 69 527898.719700
72277210 72577210 977742 724517 717953 69 525942.911300
72577211 72877211 977973 722649 716104 68 516398.463500
72877212 73177212 977935 705378 699142 69 512187.949100
73177213 73477213 977841 688086 682117 68 490757.168000
73477214 73777214 977714 682251 676365 69 494172.853600
73777215 74077215 977936 687197 681103 69 496967.448100
74077216 74377216 977743 682795 676827 68 488039.534000
74377217 74677217 977773 681569 675717 69 493764.312400
74677218 74977218 978007 680639 674626 69 492236.477900
74977219 75277219 977938 677011 671061 68 483563.949200
75277220 75577220 977965 677049 671122 69 488915.361600
75577221 75877221 977841 673659 667743 69 487305.615800
75877222 76177222 977804 670983 664997 68 478404.026100
76177223 76477223 977803 669257 663617 69 484138.864000
76477224 76777224 977903 668558 662605 68 475812.123000
76777225 77077225 977713 665996 660285 69 481279.959500
77077226 77377226 977972 662534 656797 69 479664.650700
77377227 77677227 977879 662505 656748 68 471351.015200
77677228 77977228 977932 659468 653707 69 476827.426500
77977229 78277229 977742 656586 650935 69 475260.378000
78277230 78577230 977874 655939 650344 68 466898.175200
78577231 78877231 977971 653208 647639 69 472241.576500
78877232 79177232 977909 650921 645329 69 470724.182500
79177233 79477233 977778 649876 644216 68 462359.078000
79477234 79777234 977833 638633 633137 69 461410.765500
79777235 80077235 977874 645274 639747 68 459535.388300
80077236 80377236 977784 642307 636789 69 464757.902000
80377237 80677237 977870 641378 635875 69 463320.116200
80677238 80977238 978005 640478 635097 68 455193.987100
80977239 81277239 977840 637978 632564 69 460216.251400
81277240 81577240 977881 635277 629741 69 458521.556400
81577241 81877241 977808 633362 628105 68 450340.983600
81877242 82177242 977870 632771 627158 69 455721.228900
82177243 82477243 977973 629546 624293 69 454446.091700
82477244 82777244 977809 627376 621985 68 446243.670400
82777245 83077245 977870 626913 621700 69 451063.165700
83077246 83377246 977813 624510 619212 68 443415.786400
83377247 83677247 977943 622180 616932 69 448575.190700
83677248 83977248 977809 620035 614753 69 446836.691300
83977249 84277249 977943 616482 611283 68 438843.127900
84277250 84577255 977863 614419 609181 69 443754.520500
84577256 84877256 977901 614677 609376 69 442431.259800
84877257 85177257 977902 611622 606527 68 435094.185900
85177258 85477258 977870 610971 605848 69 440317.941500
85477259 85777259 977905 609269 604107 69 439138.409400
85777260 86077260 977905 606514 601436 68 431527.825600
86077261 86377261 977835 605544 600457 69 436374.370500
86377262 86677262 977807 603600 598689 68 428606.330200
86677263 86977263 977940 593900 589081 69 428527.555100
86977264 87277264 977906 601699 596591 69 432375.810700
87277265 87577265 977938 598784 593928 68 425153.422600
87577266 87877266 977832 596181 591260 69 429931.753800
87877267 88177267 977905 595635 590763 69 428642.295400
88177268 88477268 977844 594315 589488 68 421224.676300
88477269 88777269 977971 589590 584804 69 423851.599000
88777270 89077291 977896 584063 579387 68 415392.512400
89077292 89377296 977931 583701 578905 69 420208.246400
89377297 89677297 978001 581080 576245 69 419081.936900
89677298 89977298 977944 582339 577577 68 412114.377000
89977299 90277299 977872 579244 574571 69 416616.928100
90277300 90577300 977905 575799 570990 68 407975.440600
90577301 90877301 977711 575416 570650 69 413339.059100
90877302 91177302 977943 572956 568270 69 413020.064700
91177303 91477303 977968 572270 567529 68 404891.768500
91477304 91777304 977911 568996 564343 69 409254.203500
91777305 92077305 977963 568711 564065 69 408509.739900
92077306 92377306 977815 566464 561795 68 401640.959600
92377307 92677307 977973 565513 560912 69 406683.905300
92677308 92977308 977898 565369 560791 69 405641.912600
92977309 93277309 977906 564305 559765 68 398972.890300
93277310 93577310 977911 563111 558558 69 403839.425100
93577311 93877311 977874 558937 554412 68 395606.165000
93877312 94177312 977814 558326 553733 69 400357.299900
94177313 94477313 977878 556189 551802 69 398823.759500
94477314 94777314 977906 554079 549601 68 392186.185600
94777315 95077315 977911 554482 549937 69 397634.886900
95077316 95377316 977936 546575 542199 69 391724.043100
95377317 95677317 977847 552048 547687 68 391821.208200
95677318 95977318 977880 551616 547177 69 396512.302300
95977319 96277319 977867 549742 545306 69 395458.325000
96277320 96577320 977907 548756 544324 68 388610.491000
96577321 96877321 977842 546890 542537 69 393054.079300
96877322 97177322 977966 546760 542470 68 386219.744300
97177323 97477323 977875 543759 539441 69 390711.842800
97477324 97777324 977875 543663 539267 69 389542.058900
97777325 98077325 977868 541922 537718 68 382766.946900
98077326 98377326 977879 539606 535202 69 387194.853400
98377327 98677327 977872 538496 534306 69 385988.934800
98677328 98977328 978007 536701 532373 68 379226.023300
98977329 99277329 977780 533826 529605 69 383483.069600
99277330 99577330 977933 531684 527334 69 382116.727800
99577331 99877331 977843 531490 527288 68 375312.857800
99877332 100177332 977840 530050 525829 69 379619.695800
100177333 100477333 977839 528760 524546 68 372996.796700
100477334 100777334 977946 526552 522439 69 377631.822800
100777335 101077335 977841 526575 522390 69 376364.250700
101077336 101377336 977940 523911 519838 68 369638.735300
101377337 101677337 977940 522425 518297 69 373909.390300
101677338 101977338 977873 521058 517134 69 373535.412100
101977339 102277339 977909 518959 514966 68 366842.764000
102277340 102577340 977807 519099 515015 69 370831.601100
102577341 102877341 977969 516265 512184 69 369535.311400
102877342 103177342 977882 513912 509855 68 363844.442100
103177343 103477343 977777 514034 510072 69 367981.871500
103477344 103777344 977971 512295 508274 68 361726.855900
103777345 104077345 977743 494411 490640 69 354757.970200
104077346 104377346 977912 489596 485910 69 350028.305400
104377347 104677347 977972 487118 483373 68 343886.547100
104677348 104977348 977844 486541 482858 69 348087.339900
104977349 105277349 977835 479215 475548 69 342970.844500
105577351 105877351 977907 483919 480182 69 346145.941400
105877352 106177352 977900 483523 479854 69 344917.149100
