67 578
42729009 43029009 978012 272623 251997 206 599347.850700
43029010 43329010 978014 272239 251621 206 598950.593700
43329011 43629011 978046 270678 250553 206 595500.183800
43629012 43929012 978013 268221 248297 206 591030.466300
43929013 44229013 978015 263643 244169 206 580553.519500
44229014 44529014 978041 265765 245660 206 587054.276800
44529015 44829015 978015 266679 246771 205 580756.838700
44829016 45129016 978013 263922 244378 206 580355.739100
47829026 48129026 978011 255466 237084 206 560286.735800
48129027 48429027 978011 254148 235807 206 556089.545500
48429028 48729028 978039 252952 234749 205 552631.197900
48729029 49029029 978012 252863 234733 206 555091.176400
49029030 49329030 978041 251721 233755 206 553897.635300
49329031 49629031 978019 251415 233539 206 552648.874100
49629032 49929032 978013 251019 233068 205 548632.837300
49929033 50229033 978042 250899 233011 206 550472.579800
50229034 50529034 978012 251202 233412 206 549832.495300
50529035 50829035 978015 249958 231975 206 548727.367200
50829036 51129036 978043 249355 231685 206 547669.599500
51729039 52029039 977904 248890 231258 206 544984.871000
52029040 52329040 977845 248368 230914 206 544130.180600
52329041 52629041 977878 247851 230407 206 542995.906500
52629042 52929042 977871 247953 230341 206 541817.327300
52929043 53229043 977811 248048 230341 206 540645.143300
53229044 53529044 977941 246392 229171 206 539845.551300
53529045 53829045 977807 245824 228470 206 539213.256600
53829046 54129046 977815 246061 228786 206 538564.441200
54129047 54429047 977942 245426 228198 206 537617.101200
54429048 54729048 978000 244727 227556 205 533958.716200
54729049 55029049 977911 245148 227720 206 535622.336200
55029050 55329050 977902 244264 227036 206 534606.102100
55329051 55629051 977875 244103 226903 206 533706.658800
55629052 55929052 977808 243484 226403 206 533012.272600
55929053 56229053 978000 244053 227071 206 531526.142500
56229054 56529054 977815 240983 223910 206 529954.573200
56529055 56829055 977878 241738 224993 205 525997.742800
56829056 57129056 977838 241531 224617 206 527737.934500
57129057 57429057 977852 240775 223851 206 527302.719800
57429058 57729058 977845 240715 223962 206 526845.835900
57729059 58029059 977812 239992 223356 206 526095.896500
58029060 58329060 977864 240032 223499 206 524918.885800
58329061 58629061 977852 239623 222986 206 523730.032800
58629062 58929062 977837 239286 222843 205 520053.736300
58929063 59229063 977838 238345 221686 206 522219.649300
59229064 59529064 977931 239001 222742 206 521907.131800
59529065 59829065 977711 238606 222121 206 520776.122400
59829066 60129066 977943 237986 221655 206 519548.534900
60129067 60429067 977899 238212 221607 206 518111.769900
60429068 60729068 977944 237114 220866 205 514876.994900
60729069 61029069 977907 236783 220592 206 516606.986400
61029070 61329070 977904 235960 219663 206 514796.961900
61329071 61629071 977876 235614 219494 206 514107.890900
61629072 61929072 977972 234279 218346 206 513066.279000
61929073 62229073 977977 235159 219418 206 512654.963100
62229074 62529074 977739 234169 217997 206 512239.500300
62529075 62829075 977966 234412 218483 206 511643.056000
62829076 63129076 977970 233474 217695 206 510823.721500
63129077 63429077 977911 234220 218216 206 510663.952300
63429078 63729078 977939 233106 217212 206 509791.876100
63729079 64029079 977879 233786 217939 205 506119.577700
64029080 64329080 977715 232162 216331 206 507341.736400
64329081 64629081 977968 231807 216089 206 506269.167000
64629082 64929082 977998 232269 216575 206 505649.674600
64929083 65229083 977903 230572 214947 206 504498.018900
65229084 65529084 977976 230528 214814 206 503196.399700
65529085 65829085 977910 230970 215365 206 503083.955200
65829086 66129086 977833 230826 215293 206 502699.347800
