28 2208
49738295 50038295 978025 1198185 1086290 103 1329520.318500
50038296 50338296 977977 1180711 1071777 103 1310152.590000
50338297 50638297 978040 1165441 1058155 103 1291819.911000
50638298 50938298 978012 1153672 1049455 103 1276673.304000
50938299 51238299 978019 1142021 1038366 103 1262687.872500
51238300 51538300 977997 1130835 1028910 103 1250172.653000
51538301 51838301 978011 1121769 1021950 103 1238376.618000
51838302 52138302 977980 1112242 1013536 103 1227572.870500
52738305 53038305 978014 1087010 992062 103 1198565.723500
53038306 53338306 978037 1077847 984393 103 1189175.657000
53338307 53638307 977971 1069933 977771 103 1178909.547000
53638308 53938308 978046 1062000 970352 103 1169080.924000
53938309 54238309 978018 1053122 963099 103 1159267.009500
54238310 54538310 977981 1046020 956828 102 1138281.569500
54538311 54838311 978008 1037634 950437 103 1139877.065500
54838312 55138312 978011 1029447 942801 103 1130995.265500
55138313 55438313 978016 1021977 936837 103 1121376.688000
55438314 55738314 977991 1014601 931084 103 1113159.750000
55738315 56038315 978012 1007968 924888 103 1103573.046000
56038316 56338316 978011 998319 916323 103 1094796.897500
