92 2208
62094588 62394588 978034 1157518 1035311 206 2927367.905000
62394589 62694589 978012 1143749 1024195 205 2874874.715500
62694590 62994590 978010 1129148 1012188 206 2849593.815500
63294592 63594592 977941 1108219 994503 206 2796164.405500
63594593 63894593 978002 1097830 986048 206 2764357.516500
63894594 64194594 978010 1085886 975555 206 2733506.650500
64194595 64494595 977907 1096814 985445 206 2765106.547000
64494596 64794596 978034 1087933 978243 206 2741856.792500
64794597 65094597 977875 1081512 972869 206 2717884.574500
65094598 65394598 977908 1071899 964077 206 2695542.101500
65394599 65694599 977934 1064393 958204 206 2673989.085500
65694600 65994600 978011 1054829 950077 206 2652659.863000
65994601 66294601 977976 1045201 941799 206 2629768.742500
66294602 66594602 977896 1037990 936205 206 2608285.463000
66594603 66894603 977903 1033269 931929 205 2579210.546500
66894604 67194604 977992 1023967 924963 206 2569161.837000
67194605 67494605 977942 1018496 920138 206 2551351.756500
67494606 67794606 977975 1008332 911565 206 2529249.284000
67794607 68094607 976249 998179 902308 206 2507783.176500
68094608 68394608 977866 993596 899461 206 2489717.077000
68394609 68694609 977873 985096 891634 206 2471320.166000
68694610 68994610 978001 979528 887293 206 2452759.703500
68994611 69294611 977899 972764 881585 206 2436674.791000
69294612 69594612 978008 966795 876452 206 2421795.884500
69594613 69894613 977957 961438 871964 206 2403023.059000
69894614 70194614 977974 953601 864973 205 2373650.221000
70194615 70494615 977897 947599 860379 206 2366825.075000
70494616 70794616 977943 942173 856021 206 2348992.603500
70794617 71094617 977973 920746 837919 206 2300367.108000
71094618 71394618 977926 931366 846850 206 2321487.608000
71394619 71694619 977909 922417 839243 206 2302824.839000
71694620 71994620 977940 918687 836007 206 2294003.893500
71994621 72294621 977962 917656 835368 206 2285891.721000
72294622 72594622 977939 911542 830007 206 2270037.038000
72594623 72894623 977975 905668 824973 206 2254727.130500
72894624 73194624 977928 898106 818937 206 2239397.630500
73194625 73494625 977943 893306 814581 205 2214539.087000
73494626 73794626 977964 888599 810381 206 2210924.142500
73794627 74094627 977944 885026 807542 206 2196512.487500
74094628 74394628 978009 879012 802329 206 2182992.286000
74394629 74694629 977968 871684 795833 206 2171216.982500
74694630 74994630 977903 866821 792439 206 2155432.084000
74994631 75294631 977969 860406 785947 206 2142170.115000
75294632 75594632 978001 856830 783865 206 2130026.120000
75594633 75894633 977970 850964 779143 206 2115407.197500
75894634 76194634 977944 845585 773305 206 2101244.491500
76194635 76494635 978029 841179 770044 206 2087450.252500
76494636 76794636 977938 835359 764959 205 2063536.398000
76794637 77094637 977929 829710 760025 206 2062360.138000
77094638 77394638 977967 825912 757126 206 2050183.113000
77394639 77694639 977903 821412 753096 206 2037527.396000
77694640 77994640 977931 816902 749180 206 2025522.877500
77994641 78294641 978010 812446 745285 206 2012167.187000
78294642 78594642 977939 808307 741677 206 2000052.638500
78594643 78894643 978030 803477 737315 206 1987820.898500
78894644 79194644 977877 798543 733141 206 1977218.362500
79194645 79494645 977975 794490 729934 206 1967674.008000
79494646 79794646 977976 789299 725199 206 1955435.152500
79794647 80094647 977976 784734 721059 206 1942302.821500
80094648 80394648 977872 781239 718609 205 1920294.587000
80394649 80694649 977965 776188 714015 206 1919400.761500
80694650 80994650 977977 771762 710582 206 1908164.749500
80994651 81294651 977890 768531 707823 206 1897065.266500
81294652 81594652 978007 753506 694413 206 1862637.733800
81594653 81894653 977937 760929 701132 206 1880527.760500
81894654 82194654 977997 757850 698103 206 1875262.098000
82194655 82494655 977933 754862 695498 206 1865064.485000
82494656 82794656 977969 751159 692171 206 1855634.030500
82794657 83094657 977964 747753 689449 206 1844901.700500
83094658 83394658 977974 744051 685991 206 1835164.449500
83394659 83694659 978007 738418 680964 205 1816690.296500
83694660 83994660 978001 736487 679564 206 1816069.465500
83994661 84294661 977935 731414 675246 206 1806269.063500
84294662 84594662 977966 728236 672691 206 1796268.096000
84594663 84894663 977837 724404 668793 206 1786105.467000
84894664 85194664 977908 719605 664818 206 1775956.428500
85194665 85494665 977954 717219 663175 206 1766597.852000
85494666 85794666 977977 711904 657989 206 1757047.952000
85794667 86094667 977893 708745 655324 206 1748609.695000
86094668 86394668 977962 705718 652617 206 1739407.235000
86694670 86994670 977976 697380 645485 205 1712803.190000
86994671 87294671 977958 694003 642518 206 1710829.238000
87294672 87594672 978008 688961 637628 206 1697336.432000
87594673 87894673 977999 684645 634476 206 1684397.404300
87894674 88194674 977941 680650 630745 206 1674985.920600
88194675 88494675 978007 677455 628071 206 1664582.388600
88494676 88794676 977834 671376 622587 206 1652173.505700
88794677 89094677 977973 670044 621571 206 1648608.812300
89094678 89394678 977896 668906 620733 206 1642784.969700
89394679 89694679 977964 664249 616205 206 1636464.092000
89694680 89994680 977997 662266 614477 206 1628386.670900
89994681 90294681 977934 658616 611184 206 1620387.890900
