38 589
62367383 62667383 980817 430037 374393 206 863383.199600
62667384 62967384 977832 425671 370683 206 857458.302600
62967385 63267385 977870 423423 369192 206 851164.425500
63267386 63567386 977882 419600 366133 206 844319.329200
64167389 64467389 977909 410848 358839 206 827506.980100
64467390 64767390 977931 408689 357084 205 817915.186400
64767391 65067391 977913 405531 355199 206 816650.693500
65067392 65367392 977861 402476 352557 206 811349.083700
65367393 65667393 977937 399027 349699 205 801434.900600
65667394 65967394 977776 395688 347094 206 799680.576300
65967395 66267395 977813 393171 344941 206 794422.912800
66267396 66567396 977910 391085 343593 205 785194.586200
66567397 66867397 977878 389198 342271 206 784609.222500
66867398 67167398 977973 385763 338459 206 779820.293200
67167399 67467399 977880 383846 337349 205 771514.435400
67467400 67767400 977866 381627 335604 206 771212.796400
67767401 68067401 977905 378622 333038 206 766453.019100
68067402 68367402 977873 372809 329214 206 753518.873200
68367403 68667403 977801 375402 330642 205 755284.720700
68667404 68967404 977920 372878 328653 206 754806.573600
68967405 69267405 977897 369856 326120 205 746732.924100
69267406 69567406 977908 369504 326225 206 745757.716100
69567407 69867407 977943 366818 323829 205 738089.211100
69867408 70167408 977907 365789 322806 206 737932.424800
70167409 70467409 977838 362861 320374 206 733534.431900
70467410 70767410 977782 359511 317732 206 729234.919200
70767411 71067411 977766 357602 316149 206 725313.268900
71067412 71367412 977870 358730 316993 206 728126.077600
71367413 71667413 977908 357850 315699 206 725074.709500
71667414 71967414 977911 359826 318251 206 730699.957800
71967415 72267415 977935 358651 317122 206 726088.430000
72267416 72567416 977832 355698 314721 206 722141.961700
72567417 72867417 977876 354501 314167 205 714665.317300
72867418 73167418 977870 351848 311750 206 714264.777700
73167419 73467419 977975 349835 309962 206 710153.307000
73467420 73767420 977941 348234 308697 206 706398.013500
73767421 74067421 977776 346206 307364 205 699207.712200
74667424 74967424 977876 342253 303617 206 694697.471200
