307 2064
12186071 12486071 977822 885835 818894 52 488686.848300
12486072 12786072 977709 907915 838548 51 492009.826500
12786073 13086073 977726 903495 834252 52 499397.716500
13086074 13386074 977783 896804 828692 51 486995.147000
13386075 13686075 977858 894496 826644 51 483787.832000
13686076 13986076 977765 889690 822408 52 491168.854000
13986077 14286077 977765 884543 817974 51 478900.357500
14286078 14586078 977799 878611 812232 52 485280.957000
14586079 14886079 977835 874877 809468 51 473466.223500
14886080 15186080 977543 869294 804689 52 479486.821500
15186081 15486081 977762 666200 620667 51 365466.083670
15486082 15786082 977702 726462 674387 52 396619.003200
15786083 16086083 977841 869692 805299 51 470317.534000
16086084 16386084 977867 866654 802904 52 477571.644500
16386085 16686085 977952 863378 799425 51 466473.875000
16686086 16986086 977940 858863 795208 52 473203.878000
16986087 17286087 977886 853900 791053 51 461878.719000
17286088 17586088 977914 850543 788000 52 469085.957500
17586089 17886089 977945 850230 788344 51 458312.270000
17886090 18186090 977983 847317 785302 52 466432.457000
18186091 18486091 977977 845100 783144 51 455476.610500
18486092 18786092 977920 838977 778015 52 461697.046500
18786093 19086093 977951 835802 774976 51 451219.063500
19086094 19386094 977780 834637 774130 52 458902.902000
19386095 19686095 977948 831312 771465 51 448575.397500
19686096 19986096 977979 829751 770081 51 447020.353500
19986097 20286097 977849 824864 766046 52 454201.998500
20286098 20586098 977883 824797 766422 51 443837.176500
20586099 20886099 977910 820980 762554 52 450996.120000
20886100 21186100 977849 816718 758583 51 440725.771000
21186101 21486101 977818 815273 757245 52 447594.512500
21486102 21786102 977874 813230 755455 51 437431.044500
21786103 22086103 977852 807913 750132 52 444272.205000
22086104 22386104 977886 805001 748696 51 434138.338000
22386105 22686105 977913 803135 746249 52 440475.832500
22686106 22986106 977827 800606 744259 51 430813.783000
22986107 23286107 977952 798424 742823 52 438092.582500
23286108 23586108 977878 795357 739546 51 428243.876000
23586109 23886109 977921 792997 738017 52 434749.477500
23886110 24186110 977781 790374 735521 51 425392.481500
24186111 24486111 977823 788232 734026 52 432447.741000
24486112 24786112 977916 786271 732282 51 422987.415000
24786113 25086113 977840 781318 727209 52 428907.516000
25086114 25386114 977919 774871 721988 51 416750.257100
25386115 25686115 977752 781199 727813 52 428032.501000
25686116 25986116 977881 778787 725288 51 418420.044800
25986117 26286117 977853 776677 723023 51 416937.788200
26286118 26586118 977915 773959 721011 52 423937.285100
26586119 26886119 977947 769395 716609 51 414130.860500
26886120 27186120 977757 767399 714733 52 420737.362000
27186121 27486121 977943 764795 712894 51 411046.073800
27486122 27786122 977818 762453 710350 52 417514.402300
27786123 28086123 977748 758196 707090 51 407834.318700
28086124 28386124 958798 650411 606617 51 406965.580400
28386125 28686125 977757 529860 494632 51 405689.534100
28686126 28986126 977913 528937 494425 52 412583.238600
28986127 29286127 968589 618430 566717 50 395383.589100
29286128 29586128 977852 697858 631352 51 402006.606600
29586129 29886129 977848 695491 629883 51 400735.355200
29886130 30186130 977823 693228 627750 52 407262.927900
30186131 30486131 977867 692333 626647 51 398147.561000
30486132 30786132 977756 689299 623703 52 404690.927800
30786133 31086133 977836 687793 622575 51 395585.344500
31086134 31386134 977764 686129 621315 52 402051.224400
31386135 31686135 977797 682904 617994 51 392927.674100
31686136 31986136 977859 680954 616172 52 399588.576600
31986137 32286137 977807 679296 614836 51 390740.039300
32286138 32586138 977765 675859 612095 52 396957.185000
32586139 32886139 977841 675950 612876 51 387961.061800
32886140 33186140 977695 671787 608835 52 394275.746200
33186141 33486141 977871 670682 608102 51 385223.950500
33486142 33786142 977852 668565 605543 52 391376.930400
33786143 34086143 977718 665529 603366 51 382503.269500
34086144 34386144 977827 664925 602840 52 389022.868300
34386145 34686145 977784 661818 600500 51 380315.174300
34686146 34986146 977865 661056 599638 52 386582.501800
34986147 35286147 977847 657419 596794 51 378056.346000
35286148 35586148 977848 648065 588321 52 380359.918600
35586149 35886149 976156 654109 593970 51 376901.300000
35886150 36186150 977834 655288 594780 51 375818.182600
36186151 36486151 977786 653954 593760 52 381780.194900
36486152 36786152 977793 650283 590523 51 373393.722200
36786153 37086153 977748 647154 587779 52 379382.765400
37086154 37386154 977775 647046 587231 51 371171.013000
37386155 37686155 977865 645667 586758 52 377501.510000
37686156 37986156 977811 643968 584801 51 369175.363300
37986157 38286157 977815 641896 582867 52 375164.351400
38286158 38586158 977887 639987 581348 51 366883.302100
38586159 38886159 977822 639080 580641 52 373077.592000
38886160 39186160 977844 635911 577843 51 364842.130200
39186161 39486161 977826 632879 575521 52 370850.752900
39486162 39786162 977798 631937 574762 51 362603.768900
39786163 40086163 977852 630792 574136 51 361868.334300
40086164 40386164 977836 629326 572783 52 367829.541400
40386165 40686165 977834 627769 570769 51 359671.969600
40686166 40986166 977817 626742 570451 52 365462.073200
40986167 41286167 977752 624249 567725 51 357165.160000
41286168 41586168 977830 622142 566380 52 362947.193000
41586169 41886169 977924 618854 563055 51 354797.626700
41886170 42186170 977785 618710 563620 52 361147.949300
42186171 42486171 977863 616085 561482 51 352688.134800
42486172 42786172 977845 614318 559317 52 358252.634900
42786173 43086173 977831 612599 558366 51 350698.332600
43086174 43386174 977689 611011 556502 52 356680.337800
43386175 43686175 977882 609270 555281 51 348393.335700
43686176 43986176 977884 607167 553480 52 354211.819400
43986177 44286177 977904 606062 552024 51 346817.099700
44286178 44586178 977774 605404 551564 52 352970.985200
44586179 44886179 977975 603624 550221 51 345148.518500
44886180 45186180 977804 600721 547881 52 350973.092300
45186181 45486181 977944 600979 547572 51 343199.150700
45486182 45786182 977911 598741 546023 52 349023.899400
45786183 46086183 977864 598327 545810 51 341355.969400
46086184 46386184 977943 595617 543152 51 340525.334400
46386185 46686185 977809 595097 543266 52 346391.641800
46686186 46986186 977968 592715 540274 51 338760.233300
46986187 47286187 977871 590112 538830 52 344082.820700
47286188 47586188 977902 590959 538910 51 336968.946000
47586189 47886189 977910 582045 530819 52 339126.949200
47886190 48186190 977909 587154 535454 51 335269.646900
48186191 48486191 977830 585671 534460 52 340824.616600
48486192 48786192 977906 583747 532865 51 333446.823600
48786193 49086193 977909 581785 531056 52 339063.955300
49086194 49386194 977932 580192 529783 51 331524.378400
49386195 49686195 977872 577991 527751 52 337162.361400
49686196 49986196 977940 577093 526748 51 329721.463300
49986197 50286197 977935 575882 525500 52 335275.272700
50286198 50586198 977942 575128 524503 51 328006.322300
50586199 50886199 977900 573168 523854 52 333553.854200
50886200 51186200 977880 571209 521921 51 326208.224000
51186201 51486201 977776 568973 519473 52 331549.321800
51486202 51786202 977831 567437 518082 51 324263.130800
51786203 52086203 977675 566651 516772 52 329663.869500
52086204 52386204 977778 564854 515514 51 322372.036300
52386205 52686205 978001 562324 513442 51 321447.688200
52686206 52986206 977714 562583 513824 52 327034.461100
52986207 53286207 977912 559601 511138 51 319815.886200
53286208 53586208 977896 559192 510961 52 324970.749300
53586209 53886209 977847 557060 509907 51 317640.713400
53886210 54186210 977904 554270 506788 52 322846.225800
54186211 54486211 977976 553687 506381 51 315701.112100
54486212 54786212 977843 552623 504921 52 320955.168400
54786213 55086213 977969 551975 504700 51 313950.149000
55086214 55386214 977843 549381 502177 52 319711.124200
55386215 55686215 977943 547656 500723 51 312641.871700
55686216 55986216 977900 548085 500907 52 317881.154400
55986217 56286217 977837 545352 498527 51 311107.778900
56286218 56586218 977778 544369 497465 52 316071.506200
56586219 56886219 977798 541499 495282 51 308614.402800
56886220 57186220 977908 540360 494440 52 313712.398900
57186221 57486221 977868 538513 491985 51 306880.587200
57486222 57786222 978006 539209 492633 52 312756.165800
57786223 58086223 977877 537501 491452 51 306002.076500
58086224 58386224 978004 534957 489253 52 311098.027200
58386225 58686225 977875 534612 489083 51 304376.319900
58686226 58986226 977910 532155 486655 52 309543.845500
58986227 59286227 977937 530460 484823 51 302648.239100
59286228 59586228 977866 530700 485459 51 301810.216200
59586229 59886229 977877 528171 482951 52 306870.901600
59886230 60186230 977968 528154 482857 51 300137.127300
60186231 60486231 977877 524587 479734 52 304975.997100
60486232 60786232 978003 523967 479184 51 298246.788000
60786233 61086233 977877 523476 479067 52 303172.668900
61086234 61386234 977771 519323 475039 51 295268.849700
61386235 61686235 977892 516564 472911 52 299429.148300
61686236 61986236 977877 518832 474955 51 295559.429000
61986237 62286237 977741 517353 474009 52 300451.015600
62286238 62586238 977902 516982 473397 51 294048.424600
62586239 62886239 977843 514056 470696 52 298942.462600
62886240 63186240 977943 514367 470980 51 292209.303800
63186241 63486241 977904 511401 468423 52 296979.994100
63486242 63786242 977778 511752 469161 51 290694.325800
63786243 64086243 977908 509471 466326 52 295550.314200
64086244 64386244 977869 508808 466227 51 289157.413300
64386245 64686245 977782 507402 464659 52 294071.801300
64686246 64986246 978002 506819 464066 51 287554.643500
64986247 65286247 977910 503758 461402 52 292271.558500
65286248 65586248 977908 503716 461066 51 285865.703000
65586249 65886249 978001 501827 459570 52 290857.813600
65886250 66186250 977937 500794 458312 51 284501.714800
66186251 66486251 977946 500577 459158 51 283752.307800
66486252 66786252 977971 499786 457663 52 288505.244800
66786253 67086253 977845 496761 454696 51 282140.973600
67086254 67386254 977876 495510 453556 52 286389.743700
67386255 67686255 977965 492678 451553 51 280397.378800
67686256 67986256 977946 493682 452259 52 285389.411600
67986257 68286257 977867 492235 450952 51 278958.426600
68286258 68586258 977775 490716 450073 52 283583.278200
68586259 68886259 977807 488229 447331 51 277620.814100
68886260 69186260 977898 488584 447722 52 282335.329700
69186261 69486261 977863 486336 445826 51 276126.085700
69486262 69786262 977777 484320 444248 52 280656.581300
69786263 70086263 978000 483446 443334 51 274304.827600
70086264 70386264 977811 481476 441536 52 279053.477700
70386265 70686265 977906 482846 442860 51 272894.475700
70686266 70986266 977939 479977 440455 52 277279.344600
70986267 71286267 977878 477942 438499 51 271209.083100
71286268 71586268 977970 475913 436566 52 275843.540000
71586269 71886269 977947 474878 435778 51 269967.658700
71886270 72186270 977907 474214 435047 52 274592.977500
72186271 72486271 977969 473385 434694 51 268650.166200
72486272 72786272 977778 472929 434577 52 273145.389200
72786273 73086273 977874 471612 432868 51 267170.355900
73086274 73386274 977859 471138 432594 51 266385.449500
73386275 73686275 977907 468858 430515 52 270877.675900
73686276 73986276 977811 466406 428065 51 264385.797100
73986277 74286277 977801 461691 424335 52 266635.287500
74286278 74586278 977941 465272 427437 51 264111.207900
74586279 74886279 977835 464528 427127 52 268571.294700
74886280 75186280 977843 464368 426661 51 262705.856800
75186281 75486281 977843 461284 423754 52 267142.773200
75486282 75786282 977967 461177 423737 51 261397.513900
75786283 76086283 977908 459550 422101 52 265761.964900
76086284 76386284 977716 459481 422243 51 259912.406500
76386285 76686285 977738 340050 313548 52 200707.849360
76686286 76986286 977935 382490 352361 51 214234.350830
76986287 77286287 977915 456222 419415 52 263069.508400
77286288 77586288 977743 454277 417716 51 257297.699000
77586289 77886289 977915 452251 415561 52 261585.302600
77886290 78186290 977827 451154 415056 51 255914.447900
78186291 78486291 977911 449935 413798 52 260296.281600
78486292 78786292 977978 450849 414708 51 254557.792200
78786293 79086293 977837 450107 413838 52 258857.910200
79086294 79386294 977874 446574 410813 51 253236.079000
79386295 79686295 977909 446004 410199 52 257546.239300
79686296 79986296 977999 444247 408326 51 251858.789600
79986297 80286297 977814 443136 407263 51 251037.143100
80286298 80586298 977874 442508 406689 52 255438.794500
80586299 80886299 977901 440609 405155 51 250004.990100
80886300 81186300 977876 440047 404993 52 254317.673500
81186301 81486301 977873 438746 403564 51 248770.212800
81486302 81786302 977977 436738 402017 52 252957.934600
81786303 82086303 977870 435551 401078 51 247244.610500
82086304 82386304 977839 436207 401737 52 251682.162000
82386305 82686305 977944 435301 401033 51 246265.669400
82686306 82986306 977839 434166 400203 52 250512.907100
82986307 83286307 977793 433900 399850 51 245072.891400
83286308 83586308 977846 431064 396807 52 248766.145100
83586309 83886309 977871 426445 393044 51 241749.211200
83886310 84186310 977936 428745 394913 52 247869.451800
84186311 84486311 977709 428726 394990 51 242497.859800
84486312 84786312 977873 427579 393974 52 246746.546800
84786313 85086313 973459 424902 391104 51 241404.960700
85086314 85386314 977979 424400 390958 51 240707.812400
85386315 85686315 977872 424866 391002 52 244817.631500
85686316 85986316 977843 423973 390477 51 239298.227300
85986317 86286317 977907 423857 390650 52 243381.218600
86286318 86586318 977933 421359 388180 51 238216.115600
86586319 86886319 977875 420100 386900 52 242425.538100
86886320 87186320 977870 418646 385758 51 237168.487600
87186321 87486321 977878 417877 385391 52 241168.221500
87486322 87786322 977807 418133 385102 51 235704.435500
87786323 88086323 977998 417168 384503 52 239962.233700
88086324 88386324 977873 416711 384370 51 234804.425800
88386325 88686325 977872 414972 382459 52 238894.185300
88686326 88986326 977967 413635 381595 51 233774.455500
88986327 89286327 977915 412183 380175 52 237885.091100
89286328 89586328 977934 411943 379655 51 232791.244500
89586329 89886329 977901 411907 379786 51 232072.096500
89886330 90186330 977908 410231 378404 52 236169.595900
90186331 90486331 977887 409121 377435 51 231153.579700
90486332 90786332 977876 406716 375504 52 235062.514400
90786333 91086333 977772 407856 376385 51 229948.814500
91086334 91386334 977934 405718 374373 52 233912.017300
91386335 91686335 977912 405844 374025 51 228912.832600
91686336 91986336 977872 405199 373727 52 232778.981300
91986337 92286337 977971 403139 371928 51 227731.371900
92286338 92586338 977911 402562 371481 52 231540.406100
92586339 92886339 977976 401221 370423 51 226592.401600
92886340 93186340 977934 401427 370224 52 230407.339700
93186341 93486341 977807 400007 368965 51 225221.411600
93486342 93786342 977971 393038 362556 52 226532.705800
93786343 94086343 978008 396325 365392 51 224484.593900
94086344 94386344 977908 396345 365404 52 228337.651200
94386345 94686345 977999 395929 365054 51 223351.553400
94686346 94986346 977872 394472 364267 52 227139.279900
94986347 95286347 977809 393673 363224 51 222239.678000
95286348 95586348 977796 393752 363743 52 226147.426300
95586349 95886349 977876 392399 362036 51 221241.126500
95886350 96186350 977907 390824 360667 52 224914.879900
96186351 96486351 977940 388410 358803 51 219988.256200
96486352 96786352 978007 388406 358520 51 219311.865000
96786353 97086353 977974 388551 358729 52 223105.180100
97086354 97386354 977803 386262 356443 51 218152.974100
97386355 97686355 977910 384589 354867 52 221855.799300
97686356 97986356 977939 385059 355297 51 217165.799800
97986357 98286357 977851 384735 354860 52 220867.116600
98286358 98586358 977879 384069 354466 51 215864.882200
98586359 98886359 977934 381397 352226 52 219393.630600
98886360 99186360 977909 381459 352151 51 214883.901100
99186361 99486361 977977 381024 352065 52 218614.560200
99486362 99786362 977972 379978 351127 51 214202.445000
99786363 100086363 977912 379089 350020 52 217864.826000
100086364 100386364 978033 378192 349621 51 213135.397900
100386365 100686365 977974 375799 347145 52 216765.572600
100686366 100986366 977872 376397 347768 51 212165.542700
100986367 101286367 977838 375743 347026 52 215719.032900
101286368 101586368 977937 374806 346199 51 210980.516600
101586369 101886369 977939 373636 344686 52 214717.986700
101886370 102186370 977936 372974 344300 51 210154.426400
102186371 102486371 977839 371121 342661 52 213835.855300
102486372 102786372 977845 370668 342213 51 209168.436800
102786373 103086373 977735 370407 342048 52 212679.585500
103086374 103386374 977941 371129 342713 51 208238.392500
103386375 103686375 977856 211155 195889 51 120918.001780
103686376 103986376 977771 367660 339550 52 211573.995300
103986377 104206588 717824 159052 146958 23 93438.674100
