9 589
51300925 51600925 978014 273120 250624 205 599456.081900
51600926 51900926 978006 270146 247923 206 595975.117300
51900927 52200927 977979 267201 245546 206 589304.148500
52200928 52500928 978010 265936 244445 206 584224.022300
52500929 52800929 978037 263157 241970 206 579751.146200
52800930 53100930 977979 261211 240599 206 574900.098700
53100931 53400931 978040 259698 239220 206 569889.896100
53400932 53700932 978014 257416 237105 206 565033.186900
53700933 54000933 978009 254968 234801 206 560407.060200
