153 2208
55353964 55653964 977937 944032 866690 103 1033203.196500
55653965 55953965 977769 954688 875845 103 1046725.797000
55953966 56253966 977876 954520 875696 103 1044804.297000
56253967 56553967 977804 943398 866269 103 1033347.721000
56553968 56853968 977935 937340 860935 103 1024610.965500
56853969 57153969 977875 935081 859601 103 1021090.107500
57753972 58053972 977843 935945 859437 103 1023260.924500
58053973 58353973 977967 942049 864263 103 1029697.041000
58353974 58653974 977902 944118 866696 103 1031761.089500
58653975 58953975 977774 944081 866334 103 1033939.840500
58953976 59253976 977894 946174 868319 103 1034532.691500
59253977 59553977 977973 946251 868304 103 1034903.211000
59553978 59853978 977874 947657 869467 103 1035802.521000
59853979 60153979 977870 941658 864096 103 1031151.692000
60153980 60453980 977840 946529 868710 103 1033994.374000
60453981 60753981 977839 944805 866898 103 1032321.745500
60753982 61053982 977933 941350 864094 103 1028332.556000
61053983 61353983 977875 938740 861667 102 1015531.124500
61353984 61653984 977935 937224 860441 103 1023096.635000
61653985 61953985 977902 928283 851987 103 1014391.764000
61953986 62253986 977971 928414 852819 103 1014715.842500
62253987 62553987 977938 919190 844424 103 1003513.084500
62553988 62853988 977930 931208 855173 103 1017382.459500
62853989 63153989 977802 933772 857270 103 1019057.493000
63153990 63453990 977888 929086 852798 103 1014770.310000
63453991 63753991 977875 927818 852398 103 1012636.793000
63753992 64053992 977843 925643 850147 103 1010454.156000
64653995 64953995 977910 928841 852925 103 1014360.659000
64953996 65253996 977995 931556 855345 103 1015978.118500
65253997 65553997 977838 926483 850775 103 1014058.348500
65553998 65853998 977809 931585 855527 103 1018227.553000
65853999 66153999 977801 921753 847124 103 1005765.823500
66154000 66454000 977808 920792 845345 104 1014710.551500
66454001 66754001 977902 924539 849059 102 1001333.552000
66754002 67054002 977907 926859 851153 103 1010887.270000
67054003 67354003 975960 917200 842588 103 1003782.084500
67354004 67654004 977896 927558 851921 103 1014685.488000
67654005 67954005 977745 935964 858848 103 1021299.984000
67954006 68254006 977937 930439 853819 103 1015631.704500
68254007 68554007 977900 924695 849641 103 1010134.776000
68554008 68854008 977935 921278 846020 103 1004992.769500
68854009 69154009 977873 916919 842576 103 1000243.762000
69154010 69454010 977875 912124 838488 103 994572.803000
69454011 69754011 977844 907511 834562 103 989553.646000
69754012 70054012 977966 901785 829270 103 985155.228000
70054013 70354013 977836 899642 827850 103 980176.381500
70354014 70654014 977904 896257 824800 103 975700.035000
70654015 70954015 977828 891512 820067 103 970390.057500
70954016 71254016 977839 886442 816051 103 965816.450000
71254017 71554017 976341 882083 812459 102 952794.828500
71554018 71854018 977930 880572 811471 103 957662.308500
71854019 72154019 977839 875924 807070 103 952734.391000
72154020 72454020 977776 869802 801686 103 948175.542500
72454021 72754021 977870 866466 798913 103 943283.324500
72754022 73054022 977907 852278 786106 103 927106.189500
73054023 73354023 977801 860555 794130 103 936174.207500
73354024 73654024 977741 855819 789530 103 932090.306000
74254027 74554027 977911 845363 780348 103 918977.291500
74554028 74854028 977871 842944 778439 103 915297.473500
74854029 75154029 977932 838977 774960 103 911063.999000
75154030 75454030 977866 835263 772158 103 907124.391500
75454031 75754031 977873 831369 768299 103 903350.843500
75754032 76054032 977898 827251 764711 103 899270.928500
76054033 76354033 977969 824860 762762 103 895486.637500
76354034 76654034 977836 821928 760414 103 891334.274000
76654035 76954035 977938 817652 756006 102 878810.428500
76954036 77254036 977801 816429 755397 103 883608.272000
77254037 77554037 977900 811909 751357 103 880074.057500
77554038 77854038 977873 809673 749340 103 876145.544000
77854039 78154039 977874 805909 746411 103 872411.797000
78154040 78454040 977968 800814 741835 103 868213.458000
78454041 78754041 977971 796991 738108 103 865040.760500
78754042 79054042 977840 794007 735870 103 860939.998000
79054043 79354043 977867 785236 727816 103 850796.627500
79354044 79654044 977772 757612 704130 103 818046.723500
79654045 79954045 977798 765278 710211 103 826647.843500
79954046 80254046 977937 761359 706931 103 823322.259900
80254047 80554047 977869 760101 705816 103 820382.855700
80554048 80854048 977868 755494 701979 103 817406.523200
80854049 81154049 977908 754688 701026 103 813976.487300
81154050 81454050 977868 750358 697236 103 810574.663000
81454051 81754051 977821 748616 695472 103 807509.327900
81754052 82054052 977907 746158 693682 103 804704.143400
82054053 82354053 977906 742321 689868 103 801612.200300
82354054 82654054 977900 737883 686116 103 798237.359800
82654055 82954055 977967 736977 685567 103 794889.248600
82954056 83254056 977931 734174 682996 103 792309.092500
83254057 83554057 977788 731568 680421 103 789559.577800
83554058 83854058 977874 731024 680171 103 786537.732700
83854059 84154059 977936 725509 675000 102 776020.926800
84154060 84454060 977808 723559 673510 103 780297.289400
84454061 84754061 977900 720268 670689 103 777067.437000
84754062 85054062 977862 718203 668836 103 773801.702900
85054063 85354063 977767 715780 666560 103 770978.013400
85354064 85654064 977794 714522 665590 103 769109.952200
85654065 85954065 977970 712199 663466 103 767012.019100
85954066 86254066 977872 708827 661038 103 764374.513700
86254067 86554067 977803 707017 659122 103 761209.581100
86554068 86854068 977889 695643 648822 103 749439.408100
86854069 87154069 977971 702217 654319 103 756625.710100
87154070 87454070 977830 701432 653906 103 754014.846600
87454071 87754071 977939 697361 649995 103 751582.248800
87754072 88054072 977972 694427 647510 103 748732.378400
88054073 88354073 977799 692721 646541 103 746197.494200
88354074 88654074 977898 690146 644046 103 744046.150600
88654075 88954075 977840 687389 641642 103 741042.580200
88954076 89254076 977764 685158 639878 103 738170.824300
89254077 89554077 977870 685889 640401 103 735886.470200
89554078 89854078 978004 680887 635660 103 733420.991900
89854079 90154079 977852 679773 634976 103 730603.360700
90154080 90454080 978002 676164 631782 102 721018.001000
90454081 90754081 977998 675078 630339 103 725495.710100
90754082 91054082 977871 670606 626549 103 722777.597400
91054083 91354083 977776 670744 626927 103 720086.667400
91354084 91654084 977901 667098 623298 103 717872.389900
91654085 91954085 977744 666569 623068 103 715911.163900
91954086 92254086 977878 664623 621594 103 713348.919500
92254087 92554087 977897 662005 619016 103 710476.361800
92554088 92854088 977835 660004 617048 103 708525.292900
92854089 93154089 977907 656177 613973 103 706067.770900
93154090 93454090 977983 654366 612041 103 703092.489000
93454091 93754091 977940 646379 604690 103 693257.759800
93754092 94054092 977931 650377 608873 103 699283.360200
94054093 94354093 977802 648761 607373 103 696891.049000
94354094 94654094 977962 646959 605667 103 694427.642500
94654095 94954095 977963 645008 603764 103 691702.780000
94954096 95254096 977938 641558 600676 103 689367.130600
95254097 95554097 977939 639910 599149 103 686825.717900
95554098 95854098 977839 637287 596557 103 685018.013300
95854099 96154099 977836 635762 594989 103 683028.211900
96154100 96454100 977907 635166 594932 103 680573.677100
96454101 96754101 977998 632116 592169 103 678090.608000
96754102 97054102 977806 631359 591160 103 675773.702000
97054103 97354103 977843 627602 587784 102 666623.650700
97354104 97654104 977871 624803 585265 103 670924.711600
97654105 97954105 977867 624250 584898 103 669304.343800
97954106 98254106 977932 623531 584373 103 667511.252500
98254107 98554107 977874 618986 580709 103 665014.789100
98554108 98854108 977871 617776 579347 103 662891.417400
98854109 99154109 977883 615684 577326 103 660692.923200
99154110 99454110 977752 614042 576047 103 658364.297800
99454111 99754111 977839 613222 575001 103 656072.222900
99754112 100054112 977869 609417 571686 103 653815.615000
100054113 100354113 977907 607639 570115 103 651845.423600
100354114 100654114 977964 607370 569746 103 650071.053700
100654115 100954115 977933 603278 566135 103 647946.722600
100954116 101254116 977932 602278 565940 103 644642.911500
101254117 101554117 977925 594925 558505 103 636867.798100
101554118 101854118 977903 591821 555910 103 632738.589000
101854119 102154119 977946 589891 554317 103 631133.679900
102154120 102454120 977996 588831 553647 103 629425.480900
102454121 102754121 977743 584770 549591 103 627280.513800
102754122 103054122 977901 584182 549039 103 625634.344100
