86 2064
14415795 14715795 977842 1072664 969562 103 1184589.940000
14715796 15015796 977812 943286 857313 103 1048737.385100
15315798 15615798 977847 1050216 951131 103 1157886.356000
15615799 15915799 977822 1042915 944569 103 1149225.315000
15915800 16215800 977902 1020252 925737 103 1123439.573500
16215801 16515801 977875 1038383 940679 103 1144532.461000
16515802 16815802 977861 1034514 937942 103 1137836.209000
16815803 17115803 977883 1027785 931646 103 1130764.710500
17115804 17415804 977856 1020005 925771 103 1124099.550500
17415805 17715805 977857 1016429 922247 103 1117331.258500
17715806 18015806 977823 1009730 916855 103 1109490.029000
18015807 18315807 977874 1003376 910766 103 1103615.342500
18315808 18616736 976717 995664 904138 103 1097645.516500
18616737 18916737 977868 993827 903279 103 1091170.111000
18916738 19216738 977839 987612 897475 103 1085425.287500
19216739 19516739 977838 981179 892043 102 1068581.648000
19516740 19816740 977975 964755 878100 103 1059950.966000
19816741 20116741 978009 975536 887190 103 1068520.900000
20116742 20416742 977942 969808 883171 103 1065348.423000
20416743 20716743 977941 966405 879790 103 1059651.298000
20716744 21016744 977805 962620 877189 103 1055036.623500
21016745 21316745 977908 956061 871061 103 1049547.977500
21316746 21616746 977886 952923 868540 103 1043566.162500
21616747 21916747 977876 947888 863948 103 1037870.165000
21916748 22216748 977877 941772 859053 103 1032942.131000
22216749 22516749 977878 938803 856926 103 1027922.498500
22516750 22816750 977910 935076 853029 103 1023806.756000
22816751 23116751 977968 930831 849405 103 1018678.961000
23116752 23416752 977782 926692 845871 103 1013268.979500
23416753 23716753 977866 920989 841021 103 1008412.886500
23716754 24016754 977846 916534 837237 103 1002993.045000
24016755 24316755 977910 912531 834335 103 997728.820500
24316756 24616756 977970 906136 828746 103 991714.517500
24616757 24916757 977841 904223 827184 103 987745.372000
24916758 25216758 977846 901826 825045 103 984089.526000
25216759 25516759 977937 896318 820499 103 979483.127000
25516760 25816760 977844 892959 817941 103 974802.652000
25816761 26116761 977805 888297 813476 103 969833.733000
26116762 26416762 977933 881239 807124 102 954885.206000
26416763 26716763 977774 878541 804633 103 959208.414500
26716764 27016764 977901 874831 801356 103 954646.516500
27016765 27316765 977940 872660 799595 103 951215.329000
27316766 27616766 977841 868237 795902 103 947424.423000
27616767 27916767 978002 864808 792729 103 943050.333500
27916768 28216768 977810 861102 790225 103 938254.598500
28216769 28516769 977905 855887 785915 103 933172.383500
28516770 28816770 977774 851908 781826 103 928091.531000
28816771 29116771 977942 848534 779363 103 923577.923000
29116772 29416772 977779 842601 774183 103 917521.627000
29416773 29716773 977937 835723 768105 103 909554.765000
29716774 30016774 977838 843520 774525 103 918037.331000
30016775 30316775 977869 839775 771682 103 914184.514500
30316776 30616776 977942 837585 769932 103 910316.644000
30616777 30916777 977909 832244 765328 103 906356.246000
30916778 31216778 978002 830866 763906 103 902178.324000
31216779 31516779 977718 827103 760719 103 898454.556000
31516780 31816780 977846 821175 755599 103 894467.983500
31816781 32116781 977967 817132 752273 103 890185.169000
32116782 32416782 977913 814848 750593 103 886118.143500
32416783 32716783 977872 812883 748724 103 882607.709500
32716784 33016784 977902 809365 745258 102 870731.989500
33016785 33316785 977974 805004 741617 103 875433.138000
33316786 33616786 977827 803756 740593 103 872151.256000
33616787 33916787 977846 801164 737689 103 868810.898500
33916788 34216788 977878 797011 734882 103 865130.995000
34216789 34516789 977836 794608 732820 103 861406.489500
34516790 34816790 977943 791965 730615 103 857996.225000
34816791 35116791 977808 787918 726688 103 854425.395500
35116792 35416792 977896 785628 724900 103 850528.667500
35416793 35716793 977945 782461 721935 103 848066.225500
35716794 36016794 977941 779906 720086 103 844719.776300
36016795 36316795 977936 777645 718077 103 841544.569400
36316796 36616796 977973 773989 714904 103 838075.163000
36616797 36916797 977804 770707 711792 103 834434.604600
36916798 37216798 977906 766240 708166 103 830835.140500
37216799 37516799 977943 763568 705572 103 827648.398200
37516800 37816800 978012 760304 702939 103 824077.447900
37816801 38116801 977939 749243 693324 103 809492.423700
38116802 38416802 977941 756248 699270 103 819048.799900
38416803 38716803 977937 754141 697780 103 815907.308600
38716804 39016804 977939 749801 693450 103 812445.789500
39016805 39316805 977975 746273 690365 103 808071.103500
39316806 39616806 977764 742579 687405 102 797029.453700
39616807 39916807 977809 741601 686219 103 801017.505000
