175 2208
58837738 59137738 977873 1133614 1033824 69 839874.482000
59137739 59437739 977902 1126572 1027569 68 821672.514500
59437740 59737740 977806 1113090 1015946 69 824460.337000
59737741 60037741 977904 1100569 1005461 68 801512.235000
60037742 60337742 977847 1102984 1007718 69 816521.719500
60337743 60637743 977838 1097240 1002214 69 811347.567000
60637744 60937744 977928 1089144 995936 68 794111.569500
60937745 61237745 977821 1081681 989394 69 799860.323000
61237746 61537746 977709 1076466 984720 69 794356.383000
61537747 61837747 977907 1065951 975814 68 777159.086500
61837748 62137748 977860 1062938 972912 69 783064.308500
62137749 62437749 977836 1056012 967558 68 767625.682000
62437750 62737750 977882 1048075 960489 69 773080.478000
62737751 63037751 977863 1041199 954819 69 767673.816000
63037752 63337752 977863 1035422 949681 68 751361.998500
63337753 63637753 977851 1016892 933835 69 747683.613500
63637754 63937754 977835 1027334 943400 69 756973.107000
63937755 64237755 977859 1022148 938870 68 741494.371000
64237756 64537756 977853 1016385 933520 69 748018.911000
64537757 64837757 977850 1009758 927854 69 743112.881000
64837758 65137758 977859 1004529 923729 68 727787.922000
65137759 65437759 977840 997866 917578 69 733292.530500
65737761 66037761 977883 984623 906978 69 723771.610500
66037762 66337762 977792 981648 904091 69 719367.609500
66337763 66637763 977918 972826 896309 68 704271.592000
66637764 66937764 977801 969436 893381 69 710681.148000
66937765 67237765 977804 962899 887573 69 706689.354500
67237766 67537766 977921 959314 884005 68 692606.576500
67537767 67837767 977865 951433 877894 69 698276.497500
67837768 68137768 977888 947974 874846 69 694320.430500
68137769 68437769 977881 942919 870244 68 680257.671500
68437770 68737770 975712 934206 862833 68 675486.018000
68737771 69037771 977793 930316 859155 69 681819.371000
69037772 69337772 977937 926576 856433 69 677366.012500
69337773 69637773 978001 920976 851663 68 663413.836000
69637774 69937774 977798 914077 845060 69 668530.981000
69937775 70237775 978004 909843 841525 69 665177.867500
70237776 70537776 977844 905075 837116 68 651895.824500
70537777 70837777 977931 897718 831140 69 657025.607500
70837778 71137778 977908 896789 830349 69 653596.612000
71437780 71737780 977829 881240 816836 69 643865.786000
71737781 72037781 977899 877889 813859 68 631556.838500
72037782 72337782 977998 862257 799859 69 628133.184500
72337783 72637783 978002 866953 804097 69 632839.555000
72637784 72937784 977767 862507 800164 68 620269.195500
72937785 73237785 977771 857487 796111 69 625978.844500
73237786 73537786 977706 853487 792480 69 622115.650500
73537787 73837787 977826 856456 794771 68 615982.145500
73837788 74137788 977963 856171 794955 69 623814.432500
74137789 74437789 977879 851241 790849 69 619710.230000
74437790 74737790 977940 844852 784793 68 605795.323000
74737791 75037791 977832 840342 781119 69 611652.124000
75037792 75337792 977806 835439 776804 68 599783.491500
75337793 75637793 977868 831463 772757 69 604857.453500
75637794 75937794 977806 823810 766598 69 600461.891000
75937795 76237795 977943 820360 762894 68 588304.369000
76237796 76537796 977919 813783 757680 69 591955.016000
76537797 76837797 977842 810060 754301 69 588995.404500
76837798 77137798 977939 807977 752555 68 578137.123000
77137799 77437799 977868 801591 746368 69 582571.310500
77437800 77737800 977872 794411 740428 69 577779.627000
77737801 78037801 977909 787803 734457 68 565022.784000
78037802 78337802 977873 771026 719588 69 559546.488100
78337803 78637803 977874 780036 727502 68 557649.767900
78637804 78937804 977907 786682 733587 69 571209.721200
78937805 79237805 977840 789710 736139 69 572863.663500
79237806 79537806 977777 783326 730495 68 561489.128500
79537807 79837807 977831 782117 729650 69 566686.473800
79837808 80137808 977743 777141 725116 69 563489.723800
80137809 80437809 977773 772881 721050 68 552095.943500
80437810 80737810 977869 769474 718076 69 557457.179200
80737811 81037811 977875 766099 715002 69 555301.049800
81037812 81337812 977739 760963 710697 68 544456.575300
81337813 81637813 977797 756645 706976 69 548690.296700
81637814 81937814 977803 753177 703964 68 537917.894300
81937815 82237815 977842 749399 700517 69 542944.574000
82237816 82537816 977939 745429 697323 69 540291.337100
82537817 82837817 977733 731733 684920 68 522195.785800
82837818 83137818 977868 743483 695277 69 537757.422400
83137819 83437819 977941 739221 691652 69 534886.832800
83437820 83737820 977941 737173 689960 68 525311.365900
83737821 84037821 977767 734475 687053 69 530315.177100
84037822 84337822 977807 728089 681033 65 497097.849500
84337823 84637823 977878 727384 680580 69 524839.722300
84637824 84937824 977931 723584 677442 69 522867.775000
84937825 85237825 973469 718114 672513 68 513235.310300
85237826 85537826 977904 716972 671443 68 510982.315800
85537827 85837827 977874 714376 668784 69 516570.025100
85837828 86137828 977814 710998 665743 69 514302.062000
86137829 86437829 977823 708586 664240 68 504270.538600
86437830 86737830 977839 705462 660942 69 509541.457800
86737831 87037831 977801 702468 658850 69 507340.956000
87037832 87337832 977737 699875 656203 68 497774.933000
87337833 87637833 977859 695976 652538 69 502779.787200
87637834 87937834 977919 693565 650320 69 500833.526300
87937835 88237835 977840 689970 647289 68 490861.675600
88237836 88537836 977845 687074 644871 69 495591.305300
88537837 88837837 977850 681537 640099 68 486235.072800
88837838 89137838 977819 681309 639531 69 491712.925500
89137839 89437839 977757 678749 637392 69 489424.579300
89437840 89737840 977846 677583 636318 68 480259.166400
89737841 90037841 977835 674137 633286 69 485519.434900
90037842 90337842 977801 670821 630444 69 483415.722200
90337843 90637843 977883 667746 627567 68 474374.112100
90637844 90937844 977852 665358 625263 69 479403.392300
90937845 91237845 977908 662078 621846 69 477461.076800
91237846 91537846 977775 659837 620383 68 468687.308500
91537847 91837847 977820 657963 618492 69 473621.593000
91837848 92137848 977821 654722 615701 68 464801.851100
92137849 92437849 977828 652643 614069 69 469184.327200
92437850 92737850 977868 649428 611020 69 467211.893900
92737851 93037851 977887 646197 608126 68 458643.695900
93037852 93337852 977881 643817 606188 69 462436.807800
93337853 93637853 977841 639628 602125 69 459777.674200
93637854 93937854 977834 630838 594204 68 447343.821300
93937855 94237855 977828 635762 598660 69 457992.986800
94237856 94537856 977910 632475 595824 69 456187.220300
94537857 94837857 977847 629486 593216 68 447571.846000
94837858 95137858 977836 629393 592915 69 452097.368100
95137859 95437859 977904 625174 589122 68 443583.017500
95437860 95737860 977865 623130 586830 69 448502.987900
95737861 96037861 977845 619494 583799 69 446423.758300
96037862 96337862 977869 619471 584104 68 438083.382600
96337863 96637863 977854 616706 581419 69 442804.027500
96637864 96937864 977837 612382 577409 69 440873.763800
96937865 97237865 977835 612171 577387 68 432892.921000
97237866 97537866 977798 609151 574863 69 437509.156900
97537867 97837867 977829 607179 572692 69 435715.154300
97837868 98137868 977836 604324 570341 68 427736.552400
98137869 98437869 977867 602196 568115 69 432168.662500
98437870 98737870 977844 599322 565449 69 429932.504700
98737871 99037871 977874 597146 563493 68 422253.570400
99037872 99337872 977845 594802 561569 69 427193.282700
99337873 99637873 977850 593087 559889 68 419331.802400
99637874 99937874 977882 589929 556837 69 423338.010800
99937875 100237875 977729 589476 556687 69 422089.557600
100237876 100537876 977904 586938 554382 68 414508.029800
100537877 100837877 977830 583421 550923 69 418564.496800
100837878 101137878 977834 579626 547735 69 415047.387400
101137879 101437879 977888 576453 544450 68 407265.623900
101437880 101737880 977860 573930 542460 69 411296.559300
101737881 102037881 977893 567021 536310 69 405391.715900
102037882 102337882 977763 574810 543352 68 405878.608500
102337883 102637883 977892 572881 541574 69 410274.615000
102637884 102937884 977894 570470 539130 68 402819.134100
102937885 103237885 977844 568373 537525 69 407191.341900
103237886 103537886 977841 566630 536062 69 405615.262800
103537887 103837887 977845 563455 532837 68 398031.462600
103837888 104137888 977825 561193 530911 69 402171.173000
104137889 104437889 977880 558978 528903 69 400891.379900
104437890 104737890 977842 558609 528806 68 393198.007400
104737891 105037891 977843 556277 526338 69 397708.491800
105037892 105337892 977889 554260 524945 69 396422.916700
105337893 105637893 977804 552355 522685 68 389226.044900
105637894 105937894 977742 548665 519388 69 393303.373700
105937895 106237895 977873 546062 517270 68 385141.313300
106237896 106537896 977859 544171 515307 69 389017.554500
106537897 106837897 977783 497419 471401 69 387298.350600
106837898 107137898 977823 492096 466422 68 379154.991300
107137899 107437899 977837 488154 463070 69 383200.593900
107437900 107737900 977888 489271 463771 69 382646.789800
107737901 108037901 977856 489125 463666 68 376404.715800
108037902 108337902 977892 431992 410538 69 337591.506570
108637904 108937904 977862 485697 460797 68 373831.723400
108937905 109237905 977873 483840 458962 69 377678.457200
109237906 109537906 977884 480292 455636 68 370794.649300
109537907 109837907 977748 479617 455062 69 374771.780100
109837908 110137908 977847 477999 453576 69 373393.473800
110137909 110437909 977889 476650 452317 68 366704.555800
110437910 110737910 977860 475735 451607 69 370757.377300
110737911 111037911 977862 473413 449152 69 369398.546600
111037912 111337912 977826 471409 447328 68 362690.009200
111337913 111637913 977862 469450 445523 69 366173.613700
111637914 111937914 977905 468018 444499 69 364927.315900
111937915 112237915 977857 463636 440371 67 353307.082500
