150 2064
85035077 85335077 977910 988092 977791 103 1087386.584500
85935080 86235080 977843 968713 959024 103 1066677.204500
86235081 86535081 977867 963918 954235 103 1061441.633500
86535082 86835082 977876 960488 950461 102 1046968.816000
86835083 87135083 977870 957639 947881 103 1051640.819000
87135084 87435084 977976 951010 941255 103 1045257.899000
87435085 87735085 977877 945537 936013 103 1039242.573000
87735086 88035086 977813 939328 929716 103 1032901.762500
88035087 88335087 977868 933532 924326 103 1026751.379000
88335088 88635088 977980 928176 918824 103 1020336.222500
88635089 88935089 977913 924672 915476 103 1014245.622000
88935090 89235090 978006 920051 910987 103 1009027.488500
89235091 89535091 977911 914658 905552 103 1003754.880500
89535092 89835092 977904 909827 900853 103 996552.624000
89835093 90135093 973750 900750 891958 103 990623.507500
90135094 90435094 977864 899864 890990 103 986376.740500
90435095 90735095 977835 896267 887462 102 974008.847500
90735096 91035096 977810 894410 885530 103 979682.611000
91035097 91335097 977867 891073 882302 103 974555.445000
91335098 91635098 977840 875922 867353 103 958413.519700
91635099 91935099 977895 888004 879219 103 972978.178000
91935100 92235100 977833 884733 876105 103 968219.122000
92235101 92535101 977878 879589 870947 103 963313.517000
92535102 92835102 977866 876819 868430 103 959061.352000
92835103 93135103 977845 874389 865807 103 954521.176000
93135104 93435104 977820 867243 858839 103 948949.330000
93435105 93735105 977853 863381 854946 103 943752.767500
93735106 94035106 977916 859296 850909 103 939638.034500
94035107 94335107 977773 854908 846631 103 935253.611500
94335108 94635108 977917 851617 843456 103 930796.418000
94635109 94935109 977843 846999 838904 103 926462.010000
94935110 95235110 977843 843716 835779 103 921836.826000
95235111 95535111 977851 839925 831848 103 917802.825500
95535112 95835112 977880 836567 828671 103 913720.165000
95835113 96135113 977781 833845 826020 103 909765.391000
96135114 96435114 977890 830049 822298 103 905761.739500
96435115 96735115 977841 826850 818936 103 900697.213000
96735116 97035116 977832 821763 813918 103 895485.038500
97035117 97335117 977817 817213 809513 103 891651.742000
97335118 97635118 977861 814338 806693 102 878613.463500
97635119 97935119 977881 809212 801651 103 883067.493500
97935120 98235120 977876 807367 799772 103 879265.068000
98235121 98535121 977830 804081 796744 103 874838.924000
98535122 98835122 977874 798187 790543 103 870791.052000
98835123 99135123 977811 796490 788939 103 865620.596500
99135124 99435124 977772 791002 783621 103 861837.953000
99435125 99735125 977888 790171 782774 103 858267.167000
99735126 100035126 977799 786753 779617 103 855176.160000
100035127 100335127 977906 783164 775909 103 852319.077000
100335128 100635128 978003 781186 774016 103 848896.474000
100635129 100935129 977942 776996 769696 103 844735.074700
100935130 101235130 977817 773427 766410 103 840560.592700
101235131 101535131 977909 768155 761096 103 835111.946600
101535132 101835132 977810 765483 758411 103 833243.981600
101835133 102135133 977904 764081 757032 103 830516.510300
102135134 102435134 977944 762009 755042 103 827812.926300
102435135 102735135 977880 757750 750797 103 822196.985000
102735136 103035136 977869 746877 740158 102 803701.037900
103035137 103335137 977744 744308 737563 103 807212.090000
103335138 103635138 976344 739076 732595 103 804125.087800
103635139 103935139 977935 739354 732585 103 800887.078300
103935140 104235140 977848 736231 729542 103 797825.344200
104235141 104535141 977738 732498 725870 103 794012.076800
104535142 104835142 977878 731309 724730 103 790891.891000
104835143 105135143 977877 727213 720754 103 788567.355900
105135144 105435144 977932 723537 717060 103 784388.918100
105435145 105735145 977813 716426 710170 103 776488.085800
105735146 106035146 977976 715303 708940 103 775239.142500
106035147 106335147 977802 711807 705455 102 763348.752500
106335148 106635148 977847 699236 693052 103 756387.743300
106635149 106935149 977812 722135 715700 103 780877.201200
106935150 107235150 977797 720874 714530 103 780831.514800
107235151 107535151 977898 718291 711762 103 778131.448300
107535152 107835152 977937 716162 709793 103 775034.142500
107835153 108135153 977851 712933 706687 103 771686.368500
108135154 108435154 977840 711015 704785 103 768713.126800
108435155 108735155 977938 707714 701479 103 765927.036200
108735156 109035156 977940 704904 698748 103 762651.396800
109035157 109335157 977876 700969 694661 103 759512.961300
109335158 109635158 977871 699569 693508 103 757049.595100
109635159 109935159 977909 695878 689759 103 753985.693300
109935160 110235160 977783 693889 687870 103 750830.331400
110235161 110535161 977901 691062 685051 103 747802.716400
110535162 110835162 977809 690297 684275 103 744805.461400
110835163 111135163 977840 687755 681747 103 741427.869000
111135164 111435164 977910 684042 678190 103 738251.468400
111435165 111735165 977910 681003 675174 103 736163.085200
111735166 112035166 977903 678763 673017 103 732920.132000
112035167 112335167 977920 676242 670535 103 730725.768300
112335168 112635168 977943 673105 667252 102 720555.158800
112635169 112935169 977903 671153 665382 103 724103.422100
112935170 113235170 977845 666285 660514 103 720094.130100
113235171 113535171 977845 663444 657880 103 716576.759100
113535172 113835172 977935 661749 656106 103 713356.340100
113835173 114135173 977726 659063 653447 103 711267.476100
114135174 114435174 977940 660402 654856 103 712371.828800
114435175 114735175 977803 658809 653209 103 710314.195500
114735176 115035176 977811 656890 651329 103 707591.693300
115035177 115335177 977904 653053 647485 103 705073.297200
115335178 115635178 977874 651865 646240 103 702716.500300
115635179 115935179 977839 650215 644602 103 700263.994300
115935180 116235180 977940 646222 640819 103 697517.055000
116235181 116535181 977977 645028 639481 103 695062.221100
116535182 116835182 977701 643158 637709 103 692339.013100
116835183 117135183 977898 639532 634223 103 689748.923000
117135184 117435184 977976 637971 632512 103 687097.484800
117435185 117735185 977945 634310 628897 103 683690.114800
117735186 118035186 977969 633348 628007 103 681882.938400
118035187 118335187 977848 632646 627358 103 679886.452500
118335188 118635188 977973 628411 623282 103 677781.402300
118635189 118935189 977905 627643 622294 103 674576.169800
118935190 119235190 977911 624425 619209 103 672244.666400
119235191 119535191 977746 622415 617241 102 663767.379000
119535192 119835192 977851 619963 614812 103 667730.027100
119835193 120135193 977815 608746 603630 103 656606.443800
120135194 120435194 977905 617200 612092 103 664078.366600
120435195 120735195 977977 613553 608354 103 661241.199400
120735196 121035196 977974 613905 608914 103 659231.791800
121035197 121335197 978000 611134 606069 103 656979.525300
121335198 121635198 977949 608685 603676 103 654677.981300
121635199 121935199 978034 606264 601290 103 652187.722400
121935200 122235200 977913 604450 599326 103 649226.863300
122235201 122535201 977813 598751 593947 103 646015.179900
122535202 122835202 973845 595749 590809 102 637204.338400
122835203 123135203 977859 597272 592351 103 641973.534900
123135204 123435204 977885 595366 590595 103 639656.764100
123435205 123735205 977866 591807 586924 103 636879.303300
123735206 124035206 977770 590425 585784 103 633948.168900
124035207 124335207 977803 588008 583104 103 632105.084700
124335208 124635208 977874 587184 582383 103 631054.546200
124635209 124935209 977809 585752 581137 103 628597.610800
124935210 125235210 977882 582964 578259 103 625646.398600
125235211 125535211 977810 580907 576299 103 624055.217100
125535212 125835212 977848 578873 574254 103 621299.655000
125835213 126135213 977829 576433 571762 103 618984.934400
126135214 126435214 977787 574407 569877 103 616833.682700
126435215 126735215 977859 572329 567799 103 614139.174900
126735216 127035216 977853 572421 567840 103 614066.170500
127035217 127335217 977878 570291 565774 103 612665.402900
127335218 127635218 977847 566287 561790 103 609306.115800
127635219 127935219 977826 567137 562543 103 608917.666000
127935220 128235220 977850 565674 561111 103 606861.839500
128235221 128535221 977873 562966 558491 103 604246.939800
128535222 128835222 977869 563402 558953 103 602689.016300
128835223 129135223 977878 553421 549077 103 593886.234400
129135224 129435224 977900 541371 537186 102 573394.711000
129435225 129735225 977851 539175 534869 103 576519.236400
129735226 130035226 977767 537166 532941 103 573804.816500
130035227 130335227 977785 531917 527730 103 570603.978900
130335228 130635228 977768 530424 526202 103 568590.807700
