249 2064
29564562 29864562 978041 933595 827416 69 738066.305500
29864563 30164563 978015 950666 841631 68 741171.715500
30164564 30464564 978042 941660 833835 69 746030.262500
30464565 30764565 978013 938881 832653 69 742113.816000
30764566 31064566 978015 930388 824323 68 726289.705500
31064567 31364567 978041 926426 821180 69 731910.371000
31364568 31664568 978008 920586 816401 69 728422.110500
31664569 31964569 978013 827159 735889 68 642778.926500
31964570 32264570 978005 621053 555843 69 484299.014190
32264571 32564578 978010 915883 811639 69 723552.138500
32564579 32864579 978043 910760 807704 68 709641.657500
32864580 33164580 978043 905251 802888 69 716708.814000
33164581 33464581 978016 904013 801668 68 702821.812000
33464582 33764582 978041 898437 797312 69 709873.784000
33764583 34064583 978004 896570 796039 68 696010.905000
34064584 34364584 978010 891070 790998 69 702874.855500
34364585 34664585 978037 887334 788158 69 699264.885000
34664586 34964586 978012 881552 783735 68 686038.651500
34964587 35264587 978011 880616 783345 69 693343.659000
35264588 35564588 978044 874495 778582 68 680638.477500
35564589 35864589 978012 872036 775675 69 687302.881000
35864590 36164590 977979 866686 770502 68 673633.356000
36164591 36464591 978041 863567 767144 69 680009.889500
36464592 36764592 978007 860128 764700 69 676603.970500
36764593 37064594 977877 855519 761638 68 663756.674000
37064595 37364595 977997 852411 758475 69 670774.648000
37364596 37664596 978008 849139 755675 69 667740.435000
37664597 37964597 978032 845793 752095 68 656345.555000
37964598 38264598 977940 843867 750223 69 662916.284500
38264599 38564599 978008 839641 747559 68 649619.679000
38564600 38864600 978002 833994 742829 69 655813.994000
38864601 39164601 978006 833141 741745 69 654301.620500
39164602 39464602 977949 828661 737434 68 642365.068500
39464603 39764603 978033 824074 733741 69 648319.823000
39764604 40064604 978011 821015 731737 69 644817.998500
40064605 40364605 978012 816114 727276 68 632026.045000
40364606 40664606 978038 817560 729025 69 641650.735500
40664607 40964607 978018 813186 725146 69 639096.945000
40964608 41264608 978040 808846 721517 68 626671.963500
41264609 41564609 978013 808115 720518 69 633258.044500
41564610 41864610 978014 802489 715319 68 620300.852500
41864611 42164611 978038 800072 712663 69 626585.019000
42164612 42464612 978012 797859 711269 69 624697.602000
42464613 42764613 977978 798564 711296 68 615589.282000
42764614 43064614 978047 793101 706813 69 622152.989500
43064615 43364615 978016 790482 704806 69 619179.901000
43364616 43664616 978012 787727 702100 68 607476.137500
43664617 43964617 978038 784964 700326 69 614105.122000
43964618 44264618 978013 781960 697028 69 611917.074500
44264619 44564619 978041 778266 694217 68 600432.927000
44564620 44864620 977980 774258 691289 69 606505.692500
44864621 45164621 978007 770695 688409 68 595329.815500
45164622 45464622 978042 769913 687596 69 602542.798500
45464623 45764623 978013 768586 686632 69 600688.373500
45764624 46064624 978010 765367 683435 68 589267.774500
46064625 46364625 978045 763117 681091 69 595531.805000
46364626 46664626 978015 758413 677481 69 593169.291500
46664627 46964627 978010 756040 675782 68 582765.346000
46964628 47264628 978041 751928 672172 69 588980.145000
47264629 47564629 978014 749092 669924 69 586564.094500
47564630 47864630 978044 746912 668221 68 575291.623000
47864631 48164631 978013 744088 666081 69 581619.118000
48164632 48464632 978014 741860 663969 68 571706.466000
48464633 48764633 978031 742403 664407 69 578247.289000
48764634 49064634 978014 738468 661331 69 575880.695000
49064635 49364635 978010 734953 658278 68 565404.463500
49364636 49664636 978039 723640 648572 69 564337.168600
49664637 49964637 978016 733125 656988 69 571403.818600
49964638 50264638 978012 732393 655703 68 562005.930500
50264639 50564639 978040 727141 651641 69 567808.132500
50564640 50864640 978014 725117 649743 69 565571.833100
50864641 51164641 978006 722767 647931 68 555716.038800
51164642 51464642 978007 716593 642883 69 559343.220200
51464643 51764643 977971 714406 641105 68 548539.823600
51764644 52064644 978037 711828 638050 69 554573.500600
52064645 52364645 978014 706927 634529 69 552195.431800
52364646 52664646 977958 703960 632136 68 540665.524500
52664647 52964647 978037 702683 631331 69 547330.377200
52964648 53264648 977979 698418 627098 69 544571.430300
53564650 53864650 978035 533885 474970 69 542221.924400
53864651 54164651 978015 532974 474592 69 541196.884600
54164652 54464652 977982 530761 472167 68 531454.750000
54464653 54764653 978036 528273 469837 69 536702.323400
54764654 55064654 978007 526639 468439 68 527971.565200
55064655 55364655 978040 524330 466532 69 532799.528500
55364656 55664656 977981 522863 465355 69 531492.485700
55664657 55964657 977971 523585 466298 68 522851.400400
55964658 56264658 978038 521551 464399 69 529340.911700
56264659 56564659 978014 519531 462512 69 527134.212700
56564660 56864660 978008 516611 460389 68 516313.038900
56864661 57164661 978043 512856 456998 69 520722.230200
57164662 57464662 978013 511194 455814 69 519827.127100
57464663 57764663 978013 514487 458714 68 515139.934000
57764664 58064664 978039 513952 457743 69 520784.014100
58064665 58364665 978012 511778 456294 68 511393.926500
58364666 58664666 978018 510333 455168 69 517159.304300
58664667 58964667 978042 509090 454455 69 515531.409400
58964668 59264668 978018 506286 452330 68 506271.797400
59264669 59564669 978003 503984 449863 69 511877.459100
59564670 59864670 978011 503464 449026 69 509879.769300
59864671 60164671 978009 501358 447875 68 500978.939100
60164672 60464672 978040 501298 447847 69 506975.153900
60464673 60764673 978014 498034 444258 69 504991.426700
60764674 61064674 978015 496030 443002 68 496031.946100
61064675 61364675 978040 494697 441209 69 501918.657700
61364676 61664676 978012 493743 440837 68 492936.426700
61664677 61964677 978012 491140 438300 69 498219.779600
61964678 62264678 978040 489676 437217 69 496280.920800
62264679 62564679 977956 489531 437155 68 487377.141400
62564680 62864680 978040 486234 434500 69 493578.000900
62864681 63164681 978012 485340 433147 69 492011.895700
63164682 63464682 978011 483645 431834 68 482455.657200
63464683 63764683 978000 482309 431029 69 488606.389000
63764684 64064684 977980 482898 431356 69 487773.285700
64064685 64364685 978019 479807 428514 68 479054.334500
64364686 64664686 978036 478673 427897 69 484137.055800
64664687 64964687 978013 477423 427252 68 475276.109300
64964688 65264688 977927 474342 424478 69 480335.746900
65264689 65564689 978036 471919 422288 69 478518.837100
65564690 65864690 978010 472411 422522 68 470669.941800
65864691 66164691 978038 472463 422178 69 476767.852800
66164692 66464692 978010 466905 417394 69 472872.695200
66464693 66764693 978016 465542 415880 68 463690.196400
66764694 67064694 978044 467358 417576 69 472136.583700
67064695 67364695 978010 466523 416919 69 470582.169600
67364696 67664696 978012 465278 415900 68 462345.082300
67664697 67964697 978033 463551 414327 69 468032.757500
67964698 68264698 977978 462011 412802 68 459789.327500
68264699 68564699 978011 460226 411961 69 465074.278500
68564700 68864700 978039 458204 410030 69 463522.857300
68864701 69164701 978013 457124 408417 68 455252.890100
69164702 69464702 978039 455255 407472 69 460440.895800
69464703 69764703 978009 454410 407005 69 458830.607600
69764704 70064704 978010 452855 405747 68 450916.385800
70064705 70364705 978037 451587 404572 69 456271.860100
70364706 70664706 978006 451070 403824 69 454493.947000
70664707 70964707 978011 450093 402732 68 446765.501800
70964708 71264708 978044 447959 401339 69 451818.722400
71264709 71564709 978018 445584 399197 68 443173.340600
71564710 71864710 978015 444417 398067 69 447692.245500
71864711 72164711 978040 442249 396451 69 446593.928100
72164712 72464712 978009 441294 395273 68 439459.628200
72464713 72764713 978044 441066 394934 69 445024.597100
72764714 73064714 978014 439503 393825 69 443272.312100
73664717 73964717 978018 431267 386684 69 435495.857600
73964718 74264718 978011 435186 389807 68 432553.509000
74264719 74564719 978040 434686 389689 69 437715.473800
74564720 74864720 977975 432085 387052 68 429520.547600
74864721 75164721 978015 430856 386207 69 433960.401600
75164722 75464722 978042 429568 385136 69 432437.580600
75464723 75764723 978010 429219 384650 68 424881.377900
75764724 76064724 978041 427523 383529 69 429443.470300
76064725 76364725 978016 424244 380543 69 427243.465400
76364726 76664726 978010 423322 379817 68 420652.965800
76664727 76964727 978007 423046 379654 69 426326.520500
76964728 77264728 978018 422752 379833 69 425305.786100
77264729 77564729 978008 419543 377245 68 417786.644400
77564730 77864730 978040 419873 377231 69 422744.651600
77864731 78164731 978012 417158 374574 68 415097.951200
78164732 78464732 978018 415451 372945 69 419217.980300
78464733 78764733 978042 416530 373743 69 418734.268800
78764734 79064734 978015 416351 373775 68 411894.806100
79064735 79364735 978041 414609 372077 69 417188.884300
79364736 79664736 978012 412156 370263 69 415946.374800
79664737 79964737 978011 412308 370262 68 408616.094300
79964738 80264738 977999 410193 368715 69 413629.194600
80264739 80564739 978003 410294 368326 69 412675.265000
80564740 80864740 977977 408553 367581 68 405520.411100
80864741 81164741 978040 408231 366873 69 410165.924400
81164742 81464742 978010 406693 365950 68 402977.886000
81464743 81764743 978006 406022 365173 69 407740.752400
81764744 82064744 976278 403034 362326 68 400506.815500
82064745 82364745 978010 403389 362910 69 405407.295400
82364746 82664746 978041 401751 361646 69 404295.587200
82664747 82964747 978013 401038 360604 68 397434.933400
82964748 83264748 977981 399115 359038 69 402040.654300
83264749 83564749 978039 398762 358784 69 400752.537000
83564750 83864750 977988 397558 357982 68 393879.640500
83864751 84164751 978009 396821 357723 69 398491.766400
84164752 84464752 977974 397109 357985 69 397296.698100
84464753 84764753 978013 390670 352350 68 385332.288700
84764754 85064754 977981 393024 354314 69 395016.024900
85064755 85364755 978037 391219 352720 68 388263.362300
85364756 85664756 978009 391727 353347 69 392754.120600
85664757 85964757 978010 389464 351086 69 391618.844500
85964758 86264758 978037 388632 350476 68 384908.839800
86264759 86564759 978014 387922 349993 69 389251.058900
86564760 86864760 978043 386480 348734 69 387948.237900
86864761 87164761 978011 385427 347515 68 381219.414400
87164762 87464762 978010 383324 345747 69 386002.258300
87464763 87764763 978044 383474 346013 69 384972.495000
87764764 88064764 978013 381886 344429 68 378275.592200
88064765 88364765 977978 380665 343322 69 382572.934900
88364766 88664766 978007 379799 342779 68 376041.329600
88664767 88964767 978013 379292 342193 69 380447.604500
88964768 89264768 978012 377500 341269 69 379158.475400
89264769 89564769 978035 376524 340492 68 372722.530800
89564770 89864770 978005 374985 338731 69 376975.237500
89864771 90164771 978041 374724 338606 69 376083.868800
90164772 90464772 978005 371926 336182 68 369474.930000
90464773 90764773 978011 372520 336640 69 373784.228900
90764774 91064774 978040 371810 336065 69 372726.101200
91064775 91364775 978012 369812 333627 68 366103.741200
91364776 91664776 978015 369884 334154 69 370307.059700
91664777 91964777 978043 367585 331699 68 363524.618800
91964778 92264778 977967 367021 331251 69 367894.204000
92264779 92564779 978011 366452 330765 69 367209.994200
92564780 92864780 978043 366506 330430 68 361299.286100
92864781 93164781 977996 364737 329106 69 365542.392800
93164782 93464782 978038 364123 328591 69 364513.747100
93464783 93764783 978015 363054 328110 68 358153.690200
93764784 94064784 978012 361453 326388 69 362323.646100
94064785 94364785 978036 360324 325437 69 361308.808300
94364786 94664786 978014 359418 324222 68 354858.376400
94664787 94964787 978013 358792 323851 69 358842.885300
94964788 95264788 978040 357592 322588 68 352670.555500
95264789 95564789 978011 356964 322525 69 356912.917500
95564790 95864790 978012 356107 321581 69 355810.535100
95864791 96164791 978042 355284 320631 68 349657.166500
96164792 96464792 978014 348869 315077 69 350033.826300
96464793 96764793 978009 353035 318934 69 353449.766500
96764794 97064794 977973 351944 318265 68 347279.420900
97064795 97364795 978009 350716 316853 69 351574.102900
97364796 97664796 978043 349931 316232 69 350614.217500
97664797 97964797 978015 348645 315110 68 344591.133100
97964798 98264798 978013 348372 315126 69 348640.909800
98264799 98564799 978040 347447 314225 68 342399.052300
98564800 98864800 978015 346064 313150 69 346658.811500
98864801 99164801 978015 345401 312794 69 345662.270200
99164802 99464802 978039 344033 311515 68 339585.316200
99464803 99764803 978015 342616 309687 69 343753.850100
99764804 100064804 978043 343144 310131 69 342806.611500
100064805 100364805 978017 341617 308643 68 336865.774800
100364806 100664806 978009 340589 307977 69 340908.979000
100664807 100964807 978041 340147 307882 69 339910.611100
100964808 101264808 978010 338481 306534 68 333915.439800
