113 1549
70566922 70866922 977971 976870 871633 103 971515.848500
70866923 71166923 977820 965109 861763 103 962276.733000
71166924 71466924 977908 957308 855468 102 945328.344000
71466925 71766925 977865 947777 847548 103 947247.688000
71766926 72066926 977929 939035 840393 103 938669.976000
72066927 72366927 977828 933192 835106 103 932353.072000
72366928 72666928 977763 915599 821278 103 918409.208200
72666929 72966929 977651 929886 832744 103 928724.277600
72966930 73266930 977857 927010 830198 103 927934.616500
73266931 73566931 977787 922279 826488 103 922257.539000
73566932 73866932 977944 917819 822920 103 916952.918500
73866933 74166933 977889 908661 814910 103 911293.218000
74166934 74466934 977791 904258 811501 103 906072.746500
74466935 74766935 977923 899197 807494 103 900213.489000
74766936 75066936 977795 892507 802082 103 894473.685500
75066937 75366937 977806 887284 797721 103 888949.292000
75366938 75666938 977841 880567 791933 103 883803.412500
75666939 75966939 977760 874155 786878 103 878804.798000
75966940 76266940 977943 872067 784876 103 873853.414000
76266941 76566941 977836 858817 774028 103 862506.181300
76566942 76866942 977795 855142 771239 103 858672.433900
76866943 77166943 977847 854163 770204 103 857784.131000
77166944 77466944 977879 849596 766372 103 852713.631500
77466945 77766945 977888 844831 762510 103 847396.258000
77766946 78066946 977708 839552 758340 102 834160.561500
78066947 78366947 977849 834667 754074 103 837682.554100
78366948 78666948 977821 829129 749408 103 833529.094300
78666949 78966949 977823 824167 745166 103 829197.030300
78966950 79266950 977815 820369 741930 103 825111.037500
79266951 79566951 977910 815616 737768 103 820358.119200
79566952 79866952 977847 810985 734220 103 815977.846300
79866953 80166953 977880 807317 731290 103 811005.632400
80166954 80466954 977834 800622 725300 103 806090.686100
80466955 80766955 977973 795219 721082 103 801379.323300
80766956 81066956 977938 792580 718390 103 796805.838500
81066957 81366957 977932 787044 713624 103 793176.092900
81366958 81666958 977846 782543 710210 103 788891.855900
81666959 81966959 977966 779927 708109 103 784664.428100
81966960 82266960 977939 773611 702400 102 772405.955600
82266961 82566961 977942 770714 700245 103 776284.521900
82566962 82866962 977901 767473 697281 103 772188.221700
82866963 83166963 977974 761582 692341 103 767924.352500
83166964 83466964 977901 750171 682666 103 755067.770700
83466965 83766965 977834 755132 686677 103 761242.968700
83766966 84066966 977940 750865 682982 103 757155.725300
84066967 84366967 977972 746232 679352 103 752996.392700
84366968 84666968 977933 742254 675713 103 749092.248000
84666969 84966969 977875 738747 672431 103 745575.318200
84966970 85266970 977865 734428 669327 103 741604.417700
85266971 85566971 977843 730675 666166 103 737700.193000
85566972 85866972 977872 726470 662735 103 734682.289600
86466975 86766975 977804 733480 668693 103 740144.532900
86766976 87066976 977835 727056 662876 103 736023.978900
87066977 87366977 977834 724609 661156 103 731725.101800
87366978 87666978 978004 720873 657815 103 727956.503700
87666979 87966979 977932 717428 655793 103 724268.805600
87966980 88266980 977937 713527 651303 103 720663.217700
88266981 88566981 977956 709026 647767 103 716541.227200
88566982 88866982 977904 705433 644499 103 712675.335700
88866983 89166983 977839 699790 640101 103 708847.058600
89166984 89466984 977933 696314 636631 103 705441.373500
89466985 89766985 977973 694083 635268 103 701706.091700
89766986 90066986 977804 690181 631784 103 698272.413300
90066987 90366987 977966 685047 626969 103 694792.456900
90366988 90666988 976218 680306 623130 102 684487.389500
90666989 90966989 977903 679523 622224 103 687773.654000
90966990 91266990 977765 675163 618663 103 684350.758800
91266991 91566991 977905 672111 616424 103 680842.748600
91566992 91866992 977867 670172 614391 103 677421.497600
91866993 92166993 977943 665359 610081 103 674113.708100
92166994 92466994 977925 661553 606866 103 670679.314000
92466995 92766995 958201 644890 591948 101 655445.832800
92766996 93066996 977843 655160 601616 103 665270.315500
93066997 93366997 977803 653417 600478 103 661866.630500
93366998 93666998 977851 649879 597518 103 658792.445200
93666999 93966999 977878 647012 594489 103 655694.336400
93967000 94267000 977916 642667 590748 103 652549.161200
94267001 94567001 977826 639813 588268 103 649391.178100
94567002 94867002 977879 634887 584027 103 646110.187000
94867003 95167003 977869 631720 581326 103 643031.370800
95167004 95467004 977844 629618 579908 103 639764.834000
95467005 95767005 977881 625638 576087 103 636693.720900
95767006 96067006 977900 622388 573461 103 633535.050500
96067007 96367007 977884 620921 572311 103 630563.847400
96367008 96667008 977877 617696 568984 103 627577.508500
96667009 96967009 977846 614539 566468 103 624553.134200
96967010 97267010 977874 610300 563183 103 621661.501400
97267011 97567011 977906 610756 563384 103 618680.296000
97567012 97867012 977870 605920 558933 103 614983.499900
98167014 98467014 977842 592301 546106 103 600121.629920
98467015 98767015 977830 610574 562997 103 620618.677000
98767016 99067016 977875 607495 560355 103 617724.276000
99067017 99367017 977872 604622 557775 103 614653.312500
99367018 99667018 977846 602583 556380 103 611507.956200
99667019 99967019 977882 598388 552572 103 608508.806100
99967020 100267020 977852 595678 549939 103 605551.584900
100267021 100567021 977885 592141 546971 103 602752.680400
100567022 100867022 977860 590749 545400 103 599827.531300
100867023 101167023 977873 586457 541562 103 596809.926900
101167024 101467024 977860 583850 539197 103 594167.383000
101467025 101767025 977901 582192 538689 103 591308.091300
101767026 102067026 977880 577709 534547 103 588662.463900
102067027 102367027 977849 574900 532089 103 585452.717700
102367028 102667028 977816 572688 530377 103 582807.772300
102667029 102967029 977800 569817 527176 103 579795.582700
102967030 103267030 977906 567467 525203 103 577508.966000
103267031 103567031 977814 564281 522937 103 574845.481400
103567032 103867032 977850 561494 520252 103 572120.669000
103867033 104167033 977916 558871 517804 103 569371.737500
104167034 104467034 977868 556467 515532 103 566827.587700
104467035 104767035 977874 551571 511559 103 564072.375400
104767036 105067036 977924 550128 509929 102 556005.562000
105067037 105367037 977860 548328 508570 103 558855.740500
