101 8
82274354 82574354 21134689 40324502 38418796 103 2488.503166
82574355 82874355 21232187 40410858 38501165 103 2476.973023
82874356 83174356 21449208 40727294 38805035 102 2442.258635
83174357 83474357 21391918 40508333 38598325 103 2454.259103
83474358 83774358 21423734 40481955 38572668 103 2445.580394
83774359 84074359 21396064 40332977 38431995 103 2435.681136
84074360 84374360 21379288 40222122 38328075 103 2425.661353
84374361 84674361 21283410 39917135 38044745 103 2413.551231
84674362 84974362 21260288 39800472 37937318 103 2403.733562
84974363 85274363 21216802 39602856 37753151 103 2393.193205
85274364 85574364 21255625 39589868 37745775 103 2383.167259
85574365 85874365 21206310 39425431 37590785 103 2374.051748
85874366 86174366 20862944 38683863 36886428 103 2364.406938
86174367 86474367 20657676 38228502 36455969 103 2356.182395
86474368 86774368 21248282 39232695 37420987 103 2344.584327
86774369 87074369 21204482 39039061 37240603 103 2332.836645
87074370 87374370 21112486 38757083 36978307 103 2321.595551
87374371 87674371 21108660 38651431 36880207 103 2309.320684
87674372 87974372 21054856 38487738 36724988 103 2302.397707
87974373 88274373 21018700 38326561 36574208 103 2292.339233
88274374 88574374 21006754 38225222 36478126 103 2282.809646
88574375 88874375 20980837 38108095 36373129 103 2275.916857
88874376 89174376 20938297 37979541 36251977 103 2269.919948
89174377 89474377 20927936 37885373 36165311 103 2261.844427
89474378 89774378 20666814 37340705 35652651 103 2253.778266
89774379 90074379 20610692 37177302 35498380 103 2246.206836
90074380 90374380 20817294 37461407 35772352 102 2214.548559
90374381 90674381 20779787 37317845 35637985 103 2227.458009
90674382 90974382 20683728 37050305 35386706 103 2216.648511
90974383 91274383 20696739 36996376 35338086 103 2207.942741
91274384 91574384 20639678 36815863 35170612 103 2199.104988
91574385 91874385 20606110 36687292 35048081 103 2191.675373
91874386 92174386 20592227 36586498 34958123 103 2182.723830
92174387 92474387 20539234 36427064 34805498 103 2175.398139
92474388 92774388 20504414 36304645 34692903 103 2168.166776
92774389 93074389 20500017 36222463 34618003 103 2159.924038
93074390 93374390 20327111 35849957 34266051 103 2152.131617
93374391 93674391 20215861 35583878 34015213 103 2144.634460
93674392 93974473 19828377 34842171 33309768 103 2137.036529
93974474 94274474 19961966 34983721 33446777 103 2126.387356
94274475 94574475 20287283 35479130 33923716 103 2117.356740
94574476 94874476 20279581 35406909 33854797 103 2110.078406
94874477 95174477 19794677 34498657 32992900 103 2102.728654
95174478 95474478 20208188 35152863 33621025 103 2094.501804
95474479 95774479 20101326 34891926 33375070 103 2087.364034
95774480 96074480 19747539 34225265 32739105 102 2059.893863
96074481 96374481 20122894 34840505 33330318 103 2075.542435
96374482 96674482 20083333 34713550 33213508 103 2068.324531
96674483 96974483 19806109 34166031 32689760 103 2060.543452
96974484 97274484 19923594 34300709 32821155 103 2052.208278
97274485 97574485 19968336 34306999 32834475 103 2043.180782
97574486 97874486 19902535 34106167 32643428 103 2033.076046
97874487 98174487 19900740 34050081 32593116 103 2027.021992
98174488 98474488 19868472 33950659 32500031 103 2021.444167
98474489 98774489 19818748 33775366 32334114 103 2010.761033
98774490 99074490 19783677 33653229 32222120 103 2002.763841
99074491 99374491 19756900 33565532 32142012 103 1997.148452
99374492 99674492 19719651 33469686 32049330 103 1994.616251
99674493 99974493 19690104 33377973 31961914 103 1988.624665
99974494 100274494 19682820 33320895 31911998 103 1983.098231
100274495 100574495 19609688 33143985 31744104 103 1976.575020
100574496 100874496 19253828 32483606 31113946 103 1968.894428
100874497 101174497 19572883 32947514 31559272 102 1941.384089
101174498 101474498 19519577 32799274 31423278 103 1953.038958
101474499 101774499 19483882 32691943 31318926 103 1946.237515
101774500 102074500 19453979 32584171 31218570 103 1939.631312
102074501 102374501 19411801 32442095 31086841 103 1931.531832
102374502 102674502 19394491 32351772 31002904 103 1923.693772
102674503 102974503 19365360 32276285 30930794 103 1919.900603
102974504 103274504 19350386 32216465 30877028 103 1914.665854
103274505 103574505 19312533 32105642 30773865 103 1908.646293
103574506 103874506 19277797 31980736 30657066 103 1901.036987
103874507 104174507 19228291 31856351 30542251 103 1896.031146
104174508 104474508 19110266 31598092 30294557 103 1887.797037
104474509 104774509 19118756 31549777 30250006 103 1880.187042
104774510 105074510 19063003 31393520 30106531 103 1871.176375
105074511 105374511 19014248 31277327 29995389 103 1867.189228
105374512 105674512 19012707 31218408 29939702 103 1859.539080
105674513 105974513 18973914 31079642 29809580 103 1849.905939
105974514 106274514 18920178 30943302 29684801 103 1843.816024
106274515 106574515 18921759 30911070 29651720 103 1839.995774
106574516 106874516 18896242 30844794 29590081 103 1836.188523
106874517 107174517 18870206 30768400 29520691 103 1830.337667
107174518 107474518 18817912 30635589 29392803 103 1825.833531
107474519 107774519 18695564 30394209 29163991 103 1820.295328
107774520 108074520 18491530 29994026 28783816 102 1793.602446
108074521 108374521 18710455 30295033 29074795 104 1819.682868
108374522 108674522 18678819 30194259 28982654 102 1779.058228
108674523 108974523 18631663 30058347 28852381 103 1789.063998
108974524 109274524 18609879 29978671 28779964 103 1782.713751
109274525 109574525 18393729 29416218 28248160 103 1752.668138
109574526 109874526 18598714 29955469 28759410 103 1782.113298
109874527 110174527 18609645 30006210 28803411 103 1786.493367
110174528 110474528 18576401 29913052 28719527 103 1782.001877
110474529 110774529 18573102 29866176 28674822 103 1775.304564
110774530 111074530 18569035 29810737 28621927 103 1769.790507
111074531 111374531 18491961 29645732 28463060 103 1764.462511
111374532 111674532 18288780 29281838 28116892 103 1759.928073
111674533 111974533 18456284 29518739 28345624 103 1754.897899
111974534 112274534 18427701 29428729 28260732 103 1749.061784
112274535 112574535 18406256 29347822 28187714 103 1742.363927
