19
54802849 55102849 978013 932 859 206 2059.102150
55102850 55402850 977969 928 860 206 2044.467238
55402851 55702851 977938 872 807 205 2017.268003
55702852 56002852 978004 760 703 206 1771.969079
56002853 56302853 977998 592 555 206 1361.534695
56302854 56602854 978008 847 779 206 1894.395757
56602855 56902855 977970 968 903 206 2227.527061
56902856 57202856 977913 762 690 206 1744.261905
57202857 57502857 977968 773 719 206 1739.691835
57502858 57802858 977970 970 902 206 2278.764711
57802859 58102859 977948 1055 962 206 2365.546669
58102860 58402860 978006 679 635 206 1533.347931
58402861 58702861 978006 859 791 206 2008.179710
58702862 59002862 978009 973 892 205 2282.980783
59002863 59302863 977907 1026 933 206 2315.288808
59302864 59602864 977974 936 866 206 2042.280116
59602865 59902865 977928 592 550 206 1508.119021
59902866 60202866 978001 984 901 206 2330.576869
60202867 60220373 57071 43 39 12 134.706808
