38 2208
13835733 14135733 977880 1131508 1031965 103 1252875.642000
14135734 14435734 977811 1121437 1022756 103 1241762.319500
14435735 14735735 977936 1112273 1015224 103 1230263.233500
14735736 15035736 977849 1104397 1008401 103 1219099.566000
15035737 15335737 977806 1094916 1000313 103 1208875.968500
15335738 15635738 977906 1086814 993529 103 1199331.121000
15635739 15935739 977908 1079369 987371 103 1190945.926000
15935740 16235740 977968 1071629 980404 103 1181184.875500
16235741 16535741 977744 1061660 972005 103 1170822.573000
16535742 16835742 977807 1052416 964036 103 1161038.693500
16835743 17135743 977764 1045084 957689 102 1140028.383500
17135744 17435744 977861 1038121 951829 103 1143072.137500
17435745 17735745 977845 1029741 944945 103 1134273.020000
17735746 18035746 977965 1022645 938477 103 1127061.607500
18035747 18335747 978007 1018812 934616 103 1121041.698500
18335748 18635748 977933 1006333 924584 103 1104448.878500
18635749 18935749 977835 1029285 944293 103 1133269.025500
18935750 19235750 977848 1025263 941335 103 1126524.897000
19235751 19535751 977927 1018160 934789 103 1119213.220000
19535752 19835752 977947 1010763 927903 103 1112160.764000
19835753 20135753 977910 1006099 924370 103 1106245.189000
20135754 20435754 978034 1001792 920742 103 1099837.152500
20435755 20735755 977940 996156 916011 103 1093498.551000
20735756 21035756 977878 990726 910959 103 1087167.739500
21035757 21335757 977968 986871 907293 103 1080824.375000
21335758 21635758 978010 979454 901120 103 1074435.514000
21635759 21935759 977903 974731 897523 103 1067842.780000
21935760 22235760 977937 967792 891199 103 1061653.218000
22235761 22535761 977908 963908 887801 103 1056032.232000
22535762 22835762 977936 957874 882232 103 1050057.046500
22835763 23135763 977938 953696 878458 103 1044435.129500
23135764 23435764 977882 947761 873422 103 1039797.568500
23435765 23735765 977900 947803 874088 103 1035766.206000
23735766 24035766 977940 940972 867860 102 1019998.778500
24035767 24335767 977873 936518 864029 103 1023653.013000
24335768 24635768 977903 932141 860221 103 1017203.597000
24635769 24935769 977738 926186 855233 103 1010858.322000
24935770 25235770 977842 918125 848096 103 1004897.584000
