38 2208
54832352 55132352 977976 1172157 1051380 68 855401.464000
55132353 55432353 978016 1162085 1043634 68 847227.929000
55432354 55732354 978036 1151862 1034627 69 851794.103000
55732355 56032355 977793 1129128 1015190 69 833205.410500
56632358 56932358 978007 1125594 1011748 68 818841.984000
56932359 57232359 978008 1116670 1003792 69 824713.452500
57232360 57532360 978041 1110616 998509 69 818105.665500
57532361 57832361 977743 1099848 989753 68 799520.762500
57832362 58132362 978016 1087340 979215 69 802859.410500
58132363 58432363 978040 1074135 968175 68 779994.918500
58432364 58732364 978014 1081609 975130 69 796740.618000
58732365 59032365 978037 1074145 968377 69 791644.085000
59032366 59332366 978011 1066974 961571 68 774137.757000
59332367 59632367 978014 1060423 956983 69 780323.605500
59632368 59932368 978041 1054884 951649 69 775133.526000
59932369 60232369 978014 1047212 945633 68 758935.745500
60232370 60532370 978014 1026966 928186 69 754191.010000
60532371 60832371 977998 1037403 937789 69 761331.435000
60832372 61132372 977955 1033498 934430 68 746458.735500
61132373 61432373 978009 1025339 927472 69 752953.424500
61432374 61732374 977793 1018516 921823 68 737293.617500
61732375 62032375 977969 1013562 917374 69 743295.480000
62032376 62332376 978011 1006323 911217 69 737751.982500
62332377 62632377 977944 1000425 906209 68 723044.421500
62632378 62932378 977941 996907 903228 69 729758.849500
62932379 63232379 977579 990684 898429 68 714762.474000
63232380 63532380 977619 982259 890627 69 719597.687000
63532381 63832381 977412 963624 874875 68 696429.491500
63832382 64132382 976456 961665 873922 69 703567.038500
64132383 64432383 975621 958222 870990 68 695270.417500
64432384 64732384 977265 963602 875242 68 695739.981500
64732385 65032385 978017 960556 872591 69 703086.280000
65032386 65332386 978014 956222 869080 69 699027.455000
65332387 65632387 978042 950270 864029 68 684716.185000
65632388 65932388 978012 946109 860507 69 691197.478500
65932389 66232389 978016 941148 856188 69 687879.177000
66232390 66532390 978005 935063 851486 68 673187.921000
66532391 66832391 978011 930022 846431 69 679911.950000
