266 2064
39678387 39978387 978014 811618 713533 69 760219.472500
39978388 40278388 978035 803995 707168 68 742550.838000
40278389 40578389 977978 798614 702523 69 747262.665000
40578390 40878390 978011 792708 697255 68 730190.371000
40878391 41178391 978035 785860 691801 69 735102.648500
41178392 41478392 978014 780759 687429 69 729178.472500
41478393 41778393 978009 680775 602260 68 630614.854000
41778394 42078394 978037 552671 489726 69 509005.637260
42078395 42378395 978006 777580 685082 69 726553.006500
42378396 42678396 977979 774965 682630 68 712908.076000
42678397 42978397 978039 771365 679632 69 719701.374500
42978398 43278398 977942 766247 674994 69 716416.705500
43278399 43578399 977923 763571 673324 68 702754.158500
43578400 43878400 977976 759616 669392 69 709836.547000
43878401 44178401 977992 756438 666411 68 696215.817000
44178402 44478402 977990 755312 666100 69 702989.562000
44478403 44778403 977975 751160 661559 69 700204.155500
44778404 45078404 977979 746303 656745 68 686719.476500
45078405 45378405 978005 744856 656906 69 693593.769500
45378406 45678406 977975 740766 652859 69 689808.780500
45678407 45978407 970073 826442 733469 66 656707.464500
45978408 46278408 978035 860177 765097 69 677277.535500
46278409 46578409 978008 862570 767078 68 668164.743000
46578410 46878410 978008 858668 763739 69 677353.580500
46878411 47178411 978039 856172 761523 69 674496.355500
47178412 47478412 978014 852535 758367 68 661005.840000
47478413 47778413 978041 850137 756935 69 668081.591500
47778414 48078414 977977 844217 751986 68 654839.309000
48078415 48378415 978014 842076 749864 69 661917.267000
48378416 48678416 978038 837687 746196 69 658977.103000
48678417 48978417 978013 833645 743053 68 646034.195500
48978418 49278418 978007 832023 741502 69 653579.427000
49278419 49578419 978039 828709 738189 69 650767.762500
49578420 49878420 978009 824827 734639 68 637778.172500
49878421 50178421 978011 821100 732467 69 643642.176000
50178422 50478422 978010 816199 728709 69 640607.964000
50478423 50778423 978008 813295 725541 68 628681.675500
50778424 51078424 978034 810622 723978 69 636155.403000
51078425 51378425 978017 797041 712257 68 616956.712000
51378426 51678426 978011 809156 722271 69 634136.209000
51678427 51978427 978043 804351 718274 69 631553.982000
51978428 52278428 977978 799173 713302 68 617650.609500
52278429 52578429 978012 796538 711697 69 623385.367000
52578430 52878430 978037 791117 706706 69 620122.528000
52878431 53178431 978018 786931 702788 68 609018.443500
53178432 53478432 978013 783906 700802 69 613493.117500
53478433 53778433 978045 779366 697538 69 609994.725000
53778434 54078434 978014 776363 694359 68 599137.031000
54078435 54378435 978037 776106 694849 69 606334.210000
54378436 54678436 978015 774551 693440 68 596843.545500
54678437 54978437 978014 770571 689343 69 603778.344500
54978438 55278438 978037 767485 686683 69 599418.741000
55278439 55578439 978013 764069 683852 68 589221.599500
55578440 55878440 978012 762403 682212 69 596480.835500
55878441 56178441 978039 761370 681634 69 595288.495500
56178442 56478442 977980 759017 678467 68 584946.329500
56478443 56778443 977980 756225 677088 69 592048.878000
56778444 57078444 978006 753882 674399 69 589273.647000
57078445 57378445 978013 741014 663325 68 571056.247200
57378446 57678446 978044 754107 674412 69 588654.088000
57678447 57978447 977974 752195 672913 68 577906.450000
57978448 58278448 978013 747842 669226 69 583766.033500
58278449 58578449 978042 745455 667359 69 581968.680500
58578450 58878450 978012 742272 665162 68 571317.317500
58878451 59178451 978015 738955 662376 69 577557.055500
59178452 59478452 978041 736848 660429 69 575507.976000
59478453 59778453 978015 733962 659027 68 565102.134000
59778454 60078454 978010 730259 654627 69 571019.365500
60078455 60378455 978034 727279 652176 69 568412.715500
60378456 60678456 978012 723432 649629 68 557486.588000
60678457 60978457 978039 722930 649258 69 563740.482800
60978458 61278458 978017 719819 646565 68 554168.409100
61278459 61578459 978013 718568 644961 69 559451.549200
61578460 61878460 978002 715276 642863 69 556578.945500
61878461 62178461 978010 709652 638030 68 545527.715300
62178462 62478462 978012 709336 637403 69 551658.587600
62478463 62778463 978035 707545 635773 69 550577.993800
62778464 63078464 978013 700749 630112 68 539545.474700
63078465 63378465 978010 699506 629449 69 544754.971700
63378466 63678466 978039 696556 626690 69 542941.909700
63678467 63978467 978015 692651 623741 68 532122.217200
63978468 64278468 978040 693462 624280 69 538938.237000
64278469 64578469 977940 694994 625348 68 532315.140900
64578470 64878470 977983 690836 621500 69 538243.059200
64878471 65178471 978043 689532 620505 69 536550.649100
65178472 65478472 978013 686834 618781 68 526600.328200
65478473 65778473 978012 684272 616680 69 532431.689600
65778474 66078474 977999 682648 615048 69 530589.424900
66078475 66378475 978012 681584 613963 68 521272.150100
66378476 66678476 978013 677630 610676 69 527257.142800
66678477 66978477 978035 675141 608780 69 525400.472000
66978478 67278478 977969 672229 606302 68 515921.195700
67278479 67578479 978039 669892 603946 69 521843.728400
67578480 67878480 978012 668773 602651 68 512483.535400
67878481 68178481 978009 667294 601621 69 518180.324500
68178482 68478482 977996 665276 599981 69 516452.151600
68478483 68778483 978017 662589 597155 68 507018.281100
68778484 69078484 978016 660181 595609 69 512514.994500
69078485 69378485 978039 652107 588430 69 504682.163600
69378486 69678486 978007 655380 592167 68 501372.671300
69678487 69978487 978014 651865 588935 69 506858.813400
69978488 70278488 978040 651109 588164 69 504837.903500
70278489 70578489 977976 648908 585876 68 495829.899700
70578490 70878490 978040 645536 583375 69 501269.570800
70878491 71178491 978011 644295 583106 69 499535.714100
71178492 71478492 978013 642206 580429 68 490892.308700
71478493 71778493 978039 640981 579810 69 496930.006300
71778494 72078494 978016 638297 577241 68 487740.908800
72078495 72378495 977975 635571 574434 69 493211.986500
72378496 72678496 978043 633824 573179 69 491207.110700
72678497 72978497 978015 630337 569946 68 481977.066600
72978498 73278498 978012 629068 569263 69 488451.366000
73278499 73578499 978042 625309 565512 69 486245.733400
73578500 73878500 978011 622890 563518 68 476710.315900
73878501 74178501 978013 622054 563237 69 481206.048800
74178502 74478502 978037 618703 560160 69 478862.245300
74478503 74778503 978016 616203 558288 68 470150.770300
74778504 75078504 978038 615470 556946 69 476158.658500
75078505 75378505 978012 612967 555803 68 468671.005400
75378506 75678506 978008 611075 553779 69 474032.401600
75678507 75978507 978040 611484 554186 69 473526.888300
75978508 76278508 977976 609993 552622 68 465265.522200
76278509 76578509 978015 606509 549489 69 469399.623100
76578510 76878510 978039 602676 546426 69 466064.577200
76878511 77178511 977979 600317 544215 68 458058.174100
77178512 77478512 978010 598933 543231 69 464021.299800
77478513 77778513 978005 597231 541564 69 462276.344500
77778514 78078514 977980 594823 539283 68 454003.906600
78078515 78378515 978037 595459 540056 69 459986.030900
78378516 78678516 978010 590214 536015 68 450499.620900
78678517 78978517 978012 590048 535904 69 455638.897700
78978518 79278518 978041 587956 533941 69 454001.986900
79278519 79578519 978015 586391 532311 68 446193.424300
79578520 79878520 977979 584062 530606 69 451858.992800
79878521 80178521 978043 582788 529914 69 450681.820800
80178522 80478522 978012 581539 528393 68 442086.784000
80478523 80778523 978013 577968 525272 69 446357.941400
80778524 81078524 978040 579157 526632 69 446876.514800
81078525 81378525 978013 577307 525010 68 439097.817800
81378526 81678526 978040 573455 521562 69 441761.634100
81678527 81978527 978011 521715 475113 68 396385.424400
81978528 82278528 978013 383144 350191 69 296588.779730
82278529 82578529 978040 572594 519900 69 443105.457100
82578530 82878530 978016 570815 518536 68 435470.174000
82878531 83178531 978014 570982 518646 69 440474.735700
83178532 83478532 978043 567938 516494 69 439023.264000
83478533 83778533 978013 567884 516539 68 431491.173200
83778534 84078534 978015 566551 515656 69 436564.383400
84078535 84378535 978040 563510 512674 69 435135.897000
84378536 84678536 978005 561772 511044 68 427023.463600
84678537 84978537 978040 558441 508155 69 431164.394100
84978538 85278538 978011 557448 507498 68 423345.112800
85278539 85578539 978012 556173 506005 69 428210.209500
85578540 85878540 978037 553057 503515 69 426719.405500
85878541 86178541 978012 550378 501301 68 419326.918100
86178542 86478542 978016 548431 499344 69 423401.802800
86478543 86778543 978044 548428 499594 69 422731.721700
86778544 87078544 977976 548650 499542 68 416095.113400
87078545 87378545 977978 544764 495972 69 420489.350200
87378546 87678546 978035 544179 495247 69 419386.934100
87678547 87978547 978014 541790 493471 68 412473.517200
87978548 88278548 978034 541345 492506 69 417483.629800
88278549 88578549 978018 540542 492876 68 410203.012000
88578550 88878550 978018 537375 489415 69 414277.314100
88878551 89178551 978038 536377 488635 69 413598.254600
89178552 89478552 978012 535123 487131 68 406427.294900
89478553 89778553 978008 533016 485383 69 411251.322300
89778554 90078554 978039 532793 484975 69 409999.709900
90078555 90378555 978014 529303 482417 68 402861.952600
90378556 90678556 978014 528730 482009 69 407283.676500
90678557 90978557 978005 528197 481779 69 405946.902900
90978558 91278558 978011 525852 479735 68 398758.038800
91278559 91578559 978033 524413 477436 69 403318.715500
91578560 91878560 978014 522642 476765 68 396345.253000
91878561 92178561 978017 520747 474558 69 400858.853600
92178562 92478562 978046 519597 474001 69 399592.901300
92478563 92778563 978013 518245 472481 68 392842.339200
92778564 93078564 978015 517148 472027 69 398272.223300
93078565 93378565 978006 516298 470686 69 397045.965200
93378566 93678566 978013 514036 469527 68 390039.482500
93678567 93978567 978013 512332 467436 69 394384.612600
93978568 94278568 978043 511116 466518 69 393111.722000
94278569 94578569 978013 508557 463863 68 386060.114300
94578570 94878570 978041 507494 463565 69 390415.059900
94878571 95178571 978010 506017 461969 68 383408.930600
95178572 95478572 978015 503194 459246 69 387809.488800
95478573 95778573 978042 504072 460149 69 386524.771100
95778574 96078574 978014 501128 457935 68 379691.087000
96078575 96378575 978013 497940 455286 69 383812.459600
96378576 96678576 978040 494274 451617 69 378965.882600
96678577 96978577 978015 499601 456446 68 378727.340000
96978578 97278578 978014 499395 456861 69 383128.299700
97278579 97578579 978035 497383 454880 69 381866.464900
97578580 97878580 978011 495291 452703 68 375121.243300
97878581 98178588 978037 493871 451763 69 379697.632600
98178589 98478589 978036 493210 450925 68 373187.669400
98478590 98778590 978013 491783 449808 69 377299.558900
98778591 99078591 978041 490335 448311 69 376226.671400
99078592 99378592 978011 486775 445057 68 369444.434100
99378593 99678593 978014 488727 446883 69 372964.754000
99678594 99978594 978038 484631 443696 69 372107.521600
99978595 100278595 978012 484868 443755 68 366052.324600
100278596 100578596 977982 483527 442644 69 370597.243800
100578597 100878597 978016 482122 441484 69 369689.980900
100878598 101178598 978008 479540 438526 68 363262.178800
101178599 101478599 978011 479755 439031 69 367566.375100
101478600 101778600 978042 477038 436477 68 361200.150200
101778601 102078601 978016 475635 435099 69 365249.654300
102078602 102378602 978036 474790 434541 69 364530.973400
102378603 102678603 978014 475054 434819 68 358179.273500
102678604 102978604 978011 471459 431491 69 362313.932800
102978605 103278605 978013 471504 431407 69 361388.342400
103278606 103578606 978011 469857 429957 68 355398.470900
103578607 103878607 978012 468765 429412 69 359433.066400
103878608 104178608 977982 469066 429752 69 358320.404400
104178609 104478609 978014 465649 426738 68 351818.238900
104478610 104778610 978015 463984 425405 69 355849.537400
104778611 105078611 978037 462066 424020 69 354943.363500
105078612 105378612 978013 455063 417763 68 343727.043400
105378613 105678613 978037 459461 421531 69 353600.401100
105678614 105978614 978015 459843 422031 68 347393.054800
105978615 106278615 978017 460296 422367 69 351370.572900
106278616 106578616 978041 457285 419177 69 350344.531700
106578617 106878617 978014 456221 418661 68 344204.987500
106878618 107178618 978013 454037 416380 69 348284.947900
107178619 107478619 978039 454280 416700 69 347405.784700
107478620 107778620 978011 452974 415393 68 341609.726100
107778621 108078621 978015 451014 413976 69 345697.584900
108078622 108378622 978042 450694 413818 69 344693.305300
108378623 108678623 978012 448206 411305 68 338677.278100
108678624 108978624 978041 445779 409634 69 342531.120000
108978625 109278625 978012 444469 408184 68 336443.465400
109278626 109578626 978010 444727 408778 69 340376.925500
109578627 109878627 978037 442684 406469 69 339286.373200
109878628 110178628 978014 442351 406272 68 333385.040300
110178629 110478629 978012 440329 404282 69 337452.970300
110478630 110778630 978038 440683 405058 69 336727.212100
110778631 111078631 977965 438702 403288 68 330780.676300
111078632 111378632 978015 437841 402545 69 334792.680700
111378633 111678633 978036 436999 401900 69 333827.514600
111678634 111978634 978016 435455 400002 68 328008.541200
111978635 112278635 978042 433935 398851 69 331966.993900
112278636 112578636 978012 432741 397544 68 326118.147500
112578637 112878637 977960 431648 396959 69 330244.279600
112878638 113178638 978040 430519 395666 69 329372.016700
113178639 113478639 978008 428903 394641 68 323522.922900
113478640 113778640 978010 427970 393939 69 326851.894300
113778641 114078641 978041 421224 387810 69 322727.315700
114078642 114378642 978018 425669 391598 68 320942.621400
114378643 114678643 978011 424583 390311 69 324786.118900
114678644 114978644 978005 422879 389151 69 323736.089400
114978645 115278645 978016 421469 387663 68 317965.006400
115278646 115578646 978036 420934 387416 69 321670.191400
115578647 115878647 978017 420200 386409 68 316074.511100
115878648 116178648 978016 418349 384920 69 320203.300500
116178649 116478649 978036 418997 385771 69 319572.134700
116478650 116778650 978012 416318 383155 68 314102.321200
116778651 117078651 978017 416835 383754 69 317886.780700
117078652 117378652 978034 415482 382855 69 317186.116700
117378653 117678653 978013 400046 368498 68 305136.012100
117678654 117978654 978013 249500 231080 69 186971.410410
117978655 118278655 978040 411895 379415 69 314615.940500
118278656 118578656 978017 410408 378103 68 309262.177700
118578657 118878657 978004 410850 378251 69 312950.423700
118878658 119178658 977981 409084 377024 68 307541.957600
119178659 119278801 326468 98492 90729 18 81267.565600
