13
2208 77428928 77728928 978019 1108281 1019153 4 47698.763000
77728929 78028929 978014 1101750 1013382 206 2430152.051000
78028930 78328930 978042 1093456 1005985 206 2411940.373000
78328931 78628931 978014 1086991 1000178 206 2393084.357500
78628932 78928932 978011 885892 820606 205 1974212.617600
78928933 79228933 978044 783863 725814 206 1670044.486060
79228934 79528934 978019 1069501 985445 206 2359762.716500
79528935 79828935 978015 1065863 982202 206 2346435.716500
79828936 80128936 978043 1057952 974782 206 2332633.298000
80128937 80428937 978013 1051380 968897 206 2318115.078000
80428938 80728938 978040 1048587 967599 206 2303710.566500
80728939 81028939 978014 885944 817160 179 1990463.841500
