98 2028
291069 591069 978052 774684 723067 103 756025.433300
1191072 1491072 978051 770463 718496 103 753296.549800
1491073 1791073 977985 767807 716773 103 750215.698200
1791074 2091074 978026 763082 711757 103 746796.206800
2091075 2391075 978050 761617 710388 103 743754.380300
2391076 2691076 977997 758334 707756 103 740270.766300
2691077 2991077 978025 754334 703980 103 736800.075700
2991078 3291078 978048 752960 703030 102 727049.280400
3291079 3591079 978020 750035 700398 103 732292.042200
3591080 3891080 978020 745380 696096 103 729941.564600
3891081 4191081 978049 743151 694253 103 725989.776500
4191082 4491082 978027 738842 690608 103 722874.700700
4491083 4791083 978054 733807 686041 103 716108.435200
4791084 5091084 978023 742294 693669 103 725348.084600
5091085 5391085 978023 737568 689422 103 723007.063200
5391086 5691086 978051 736829 688300 103 720272.849800
5691087 5991087 978029 732990 685130 103 717379.267000
5991088 6291088 978017 731487 683855 103 715262.754100
6291089 6591089 978045 729381 682061 103 713453.926300
6591090 6891090 977988 728894 681544 103 711106.561600
6891091 7191091 978020 725631 678795 103 708634.074000
7191092 7491092 978051 724377 677711 103 706985.963000
7491093 7791093 978027 720090 673682 103 704377.078900
7791094 8091094 978047 718363 672556 103 702241.166500
8091095 8391095 978019 715787 669743 103 700849.427100
8391096 8691096 978028 714684 669115 103 699351.941400
8691097 8991097 978053 714272 668381 102 690512.208400
8991098 9291098 978019 711271 665983 103 694793.227900
9291099 9591099 976083 701111 657169 103 685509.930700
9591100 9891100 978015 709136 664104 103 692506.434700
9891101 10191101 978022 704917 660583 103 690085.473100
10191102 10491102 977996 703012 658690 103 687747.402500
10491103 10791103 978012 699396 655230 103 685474.972900
10791104 11091104 978022 698360 654286 103 683597.079700
11091105 11391105 978050 697089 653266 103 681997.599300
11391106 11691106 978023 695078 651597 102 673454.531000
11691107 11991107 978027 690425 647341 103 677622.055400
11991108 12291108 978047 693372 649850 103 676335.631400
12291109 12591109 978025 689230 646334 103 674699.772700
12591110 12891110 978024 688395 645258 103 673067.843300
12891111 13191111 978050 686632 643965 103 671290.290300
13191112 13491112 978017 685513 643068 103 669424.150300
13491113 13791113 978024 683735 641403 103 667422.956700
13791114 14091114 978014 680591 639091 103 664994.776600
14091115 14391115 978026 675016 633595 103 661411.187000
14391116 14691116 978059 665912 625005 103 653277.233700
14691117 14991117 978023 674841 633462 103 660639.305500
14991118 15291118 978019 673834 632373 103 658181.351000
15291119 15591119 978054 672369 631406 103 656253.851500
15591120 15891120 977983 669122 628388 103 654160.803900
15891121 16191121 978019 668214 627701 103 651996.490100
16191122 16491122 977982 665264 625042 103 651000.876300
16491123 16791123 977994 665572 625350 103 649751.220700
16791124 17091124 978019 661183 620961 103 647906.188300
17091125 17391125 978019 660884 620752 103 646411.535400
17391126 17691126 977958 660105 620371 103 644759.057600
17691127 17991127 978046 658120 618584 103 643610.529400
17991128 18291128 978018 656748 617323 102 635933.050600
18291129 18591129 977987 655188 615851 103 640365.495400
18591130 18891130 978042 652561 613386 103 638417.099900
18891131 19191131 977989 652209 613281 103 636560.156400
19191132 19491132 978026 650343 611090 103 635043.504200
19491133 19791133 977950 648078 609286 103 633564.608400
19791134 20091134 978022 645970 607505 103 631807.017900
20091135 20391135 978017 644111 606120 103 630184.382600
20391136 20691136 977962 640577 602804 103 628302.854700
20691137 20991137 977979 639430 601547 103 625983.724100
20991138 21291138 977835 638747 601086 103 624957.735100
21291139 21591139 977989 637891 600282 103 623824.184900
21591140 21891140 977976 628722 591945 103 614968.507500
21891141 22191141 978050 635649 598030 103 620995.456400
22191142 22491142 977888 632216 594899 103 619386.727500
22491143 22791143 977956 632357 595436 103 617756.960000
22791144 23091144 978010 629167 592178 103 615944.694000
23091145 23391145 977949 627725 591132 103 614233.145500
23391146 23691146 977983 626287 589752 103 613105.491600
23691147 23991147 977980 625143 588468 103 611699.882600
23991148 24291148 977940 623935 587418 103 609838.062900
24891151 25191151 977952 606545 571857 102 587190.564840
25191152 25491152 977975 617443 581987 103 603517.327900
25491153 25791153 977925 613913 578829 103 601726.703500
25791154 26091154 977987 613564 578594 103 600272.366900
26091155 26391155 977974 610552 575520 103 598908.086400
26391156 26691156 977983 607055 572174 103 594484.869100
26691157 26991157 977986 603995 569395 103 591829.139900
26991158 27291158 978014 591744 558390 103 580074.938800
27291159 27591159 977893 591639 558220 103 579511.010100
27591160 27891160 978014 590834 557702 103 578629.170700
27891161 28191161 977984 582457 549765 103 571417.615500
28191162 28491162 978022 577852 545684 103 567015.812900
28491163 28791163 978048 578874 546484 103 566124.267000
29991168 30291168 978024 568750 537495 103 558256.989900
30291169 30591169 978050 568901 537515 103 557102.852400
30591170 30891170 978022 567150 536205 103 556348.892500
30891171 31191171 978022 565249 534405 102 549963.063000
31191172 31491172 978009 565800 534873 103 554774.408600
31491173 31791173 977987 564151 533141 103 553438.454600
31791174 32091174 978049 562345 531647 103 551544.988700
