85 2208
31517313 31817313 977942 696968 635962 68 766307.466500
31817314 32117314 978036 1023319 920683 69 770862.034000
32117315 32417315 973829 1058803 952796 69 764463.882000
32417316 32717316 978004 1041618 938388 68 747700.996000
32717317 33017317 978010 1054249 949015 69 743951.725500
33017318 33317318 978016 1050389 945675 69 758968.656500
33317319 33617319 978042 1045347 941795 68 743033.763500
33617320 33917320 978009 1037037 934244 69 749290.331500
33917321 34217321 978008 1018713 919115 68 733766.464000
34217322 34517322 978038 1025241 924962 69 739948.583500
34517323 34817323 978010 1018920 919192 69 735142.099000
34817324 35117324 978007 1012488 913985 68 719896.787500
35117325 35417325 978012 1006505 908784 69 726150.775000
35417326 35717326 978012 1001848 904874 69 721695.784000
36017328 36317328 978005 975251 882512 69 712699.322000
36317329 36617329 978011 986088 892080 69 706380.464000
36617330 36917330 978036 982632 888747 68 692412.615500
36917331 37217331 978015 973712 881533 69 697091.022500
37217332 37517332 978013 970192 878109 68 677361.663500
37517333 37817333 978040 964631 874266 69 688212.062000
37817334 38117334 978008 959595 869865 69 693067.419500
38117335 38417335 978035 955790 866563 68 679871.045000
38417336 38717336 978011 946726 858700 69 685799.543000
38717337 39017337 978010 941155 854239 69 681904.654500
39017338 39317338 978000 935539 849967 68 668410.968000
39317339 39617339 976470 914772 831966 69 674494.590000
39617340 39917340 978015 922797 838672 69 671725.279500
39917341 40217341 978037 917996 834007 68 658587.394000
40217342 40517342 978013 914890 831865 69 664728.045500
40517343 40817343 977983 912738 830008 68 650368.412000
40817344 41117344 978040 916072 832965 69 656181.038000
41117345 41417345 978012 910955 829536 69 653576.182000
41417346 41717346 978005 908927 827227 68 641425.822000
41717347 42017347 978011 901854 820853 69 647699.377500
42017348 42317348 977987 899690 819309 69 644899.602500
42317349 42617349 978034 894409 814717 68 631371.603500
42617350 42917350 978015 890226 811308 69 638019.008500
42917351 43217351 978015 884381 805738 69 635695.828500
43217352 43517352 978003 880561 802819 68 623200.370000
43517353 43817353 978012 877216 799867 69 629037.067500
43817354 44117354 978012 872223 795343 68 617864.195000
44117355 44417355 978040 868023 791989 69 624455.625000
44417356 44717356 978013 864339 789408 69 621756.326500
44717357 45017357 978040 859216 784943 68 610247.829000
45017358 45317358 978008 857886 783480 69 616362.078000
45317359 45617359 978012 853054 779753 69 613423.506500
45617360 45917360 978045 848346 775022 68 602101.214500
45917361 46217361 978020 842793 770575 69 608266.738500
46217362 46517362 978011 837337 766359 69 597034.356300
46517363 46817363 978039 834443 763647 68 593371.993000
46817364 47117364 978007 829975 759698 69 598892.028000
47117365 47417365 978009 822521 752892 68 586229.071500
47417366 47717366 978042 817794 749735 69 590695.765000
47717367 48017367 978013 812485 744851 69 585701.161000
48017368 48317368 978005 803443 736756 68 573029.730000
48317369 48617369 978014 803070 736911 69 577264.139500
48617370 48917370 978013 796144 730571 69 575077.911000
48917371 49217371 978009 790726 725995 68 562993.442500
49217372 49517372 978010 779404 716260 69 566776.315100
49517373 49817373 978014 803279 736993 69 562757.432400
49817374 50117374 978034 799622 733393 68 562012.549400
50117375 50417375 978011 795588 730087 69 570612.992000
50417376 50717376 978010 794485 729185 68 558975.615700
50717377 51017377 978006 789962 725436 69 564167.606800
51017378 51317378 977942 788596 724028 69 561486.024500
51317379 51617384 978030 785274 721385 68 550372.994500
51617385 51917385 978001 776847 714217 69 556004.545500
51917386 52217386 978013 772491 709916 68 540110.324900
52217387 52517387 978011 770677 708591 69 554838.335300
52517388 52817388 978016 768512 707052 69 552307.835500
52817389 53117389 978008 760125 699099 68 542145.326900
53117390 53417390 978041 760651 700167 69 547608.706500
53417391 53717391 977973 758603 698127 69 545231.748500
53717392 54017392 973627 752986 693190 68 534879.451000
54017393 54317393 977942 751784 692638 69 540095.818700
54317394 54617394 977970 750150 691227 69 538432.537700
54617395 54917395 977906 747553 688313 68 528432.015000
54917396 55217396 977977 744303 685891 69 533177.457700
55217397 55517397 977872 736804 679227 69 530031.395800
55517398 55817398 977938 730865 673556 68 519411.297300
55817399 56117399 978007 741855 683780 69 525608.842700
56117400 56417400 977960 737067 679475 68 515697.134500
56417401 56717401 978005 734460 677460 69 518810.559800
56717402 57017402 977981 719176 663599 68 508678.941900
57017403 57317403 977998 712732 658412 69 515168.802700
