290 2028
49644823 49944823 978024 698040 653488 52 344663.570200
49944824 50244824 978046 696601 652830 51 336392.432500
50244825 50544825 978024 690576 647250 52 340295.453200
50544826 50844826 978019 643925 604318 51 313116.335500
51144828 51444828 978023 676392 634306 51 328027.434100
51444829 51744829 978013 674012 632127 52 333055.932400
51744830 52044830 978050 671512 629942 51 325485.093000
52044831 52344831 978021 668170 627140 52 330429.948700
52344832 52644832 978026 667949 626787 51 323642.490900
52644833 52944833 978050 666131 624947 52 328827.727800
52944834 53244834 977987 660468 620112 51 321049.643500
53244835 53544835 978049 658354 618170 52 325573.756500
53544836 53844836 978025 655569 615638 51 317790.684500
53844837 54144837 975930 651616 612212 52 322977.945000
54144838 54444838 978010 653642 613625 51 316435.749800
54444839 54744839 978026 651184 611959 51 314984.932600
54744840 55044840 978024 645902 607109 52 319386.010500
55044841 55344841 978039 644487 605707 51 312390.338600
55344842 55644842 978023 641702 603258 52 317016.935800
55644843 55944843 978025 639962 602140 51 309342.730200
55944844 56244844 978051 636029 598491 52 314107.178300
56244845 56544845 978022 631730 593956 51 307267.881000
56544846 56844846 978047 630964 593583 52 312299.516600
56844847 57144847 978026 615269 575449 51 306427.052700
57144848 57444848 978022 591306 549085 52 311540.858000
57444849 57744849 978048 590368 548264 51 304312.443800
57744850 58044850 978022 586549 544892 52 308742.593100
58044851 58344851 978019 585461 544137 51 302185.064000
58344852 58644852 978045 586427 544644 52 308450.145300
58644853 58944853 978021 583870 542558 51 301771.547500
58944854 59244854 978022 575334 534715 52 303506.809600
59244855 59544855 978046 595280 552628 51 306680.412200
59544856 59844856 977990 591080 548733 52 311499.694800
59844857 60144857 978049 590848 548620 51 304817.820100
60144858 60444858 978023 589765 547861 52 310063.295000
60444859 60744859 978026 588199 546211 51 303100.352700
60744860 61044860 978043 584475 542723 52 308122.140300
61044861 61344861 978024 584802 543382 51 301066.699000
61344862 61644862 978014 580084 538870 51 300511.659800
61644863 61944863 978054 579467 538596 52 305612.652200
61944864 62244864 978023 578904 538002 51 298953.711300
62244865 62544865 977986 577022 536588 52 303901.327200
62544866 62844866 978051 574830 534406 51 297285.273900
62844867 63144867 978021 574637 534262 52 302207.051700
63144868 63444868 977981 571709 531933 51 295625.981900
63444869 63744869 977953 571147 531391 52 300506.309600
63744870 64044870 977992 569032 529103 51 293939.701200
64044871 64344871 978014 566818 527448 52 298812.587600
64344872 64644872 977948 564844 525660 51 292289.152000
64644873 64944873 977951 564348 524602 52 297119.890500
64944874 65244874 978047 561296 522648 51 290616.152900
65244875 65544875 977924 560427 521565 52 295506.770100
65544876 65844876 977952 559039 520028 51 289020.211600
65844877 66144877 977983 557901 519604 51 288297.562700
66144878 66444878 978018 557694 519175 52 293221.933200
66444879 66744879 978016 555981 518239 51 286843.007800
66744880 67044880 977978 554816 516432 52 291511.044300
67044881 67344881 978013 551189 513269 51 285412.668900
67344882 67644882 978013 550850 513488 52 290251.362200
67644883 67944883 977989 549213 511438 51 283788.882700
67944884 68244884 977919 546966 509543 52 288430.635500
68244885 68544885 978012 546076 509017 51 282094.056900
68544886 68844886 978014 543134 505855 52 286860.545200
68844887 69144887 977952 542080 505275 51 280602.581500
69144888 69444888 978008 540098 503324 52 285526.713200
69444889 69744889 977987 539277 503016 51 279372.413800
69744890 70044890 978016 535605 499547 52 283177.662200
70044891 70344891 978010 532879 496982 51 275822.171400
70344892 70644892 978017 535808 499745 52 282713.756500
70644893 70944893 977934 534748 499069 51 276397.929400
70944894 71244894 978013 533517 497594 52 280916.805300
71244895 71544895 977915 531848 496333 51 274737.250200
71544896 71844896 977977 530371 494997 52 279399.372800
71844897 72144897 977924 527991 492919 51 273396.225000
72144898 72444898 978017 526161 491471 51 272641.357300
72444899 72744899 978016 526698 491892 52 276993.422700
72744900 73044900 977947 522421 488171 51 270509.072800
73044901 73344901 978017 521359 486841 52 274986.311800
73344902 73644902 977945 519903 485363 51 269330.708000
73644903 73944903 978021 517969 483935 52 273912.397600
73944904 74244904 977979 516688 482820 51 267809.706600
74244905 74544905 978021 503117 469809 52 272452.342600
74544906 74844906 977974 471970 440840 51 266615.996700
74844907 75144907 977945 468915 438501 52 271205.772300
75144908 75444908 978018 468131 437870 51 265350.600200
75444909 75744909 977988 467631 437017 52 269777.202400
75744910 76044910 978011 465646 435518 51 263863.662800
76044911 76344911 978018 464888 435027 52 268513.739800
76344912 76644912 977946 462970 432867 51 262535.737700
76644913 76944913 978009 461861 432050 52 267121.722700
76944914 77244914 978019 456878 427390 51 258348.737700
77244915 77544915 977972 461597 431932 52 266446.703100
77544916 77844916 977976 460546 430658 51 260554.353300
77844917 78144917 977972 458737 429573 52 264850.775100
78144918 78444918 978007 456577 427362 51 258923.702200
78444919 78744919 977949 456263 427258 52 263677.166400
78744920 79044920 978019 455417 426088 51 258044.967700
79044921 79344921 978044 453500 424443 51 257442.848900
79344922 79644922 977950 453484 424831 52 261708.168300
79644923 79944923 978022 451421 422639 51 256037.659800
79944924 80244924 978045 451487 422647 52 260404.338400
80244925 80544925 978015 448637 420107 51 254791.144600
80544926 80844926 977977 449003 420455 52 259160.276800
80844927 81144927 978016 447208 418758 51 253702.427300
81144928 81444928 977946 445052 417142 52 257973.064700
81444929 81744929 977978 446106 417850 51 252343.403300
81744930 82044930 978019 443746 415464 52 256631.040200
82044931 82344931 977978 442522 414757 51 251093.165500
82344932 82644932 977940 436109 409012 52 252774.765800
82644933 82944933 977988 440715 413026 51 249857.182600
82944934 83244934 977990 439486 411767 52 254047.820600
83244935 83544935 978036 437571 410170 51 248477.411300
83544936 83844936 978017 436551 409370 52 252799.260800
83844937 84144937 977974 436488 409506 51 247373.543500
84144938 84444938 977981 434344 407694 52 251581.586700
84444939 84744939 978019 433623 406650 51 246092.057300
84744940 85044940 977880 432916 406110 52 250229.133600
85044941 85344941 977981 430175 403775 51 244706.826500
85344942 85644942 977984 431080 404648 52 248901.766000
85644943 85944943 978035 430589 403646 51 243618.502800
85944944 86244944 978014 428765 402347 51 243075.706800
86244945 86544945 978018 427210 400820 52 247239.923000
86544946 86844946 978015 425721 399622 51 242113.694000
86844947 87144947 977978 423915 397788 52 246155.470900
87144948 87444948 978004 422570 396559 51 240566.093700
87444949 87744949 977942 422059 396310 52 244494.035300
87744950 88044950 978017 421165 395591 51 239140.739000
88044951 88344951 978011 416162 391525 52 240464.387400
88344952 88644952 977983 420518 394878 51 238484.694600
88644953 88944953 977950 419244 393956 52 242661.944100
88944954 89244954 978046 418479 393193 51 237357.861500
89244955 89544955 978015 416908 391769 52 241477.646900
89544956 89844956 977953 415443 390169 51 236289.121900
89844957 90144957 977978 415627 390482 52 240333.141700
90144958 90444958 977983 415088 389846 51 235132.750600
90444959 90744959 978011 413481 388598 52 238856.547600
90744960 91044960 977962 412153 387191 51 233802.556500
91044961 91344961 978017 410670 386289 52 237951.130700
91344962 91644962 978046 409845 385362 51 232857.815400
91644963 91944963 978020 409623 385001 52 236845.659800
91944964 92244964 977981 407911 383485 51 231563.576100
92244965 92544965 977976 407200 383065 52 235633.596600
92544966 92844966 977991 405851 381621 51 230637.332300
92844967 93144967 977986 405885 381887 51 230133.082000
93144968 93444968 978012 404514 380454 52 234102.531700
93444969 93744969 978018 402823 379030 51 229056.511700
93744970 94044970 977988 401123 377339 52 232787.647900
94044971 94344971 978041 400677 376957 51 227815.390400
94344972 94644972 978017 400121 376398 52 231912.525100
94644973 94944973 978004 399562 376120 51 226854.580500
95544976 95844976 978040 394271 371092 52 228946.001800
95844977 96144977 978014 394493 371461 51 223895.543600
96144978 96444978 977986 392789 370035 52 227441.455500
96444979 96744979 978048 392129 369468 51 222437.206600
96744980 97044980 977914 389616 367302 52 226198.136200
97044981 97344981 977978 388778 366181 51 220539.605600
97344982 97644982 978010 387335 365104 52 224603.248900
97644983 97944983 977977 388096 365709 51 220182.250500
97944984 98244984 978042 387000 364927 52 224283.599200
98244985 98544985 977914 386183 363717 51 219529.499800
98544986 98844986 977949 384742 362690 52 222755.400600
98844987 99144987 978005 382132 360214 51 217691.248100
99144988 99444988 978020 381552 359791 52 221798.014200
99444989 99744989 977945 381853 360228 51 217366.699000
99744990 100044990 978044 381699 360005 51 216852.396900
100044991 100344991 977959 380461 358574 52 220456.506300
100344992 100644992 978019 379349 357570 51 215601.548800
100644993 100944993 977945 377536 356198 52 219294.961100
100944994 101244994 978015 375382 353986 51 214445.115700
101244995 101544995 978040 374960 353871 52 217707.207900
101544996 101844996 977968 374299 352976 51 212621.590400
101844997 102144997 978015 373498 352573 52 216770.205200
102144998 102444998 978045 374148 353162 51 212434.527600
102444999 102744999 978009 369502 348972 52 214217.486000
102745000 103045000 977963 375050 353920 51 213138.737900
103045001 103345001 978046 373723 352705 52 216814.662200
103345002 103645002 977949 373439 352609 51 212165.814400
103645003 103945003 977982 371703 350808 52 215821.322800
103945004 104245004 977969 371529 350779 51 211077.365000
104245005 104545005 978019 370469 349830 52 214779.376300
104545006 104845006 977972 369918 348927 51 210168.037400
104845007 105145007 977885 369725 348713 52 213786.776600
105145008 105445008 977950 367723 347183 51 209149.473300
105445009 105745009 978042 367227 347036 52 212825.145700
105745010 106045010 978008 365624 345375 51 208259.422100
106045011 106345011 978016 366205 345873 52 211976.440400
106345012 106645012 978018 365043 344939 51 207241.485900
106645013 106945013 978021 364011 343948 52 210729.518500
106945014 107245014 978014 362461 342307 51 206431.583700
107245015 107545015 978041 361702 341696 52 209890.035600
107545016 107845016 977888 361169 341459 51 205143.161700
107845017 108145017 978010 359724 339892 52 208616.101900
108145018 108445018 978011 359175 339430 51 204219.281100
108445019 108745019 978024 357678 338161 51 204014.981900
108745020 109045020 978015 358321 338804 52 207599.084700
109045021 109345021 977986 356894 337201 51 203199.443800
109345022 109645022 978023 356696 337063 52 206755.379400
109645023 109945023 978044 354485 335112 51 202163.076900
109945024 110245024 978021 353627 334561 52 205495.677900
110245025 110545025 978019 352555 333343 51 200919.167400
110545026 110845026 978045 351945 332634 52 204375.836000
110845027 111145027 978015 352411 333226 51 200200.233900
111145028 111445028 978041 349986 330954 52 203781.470500
111445029 111745029 977972 349294 330366 51 199356.972600
111745030 112045030 977981 350303 331478 52 202630.108700
112045031 112345031 978052 347720 328650 51 198130.297600
112345032 112645032 978024 346831 327997 52 201497.839600
112645033 112945033 978013 345532 327014 51 197270.000400
112945034 113245034 978047 344734 326154 52 200727.122700
113245035 113545035 978019 343882 325428 51 196425.223900
113545036 113845036 978022 340157 321936 51 194139.748400
113845037 114145037 978044 343693 325341 52 199349.007000
114145038 114445038 978021 342854 324420 51 195196.711900
114445039 114745039 978046 342105 324023 52 198687.397400
114745040 115045040 978018 340942 322765 51 194410.533500
115045041 115345041 978023 340638 322728 52 197778.291700
115345042 115645042 977993 339824 321860 51 193498.965200
115645043 115945043 978020 338476 320658 52 196625.886800
115945044 116245044 978022 338625 320790 51 192509.874100
116245045 116545045 978044 337529 319614 52 196003.048300
116545046 116845046 978021 336776 319031 51 191863.014100
116845047 117145047 978022 336610 318765 52 195160.414800
117145048 117445048 978047 334460 316730 51 190927.160900
117445049 117745049 978023 334239 316459 52 194138.760900
117745050 118045050 977995 333416 315688 51 189647.365200
118045051 118345051 978024 333402 315749 52 193135.299600
118345052 118645052 978017 331906 314420 51 189166.007300
118645053 118945053 978046 331088 313741 52 192225.590600
118945054 119245054 977961 330655 313287 51 188251.295800
119245055 119545055 977988 330090 312854 52 191570.950100
119545056 119845056 978048 328364 311215 51 187225.429600
119845057 120145057 978019 326550 309740 52 189933.915400
120145058 120445058 977970 325699 308886 51 185148.456700
120445059 120745059 978044 323930 307362 51 185058.075000
120745060 121045060 978016 324152 307516 52 188544.902400
121045061 121345061 978019 323430 306754 51 184641.487800
121345062 121645062 975229 322626 305937 52 187844.290600
121645063 121945063 977910 323472 306696 51 183789.633500
121945064 122245064 978043 321045 304487 52 186427.510200
122245065 122545065 977971 318139 301746 51 182065.702000
122545066 122845066 977985 319558 303072 52 185884.895400
122845067 123145067 978037 320684 304209 51 182245.949400
123145068 123445068 977955 318955 302477 52 185319.827600
123445069 123745069 977980 317565 301543 51 180856.120200
123745070 124045070 977990 316228 299959 51 180641.880400
124045071 124345071 977932 311779 296110 52 182134.800100
124345072 124645072 977983 315909 299708 51 180808.966300
124645073 124945073 978015 316635 300231 52 183915.583200
124945074 125245074 977952 315686 299485 51 179930.786300
125245075 125545075 977945 314950 299087 52 183108.288900
125545076 125845076 977948 312977 297049 51 179079.428400
125845077 126145077 977919 312549 296601 52 182092.757900
126145078 126445078 978012 312125 296469 51 178109.020600
126445079 126745079 978019 311473 295797 52 181139.110500
126745080 127045080 977904 310344 294734 51 177151.537500
127045081 127345081 978015 309077 293752 52 180180.920000
127345082 127645082 977983 309085 293513 51 176424.883600
127645083 127945083 978010 308403 293079 52 179568.454100
127945084 128245084 977912 307617 292176 51 175476.665100
128245085 128545085 978018 307096 291914 52 178319.060000
128545086 128845086 978043 305278 290152 51 174432.982600
128845087 129145087 977947 290959 276691 52 169510.519100
129145088 129445088 977949 192589 184122 51 110199.379280
129445089 129745089 978043 304488 289307 52 176976.153400
129745090 130045090 977981 303468 288606 51 173014.003500
130045091 130345091 977994 301534 286529 52 175689.703600
130345092 130645092 978015 303024 288126 51 172572.893300
130645093 130945093 977943 302211 287000 51 172221.589800
130945094 131245094 977973 300879 286176 52 175162.803100
131245095 131545095 978023 300138 285129 51 171409.458900
131545096 131845096 978016 299696 285100 52 174385.129500
131845097 132145097 978008 298651 283985 51 170693.455300
132145098 132445098 977982 298276 283973 52 173589.624000
132445099 132745099 977965 294079 279872 51 167942.187800
132745100 133045100 978007 297488 282844 52 172769.398300
133045101 133345101 978017 296076 281667 51 169048.319700
133345102 133645102 978042 294649 280190 52 171951.970500
133645103 133945103 977956 295040 280628 51 168182.942600
133945104 134245104 977979 294167 279888 52 171146.997200
134245105 134545105 977918 293074 278977 51 167252.564900
134545106 134845106 977969 292734 278708 52 169992.466200
134845107 135145107 977953 291354 277038 51 166072.936200
135145108 135445108 978032 289565 275625 52 169004.184800
135445109 135745109 978015 289845 276033 51 165590.273300
135745110 136045110 977946 289805 275914 52 168364.864500
136045111 136345111 977974 287840 273859 51 164619.457500
136345112 136645112 978007 287886 274087 52 167490.682600
136645113 136945113 978002 286502 272632 51 163869.530200
136945114 137245114 977983 287090 273091 52 166558.184900
137245115 137545115 977941 285174 271381 51 162869.289700
