11 2064
45048912 45348912 977926 1024773 940613 206 2267970.245500
45348913 45648913 977847 1015306 932615 206 2247077.207000
45948915 46248915 977936 1004150 922666 206 2217463.074500
46248916 46548916 977840 997927 916954 206 2200160.096500
46548917 46848917 977842 989769 910232 206 2187338.331500
46848918 47148918 977869 986584 907862 205 2163521.909000
47148919 47448919 977909 979446 902054 206 2158886.188000
47448920 47748920 977901 973410 896510 206 2145803.669000
47748921 48048921 977942 965853 889883 206 2129535.028000
48048922 48348922 977942 961011 885993 206 2115213.638000
48348923 48648923 977944 955547 880470 206 2102916.770500
