55 973
23734107 24034107 977834 664144 580741 206 1333073.888900
24034108 24334108 977961 658441 575812 203 1302695.851300
24334109 24634109 977875 650863 570326 206 1309170.307100
24634110 24934110 977831 643716 564554 205 1289828.169200
24934111 25234111 977867 635764 557835 206 1279198.480000
25234112 25534112 977973 629910 553496 181 1113321.120400
25534113 25834113 977907 623316 548149 206 1256045.274200
25834114 26134114 977937 618826 543610 206 1247218.789300
26134115 26434115 977872 612081 539437 202 1211315.392200
26434116 26734116 977736 608205 536096 206 1227166.277000
26734117 27034117 977865 602946 531554 206 1218473.479000
27034118 27334118 977842 599971 529903 206 1210950.939400
27334119 27634119 977775 594065 524472 181 1054335.057100
27634120 27934120 977867 586903 518430 206 1185601.572700
27934121 28234121 977777 579671 513179 205 1166819.663400
28234122 28534122 977790 573377 507629 202 1135375.064400
28534123 28834123 977937 567991 503398 206 1146669.211100
28834124 29134124 977872 562561 498642 206 1138738.181200
29134125 29434125 977936 559155 495995 206 1132148.343700
29434126 29734126 977939 553249 491258 206 1121948.452300
29734127 30034127 977998 548406 487566 206 1110529.662300
30034128 30334128 977929 543228 482753 206 1101864.202000
30334129 30634129 977764 538753 479069 206 1094779.307400
30634130 30934130 977812 535382 476323 206 1086431.634100
30934131 31234131 977837 531511 472757 206 1077875.429400
31234132 31534132 977774 526990 469453 205 1063360.830200
31534133 31834133 977965 520992 465091 206 1058261.374500
31834134 32134134 977873 515391 459893 206 1049011.152500
32134135 32434135 977770 512682 456998 206 1042008.405300
33034138 33334138 977975 533420 474642 206 1082158.867000
33634140 33934140 977904 537890 478605 206 1091916.068300
33934141 34234141 977967 537290 478233 206 1085456.077500
34234142 34534142 977900 532798 474265 206 1079012.357900
34534143 34834143 977874 528005 470207 205 1067364.853800
34834144 35134144 977870 524275 467461 206 1065967.979600
35134145 35434145 977904 523325 466701 206 1059690.983200
35434146 35734146 977807 518579 462742 206 1052885.995200
35734147 36034147 977833 515665 460220 206 1046567.821500
36034148 36334148 977904 510452 455455 206 1040169.768100
36334149 36634149 977743 509564 455415 206 1033680.055500
36634150 36934150 977932 505056 451679 206 1027013.063000
36934151 37234151 977939 501563 448429 206 1020047.565300
37234152 37534152 977934 497525 445009 206 1013820.445400
37534153 37834153 977832 495127 443100 206 1007013.610800
37834154 38134154 977843 492924 441197 206 1001006.352000
38134155 38434155 977901 489099 437958 205 991078.821900
38434156 38734156 977774 486554 436242 206 990290.783300
38734157 39034157 977907 483673 433470 206 984836.106500
39034158 39334158 977867 481126 431517 206 979453.730400
39334159 39634159 977808 477732 428218 206 974161.878600
40834164 41134164 977838 475684 426672 206 970190.302000
41134165 41434165 977795 473411 424933 206 964741.535200
41434166 41734166 977808 470045 422135 206 959281.179100
41734167 42034167 977802 467951 420499 206 953293.776500
42034168 42334168 977970 464144 417086 206 947986.613100
