80 2208
85217119 85517119 978013 1115506 1013740 206 2466527.836500
85517120 85817120 977981 710682 654680 206 1550722.838010
85817121 86117121 978040 1060183 964422 206 2342369.896120
86117122 86417122 977977 1095176 996251 206 2413847.813000
86417123 86717123 978005 1087896 990234 206 2397233.286000
86717124 87017124 978042 1077881 981173 206 2378776.622500
87017125 87317125 978015 1071628 976042 206 2362400.905500
87317126 87617126 978042 1051781 959357 206 2314719.117000
87617127 87917127 978014 1059452 965455 205 2326314.239000
87917128 88217128 978014 1057410 963909 206 2327740.484500
88217129 88517129 978040 1050416 958004 206 2312157.483500
88517130 88817130 978014 1045194 953238 206 2296549.298500
88817131 89117131 978016 1038616 948127 206 2283161.957000
89117132 89417132 978039 1030036 940487 206 2268944.569000
89417133 89717133 978007 1027734 938682 206 2254538.602500
89717134 90017134 978013 1020337 931988 206 2239737.999000
90017135 90317135 978008 1013387 926125 206 2224633.948500
90317136 90617136 977978 1005202 919340 206 2211403.947500
90617137 90917137 978036 1001754 916282 206 2198258.242500
90917138 91217138 978012 997377 912477 206 2185616.145000
91217139 91517139 978006 990326 906234 205 2162481.286000
91517140 91817140 978005 985910 902776 206 2162158.188500
91817141 92117141 978014 979808 897421 206 2151237.067500
92117142 92417142 978009 975606 893690 206 2141539.147500
92417143 92717143 978039 973239 892344 206 2130902.442500
92717144 93017144 977971 967910 887079 206 2122113.626000
93017145 93317145 978010 963029 883268 206 2110965.052000
93317146 93617146 978040 958571 879191 206 2099422.482000
93617147 93917147 978014 954495 875990 206 2087414.201000
93917148 94217148 978037 949502 871268 206 2075168.978000
94217149 94517149 978012 943567 866117 206 2062792.055500
94517150 94817150 978008 936866 860228 205 2039922.805500
94817151 95117151 978045 933500 857867 206 2038938.338500
95117152 95417152 977979 926369 851594 206 2025176.404000
95417153 95717153 978016 923337 848692 206 2014525.019500
95717154 96017154 978033 916766 843873 206 2005097.722000
96017155 96317155 978012 912427 839715 206 1994345.738000
96317156 96617156 978003 907040 835498 206 1983367.896000
96617157 96917157 978042 903005 831524 206 1973762.070000
96917158 97217158 977982 901129 829976 206 1967117.508500
97217159 97517159 978037 896599 825787 206 1957861.543500
97517160 97817160 977981 874459 806392 206 1903811.910600
97817161 98117161 977973 893415 823079 205 1940646.983500
98117162 98417162 978035 886541 817887 206 1933137.448000
98417163 98717163 977981 883399 814662 206 1924725.489000
98717164 99017164 978013 879200 810990 206 1917375.352500
99017165 99317165 978032 875652 807588 206 1908577.432000
99317166 99617166 978011 867217 800727 206 1891249.172500
99617167 99917167 977980 867099 799686 206 1884938.053000
99917168 100217168 978041 864383 797714 206 1881555.940500
100217169 100517169 978014 863114 796694 206 1876041.523000
100517170 100817176 978034 858691 792802 206 1867096.898000
100817177 101117177 978037 855725 790185 205 1849818.879000
101117178 101417178 978015 849904 784514 206 1851077.574000
101417179 101717179 978000 847171 783065 206 1843142.554500
101717180 102017180 978012 845662 781483 206 1835638.609000
102017181 102317181 973885 837979 774731 205 1818667.533500
102317182 102617182 978011 836165 773299 206 1817473.952000
102617183 102917183 978011 831718 769359 206 1805788.074500
102917184 103217184 978044 826848 764794 206 1799783.334000
103217185 103517185 978014 824387 762645 206 1792242.831000
103517186 103817186 978013 822349 760982 206 1785495.518500
103817187 104117187 978040 818988 758098 205 1769543.985500
104117188 104417188 978014 816898 756199 206 1771397.870500
104417189 104717189 978004 813599 753508 206 1764195.373500
104717190 105017190 978014 810482 750687 206 1757940.678500
105017191 105317191 978015 806608 747436 206 1751961.607000
105317192 105617192 978038 795868 738224 206 1722220.055000
105617193 105917193 978007 805061 746208 206 1745116.013500
105917194 106217194 977975 804166 745013 206 1740305.003000
106217195 106517195 978036 799829 741212 206 1732997.843000
106517196 106817196 978010 796165 738532 206 1725632.014500
106817197 107117197 978018 793009 734983 206 1717829.934000
107117198 107417198 978047 788989 731686 205 1700438.649000
107417199 107717199 978012 784469 727613 206 1700725.865000
107717200 108017200 978011 783561 727099 206 1692580.611300
108017201 108317201 978040 777963 722144 206 1685707.327800
108317202 108617202 978007 775821 720338 206 1677619.056300
108617203 108917203 978038 771737 716848 206 1670001.373100
108917204 109217204 978015 768648 713923 206 1663104.287400
