69 2208
6387692 6687692 977793 1030060 943737 206 2422517.235000
6687693 6987693 977773 1023413 937912 206 2405205.304500
6987694 7287694 977828 1014519 930257 206 2385360.120500
7287695 7587695 977825 1008099 924874 206 2366627.109500
7587696 7887696 977825 1000243 918467 205 2337709.308000
7887697 8187697 977780 993092 911800 206 2332517.749000
8187698 8487698 977860 975324 897120 206 2286536.790000
8487699 8787699 977849 984042 903948 206 2308731.880500
8787700 9087700 977966 979127 900331 206 2292039.904500
9087701 9387701 977845 971414 893634 206 2275298.474500
9387702 9687702 977844 964103 887094 206 2258551.152500
9687703 9987703 977892 957062 881100 206 2241269.171000
9987704 10287704 977814 949726 874725 205 2213953.077500
10287705 10587705 977781 942658 868905 206 2206263.533000
10587706 10887706 977898 936599 863591 206 2189452.709500
10887707 11187707 977812 930975 858998 206 2174914.093500
11187708 11487708 977778 922747 851376 206 2156369.068500
11487709 11787709 977843 915708 845414 206 2141244.899000
11787710 12087710 977878 911177 841455 206 2126992.478000
12087711 12387711 977835 905115 836532 206 2112400.446000
12387712 12687712 977837 897952 829658 206 2096437.385500
12687713 12987713 977942 881371 815550 206 2054606.502500
12987714 13287714 977865 899366 831468 206 2098003.645500
13287715 13587715 977774 894241 827014 206 2086392.325500
13587716 13887716 977808 888436 821268 205 2061680.596500
13887717 14187717 977901 882927 816722 206 2059702.930000
14187718 14487718 977908 877998 812001 206 2047996.785000
14487719 14787719 977779 875147 809857 206 2037107.014500
14787720 15087720 977918 869357 805084 205 2016605.521000
15087721 15387721 977820 866466 802155 206 2013946.234000
15387722 15687722 977910 859095 796382 206 1999781.160000
15687723 15987723 977848 849539 787692 206 1978929.531500
15987724 16287724 977824 845285 783855 206 1962510.305000
16287725 16587725 977829 839305 778234 206 1950273.821000
16587726 16887726 977797 833677 773328 206 1938066.999500
16887727 17187727 977825 829848 770529 206 1926892.256500
17187728 17487728 977906 823945 765667 206 1916900.532000
17487729 17787729 977819 819963 761316 206 1906405.862000
17787730 18087730 977815 815908 757597 205 1887583.917000
18087731 18387731 977859 809739 751950 206 1887317.969500
18387732 18687732 977863 809583 751303 206 1880000.866000
18687733 18987733 977873 798814 742654 206 1853006.938200
18987734 19287734 977877 807064 749859 206 1872478.197900
19287735 19587735 977909 805640 749256 206 1869899.807500
19587736 19887736 977966 802806 747024 206 1860719.815000
19887737 20187737 977938 797216 741695 206 1851990.434000
20187738 20487738 977800 794227 739275 205 1834226.860000
20487739 20787739 977904 792054 737769 206 1832835.573000
20787740 21087740 977972 787549 733412 206 1823431.651500
21087741 21387741 977741 782343 728524 206 1813820.751500
21387742 21687742 977999 778615 725209 206 1803725.466500
21687743 21987743 977867 774483 721454 206 1793625.772000
21987744 22287744 977935 771012 718089 206 1785688.102500
22287745 22587745 977872 765069 712998 206 1776806.129000
22587746 22887746 977909 763315 711662 206 1768129.014000
22887747 23187747 977797 760083 709229 205 1750486.700000
23187748 23487748 977854 757503 706768 206 1750760.524500
23487749 23787749 977909 754469 704182 206 1742324.340000
23787750 24087750 977935 750270 700201 206 1733989.413000
24087751 24387751 977877 745481 695971 206 1725622.483000
24387752 24687752 977843 742368 693123 206 1717130.877500
24687753 24987753 977958 739005 689625 206 1708379.962500
24987754 25287754 977771 735493 687107 206 1700514.238000
25287755 25587755 977832 731453 683292 206 1690988.771300
25587756 25887756 977838 727449 679915 206 1678711.219400
25887757 26187757 977870 717578 671382 206 1656508.527900
26187758 26487758 977870 719455 672644 205 1652810.940100
26487759 26787759 977778 701517 656609 206 1617828.462600
26787760 27087760 977843 697630 653163 206 1608324.291300
