52 2064
39951970 40251970 978014 1003650 993062 206 2216604.545000
40251971 40551971 978045 996271 985816 206 2197050.296000
40551972 40851972 977978 990157 979692 206 2180684.691500
40851973 41151973 978012 982447 972210 205 2155244.988000
41151974 41451974 978038 978124 967830 206 2153620.044000
41451975 41751975 978016 970668 960540 206 2139237.495000
41751976 42051976 978014 963590 953538 206 2124731.977000
42051977 42351977 978042 960282 950241 206 2114826.191000
42351978 42651978 977979 955728 945848 206 2102352.695000
42651979 42951979 978039 950045 940255 206 2088692.356500
42951980 43251980 978017 944813 935273 206 2075889.745500
43251981 43551981 978018 939628 930063 206 2065050.334500
43551982 43851982 978007 934663 925026 206 2053699.907500
43851983 44151983 978007 919244 909906 206 2018337.278000
44151984 44451984 978013 938022 928530 205 2049220.712500
44451985 44751985 978037 932723 923179 206 2048124.509000
44751986 45051986 978012 926647 917170 206 2035901.991500
45051987 45351987 978011 923236 913886 206 2025503.166000
45351988 45651988 978043 917193 907996 206 2014222.167500
45651989 45951989 978013 912552 903494 206 2003384.246000
45951990 46251990 978039 907323 898136 206 1992518.885500
46251991 46551991 978019 903231 894058 206 1982012.798500
46551992 46851992 978014 899933 890864 206 1972510.057500
46851993 47151993 978035 894874 885929 206 1960572.051000
47151994 47451994 978014 889539 880565 206 1949786.907500
47451995 47751995 978015 884340 875526 206 1939747.607500
47751996 48051996 978007 879226 870584 205 1914076.149000
48051997 48351997 977985 874611 865900 206 1912860.407000
48351998 48651998 978016 868235 859773 206 1902058.507500
48651999 48951999 978044 863837 855476 206 1887496.086000
48952000 49252000 978012 857363 848902 207 1882272.439000
49252001 49552001 978038 854914 846614 206 1867257.013000
49552002 49852002 978016 851657 843346 206 1858597.436000
49852003 50152003 978014 848281 840069 205 1843426.962000
50152004 50452004 978040 841698 833459 206 1837581.006500
50452005 50752005 978018 838395 830435 206 1829420.828000
50752006 51052006 978016 834197 826028 206 1819662.800000
51052007 51352007 978041 832584 824541 206 1813972.335000
51352008 51652008 978014 829869 821881 206 1810268.529000
51652009 51952009 978004 824565 816706 206 1795379.271000
51952010 52252010 978040 819102 811042 206 1788764.404000
52252011 52552011 978016 816329 808516 206 1780618.912500
52552012 52852012 978047 813697 805751 206 1774543.225000
52852013 53152013 978015 810501 802626 206 1767660.896000
53152014 53452014 978016 811050 803423 205 1754101.374500
53452015 53752015 978041 804168 796624 206 1756181.577500
53752016 54052016 978014 802113 794582 206 1748594.694000
54052017 54352017 978012 799412 792058 206 1740112.299000
54352018 54652018 978010 792638 785065 206 1725025.138500
54652019 54952019 978007 791737 784249 206 1719371.614500
54952020 55252020 978011 790434 783047 206 1717363.185000
55252021 55552021 978045 787961 780479 206 1713810.939500
