2319
1472421647 9856.066194 9684.641174
1472421671 7864.2280262 5878.3909392
1472421694 8974.4677308 1484.5419706
1472421717 9389.2179914 4625.5666444
1472421741 10105.401527 9906.9578634
1472421764 11458.4763462 9597.2537986
1472421787 11438.6740858 11113.5767054
1472421811 11420.1120644 11086.6484872
1472421834 11440.6059508 10800.5992926
1472421857 11437.267439 10897.9696332
1472421881 5180.5717366 5047.6346154
1472421904 5616.2578966 5485.9112048
1472421927 10174.4234332 9949.2735888
1472421950 10511.483099 10269.800632
1472421974 6706.4223304 6621.214236
1472421997 4063.9982214 4031.7930432
1472422020 2688.8694638 2671.7478242
1472422044 2723.679426 2712.4860828
1472422067 8670.3589674 8541.2540668
1472422090 9025.0134208 8871.376826
1472422114 2915.831048 2898.758642
1472422137 3276.2784938 3255.4990052
1472422160 11354.2570648 11038.4955564
1472422184 11339.1583604 11066.7398686
1472422207 11341.8234488 11016.7448872
1472422230 11323.4616352 10842.7653802
1472422254 11312.8740816 10596.9642922
1472422277 11294.0260524 10413.2734212
1472422300 11294.4784654 11002.129151
1472422323 11284.798343 11020.1444288
1472422347 11275.4198284 10985.400803
1472422370 11261.7043708 11001.7636482
1472422393 11254.7179368 10995.4034684
1472422417 11238.7742038 10964.4819908
1472422440 11231.7409698 10958.1410406
1472422463 11217.2870862 10960.5592642
1472422487 11205.7245014 10964.648214
1472422510 11206.6553326 10966.2215598
1472422533 11197.0350102 10942.7614062
1472422557 11183.5301578 10898.7506628
1472422580 11170.5219236 10919.095057
1472422603 11157.6982946 10716.2488186
1472422626 11145.4388864 10911.523454
1472422650 11136.957403 10734.9735636
1472422673 11116.4349166 10854.4524192
1472422696 11105.9721656 10719.4587604
1472422720 11093.8687626 10832.5569274
1472422743 11088.6581884 10691.0924952
1472422766 11069.9765644 10840.8750996
1472422790 11065.384811 10766.499458
1472422813 11061.5756836 10786.7936462
1472422836 11058.3385744 10803.2370394
1472422860 11017.985225 10763.816518
1472422883 11038.7755218 10769.019924
1472422906 11043.7676882 10774.0343594
1472422930 11029.4282072 10761.6862782
1472422953 11006.0222272 10738.4303364
1472422976 10992.9229878 10742.0550926
1472422999 10977.6890782 10729.2319082
1472423023 10987.8424188 10729.955041
1472423046 10996.0300918 10759.6028202
1472423069 10972.6839118 6484.370477
1472423093 10984.6937122 10735.2694046
1472423116 10973.1259274 10738.6514092
1472423139 10960.2996984 10724.7155548
1472423163 10971.636078 10750.4923136
1472423186 10931.956152 10699.9296586
1472423209 10954.7563138 10735.3116364
1472423233 10962.5175712 10714.3054772
1472423256 10934.34043 10662.0850622
1472423279 10945.2633966 10535.5715894
1472423303 10925.6275388 10681.7080214
1472423326 10936.1084898 10474.3617472
1472423349 10930.9369156 10672.5658988
1472423372 10915.7368086 10670.26675
1472423396 10912.0784864 10652.4431884
1472423419 10904.9828498 10663.572062
1472423442 10883.0303166 10642.039421
1472423466 10907.13052 10665.4612454
1472423489 10893.3110598 10637.537638
1472423512 10885.9008128 10646.659647
1472423536 10869.1900538 10632.1940296
1472423559 10842.7627698 10591.1775944
1472423582 10865.3861264 10617.9841118
1472423606 10851.9540766 10617.6027594
1472423629 10841.0935152 10589.2835906
1472423652 10829.31772 10566.9540158
1472423676 10826.0650108 10588.1627436
1472423699 10835.4617254 10451.9525448
1472423722 10842.3753568 10593.5710244
1472423745 10826.3796212 10430.4526924
1472423769 10831.988011 10600.0940552
1472423792 10821.0260444 10576.854652
1472423815 10817.2819196 10587.090644
1472423839 10799.700132 10572.9507676
1472423862 10780.9145028 10550.9354574
1472423885 10731.9704674 10481.6904738
1472423909 10751.7129278 10512.3485662
1472423932 10760.7014268 10534.052763
1472423955 10767.1262426 10537.4630504
1472423978 10733.4993194 10508.2913442
1472424002 10708.9726978 10487.908756
1472424025 10708.1276692 10493.7305824
1472424048 10712.976833 10498.56431
1472424072 10706.793825 10506.5466688
1472424095 10683.2786398 10483.6413006
1472424118 10681.0191644 10469.6664124
1472424142 10678.8662916 10466.5300662
1472424165 10674.2927408 10329.0425966
1472424188 10640.4162072 10419.4252448
1472424212 10647.8472568 10412.1761094
1472424235 10599.3400344 10394.272954
1472424258 10606.9270892 10394.8416962
1472424282 10638.286737 10425.4159256
1472424305 10622.4652066 10409.764924
1472424328 10625.502108 7145.3770388
1472424352 10625.3331028 10393.7080442
1472424375 10600.9156864 10385.4378446
1472424398 10595.6739122 10381.6187306
1472424421 10555.476568 10344.0366172
1472424445 10553.7865134 10185.2300888
1472424468 10540.3258636 10289.8254602
1472424491 10555.450568 10345.8787796
1472424515 10559.5119032 10348.226967
1472424538 10539.6394402 10186.9958008
1472424561 10526.7144086 10174.3242068
1472424585 10522.2188578 10106.065112
1472424608 10470.1521184 10237.8919214
1472424631 10490.6382022 10195.3897968
1472424655 10498.9454804 10032.3150304
1472424678 10502.57 10205.3518632
1472424701 10528.6904736 10202.8664452
1472424724 10503.6074364 10139.3446622
1472424748 10500.8097428 10181.0083752
1472424771 10500.1363194 10213.132761
1472424794 10489.2783554 10222.199416
1472424818 10495.4951634 10227.9144682
1472424841 10489.9231788 10223.027919
1472424864 10480.804672 10230.2762094
1472424888 10470.4771288 10033.206469
1472424911 10501.6313688 10228.9687214
1472424934 10474.520264 10220.9129048
1472424958 10468.4984612 10201.8674862
1472424981 10412.6485944 10152.380225
1472425004 10437.9266394 10021.738805
1472425028 10436.3145874 10187.291075
1472425051 10422.3599194 10174.4378346
1472425074 10421.3354856 10146.6834196
1472425097 10424.1357792 10021.0458686
1472425121 10399.2477472 10140.6142448
1472425144 10363.6213564 10108.8749164
1472425167 10369.3597488 10100.5031062
1472425191 10360.4518498 10119.4907138
1472425214 10349.4924858 10096.4606912
1472425237 10342.0328362 10101.7957976
1472425261 10321.0787342 10083.1571958
1472425284 10326.0891032 10075.8394594
1472425307 10331.41668 10082.1788106
1472425331 10355.2620782 10089.6983824
1472425354 10340.8627972 10103.0843368
1472425377 10285.7253538 10012.8540512
1472425401 10307.6310844 10034.9011776
1472425424 10325.1218694 10089.0774504
1472425447 10302.9639284 10067.5703986
1472425470 10169.215459 9931.1481594
1472425494 10003.2441132 9791.135302
1472425517 8953.6696366 8631.5618558
1472425540 10265.1690674 9998.0321246
1472425564 10317.6050198 9891.2679736
1472425587 10324.2690408 4876.8555706
1472425610 10320.7199238 10047.5215282
1472425634 10318.6268536 10044.047962
1472425657 10317.8598276 10020.8203758
1472425680 10306.7938584 10036.9067136
1472425704 10317.5504172 9889.7795126
1472425727 10319.8358926 9994.7309566
1472425750 10301.6352842 10031.8099414
1472425773 10321.304942 9924.4392442
1472425797 10300.1168348 10051.97323
1472425820 10252.9200566 9997.293501
1472425843 10272.0176962 10042.2360532
1472425867 10270.2574364 10025.9500302
1472425890 10269.0951974 10025.7342562
1472425913 10266.9501272 10011.6866642
1472425937 10286.9525954 10041.3363882
1472425960 10269.909026 10039.7515088
1472425983 10275.5148132 9993.8597486
1472426007 10248.567511 9972.4023698
1472426030 10266.3781064 10004.3701108
1472426053 10258.2242334 9995.7122772
1472426076 10255.2549346 9967.172865
1472426100 10257.6600152 9992.4858436
1472426123 10248.4531084 9959.1962158
1472426147 10210.437237 9770.1642064
1472426170 10226.2223648 9938.1708348
1472426193 10236.7605184 9977.0462194
1472426216 10213.125728 9943.658036
1472426240 10217.792884 9946.9178016
1472426263 10209.4076032 9927.5891442
1472426286 10190.4971714 9932.8117928
1472426310 10157.1978586 9903.8180046
1472426333 10182.9491192 9903.0693788
1472426356 10170.785911 9918.2140538
1472426380 10161.1915912 9893.596791
1472426403 10167.1483914 9077.0891432
1472426426 10177.9751528 9925.0231652
1472426450 10157.2628612 9892.6769318
1472426473 10116.256891 4929.3219404
1472426496 10131.3555954 7250.5513522
1472426519 10113.5293974 8917.8779482
1472426543 10127.4606654 9864.990538
1472426566 10121.9796808 9863.7627374
1472426589 10082.7209678 9818.896555
1472426613 10093.9611448 9837.3579226
1472426636 10092.8015058 9834.9461392
1472426659 10085.1260484 9816.8541302
1472426683 10072.2842194 9789.6406686
1472426706 10067.1386478 9813.6052222
1472426729 10083.209786 9825.9448456
1472426753 10063.7195334 9799.3264616
1472426776 10012.050607 9794.7824468
1472426799 10053.5141928 6215.3719472
1472426822 10050.1210784 6282.1101096
1472426846 10060.3550216 9822.9531764
1472426869 10043.6026626 9805.8351638
1472426892 10008.54309 9776.5806996
1472426916 10017.1415786 6773.656539
1472426939 10018.4676228 6397.1699194
1472426962 10017.453589 9796.286214
1472426986 10014.746898 9792.2570278
1472427009 10016.5851578 9807.4174718
1472427032 10041.0545768 9808.243263
1472427056 10028.745766 9778.7607918
1472427079 9996.1432766 9748.8449526
1472427102 10021.8217346 9771.6988668
1472427126 10024.7312308 9788.5870602
1472427149 10028.5195582 9788.1479124
1472427172 10041.8892054 9803.318941
1472427196 10005.2305782 9744.787455
1472427219 10001.964869 9767.8054604
1472427242 9992.0689388 9747.7280836
1472427265 9989.2764452 9757.1651632
1472427289 9994.5936246 9735.4234744
1472427312 10003.119308 9754.966351
1472427335 10177.2237268 9906.3313336
1472427359 10422.9241376 10157.3510584
1472427382 10438.2464498 10015.0760658
1472427405 10297.6077516 9879.7236096
1472427429 10237.6939496 9979.1811652
1472427452 10060.669632 9816.179958
1472427475 9938.1821396 9713.8496832
1472427499 10108.8388414 6928.8814244
1472427522 9416.3628988 9093.1959846
1472427545 9835.6477128 9614.218705
1472427569 9971.9130654 9760.672376
1472427592 10241.0376588 9975.296279
1472427615 10244.625781 9993.4298984
1472427638 10237.3091366 9985.1867804
1472427662 10217.9670892 9992.3687604
1472427685 10203.3702004 9981.4943046
1472427708 10217.844884 9993.186515
1472427732 10206.95572 9957.3811246
1472427755 10207.9463538 9969.4435984
1472427778 10206.8283174 9944.9870468
1472427802 10190.4893714 9967.892064
1472427825 10185.6142076 9938.6329016
1472427848 10182.2288958 9960.8846038
1472427871 10188.0556882 9966.752926
1472427895 10181.4488698 9810.9434124
1472427918 10184.9355842 9948.8829024
1472427941 10173.9528176 9953.1173014
1472427965 10160.3907652 9939.8950664
1472427988 10136.2255566 9894.5937714
1472428011 10138.841245 9894.8845242
1472428035 10151.4256662 9919.6030232
1472428058 10163.765677 9944.0003416
1472428081 10139.1454554 9896.2473948
1472428105 10144.5172348 9926.9445132
1472428128 10112.9547792 9883.2012214
1472428151 10128.6125018 9911.3080716
1472428174 10128.8413096 9912.8116048
1472428198 10119.3197924 9890.8365816
1472428221 10117.9599456 9888.9712298
1472428245 10105.1701192 9864.3075778
1472428268 10102.0006126 9849.0832232
1472428291 10100.4743632 9853.8769498
1472428314 10092.3672902 9850.3774278
1472428338 10085.4614614 9841.8817588
1472428361 10082.817173 9807.0043162
1472428384 10077.9212092 9824.380085
1472428408 10078.7740378 9835.5539412
1472428431 10069.4943258 9817.2245418
1472428454 10066.5744296 9812.7762824
1472428478 10057.0321098 9800.543402
1472428501 10054.6608318 9815.0403
1472428524 10046.7097666 9656.941541
1472428547 10053.7196006 9831.1271578
1472428571 10038.0124754 9829.0781264
1472428594 10050.5942966 9817.151383
1472428617 10033.3115168 9798.5622722
1472428641 10038.2204806 9803.7714502
1472428664 10030.1810128 9822.80637
1472428687 10038.6208962 9829.8212454
1472428711 10024.6532282 9790.9668896
1472428734 10023.316784 9804.2793706
1472428757 10022.2611476 9776.1337102
1472428781 10001.3902508 9758.1942874
1472428804 10025.1966464 9767.2125512
1472428827 10016.4915552 9769.3454612
1472428851 10014.6220928 9782.8506438
1472428874 9985.8001308 9755.9335458
1472428897 9996.083474 9598.3684238
1472428921 9990.9509024 9757.2257068
1472428944 9989.2244452 9757.4706814
1472428967 9978.231276 9751.405651
1472428990 9983.5614554 9753.4907132
1472429014 9972.781494 9741.5129422
1472429037 9967.5579198 9725.856517
1472429060 9961.1357066 9731.7062986
1472429084 9959.9708676 9694.4555838
1472429107 9951.9911998 9725.8833516
1472429130 9953.270444 9574.1506146
1472429154 9953.5148518 9701.84566
1472429177 9945.7795918 9566.8058512
1472429200 9930.9122952 9700.6632814
1472429224 9933.852994 9708.6704312
1472429247 9933.3849784 9681.3311504
1472429270 9919.864526 9657.88733
1472429293 9922.7558222 9694.454978
1472429317 9905.829258 9544.735668
1472429340 9908.990962 9672.3169244
1472429363 9907.040897 9682.804846
1472429387 9908.5333464 9547.5605186
1472429410 9902.5687488 9666.2234396
1472429433 9899.5084448 9650.9467548
1472429457 9891.9811952 9643.7603054
1472429480 9890.7825536 9517.8707104
1472429503 9875.6006466 9617.3987624
1472429527 9873.8975894 9663.8848332
1472429550 9878.3853402 9654.1470558
1472429573 9884.461743 9685.9356672
1472429596 9857.2960356 9660.2653862
1472429620 9856.1519966 9645.7593544
1472429643 9860.309537 9662.6302344
1472429666 9861.112963 9652.3382176
1472429690 9855.0417602 9645.5236566
1472429713 9864.4410748 9642.3718768
1472429736 9836.0559258 9622.7692912
1472429760 9836.8047492 9618.9175966
1472429783 9835.478705 9604.7732508
1472429806 9835.9545232 9616.1022308
1472429830 9827.5354398 9586.1350468
1472429853 9832.322201 9589.3403788
1472429876 9820.299398 9601.0053906
1472429900 9801.4045662 9573.8368856
1472429923 9822.7616812 9591.6906202
1472429946 9815.9364524 9602.0005952
1472429970 9796.4227998 9582.182987
1472429993 9800.1305246 9584.9224926
1472430016 9796.7556128 9571.2741592
1472430039 9794.5143374 9567.1186
1472430063 9794.966753 9583.5235418
1472430086 9782.153524 9568.7768514
1472430109 9783.357363 9569.4692106
1472430133 9781.5061032 9566.7350064
1472430156 9769.4677002 9557.0650526
1472430179 9767.2342248 9409.0729538
1472430203 9757.7361076 9520.5088004
1472430226 9757.4292972 9521.1666524
1472430249 9752.4423308 9541.2550012
1472430273 9749.9566476 9550.1012724
1472430296 9754.6888062 8570.3748988
1472430319 9749.124619 9548.033664
1472430342 9746.9743488 9556.7963998
1472430366 9748.2119904 9558.9679354
1472430389 9726.503865 9514.029421
1472430412 9735.9733796 9413.06223
1472430436 9726.9900806 9537.5536698
1472430459 9737.7674394 9549.8026572
1472430482 9732.9442782 9531.9225092
1472430506 9721.1710856 9519.6000926
1472430529 9727.1382858 9527.297091
1472430552 9725.2220208 9524.6092214
1472430576 9705.495163 9518.70296
1472430599 9707.450428 9519.9087958
1472430622 9704.2991214 9517.6618004
1472430645 9713.6230334 9526.661339
1472430669 9709.8581086 9523.0776472
1472430692 9700.5471966 9502.742938
1472430715 9693.9247756 9494.9477324
1472430739 9708.0666488 9521.102552
1472430762 9688.8858066 9491.115062
1472430785 9688.3293884 9501.5899394
1472430809 9682.949809 9497.7897482
1472430832 9666.4548578 9480.6516584
1472430855 9674.769936 9490.8441628
1472430879 9672.7782684 9487.3088128
1472430902 9667.9499072 9470.3916008
1472430925 9645.7269636 9317.9735636
1472430949 9653.7326314 9446.0416492
1472430972 9634.4321866 9429.0637038
1472430995 9655.4018886 9314.3726728
1472431018 9653.4934236 9450.5550646
1472431042 9639.9157712 9437.8481314
1472431065 9640.4253868 9441.1540184
1472431088 9630.8804696 9298.3337096
1472431112 9633.152945 9432.5000952
1472431135 9628.535189 9428.1882162
1472431158 9621.6449602 9421.80382
1472431182 9620.9507368 9418.7800798
1472431205 9624.4764538 9424.9043018
1472431228 9613.0724742 9413.6049878
1472431252 9613.6522924 9400.0640448
1472431275 9604.6689934 9387.726426
1472431298 9614.2581132 9422.4849966
1472431322 9597.9451672 9393.548203
1472431345 9589.237476 9264.5770282
1472431368 9596.3643152 9415.4148036
1472431392 9591.0159358 9410.3636952
1472431415 9584.6405226 9380.8916968
1472431438 9573.8527612 9382.8437118
1472431461 9571.6374884 9368.192873
1472431485 9572.110704 9365.7518812
1472431508 9570.9874676 9374.9877676
1472431531 9553.826893 9360.7864428
1472431555 9556.8923944 9350.6495368
1472431578 9558.3042438 9363.2806982
1472431601 9555.737958 9359.6950304
1472431625 9549.7681578 9354.0880004
1472431648 9544.6043862 9338.093271
1472431671 9537.6725522 9333.473812
1472431695 9545.8160252 9338.7938956
1472431718 9537.9559626 9343.9047338
1472431741 9529.5992844 9324.9197522
1472431764 9524.3029076 9319.38332
1472431788 9524.9555284 9320.5986432
1472431811 9518.2577048 9327.2971922
1472431834 9511.385676 9309.0656984
1472431858 9517.1916684 9311.4595028
1472431881 9509.5188136 9315.8491218
1472431904 9503.0575952 9297.8590926
1472431928 9502.7299848 9300.8368154
1472431951 9502.1501666 9309.773837
1472431974 9491.4118078 9290.5907796
1472431998 9463.2632666 9261.5178084
1472432021 9493.7024832 9303.4454864
1472432044 9473.9626228 9286.526574
1472432067 9471.9423578 9247.2106688
1472432091 9475.226267 9274.9472348
1472432114 9462.3298354 9262.5406432
1472432137 9471.1623292 9270.4628016
1472432161 9462.1140276 9273.234854
1472432184 9454.9403884 9267.7229372
1472432207 9448.8847856 9250.1878196
1472432231 9454.3735702 9267.268335
1472432254 9439.9170866 9267.7900458
1472432277 9447.0127232 9274.9198438
1472432301 9438.0138216 9254.4515076
1472432324 9437.8188164 9265.8749066
1472432347 9425.1173926 9242.9307282
1472432371 9421.542273 9251.3380934
1472432394 9426.4330368 9256.4279626
1472432417 9420.3228314 9186.0459574
1472432440 9392.8945136 9158.052449
1472432464 9417.25993 9135.2005368
1472432487 9410.1070908 9152.4695158
1472432510 9406.3395634 9138.3888024
1472432534 9398.9319164 9119.5918164
1472432557 9396.264228 9138.8507444
1472432580 9392.3094954 9111.837787
1472432604 9392.8477136 8976.4436944
1472432627 9390.7546434 9139.4209244
1472432650 9379.7172742 9121.3883644
1472432674 9381.3293288 9119.7055586
1472432697 9380.4947002 9109.4270306
1472432720 9376.1811572 9116.4860748
1472432744 9370.6611726 9109.8006428
1472432767 9360.4116294 9093.2755732
1472432790 9373.9216818 8985.592369
1472432813 9370.2763596 9109.4354806
1472432837 9378.2196248 9104.3060108
1472432860 9364.4417646 9101.8179434
1472432883 9354.7460396 7279.5016398
1472432907 9359.2207904 9108.5407088
1472432930 9340.3571586 9089.3378914
1472432953 9347.1225848 9086.5184878
1472432977 9336.0540156 9084.0373104
1472433000 9346.459564 9105.8441656
1472433023 9342.3488262 9091.4586802
1472433047 9327.2501218 9111.7518492
1472433070 9337.902678 9048.0242632
1472433093 9332.7909064 9043.8037092
1472433116 9328.5449634 9104.4968456
1472433140 9323.8258074 9112.5632104
1472433163 9313.2122512 9077.6952578
1472433186 9310.723968 2256.2484516
1472433210 9311.1633836 2802.3077524
1472433233 9308.1628822 9096.0753286
1472433256 9299.9674092 9077.2290544
1472433280 9297.7469338 9062.0151518
1472433303 9290.6096972 9079.456321
1472433326 9284.273284 8782.409077
1472433350 9285.7631334 9051.4096166
1472433373 9289.7490686 9056.4132958
1472433396 9289.6580634 9067.1372766
1472433420 9262.089343 9016.9533584
1472433443 9275.0663772 9064.2352866
1472433466 9272.6352966 9063.1456682
1472433490 9267.0763094 9010.8234866
1472433513 9263.1501794 9045.1917504
1472433536 9246.0416074 9038.397706
1472433559 9253.555857 9034.5397298
1472433583 9261.1247118 9053.3284166
1472433606 9249.5595244 9042.266285
1472433629 9245.6255918 9039.8246744
1472433653 9251.1351764 8998.9529032
1472433676 9242.0920748 9012.9780962
1472433699 9238.002137 9032.9346172
1472433723 9224.2918794 9019.0249396
1472433746 9227.0141704 8995.0629288
1472433769 9214.0891388 8979.9247564
1472433792 9222.9814352 8988.7856032
1472433816 9219.2009104 8977.832279
1472433839 9223.8212638 8979.8882108
1472433862 9209.1359724 8837.2606244
1472433886 9201.429315 8969.9037896
1472433909 9193.5796524 8940.9433152
1472433932 9196.4761512 8952.7597874
1472433956 9193.1714394 7169.6722084
1472433979 9191.3565796 8937.4310922
1472434002 9191.0315692 8969.3228716
1472434026 9182.5708858 8944.6756568
1472434049 9181.8194598 8957.4368806
1472434072 9176.7024908 8963.3774646
1472434096 9181.8766624 8980.7193216
1472434119 9177.3681116 8965.2951648
1472434142 9168.8398256 8968.6799046
1472434165 9167.2719736 8966.739678
1472434189 9162.121202 8938.4781408
1472434212 9153.553916 8918.1449162
1472434235 9153.179503 8928.7329508
1472434259 9151.6584536 8925.3554234
1472434282 9140.9460948 8914.4305094
1472434305 9140.1166662 8914.370673
1472434329 9144.96583 8917.0453476
1472434352 9139.2976402 8887.0125474
1472434375 9132.8078218 8883.0917448
1472434399 9114.5552134 8889.481393
1472434422 8881.9254368 8667.8407764
1472434445 8915.877373 8700.501732
1472434468 8531.7249342 8341.1797716
1472434492 8777.9687632 8582.244723
1472434515 8855.4409528 8654.581494
1472434538 9130.3923412 8893.3488332
1472434562 9124.6331488 8889.9673304
1472434585 9136.2373362 8888.5750512
1472434608 9122.2852708 8771.390615
1472434632 9110.5250782 8758.8818746
1472434655 9100.257335 8867.447173
1472434678 9109.589047 7221.390124
1472434702 9109.7164496 8863.5162902
1472434725 9098.8116856 8854.2921506
1472434748 9098.0966622 8863.5597128
1472434772 9083.6791812 8850.6089022
1472434795 9082.8835552 8017.719788
1472434818 9094.9011556 8852.482769
1472434842 9088.2579346 8870.6685106
1472434865 9080.5018746 8850.2344918
1472434888 9084.6074124 8740.0198548
1472434911 9077.0957602 8858.3511926
1472434935 9075.2731004 8844.495231
1472434958 9068.6558794 8852.660414
1472434981 9072.7328146 8866.4083508
1472435005 9066.032391 6226.1020198
1472435028 9066.014191 8861.3628662
1472435051 9060.1509934 8845.4861118
1472435075 9045.2784968 8854.2353536
1472435098 9051.266497 8848.7127248
1472435121 9055.3720348 8852.8644412
1472435145 9051.1598944 8722.8177114
1472435168 9044.248863 8831.1391298
1472435191 9039.191694 8848.2915534
1472435214 9041.4901694 8822.3217862
1472435238 9032.556273 8819.8833814
1472435261 9034.9899536 8818.919967
1472435284 9022.0415194 8797.7371144
1472435308 9014.0852542 8786.6637144
1472435331 9017.2183582 8802.6822754
1472435354 9025.159026 8811.0072284
1472435378 9019.758644 8806.0704628
1472435401 9008.448267 8784.2246154
1472435424 9001.5476356 8789.4677988
1472435448 9003.053085 8744.8273744
1472435471 9005.0863552 8781.7595528
1472435494 8999.6859732 8763.2748476
1472435518 8992.509734 8758.4661242
1472435541 8991.5867028 8781.1197864
1472435564 8998.9761498 8787.761268
1472435587 8993.4977678 8781.639113
1472435611 8982.7386064 8748.8949964
1472435634 8975.3465594 8762.555126
1472435657 8974.9383464 8741.4293096
1472435681 8977.0418166 8743.4102652
1472435704 8976.2669906 8755.6559792
1472435727 8963.0975512 8732.0751934
1472435751 8972.1302528 8774.0098368
1472435774 8962.3591252 8777.0863752
1472435797 8947.6660338 8740.925869
1472435821 8954.8838756 8769.7248912
1472435844 8955.3258912 7116.8454968
1472435867 8950.3961274 6072.1963588
1472435890 8938.1627166 8755.0918182
1472435914 8955.7055042 8759.5306136
1472435937 8938.4981296 8754.5581942
1472435960 8951.9015768 8767.6771676
1472435984 8932.5699294 7089.4957276
1472436007 8932.3827242 6749.328534
1472436030 8928.4539942 8722.8144354
1472436054 8922.533594 8739.2555744
1472436077 8912.3334534 8730.307417
1472436100 8916.4285912 8712.022332
1472436124 8935.4742282 7411.2308114
1472436147 8902.5363258 6587.4869528
1472436170 8915.0063444 3177.8190288
1472436194 8905.6590324 0.0
1472436217 8889.814102 0.0
1472436240 8904.1665804 0.0
1472436263 8899.4136218 0.0
1472436287 8898.4723906 0.0
1472436310 8901.0594764 0.0
1472436333 8885.973772 0.0
1472436357 8868.5141896 0.0
1472436380 8876.4522548 0.0
1472436403 8885.583759 0.0
1472436427 8877.011273 0.0
1472436450 8872.5261248 0.0
1472436473 8866.5615246 0.0
1472436497 8856.772197 0.0
1472436520 8864.4554544 0.0
1472436543 8859.070675 0.0
1472436566 8858.1138412 0.0
1472436590 8857.3260152 0.0
1472436613 8843.3583498 0.0
1472436636 8851.0728072 0.0
1472436660 8829.3490818 0.0
1472436683 8830.4281156 0.0
1472436706 8841.4862874 0.0
1472436730 8838.3427808 0.0
1472436753 8838.2933808 0.0
1472436776 8829.4478844 0.0
1472436800 8826.429183 0.0
1472436823 8818.7537256 0.0
1472436846 8826.04697 0.0
1472436870 8811.5046838 0.0
1472436893 8802.8697952 0.0
1472436916 8816.7750606 0.0
1472436939 8798.5718522 0.0
1472436963 842464.097927 0.0
1472436986 8724.6045796 0.0
1472437026 15192.0945254 13633.2823874
1472437050 8773.3900098 8569.1030828
1472437073 8773.5746176 8583.31409
1472437096 8757.165469 8553.4838714
1472437120 8764.203903 8561.4156186
1472437143 8753.1067338 6971.3273734
1472437166 8749.027196 8546.6685876
1472437190 8751.8430896 8560.441552
1472437213 8737.714219 8536.5368894
1472437236 8729.8151538 8517.9707522
1472437260 8731.5598136 8424.7687732
1472437283 8720.98526 8550.9439938
1472437306 8710.0492934 8539.8402414
1472437329 8698.2058982 8529.3930722
1472437353 8714.6566468 8534.7705768
1472437376 8708.530844 8517.4709282
1472437399 8694.2459656 8491.8160314
1472437423 8684.3474354 8516.4347528
1472437446 8681.8253496 8502.0377598
1472437469 8684.461838 8516.9156618
1472437493 8685.3848692 8506.1958826
1472437516 8674.0328896 8370.2571316
1472437539 8669.7947492 8463.9828728
1472437563 8673.2892662 8479.0954768
1472437586 8677.3324014 8361.2507576
1472437609 8658.0475566 8472.2340638
1472437632 8659.2461956 8472.4757494
1472437656 8664.623175 8468.5699592
1472437679 8647.4340004 8465.0579026
1472437702 8663.835349 8415.877002
1472437726 8660.681445 8410.5162466
1472437749 8656.7631124 8396.7881244
1472437772 8655.0990578 8419.303282
1472437796 8648.1464238 8422.080407
1472437819 8657.228528 8420.6048004
1472437842 8637.3274624 8391.339957
1472437866 8633.3103298 8405.8346216
1472437889 8625.5568698 8398.3747224
1472437912 8636.568239 8400.8781922
1472437936 8619.7976774 8385.9712066
1472437959 8627.65254 8372.805935
1472437982 8625.8480802 8394.576112
1472438006 8614.061885 8389.8323002
1472438029 8603.3781288 8250.2351438
1472438052 8597.7853416 8377.7635422
1472438075 8580.7183722 8348.951767
1472438099 8588.6668374 8367.6968778
1472438122 8590.4296972 8336.5156706
1472438145 8593.2143882 8349.6010884
1472438169 8587.1041854 8355.7051136
1472438192 8582.7490398 8360.2572144
1472438215 8574.4807642 8344.053679
1472438239 8589.9772816 8378.8046966
1472438262 8584.9903152 8392.8126256
1472438285 8584.7797074 8370.4925226
1472438308 8576.9768474 8384.6374716
1472438332 8580.4271618 8389.1782078
1472438355 8581.0693826 8378.639061
1472438378 8566.8547094 8354.8764364
1472438402 8579.025715 8377.0446292
1472438425 8579.8733436 8378.22245
1472438448 8560.4688936 8370.3016384
1472438472 8561.8417404 8346.7913724
1472438495 8560.4116936 8344.2774428
1472438518 8560.6483014 8322.9330054
1472438542 8566.3944938 8347.6545724
1472438565 8552.0654128 8325.2790478
1472438588 8554.486096 8338.1720682
1472438612 8560.0398806 8332.0259464
1472438635 8561.8625404 8346.4294004
1472438658 8557.247387 8332.8061856
1472438681 8544.5771632 8320.9402224
1472438705 8547.4736594 8333.4527484
1472438728 8539.4653916 8314.3830614
1472438751 8532.1227472 8319.1516174
1472438775 8537.9235422 8313.3433448
1472438798 8530.6901004 8202.3826612
1472438821 8520.4509572 8170.1235616
1472438845 8516.012609 8292.9546232
1472438868 8513.8961388 8291.612511
1472438891 8492.5884264 8282.5831764
1472438915 8500.066276 8279.345529
1472438938 8489.3617172 8269.122303
1472438961 8474.783031 8245.7312366
1472438985 8484.9779716 8155.6213258
1472439008 8505.8358684 8320.8503586
1472439031 8474.2812154 8280.6199632
1472439054 8479.1537766 8275.4719372
1472439078 8475.2614466 8282.1239098
1472439101 8471.8293322 8288.6225266
1472439124 8457.0478382 8254.727533
1472439148 8456.1898096 8275.4393774
1472439171 8445.220043 8254.5301072
1472439194 8458.7092928 8266.0226116
1472439218 8452.5470874 8271.6587616
1472439241 8451.7826614 8270.5251902
1472439264 8446.9413002 8266.3425806
1472439288 8452.0556718 8202.6499386
1472439311 8436.4057492 7711.529917
1472439334 8435.885731 8140.9012828
1472439357 8442.2403442 8261.6493414
1472439381 8440.9611 8241.5406632
1472439404 8452.3520822 7608.7776986
1472439427 8451.3068458 8259.785417
1472439451 8440.2902792 8248.7287922
1472439474 8437.799396 8247.0233326
1472439497 8436.0365362 8256.1689678
1472439521 8428.2180736 8247.6500704
1472439544 8422.8410942 8233.3874714
1472439567 8431.5201854 8241.6327864
1472439591 8415.4178472 8236.2635654
1472439614 8423.7693254 8235.0590764
1472439637 8420.8078266 8241.2667272
1472439661 8417.4407148 8197.3692814
1472439684 8422.7422916 8222.5185926
1472439707 8405.7793248 8215.520963
1472439730 8412.505751 8205.7166282
1472439754 8405.5011144 8202.6812764
1472439777 8406.5281508 8185.2963946
1472439800 8413.353377 8096.1586004
1472439824 8412.3549458 8196.6501942
1472439847 8399.6457194 8197.1575738
1472439870 8399.5469168 8198.1453918
1472439894 8399.9239298 8188.4308922
1472439917 8386.3904774 8176.2298592
1472439940 8395.826192 8184.9298466
1472439964 8395.5687842 8197.1381232
1472439987 8392.729488 8215.7603164
1472440010 8383.6317838 8206.6474932
1472440033 8386.4008774 8210.0032066
1472440057 8371.6219834 8194.9638602
1472440080 8379.086833 8202.9917268
1472440103 8380.3348746 8203.8477768
1472440127 8364.4977442 8187.837164
1472440150 8363.917926 8072.7403198
1472440173 8368.7618872 8161.878517
1472440197 8363.7515208 8162.8312038
1472440220 8370.3271392 8140.3021414
1472440243 8365.5975832 8157.515886
1472440267 8355.9486608 8161.3255958
1472440290 8361.606448 8155.3406532
1472440313 8354.3600062 8144.7254018
1472440337 8350.5768788 8153.6705588
1472440360 8347.4593748 8150.4778446
1472440383 8340.4391408 8146.3959928
1472440406 8348.398006 8144.1606844
1472440430 8326.7704832 8121.7492018
1472440453 8332.5374782 8138.6623656
1472440476 8322.0175246 8096.554167
1472440500 8308.1850644 8116.0651364
1472440523 8310.205332 8119.0153174
1472440546 8295.8996536 8095.7419088
1472440570 8296.3208666 8103.695743
1472440593 8302.6468772 8111.1469244
1472440616 8294.1315938 7966.7170284
1472440640 8285.8555182 8095.797294
1472440663 8279.511305 8057.1087896
1472440686 8279.3396998 8080.7128376
1472440709 8289.8518508 8101.524717
1472440733 8275.7411802 8076.0335188
1472440756 8278.715679 8081.148946
1472440779 8280.2081284 8069.4011918
1472440803 8275.5513724 8076.0567888
1472440826 8270.4812034 8081.267727
1472440849 8275.5799724 8075.9723746
1472440873 8265.7256448 8057.2553672
1472440896 8263.6117746 8076.161262
1472440919 8267.1764916 8078.591456
1472440943 8261.6825096 8079.208956
1472440966 8269.82078 8101.4993826
1472440989 8262.358533 7979.4094224
1472441013 8262.4443356 8073.0355186
1472441036 8252.3247976 8084.6550642
1472441059 8254.5114704 8064.9655164
1472441082 8265.6658422 8097.475048
1472441106 8250.0445196 8081.8032282
1472441129 8265.0262214 8085.6010846
1472441152 8256.986751 8078.5859882
1472441176 8246.817813 7950.659938
1472441199 8247.7486442 8041.5766314
1472441222 8242.954083 8057.4082004
1472441246 8239.412766 8054.6510278
1472441269 8243.1854908 8058.4531872
1472441292 8234.1787892 8047.9192898
1472441316 8237.499101 8040.7561728
1472441339 8241.8750466 8055.23069
1472441362 8238.3935296 8053.9555538
1472441386 8243.4741012 8059.4244172
1472441409 8236.8178776 8051.6138482
1472441432 8213.0712846 8030.6503576
1472441455 8220.377529 8037.4917038
1472441479 8218.9942822 8025.9978448
1472441502 8209.8133754 8028.3077186
1472441525 8210.268391 8018.8236908
1472441549 8207.7905078 8024.1793788
1472441572 8214.579334 8031.6830698
1472441595 8207.3328922 8014.0072298
1472441619 8206.4956636 8024.9420186
1472441642 7930.623844 7766.9292792
1472441665 8060.7295938 7880.411617
1472441689 8151.2464176 7976.962175
1472441712 7622.7865558 7479.9900864
1472441735 7698.5634882 7561.5418684
1472441759 8200.0032478 8036.130843
1472441782 8224.5220668 8049.8065336
1472441805 8206.5892688 8021.194207
1472441828 8217.3614276 8022.4932632
1472441852 8207.938713 8043.5344548
1472441875 8217.673438 8043.66706
1472441898 8202.1483206 8017.6867524
1472441922 8199.358427 8035.7377256
1472441945 8197.3667594 7899.9748542
1472441968 8180.5467978 8017.873747
1472441992 8195.6403022 8011.5611784
1472442015 8188.7942734 8025.5469632
1472442038 8186.6102006 8022.731353
1472442062 8183.6357018 8010.118376
1472442085 8178.2353198 8015.633535
1472442108 8186.6778032 8012.8906052
1472442131 8175.0762158 8002.8725712
1472442155 8167.2239532 7994.3605924
1472442178 8170.216652 7997.04022
1472442201 8173.8281742 8011.2425302
1472442225 8167.910374 8004.7983028
1472442248 8162.8948076 7989.3534682
1472442271 8159.0076776 7996.6457818
1472442295 8150.9916098 7988.8384394
1472442318 8161.1215478 7999.306289
1472442341 8152.5776618 7971.1758074
1472442365 8166.303522 7993.0311968
1472442388 8162.2967868 8000.5873012
1472442411 8152.2188514 7980.6215944
1472442434 8145.1362148 7861.9079448
1472442458 8145.8746382 7957.3411814
1472442481 8134.3484534 7957.8386654
1472442504 8138.8960068 7962.0587592
1472442528 8129.2730844 7951.8896236
1472442551 8126.662596 7939.4061682
1472442574 8134.015643 7937.6405342
1472442598 8119.676162 7942.7896054
1472442621 8105.9581044 7918.1507262
1472442644 8122.9834738 7944.553708
1472442668 8123.2720842 7936.7814136
1472442691 8113.2279488 7952.7768554
1472442714 8119.8425698 7960.6133126
1472442738 8118.5789256 7950.4262604
1472442761 8097.1620106 7939.2981304
1472442784 8105.7526966 7937.5853154
1472442807 8102.6949952 7943.536887
1472442831 8101.8889692 7932.7935518
1472442854 8091.3404156 7347.528916
1472442877 8098.0564418 7940.6542904
1472442901 8086.0830414 7919.209311
1472442924 8074.7908644 7902.0844552
1472442947 8090.9686026 7917.3918902
1472442971 8085.781431 7791.621331
1472442994 8086.6732596 7902.427429
1472443017 8073.1788098 7901.0873708
1472443041 8073.4102176 7879.6351816
1472443064 8063.3686822 7891.1081158
1472443087 8077.8225632 7903.9560002
1472443111 8076.5693216 7904.9489012
1472443134 8060.7919964 7890.0124836
1472443157 8063.4596848 7891.9988186
1472443180 8067.154407 7885.1224374
1472443204 8043.8758296 7752.6965906
1472443227 8064.2605108 7882.2708432
1472443250 8059.9027652 7888.6763384
1472443274 8053.8237624 7881.7595792
1472443297 8047.3807466 7876.6194312
1472443320 8042.198775 7869.6154758
1472443344 8039.0812684 7860.2439474
1472443367 8055.064004 7885.2661628
1472443390 8031.2212058 7853.5351648
1472443414 8045.8232946 7875.8093284
1472443437 8040.29811 7858.9995874
1472443460 8034.7521254 7865.4952792
1472443484 8024.9367978 7835.91783
1472443507 8013.868226 7845.4882116
1472443530 8024.315377 7856.012944
1472443553 8021.5514834 7844.2477802
1472443577 8022.7085224 7834.1178552
1472443600 8019.260808 7849.072894
1472443623 8003.4288776 7835.044516
1472443647 8017.0195326 7851.9868804
1472443670 8010.4283116 7857.501249
1472443693 8002.6748542 7850.9312362
1472443717 8014.8510598 7861.5690504
1472443740 7999.2141372 7847.279791
1472443763 7996.1382358 7812.958543
1472443787 8000.6987866 7848.0198082
1472443810 7993.4445448 7841.8006108
1472443833 7980.1217002 7827.9756256
1472443856 7970.1269648 7809.922237
1472443880 7979.227269 7804.9109138
1472443903 7982.1523678 7805.9217236
1472443926 7978.6084482 7812.988456
1472443950 7973.9074922 7807.160101
1472443973 7982.5761808 7817.4833542
1472443996 7968.5747128 7792.8010966
1472444020 7964.5497776 7788.9767878
1472444043 7961.1306658 7795.7451624
1472444066 7961.4244736 7797.7856346
1472444090 7946.2399666 7775.8894746
1472444113 7959.1962008 7793.3765832
1472444136 7959.7110164 7665.7419098
1472444160 7950.452107 7776.6298454
1472444183 7949.5186758 7786.6128574
1472444206 7939.7501508 7758.147371
1472444230 7936.047626 7662.4633618
1472444253 7923.62701 7761.8872526
1472444276 7939.529143 7747.0748212
1472444299 7937.1604624 7654.3428286
1472444323 7936.6638468 7774.334074
1472444346 7928.5281738 7766.338281
1472444369 7926.6613114 7755.506785
1472444393 7928.281166 7756.1093974
1472444416 7923.231797 7774.6234826
1472444439 7926.4949062 7768.312903
1472444463 7918.8194514 7770.0315212
1472444486 7926.0632932 7767.2762284
1472444509 7914.0508902 7766.1856064
1472444533 7920.6369112 7763.0836478
1472444556 7913.1538616 7765.9040498
1472444579 7912.9016538 7755.1583668
1472444602 7910.6317758 7761.6856356
1472444626 7908.9313212 7761.582569
1472444649 7905.5408068 7747.930268
1472444672 7895.577274 7738.3957274
1472444696 7897.3037312 7750.226861
1472444719 7904.4305704 7757.9638708
1472444742 7887.9044166 7742.0011344
1472444766 7889.1602582 7742.2663344
1472444789 7890.3380998 7743.7131226
1472444812 7898.2293624 7730.920574
1472444836 7893.1539934 7746.747034
1472444859 7878.453102 7723.3495794
1472444882 7875.723011 7729.1843174
1472444906 7873.6611408 7707.38553
1472444929 7876.2196266 6649.8114982
1472444952 7869.3839978 6778.6986982
1472444975 7870.4474342 7725.6207158
1472444999 7870.1406238 7714.5612232
1472445022 7866.4875016 7712.3782216
1472445045 7869.1915926 7714.4770144
1472445069 7858.2972286 7713.290572
1472445092 7859.2852598 7713.8608144
1472445115 7858.3258286 7712.5320662
1472445139 7858.247826 7709.9149894
1472445162 7855.3565298 7697.5199366
1472445185 7848.3908958 7692.1584064
1472445209 7858.7834442 7682.8273288
1472445232 7843.3987294 7616.7117286
1472445255 7850.3903634 7630.0425916
1472445278 7848.3076932 7630.1045132
1472445302 7840.364428 7621.8764778
1472445325 7826.2459574 7617.0763136
1472445348 7826.0067496 7617.6229506
1472445372 7837.4523318 7622.5322264
1472445395 7827.0389834 7627.3867748
1472445418 7828.9240458 7648.1617914
1472445442 7823.1284534 7625.7365106
1472445465 7824.7353054 7645.4691716
1472445488 7816.4202272 7638.1703346
1472445512 7812.6657024 7614.1153348
1472445535 7805.9496788 7607.4855298
1472445558 7803.1129826 7625.1801158
1472445582 7809.7952062 7631.0621192
1472445605 7807.9829464 7613.8499476
1472445628 7802.608567 7588.308143
1472445651 7798.755237 7594.7638
1472445675 7798.8514422 7594.5260352
1472445698 7801.051115 7481.325969
1472445721 7804.0880164 7581.200198
1472445745 7789.6627328 7586.009431
1472445768 7788.0428808 7584.5876964
1472445791 7776.930109 7564.9877056
1472445815 7793.0974498 7591.8777116
1472445838 7788.5368964 7584.2545558
1472445861 7780.6742338 7569.2395272
1472445885 7774.7616362 7572.4012286
1472445908 7769.2858542 7537.2531312
1472445931 7775.8562726 7564.0863506
1472445955 7773.9270076 7564.4468692
1472445978 7768.381023 7567.7855656
1472446001 7767.9208074 7556.449706
1472446024 7765.5521294 7457.0147548
1472446048 7757.515259 7548.2876248
1472446071 7754.374355 7554.7817904
1472446094 7759.9359396 7552.1248426
1472446118 7758.9895084 7531.4864144
1472446141 7743.0067754 7535.2098458
1472446164 7754.005142 7536.649224
1472446188 7747.0941106 7552.8803324
1472446211 7753.9141394 7537.442952
1472446234 7738.3084168 7539.3362746
1472446258 7742.5205598 7543.3489352
1472446281 7736.2179466 7528.204489
1472446304 7740.5418922 7542.5148812
1472446327 7733.5996608 7526.6920586
1472446351 7731.839401 7419.277125
1472446374 7735.7681336 7550.599472
1472446397 7724.6033592 7533.7455076
1472446421 7732.6714296 7560.1100302
1472446444 7724.2445488 7551.7861588
1472446467 7710.7578964 7540.264693
1472446491 7724.015741 7552.0637348
1472446514 7707.744395 7536.8601308
1472446537 7719.6579954 7538.7930722
1472446561 7716.1296758 7545.226728
1472446584 7703.2228442 7488.8825232
1472446607 7707.1671768 7464.01279
1472446631 7708.7428288 7515.3034658
1472446654 7707.354382 7409.536381
1472446677 7702.9784364 7510.9609588
1472446700 7700.2015454 7506.2505388
1472446724 7697.6352596 7494.120491
1472446747 7698.2618804 7497.3579616
1472446770 7694.517753 7493.4046668
1472446794 7689.7673944 7500.1322552
1472446817 7687.3155138 7496.2952038
1472446840 7684.5360202 7495.4319154
1472446864 7683.0695708 7484.8241884
1472446887 7680.2510772 7490.3301356
1472446910 7674.7102926 7466.4626504
1472446934 7674.9729004 5988.6472516
1472446957 7674.7388926 7475.3821896
1472446980 7659.1487726 7468.5224744
1472447004 7649.752058 7449.7513428
1472447027 7661.9646662 7466.364919
1472447050 7663.2205078 7475.5108636
1472447073 7650.0198658 7462.3071198
1472447097 7652.7915594 7446.0333012
1472447120 7656.1456712 7476.0605322
1472447143 7641.0287668 7476.050543
1472447167 7640.8831616 7476.5323672
1472447190 7640.5659512 7464.4981632
1472447213 7638.5768836 7463.443611
1472447237 7630.5894184 7465.5246588
1472447260 7638.475481 7473.436828
1472447283 7628.8187586 7454.1004902
1472447307 7624.0658 7440.6370974
1472447330 7621.1823038 7446.4502424
1472447353 7624.9368286 7460.0430892
1472447377 7607.9218592 7445.2085734
1472447400 7620.8884934 7457.9600602
1472447423 7617.2457712 7434.522407
1472447446 7618.6758206 7446.22437
1472447470 7612.016997 7448.5728486
1472447493 7598.772155 7435.820275
1472447516 7610.7793554 7437.5525016
1472447540 7605.399776 7442.0914646
1472447563 7598.0961316 7426.5953762
1472447586 7607.1496332 7434.36785
1472447610 7578.956892 7416.8837418
1472447633 7588.0493962 7426.437772
1472447656 7597.4305108 7435.7827882
1472447680 7582.3084038 7401.033861
1472447703 7574.8929568 7395.5666902
1472447726 7580.875757 7419.3897232
1472447749 7574.2143334 7412.9254758
1472447773 7582.5944142 7401.9461412
1472447796 7574.7135516 7413.4752952
1472447819 7573.1898996 7412.9225872
1472447843 7564.0635954 7289.7717022
1472447866 7566.5622786 7378.5716966
1472447889 7557.4203718 7358.4474184
1472447913 7562.1629304 7312.272487
1472447936 7554.6954808 7375.9613044
1472447959 7556.2529328 7262.1222154
1472447983 7560.3922706 6934.6146792
1472448006 7545.8499844 7248.502144
1472448029 7545.0335584 7355.1158564
1472448052 7539.4459712 7360.4507964
1472448076 7533.7907814 7345.6319014
1472448099 7532.8313502 7356.6007476
1472448122 7531.8407164 7363.773001
1472448146 7522.6078096 7261.0727358
1472448169 7540.6654128 7373.3481952
1472448192 7535.0570256 7366.9137204
1472448216 7540.444405 7372.857115
1472448239 7525.8137162 7349.9299302
1472448262 7516.6198094 7359.0603164
1472448286 7514.0873236 7329.043787
1472448309 7514.2459288 7357.3681766
1472448332 7509.737378 7329.9648084
1472448356 7516.2453964 7321.389036
1472448379 7516.336399 7330.152791
1472448402 7504.8518168 7328.8306078
1472448425 7511.7368456 7335.3344974
1472448449 7503.8325804 7327.3589298
1472448472 7509.339565 7324.5243006
1472448495 7495.4238996 7319.496184
1472448519 7491.427567 7214.4125534
1472448542 7491.2949618 7309.967964
1472448565 7486.5030032 7311.4558842
1472448589 7488.8404812 7316.9479682
1472448612 7497.238762 7322.7335948
1472448635 7488.5934734 7040.094425
1472448659 7484.6205382 6412.5310418
1472448682 7477.6211042 6757.2385608
1472448705 7467.0647532 7268.4642836
1472448729 7470.7152754 7298.4842216
1472448752 7482.4234654 7301.1583814
1472448775 7474.6570054 7296.3941388
1472448798 7479.6933744 7307.9685744
1472448822 7487.519637 7316.1229232
1472448845 7470.5020676 7297.6605988
1472448868 7467.0465532 7286.0595834
1472448892 7461.6565712 5111.9261336
1472448915 7457.571836 7287.9923272
1472448938 7450.3123916 7270.4742552
1472448962 7456.9764152 7284.2247868
1472448985 7449.8521786 5848.4020244
1472449008 7458.1308542 7287.2720856
1472449032 7441.8777108 7271.439344
1472449055 7441.5110978 7270.6837658
1472449078 7438.2115886 7250.1331942
1472449102 7437.5459652 7281.5745886
1472449125 7434.5194638 7282.946424
1472449148 7432.5798014 7280.7655414
1472449171 7427.3562246 7275.398299
1472449195 7441.656703 7290.1687716
1472449218 7422.1144504 7262.5275086
1472449241 7416.6646684 7163.3720548
1472449265 7409.7016344 7258.862273
1472449288 7411.7375046 7260.4959596
1472449311 7418.4353282 7250.148503
1472449335 7415.7468372 7238.333557
1472449358 7417.6292996 7242.0423478
1472449381 7397.4422262 7220.353283
1472449405 7404.4780602 7228.9372272
1472449428 7394.956543 7227.2614518
1472449451 7384.085579 7216.9188
1472449475 7399.1452834 7223.6495058
1472449498 7396.534795 3820.7977938
1472449521 7390.0345792 6545.890754
1472449544 7385.1542154 7220.2097656
1472449568 7372.9104072 7198.109334
1472449591 7385.8328388 7221.0977332
1472449614 7374.1480462 7200.7550732
1472449638 7377.8895736 7195.121856
1472449661 7375.6924982 7109.688911
1472449684 7376.0149086 7192.0258904
1472449708 7361.7768328 7186.1603658
1472449731 7357.1226794 7191.2192196
1472449754 7357.1278794 7183.5673104
1472449778 7365.6951654 7192.0836624
1472449801 7364.205316 7198.1716066
1472449824 7353.2615494 7171.0743988
1472449847 7343.8544348 7163.7754344
1472449871 7337.1306112 7180.4501548
1472449894 7333.6490942 7186.2286808
1472449917 7335.1909462 7187.7732186
1472449941 7341.691162 7185.99401
1472449964 7325.0402056 7178.3269272
1472449987 7327.3386836 6944.0025954
1472450011 7328.7791304 5296.7585424
1472450034 7321.5300886 7175.836538
1472450057 7323.027738 7177.2589356
1472450081 7327.9549044 7172.8480356
1472450104 7318.2175794 7172.5759846
1472450127 7318.7999976 7173.3710386
1472450151 7317.8743664 7164.284062
1472450174 7310.0767064 7147.7676816
1472450197 7322.0943068 7177.3226044
1472450220 7317.8457664 7163.3790176
1472450244 7307.9342336 7163.2389348
1472450267 7320.7578626 7166.7689886
1472450290 7320.8176652 7166.3955012
1472450314 7308.3164466 7154.71809
1472450337 7300.5941892 7146.3507258
1472450360 7300.409584 7156.8605524
1472450384 7305.1885426 7160.2419928
1472450407 7306.691392 7162.0535558
1472450430 7296.4600514 7143.5610584
1472450454 7307.6664258 7155.0875578
1472450477 7306.1167738 7162.0479814
1472450500 7304.9519348 7142.59663
1472450524 7298.6259242 7154.7080228
1472450547 7288.4803836 7145.0663804
1472450570 7297.8068956 7154.8334806
1472450593 7293.831363 7140.361163
1472450617 7289.2890122 7128.3254302
1472450640 7291.3196798 7124.1520194
1472450663 7287.8199628 7130.598969
1472450687 7286.3145108 7128.7100326
1472450710 7285.1886744 7109.4209966
1472450733 7272.7420584 7115.2568916
1472450757 7277.6796222 7099.7251858
1472450780 7273.9667 7116.4650128
1472450803 7278.3894482 7120.479275
1472450827 7273.5532844 7116.5012568
1472450850 7267.1986738 7125.679522
1472450873 7257.6979566 7116.2543582
1472450897 7259.8586268 7100.1104876
1472450920 7265.1368036 7122.770759
1472450943 7262.5497178 7111.5382468
1472450966 7256.2887072 7105.5459098
1472450990 7251.059933 7100.7460836
1472451013 7257.3469436 7116.2228566
1472451036 7241.4448132 7100.833207
1472451060 7249.7364888 7090.8711406
1472451083 7243.5300808 7089.4216536
1472451106 7247.3886108 6993.198082
1472451130 7240.7999898 7067.9587992
1472451153 7238.2675066 7084.0271736
1472451176 7239.3049404 7074.9586362
1472451200 7232.9607298 7059.9054006
1472451223 7230.6180492 7075.6695906
1472451246 7222.5655814 7051.782283
1472451269 7229.9758284 7076.309188
1472451293 7228.5509816 7075.1610046
1472451316 7222.7943892 7069.6795338
1472451339 7224.193236 7070.6802166
1472451363 7222.4043762 7069.1284846
1472451386 7225.737688 7072.8519186
1472451409 7215.64935 6963.6387184
1472451433 7217.8880254 6955.4507828
1472451456 7209.4611446 6879.1882406
1472451479 7204.359773 7052.0944988
1472451503 7205.880825 7027.0297214
1472451526 7190.1424972 7030.3887914
1472451549 7203.2625366 7052.530563
1472451573 7197.4175416 7036.1336032
1472451596 7194.8902558 7042.3494466
1472451619 7173.8113512 7015.6949226
1472451642 6842.4718778 6713.6179786
1472451666 7133.6660096 5607.4620108
1472451689 6900.57082 6569.2973762
1472451712 6893.2203756 6525.992993
1472451736 6885.9791338 6743.5404582
1472451759 7185.3609386 7032.157236
1472451782 7224.4584438 7068.6652218
1472451806 7219.884893 7059.984906
1472451829 7218.4158436 7077.721404
1472451852 7237.045465 7096.291189
1472451876 7218.9982618 6970.7834716
1472451899 7220.8833242 7072.697944
1472451922 7213.5718798 7072.8927698
1472451946 7222.648784 7082.1021336
1472451969 7208.8163212 7051.7354778
1472451992 7207.0066614 7030.9177198
1472452015 7208.1975004 7069.3048738
1472452039 7195.7456844 7043.4586222
1472452062 7200.7014508 7048.7665066
1472452085 7201.9442924 7040.5001342
1472452109 7201.4658768 7047.9936124
1472452132 7194.4768428 7041.1419468
1472452155 7193.863222 7032.574744
1472452179 7196.946926 7033.6560268
1472452202 7187.5944114 7035.4690822
1472452225 7188.8762556 7027.4158448
1472452249 7185.2595334 7033.4066452
1472452272 7185.1737308 7023.6189218
1472452295 7182.8024528 7031.9155062
1472452319 7177.3968708 7016.3392572
1472452342 7180.1503644 7004.249083
1472452365 7170.4260394 7020.3341468
1472452388 7170.2388316 7001.1184308
1472452412 7165.3844704 7013.8883984
1472452435 7164.9242548 7005.60107
1472452458 7170.2804342 7018.9567084
1472452482 7168.553977 7017.4635284
1472452505 7161.960156 4390.1082992
1472452528 7168.3459692 4976.4760526
1472452552 7164.3522366 7014.6963146
1472452575 7158.2524312 7015.2397848
1472452598 7154.4095038 7018.095201
1472452622 7164.4016366 7018.660805
1472452645 7161.577943 7024.6183306
1472452668 7149.094927 7003.9289424
1472452691 7149.1703296 7013.0480758
1472452715 7138.1745604 6983.9039348
1472452738 7139.6436098 7002.9173058
1472452761 7143.1017268 6997.1709756
1472452785 7139.8906176 6986.5513172
1472452808 7122.7768456 6970.3730044
1472452831 7136.9941214 6992.0077032
1472452855 7140.7980488 6995.4218646
1472452878 7128.0576224 6983.7922596
1472452901 7129.5474718 6985.7456994
1472452925 7127.1865938 6964.5912986
1472452948 7119.4903364 6975.6889176
1472452971 7125.6447418 6981.619164
1472452995 7121.1803936 6977.6825846
1472453018 7115.3353986 6980.2755698
1472453041 7113.1487258 6979.5549122
1472453064 7120.0207546 6985.709185
1472453088 7116.6510428 6981.8637668
1472453111 7108.0837542 6973.8696664
1472453134 7107.3739308 6972.6588906
1472453158 7110.6604426 6966.9653586
1472453181 7101.8643462 6967.3937034
1472453204 7112.8679154 6978.679552
1472453228 7100.6137046 6966.7923806
1472453251 7098.4972344 6964.1314002
1472453274 7100.2704942 6957.8700074
1472453298 7097.3349954 6864.402753
1472453321 7098.95225 6952.604347
1472453344 7089.3215276 6943.5710448
1472453367 7089.8831458 6936.176546
1472453391 7094.7505096 6940.4010104
1472453414 7086.8280444 6925.1623116
1472453437 7081.3002598 6936.207122
1472453461 7086.5576366 6941.1613128
1472453484 7088.5415016 6943.2075154
1472453507 7084.4801664 6930.6243552
1472453531 7079.2331922 6916.6101628
1472453554 7076.0740856 6936.6153896
1472453577 7066.9113788 6934.5638882
1472453601 7072.878579 6932.2013358
1472453624 7072.5795686 6939.8724746
1472453647 7067.9592152 6927.5871132
1472453671 7047.5381314 6915.5563594
1472453694 7066.5473684 6934.5826264
1472453717 7062.8526436 6930.1606712
1472453740 7056.1132174 6924.8638082
1472453764 7047.0493158 6913.959806
1472453787 7058.9291136 6915.6203272
1472453810 7046.9531132 6905.6703638
1472453834 7056.19382 6914.6399946
1472453857 7052.660303 6805.274125
1472453880 7022.2600864 6871.6668514
1472453904 6920.7240934 6776.0304534
1472453927 6903.0331032 6760.5107648
1472453950 6896.3456796 6755.9179402
1472453974 6881.1819726 6741.9067378
1472453997 6880.4279466 6748.0528492
1472454020 6791.283967 6664.8664056
1472454044 6792.7608164 6666.6430584
1472454067 6791.7571826 6664.7440392
1472454090 6789.3885046 6663.0836194
1472454113 6801.354105 6674.1404808
1472454137 6793.995858 6666.87684
1472454160 6794.3052684 6666.5644214
1472454183 6784.7577486 6650.1751862
1472454207 6800.3608712 6673.1630524
1472454230 6795.935523 6668.0336814
1472454253 6793.241832 6655.991641
1472454277 6787.5684448 6661.0470654
1472454300 6784.6017434 6657.2508912
1472454323 6786.6974136 6658.9892096
1472454347 6779.7889848 6654.3465326
1472454370 6789.734315 6655.0725254
1472454393 6780.5794108 6654.2858876
1472454417 6780.366203 6653.587577
1472454440 6774.2455976 6647.0458054
1472454463 6772.18893 6644.905358
1472454486 6770.0230572 6549.825113
1472454510 6767.2097636 6641.4750246
1472454533 6768.7412156 6648.7222568
1472454556 6765.8031168 6638.742604
1472454580 6774.2351976 6647.4911594
1472454603 6764.822883 6647.1887144
1472454626 6763.681444 6646.0140994
1472454650 6755.3689684 6544.447234
1472454673 6758.6268776 6632.7651858
1472454696 6748.122524 6630.6626568
1472454720 6752.6752774 6635.165342
1472454743 6749.4381682 6628.5294816
1472454766 6763.6918466 6639.4638232
1472454789 6748.7829474 6615.6420954
1472454813 6747.1474928 6622.0824826
1472454836 6744.1547914 6619.7537432
1472454859 6744.7398122 6620.9494546
1472454883 6742.2099264 6617.2701712
1472454906 6728.998887 6605.0118992
1472454929 6747.6311084 6622.8072456
1472454953 6738.9260172 6614.8959864
1472454976 6742.607742 6609.6394026
1472454999 6743.5255706 6619.9840096
1472455023 6733.4554352 6609.8822452
1472455046 6723.224092 6599.7356074
1472455069 6722.3062634 6599.162466
1472455092 6734.5864716 6509.7017674
1472455116 6733.30983 6609.0010428
1472455139 6735.9697184 6601.2848434
1472455162 6736.1725262 6611.2349238
1472455186 6731.0841546 6607.3624448
1472455209 6729.1184896 6605.5479958
1472455232 6713.094154 6582.8094332
1472455256 6727.2932298 6595.6026812
1472455279 6720.5356036 6594.6615254
1472455302 6725.51997 6600.6119296
1472455326 6722.6442738 6606.2424246
1472455349 6721.8174452 6606.0757516
1472455372 6721.227227 6605.0403692
1472455396 6714.1341904 6597.9930978
1472455419 6694.1863222 6579.0894078
1472455442 6716.8200788 6600.6846594
1472455465 6715.387432 6599.3976126
1472455489 6708.4686006 6592.7019496
1472455512 6705.0962862 6590.150073
1472455535 6700.0547198 6492.242081
1472455559 6698.9808834 6575.7907046
1472455582 6701.1623562 6585.445997
1472455605 6694.4827326 6579.3357812
1472455629 6696.8384106 6582.630249
1472455652 6708.793611 6593.5419264
1472455675 6694.9897508 6571.3488126
1472455699 6694.0667196 6579.2571052
1472455722 6679.9170464 6565.91793
1472455745 6672.6654046 6558.6057238
1472455769 6684.0381842 6569.5803966
1472455792 6688.9991506 6574.6174572
1472455815 6682.8551452 6559.2269782
1472455838 6687.8551116 6574.0603162
1472455862 6684.1265868 6477.40132
1472455885 6671.7787734 6557.6848636
1472455908 6673.5442332 6559.7802556
1472455932 6667.4418278 6553.5625324
1472455955 6665.0471498 6551.2905042
1472455978 6675.4188956 6552.6302036
1472456002 6675.751706 6557.0714508
1472456025 6665.236955 6527.296542
1472456048 6664.1215186 6543.981353
1472456072 6653.8147728 6535.346025
1472456095 6661.6046328 6532.4693486
1472456118 6665.2759576 6545.8437304
1472456141 6662.2676562 6541.8158676
1472456165 6663.5234978 6535.0272338
1472456188 6658.5079314 6538.4988188
1472456211 6650.486661 6522.9786518
1472456235 6648.9838116 6514.7518592
1472456258 6643.6042322 6505.765773
1472456281 6640.2059178 6410.5643212
1472456305 6654.696204 6541.5848056
1472456328 6644.3842582 6523.5233778
1472456351 6642.5511958 6521.538699
1472456375 6644.9146764 6532.4344956
1472456398 6627.507094 6516.0786158
1472456421 6634.2439202 6521.3192382
1472456445 6642.9464114 6513.219466
1472456468 6643.3286218 6527.0265554
1472456491 6632.14565 6514.5577848
1472456514 6627.4264914 6428.3917074
1472456538 6620.7936704 6502.6348582
1472456561 6623.0895458 6505.7743218
1472456584 6619.8368392 6502.4970972
1472456608 6620.7936704 6503.6022324
1472456631 6636.07438 6508.2773548
1472456654 6620.115047 6501.9247332
1472456678 6624.4519926 6506.1022078
1472456701 6618.5991976 6501.6923998
1472456724 6614.7172676 6497.3491674
1472456748 6612.5357948 6496.100676
1472456771 6604.184314 6479.2868998
1472456794 6618.4509924 6501.4321138
1472456818 6625.203416 6507.5415236
1472456841 6622.3459224 6504.3612972
1472456864 6604.7459348 6486.94865
1472456887 6611.6491636 6394.4675158
1472456911 6607.4110232 6489.787135
1472456934 6607.1302128 6489.0835412
1472456957 6605.0215426 6396.7184866
1472456981 6596.2384488 6479.2436748
1472457004 6601.6154282 6483.6363124
1472457027 6587.3747524 6446.385088
1472457051 6589.0570096 6472.6362402
1472457074 6593.685163 6203.5329304
1472457097 6594.9436072 6454.2532704
1472457121 6587.424155 6471.547355
1472457144 6594.6939968 6477.7679746
1472457167 6580.2115132 6455.3602074
1472457191 6576.7117962 6460.7699572
1472457214 6584.2156484 6470.9705554
1472457237 6581.0981444 6463.1339084
1472457260 6581.0253418 6471.3392016
1472457284 6569.577157 6460.256543
1472457307 6574.4991234 6465.32809
1472457330 6577.9000352 6459.6064208
1472457354 6570.9292038 6452.8453626
1472457377 6574.5407234 6464.9443066
1472457400 6569.8215674 6459.7024284
1472457424 6572.9156688 6463.431481
1472457447 6557.9599696 6444.4443388
1472457470 6561.5168892 6447.6528454
1472457494 6564.090975 6441.7952976
1472457517 6560.8798684 6444.9657168
1472457540 6558.8570008 6443.05818
1472457564 6557.3827514 6433.9357212
1472457587 6563.4383542 6448.4320394
1472457610 6562.6401256 6448.3356366
1472457633 6555.3780838 6433.5790064
1472457657 6557.7701644 6443.9053614
1472457680 6554.36925 6439.7444566
1472457703 6558.4773878 6427.6043026
1472457727 6555.0790734 6440.672095
1472457750 6544.7125276 6429.6845028
1472457773 6542.5804548 6428.730074
1472457797 6547.4738186 6426.0953224
1472457820 6459.4036754 6348.6701668
1472457843 6454.9211272 6344.781209
1472457866 6378.4473714 6256.3230444
1472457890 6093.1736372 5999.6386762
1472457913 6342.4517676 6237.193001
1472457936 6397.0717928 6290.172577
1472457960 6531.7328934 6410.4378208
1472457983 6527.544153 6419.4549692
1472458006 6542.5154548 6354.6952612
1472458030 6526.6471244 6419.3908506
1472458053 6525.986701 6418.4477708
1472458076 6525.4952854 6418.1440518
1472458100 6531.5742882 6415.242314
1472458123 6511.948833 6404.090888
1472458146 6519.8998982 6412.0664244
1472458170 6536.839465 6428.6925586
1472458193 6526.753727 6419.4400348
1472458216 6522.7105918 6407.079094
1472458239 6517.5520202 6393.975172
1472458263 6514.4293162 6407.5578242
1472458286 6510.6019862 6403.5911654
1472458309 6517.6482228 6410.5261038
1472458333 6507.9056978 6401.0752364
1472458356 6501.080469 6394.0285006
1472458379 6510.7241914 6395.6511476
1472458403 6508.3685134 6401.7796024
1472458426 6508.7117238 6402.1866974
1472458449 6499.4268144 6376.4339132
1472458473 6505.0378016 6218.0943058
1472458496 6497.9057624 6391.4240806
1472458519 6487.9630296 6382.0422328
1472458543 6493.0540012 6386.648463
1472458566 6498.9587988 6392.4929666
1472458589 6502.266108 6379.4379922
1472458612 6491.8943622 6385.5461228
1472458636 6495.4798818 6388.4365818
1472458659 6484.2761074 6378.5120022
1472458682 6478.888728 6372.6578916
1472458706 6483.3010736 6014.42517
1472458729 6477.8512916 6366.6016778
1472458752 6492.9629986 6342.6060802
1472458776 6484.4373126 6366.0034776
1472458799 6481.6812216 6362.0523356
1472458822 6476.3198422 6365.295157
1472458846 6479.9937644 6369.1463238
1472458869 6478.6599202 6359.680782
1472458892 6479.8143592 6369.9495444
1472458916 6471.7852888 6361.3922294
1472458939 6462.2637716 6352.4662838
1472458962 6465.3812756 6360.6651836
1472458985 6467.8773588 6354.3552748
1472459009 6462.562782 6357.18681
1472459032 6461.2367378 6339.7695556
1472459055 6465.9038938 6352.9811384
1472459079 6465.0614652 6359.4960312
1472459102 6452.2664388 6331.0215176
1472459125 6462.3079742 6349.8227676
1472459149 6457.9580286 6345.3844038
1472459172 6462.8851924 6346.8447068
1472459195 6457.3158052 6347.968835
1472459219 6456.5149792 6347.3118618
1472459242 6446.8764568 6330.1593108
1472459265 6449.5181452 6340.0336064
1472459288 6442.5681138 6333.091934
1472459312 6451.7542206 6341.6032654
1472459335 6440.9846618 6332.1472006
1472459358 6447.5784802 6322.291209
1472459382 6441.197867 6333.1925384
1472459405 6437.4225422 6328.5567956
1472459428 6450.9949946 6325.7648688
1472459452 6450.477579 6341.8220658
1472459475 6438.5483786 6321.7301368
1472459498 6437.3289396 6328.6261428
1472459522 6434.8614564 6229.3574746
1472459545 6436.5775136 6326.9489868
1472459568 6423.2338664 6314.8802574
1472459591 6436.6139136 6328.5608464
1472459615 6435.0850642 6318.0028522
1472459638 6429.7834874 6320.766907
1472459661 6425.7403522 6309.978766
1472459685 6412.4565076 6303.7839072
1472459708 6420.540178 6312.4892116
1472459731 6425.4023392 6317.5595886
1472459755 6409.6172114 6301.787869
1472459778 6413.0155258 6305.5239416
1472459801 6418.1844974 6310.0517636
1472459825 6407.8881542 6299.598812
1472459848 6410.4050374 6286.233447
1472459871 6410.3634374 6302.5011322
1472459895 6403.3848034 6295.638648
1472459918 6406.52051 6291.7571028
1472459941 6412.4877076 6301.235434
1472459964 6390.8211848 6288.5243772
1472459988 6398.2964344 6206.6660942
1472460011 6406.58551 6303.203751
1472460034 6394.3911044 6291.9561614
1472460058 6390.7379822 6288.7285266
1472460081 6386.5050392 6276.0472528
1472460104 6387.909086 6285.282653
1472460128 6392.4618394 6274.4019494
1472460151 6393.5980758 6278.8631672
1472460174 6385.147795 6279.1182116
1472460198 6394.8227174 6288.1068198
1472460221 6385.3506002 6278.7939838
1472460244 6390.6495796 6283.70834
1472460268 6384.7057794 6277.9938104
1472460291 6386.9028522 6255.4637626
1472460314 6386.2528314 6279.2835456
1472460337 6381.4868728 6275.0395552
1472460361 6380.6340442 6274.2086914
1472460384 6376.4037012 6269.5809904
1472460407 6376.5207064 6269.7746982
1472460431 6376.4999064 6271.0424764
1472460454 6372.9065842 6266.9181354
1472460477 6367.0407892 6078.4647482
1472460501 6376.993922 6182.6186266
1472460524 6373.1925946 6177.878369
1472460547 6363.2082618 6257.047212
1472460571 6368.3122308 6255.0637214
1472460594 6360.8213812 6239.730302
1472460617 6370.4625036 6265.4031856
1472460640 6359.6071422 6254.9267898
1472460664 6357.2462616 6237.7305302
1472460687 6348.624373 6240.7694024
1472460710 6361.3517994 6260.3226452
1472460734 6356.8744486 6255.3699104
1472460757 6350.6732432 6249.9779992
1472460780 6346.7965132 6246.4210692
1472460804 6359.3757344 6258.6098198
1472460827 6348.972786 6248.3629702
1472460850 6351.6482744 6235.146606
1472460874 6356.760046 6256.2143462
1472460897 6346.4351002 3767.0829508
1472460920 6329.3031282 6229.3033738
1472460943 6340.2650948 6239.6093916
1472460967 6338.6088402 6238.0711068
1472460990 6342.6909754 6242.1590738
1472461013 6337.711809 6230.2085482
1472461037 6326.3390294 6226.6066278
1472461060 6344.28223 6236.2291836
1472461083 6336.3337622 6235.922251
1472461107 6330.8657802 6215.2572014
1472461130 6330.3561646 6230.3337694
1472461153 6325.0103852 6225.0102512
1472461177 6329.6177386 6229.6480532
1472461200 6317.2257252 6217.7329136
1472461223 6319.399398 6132.3959892
1472461247 6319.8804136 6220.0460608
1472461270 6311.671938 6212.3549228
1472461293 6310.2886938 6211.2131198
1472461317 6318.1669564 6141.553301
1472461340 6308.182621 6201.0959322
1472461363 6324.2173592 6224.8852718
1472461386 6306.1415534 6190.748746
1472461410 6302.2050234 6201.0316134
1472461433 6304.292891 6201.36725
1472461456 6302.4624312 6192.0558544
1472461480 6314.3006264 6202.4896388
1472461503 6304.1498884 6193.1352262
1472461526 6295.8088076 6193.0158758
1472461550 6293.72874 6191.2244628
1472461573 6294.3397608 6192.3271592
1472461596 6292.579501 6190.3722998
1472461620 6297.4494648 6194.9662866
1472461643 6300.767174 6198.0651954
1472461666 6295.8946128 6197.2113138
1472461690 6298.3438934 6199.3299238
1472461713 6298.008483 6024.3413282
1472461736 6293.0449166 6186.6369942
1472461759 6291.7630724 6193.0472526
1472461783 6284.0746176 6185.3158822
1472461806 6287.0543164 6172.5404312
1472461829 6292.9071114 6194.7250586
1472461853 6289.2851918 6191.2911658
1472461876 6286.1208852 6178.2836232
1472461899 6283.8146072 6166.3178798
1472461923 6276.3185576 6174.9988846
1472461946 6280.4760954 6179.5332222
1472461969 6277.8630096 6176.2404392
1472461992 6271.612399 6169.8204022
1472462016 6271.2457886 6169.1115278
1472462039 6275.5879342 6173.030773
1472462062 6261.7684714 6160.7968422
1472462086 6266.7502378 6165.5112558
1472462109 6271.604599 6162.2493764
1472462132 6270.9103756 6169.087431
1472462156 6265.2317858 6164.0737938
1472462179 6265.8116066 6165.1707416
1472462202 6261.6306662 6161.0977194
1472462226 6242.5668292 6142.18137
1472462249 6254.485627 6153.7621002
1472462272 6261.5890662 6151.9478774
1472462296 6260.686835 5985.6518436
1472462319 6255.7726712 6068.3103884
1472462342 6244.7873046 6144.1322332
1472462365 6245.7025332 6145.5455048
1472462389 6244.8991072 6143.9999738
1472462412 6244.0800812 6121.6673128
1472462435 6244.366089 6144.4677528
1472462459 6252.9957776 6152.5265412
1472462482 6242.8372396 6134.6008074
1472462505 6242.3432214 6142.1600448
1472462529 6239.9641434 6124.0140494
1472462552 6237.2106498 6129.8807596
1472462575 6231.901273 6132.6334186
1472462599 6235.9990108 6136.5654454
1472462622 6237.9698758 6140.0960894
1472462645 6226.6048962 6130.4082476
1472462669 6233.1909172 6136.9018126
1472462692 6224.4052234 6121.0103266
1472462715 6217.2783842 6121.2947276
1472462738 6228.6875664 6124.9984874
1472462762 6219.6600648 6123.4398264
1472462785 6228.809769 6133.1533354
1472462808 6215.8483374 6120.244429
1472462832 6206.7454332 6102.5063918
1472462855 6214.7094984 6107.0828182
1472462878 6202.1614798 6103.4049752
1472462902 6212.1146126 6113.390465
1472462925 6205.2087812 6106.7149702
1472462948 6207.9336722 6101.47759
1472462972 6210.476558 6103.8216278
1472462995 6207.775067 6101.165408
1472463018 6207.2862514 6108.9983578
1472463041 6201.3554512 6103.1480458
1472463065 6208.17288 6110.0382616
1472463088 6207.7048644 6023.531696
1472463111 6200.4558226 6094.9032638
1472463135 6201.202046 6088.1834234
1472463158 6206.2904176 6100.7354642
1472463181 6191.5583236 6093.9423402
1472463205 6182.117409 5998.634993
1472463228 6194.4912224 6096.507651
1472463251 6190.1464768 6091.6712818
1472463275 6204.4235552 6106.6847894
1472463298 6195.312851 6097.879372
1472463321 6194.7330302 6097.2356432
1472463345 6195.0684432 6097.7925892
1472463368 6186.2671468 6090.4305306
1472463391 6189.6732612 6095.5126128
1472463414 6181.8730012 6079.9995412
1472463438 6172.5464892 6078.6940838
1472463461 6186.3373494 6091.9819402
1472463484 6180.4143518 6086.0706894
1472463508 6173.542323 6079.2703166
1472463531 6174.714962 6080.3578004
1472463554 6179.361318 6085.0155496
1472463578 6174.704562 6080.51912
1472463601 6163.2823798 6069.4547082
1472463624 6177.2214452 6083.211589
1472463648 6169.1611774 6066.8627136
1472463671 6170.411819 6076.4439112
1472463694 6168.5449566 6059.7817566
1472463717 6167.9287358 6073.943681
1472463741 6164.9308344 6063.5066232
1472463764 6152.2424106 6058.8724664
1472463787 6173.6827282 6072.3089518
1472463811 6161.4415174 6068.129951
1472463834 6153.5606548 6051.821256
1472463857 6155.7239276 6062.6464756
1472463881 6157.200777 6063.7331768
1472463904 6154.0156704 6060.5847926
1472463927 6153.4982522 6060.1819694
1472463951 6143.9351324 6051.1981192
1472463974 6146.5742208 6046.025154
1472463997 6146.2206104 6053.5425964
1472464021 6148.1992754 6055.469667
1472464044 6144.4707506 5957.9141232
1472464067 6140.3912154 6047.1637486
1472464090 6140.856631 5876.5775172
1472464114 6131.6549216 5950.840805
1472464137 6136.8238958 6040.6401484
1472464160 6136.1192724 6040.2294238
1472464184 6137.8249296 6041.7427122
1472464207 6128.2540098 6025.168578
1472464230 6129.210841 6033.600092
1472464254 6137.4765166 6040.3853874
1472464277 6132.320545 6036.5609694
1472464300 6131.4937164 6035.3805486
1472464324 6118.1526718 6023.0285674
1472464347 6118.7766926 6017.4703706
1472464370 6121.3377784 5936.4397352
1472464393 6121.5873862 6028.8939594
1472464417 6118.3684796 6026.3721778
1472464440 6116.5744198 6024.6832828
1472464463 6123.5114512 6031.273534
1472464487 6121.051768 6028.7218394
1472464510 6111.5770508 6019.1475266
1472464533 6113.9015288 6022.353038
1472464557 6117.8796614 6016.849878
1472464580 6113.4049132 6010.9731058
1472464603 6115.4615808 6020.3239642
1472464627 6114.2291392 6019.4775628
1472464650 6104.0810012 6009.440034
1472464673 6109.8687936 6014.8025184
1472464697 6106.1142688 6011.5908606
1472464720 6100.3420764 6005.4641868
1472464743 6097.1049672 5918.0830514
1472464766 6100.3654764 6005.7836956
1472464790 6102.9343622 6008.9022032
1472464813 6100.791892 2655.589573
1472464836 6097.5781828 2210.746148
1472464860 6091.0285644 3496.0478176
1472464883 6091.9853956 5642.0591058
1472464906 6082.3884758 5988.9133928
1472464930 6092.7862242 5998.6388722
1472464953 6085.3213746 5991.99991
1472464976 6089.6687202 5995.6572104
1472465000 6087.59385 5993.578955
1472465023 6091.49138 5998.552248
1472465046 6082.5912836 5988.3543434
1472465069 6082.903294 5989.6213936
1472465093 6086.1794032 5993.0800098
1472465116 6077.9735276 5984.7501194
1472465139 6083.277707 5990.1244208
1472465163 6071.0806988 5978.337768
1472465186 6080.8960264 5987.7576694
1472465209 6067.1259662 5973.8617796
1472465233 6072.5991482 5979.7590372
1472465256 6064.22167 5971.33888
1472465279 6060.7089504 5967.4641416
1472465303 6067.3053714 5973.7778958
1472465326 6059.8535218 5967.3899558
1472465349 6067.1233662 5953.176242
1472465373 6057.8722568 5967.357981
1472465396 6057.8176542 5967.4838236
1472465419 6070.5164806 5980.0000676
1472465442 6068.8342234 5978.6644684
1472465466 6059.5389114 5969.01773
1472465489 6063.2336362 5973.3270194
1472465512 6054.879558 5965.4968256
1472465536 6055.8467892 5966.6483578
1472465559 6054.6351476 5963.9764314
1472465582 6052.8722904 5960.9622852
1472465606 6055.287771 5956.0186192
1472465629 6058.397475 5958.9378654
1472465652 6046.9414902 5954.7754344
1472465676 6043.3741732 5943.3963654
1472465699 6049.884789 5957.3581756
1472465722 6045.0824304 5952.3696336
1472465745 6044.7210174 5952.7142974
1472465769 6049.0267604 5957.1376566
1472465792 6043.2935706 5943.592239
1472465815 6043.9435914 5951.911251
1472465839 6038.4626094 5946.4193152
1472465862 6033.2052326 5941.9799296
1472465885 6041.4605082 5950.0161084
1472465909 6039.778251 5940.795796
1472465932 6029.666513 5687.5244088
1472465955 6029.7367156 5938.719267
1472465979 6029.991526 5938.6559544
1472466002 6021.7128478 5930.0931326
1472466025 6025.8209856 5918.8092002
1472466049 6027.3524376 5935.9319188
1472466072 6026.6114116 5936.1290014
1472466095 6016.403471 5919.211818
1472466118 6024.8927544 5936.0504944
1472466142 6014.4066034 5925.5495364
1472466165 6025.6623804 5937.0024532
1472466188 6010.0176578 5921.915467
1472466212 6011.9209202 5923.3931874
1472466235 6011.322902 5922.8415116
1472466258 6008.9100214 5920.8188468
1472466282 6013.7617826 5917.7200862
1472466305 6006.4165382 5917.930486
1472466328 6006.7779486 5911.3429102
1472466352 6010.4414708 5922.151586
1472466375 6002.4826056 5906.56573
1472466398 6002.8362186 5907.4709148
1472466422 6004.339068 5908.2304606
1472466445 6001.7051796 5906.2828136
1472466468 6005.2152966 5916.7288622
1472466491 5992.9558884 5898.0337858
1472466515 5996.0707924 5908.4677002
1472466538 5981.1904932 5893.667884
1472466561 5989.3027662 5901.5002228
1472466585 5981.8431166 5887.0341452
1472466608 5985.9954544 5898.4722264
1472466631 5990.0125896 5858.7674028
1472466655 5980.8472828 5849.7339368
1472466678 5981.6923114 5843.8771586
1472466701 5981.4583036 5850.4478318
1472466725 5990.9772208 5858.9256934
1472466748 5982.207127 5851.0692084
1472466771 5981.819714 5850.0173212
1472466794 5984.7630128 5830.3753846
1472466818 5981.372501 5847.839686
1472466841 5973.980454 5817.0896628
1472466864 5975.548306 5812.4939704
1472466888 5977.4437684 5829.66449
1472466911 5971.5935734 5741.7947366
1472466934 5971.0215552 5816.368311
1472466958 5975.1114904 5827.0845464
1472466981 5958.1433236 5811.2864992
1472467004 5962.5660718 5807.5153604
1472467028 5933.8819124 5788.8205934
1472467051 5759.9412988 5629.30121
1472467074 5877.7798378 5737.8809124
1472467097 5683.795156 5489.9891332
1472467121 5748.0875036 5600.1731786
1472467144 5729.4760822 5612.2018446
1472467167 5958.5099366 5821.1548772
1472467191 5967.5478382 5836.653316
1472467214 5957.696108 5820.1508976
1472467237 5957.8625132 5820.5108728
1472467261 5964.7943472 5834.7102762
1472467284 5961.4844354 5829.7068258
1472467307 5963.7257108 5818.5112752
1472467331 5952.3243286 5806.9332204
1472467354 5952.599939 5792.5339134
1472467377 5952.6779416 5798.529048
1472467401 5941.5755698 5789.9937706
1472467424 5944.5474686 5798.0844844
1472467447 5950.5120688 5804.871995
1472467471 5943.8350452 5797.3409572
1472467494 5946.4481336 5800.3311028
1472467517 5950.673274 5804.2278268
1472467540 5944.825679 5799.4377272
1472467564 5931.196024 5786.134419
1472467587 5937.072219 5790.8722274
1472467610 5945.577105 5637.5721246
1472467634 5930.1195876 5705.4171148
1472467657 5934.1731228 5791.280352
1472467680 5937.1840242 5785.7870512
1472467704 5933.554302 5789.0809496
1472467727 5933.7597098 5625.8810738
1472467750 5929.9739824 5778.1186918
1472467774 5934.300528 5789.6733336
1472467797 5921.1674886 5769.4470366
1472467820 5926.2090576 5774.5339054
1472467843 5922.7977432 5771.1468308
1472467867 5912.6730052 5762.1437432
1472467890 5917.1035534 5765.8315858
1472467913 5911.1389532 5766.8742664
1472467937 5919.0926184 5775.0666012
1472467960 5912.5144 5608.7786742
1472467983 5904.9637478 5747.2246884
1472468007 5911.1883558 5768.6075772
1472468030 5902.2778568 5759.611962
1472468053 5922.5871354 5780.7051822
1472468077 5906.4717972 5772.1139346
1472468100 5908.9548804 5782.001277
1472468123 5905.4707634 5764.5106922
1472468147 5903.7209062 5777.0341564
1472468170 5902.3584594 5775.680729
1472468193 5909.0068804 5782.291814
1472468216 5906.1363868 5778.1973366
1472468240 5907.106218 5780.0517944
1472468263 5901.1052178 5771.1647214
1472468286 5902.9096776 5760.137396
1472468310 5886.3029238 5744.4130354
1472468333 5885.7881056 5664.0268698
1472468356 5891.7631058 5743.2132186
1472468380 5894.8988098 5752.2319374
1472468403 5896.5316644 5755.2824966
1472468426 5899.1239502 5749.396172
1472468450 5884.8390744 5735.9009188
1472468473 5880.3877262 5741.3800626
1472468496 5884.2280536 5743.0914112
1472468519 5891.1052824 5749.5864322
1472468543 5876.8048066 5736.131947
1472468566 5886.0481134 5737.2911882
1472468589 5883.0970146 5742.7476132
1472468613 5870.1901856 5730.8336904
1472468636 5878.2114534 5729.9416122
1472468659 5879.2436872 5737.5847854
1472468683 5884.2358536 5735.4114116
1472468706 5870.9728116 5731.3606766
1472468729 5870.3201882 5730.8028804
1472468753 5868.7367362 5728.7417018
1472468776 5870.3513908 5723.0652804
1472468799 5859.9900424 5731.547471
1472468823 5872.881274 5748.3325484
1472468846 5868.593731 5744.7428506
1472468869 5853.4664266 5722.6621218
1472468892 5864.4959932 5739.749353
1472468916 5851.069146 5727.0593952
1472468939 5857.7799696 5733.6733454
1472468962 5857.6005644 5733.3089008
1472468986 5863.0217438 5738.8726902
1472469009 5858.6197982 5735.0731568
1472469032 5856.2563176 5732.2889858
1472469056 5847.2886186 5723.5513712
1472469079 5859.7586346 5654.7404498
1472469102 5853.1388136 5729.6866926
1472469126 5854.555863 5730.5967914
1472469149 5847.8996394 5716.6152186
1472469172 5840.4867924 5703.469577
1472469196 5847.577229 5724.0036568
1472469219 5844.878338 5721.6329196
1472469242 5837.6994988 5714.6284598
1472469265 5837.2470832 5713.5623818
1472469289 5849.8419044 5726.7633436
1472469312 5835.7754338 5712.815017
1472469335 5833.170148 5697.1262634
1472469359 5837.3978884 5700.6024894
1472469382 5831.0432752 5693.4105358
1472469405 5831.664696 5694.975182
1472469429 5831.238283 5620.5876194
1472469452 5828.133779 5698.9284066
1472469475 5832.845135 5608.9612176
1472469499 5821.4229554 5283.7484518
1472469522 5821.3761528 5683.02124
1472469545 5825.7052984 5608.564559
1472469569 5815.4895552 5672.1833532
1472469592 5827.1613452 5690.8719738
1472469615 5826.3449192 5682.1444888
1472469638 5815.8041656 5672.2613792
1472469662 5820.351719 5676.6835294
1472469685 5821.7011632 5678.2031488
1472469708 5811.9768382 5668.503659
1472469732 5811.3476174 5256.686578
1472469755 5801.9327028 5667.4976748
1472469778 5802.9649366 5653.0912984
1472469802 5817.1952124 5688.5662886
1472469825 5811.2514148 5682.6738072
1472469848 5813.0688746 5677.649289
1472469872 5802.7153288 5681.9211956
1472469895 5798.4485858 5590.1804218
1472469918 5806.6804614 5678.5047878
1472469942 5803.6747626 5674.9566692
1472469965 5799.75123 5672.162353
1472469988 5799.1870118 5664.3176278
1472470011 5799.8162326 5652.1033842
1472470035 5799.2780144 5657.8127398
1472470058 5799.8396326 5665.5514318
1472470081 5801.5062898 5667.0541902
1472470105 5786.7481958 5651.71256
1472470128 5788.6306582 5654.2805618
1472470151 5789.0570738 5647.7987358
1472470175 5785.1777438 5643.711255
1472470198 5786.6961932 5646.9256168
1472470221 5790.8693336 5650.2507568
1472470245 5787.5022218 5633.3119934
1472470268 5782.1018398 5642.7955662
1472470291 5792.0289726 5650.530054
1472470314 5774.7565954 5635.4768054
1472470338 5777.4320838 5630.7642768
1472470361 5781.6416242 5641.0807934
1472470384 5777.6192916 5629.4503122
1472470408 5776.2568448 5642.8893196
1472470431 5783.5994892 5644.4446136
1472470454 5778.768528 5639.2100596
1472470478 5777.0914734 5615.7361728
1472470501 5770.0634394 5637.5577518
1472470524 5770.0842394 5630.8135988
1472470548 5765.489886 5626.6871466
1472470571 5770.0868394 5558.2134192
1472470594 5763.0770054 5631.221908
1472470617 5769.9100342 5623.4665552
1472470641 5760.2039092 5627.957933
1472470664 5760.9111326 5613.4175188
1472470687 5760.5133196 5627.9385292
1472470711 5752.3698466 5612.7331936
1472470734 5759.5616884 5613.7944512
1472470757 5756.7925948 5627.8377974
1472470781 5751.7484258 5626.8096638
1472470804 5752.5804544 5620.4483842
1472470827 5749.0833374 5631.0074626
1472470851 5756.6209896 5631.6297518
1472470874 5744.0417684 5611.5744308
1472470897 5746.3402464 5621.6328974
1472470921 5757.0760052 5639.0360078
1472470944 5736.738124 5620.0073852
1472470967 5737.4089474 5614.825359
1472470990 5739.868628 5588.6810122
1472471014 5737.6689552 5600.4082394
1472471037 5741.40788 5611.2964752
1472471060 5738.4307812 5609.012045
1472471084 5738.0719682 5601.2750768
1472471107 5729.0938692 5591.5218008
1472471130 5727.4402146 5576.8445954
1472471154 5722.2764404 5586.7496698
1472471177 5724.301908 5582.8274892
1472471200 5721.6550196 5591.5680574
1472471224 5717.7782896 5502.9786786
1472471247 5720.5161832 5586.2095328
1472471270 5715.370609 5502.050437
1472471294 5715.9010272 5574.0064822
1472471317 5717.8588922 4918.1454062
1472471340 5709.4450114 5496.1145512
1472471364 5714.8609934 5579.8479152
1472471387 5711.8734946 5576.4922252
1472471410 5708.698788 5581.086953
1472471433 5710.5188478 5576.2959096
1472471457 5709.7258218 5567.8946622
1472471480 5706.2755074 5579.2207952
1472471503 5702.6587852 5572.9112348
1472471527 5702.2011696 5586.3692534
1472471550 5697.861624 5490.077658
1472471573 5707.8017568 5513.7061668
1472471597 5699.416476 5577.1490996
1472471620 5706.9697282 5591.0531612
1472471643 5694.1252992 5552.0423452
1472471667 5695.144533 2125.8665142
1472471690 5686.1144314 5570.8779724
1472471713 5689.4269432 5574.8361838
1472471736 5694.0316966 5579.3765222
1472471760 5688.8003224 5574.1846836
1472471783 5685.2928054 5570.6060514
1472471806 5687.4300756 5566.1919586
1472471830 5692.5834498 5577.8017594
1472471853 5674.1436336 5560.0335284
1472471876 5681.858091 5567.2754826
1472471900 5681.7020858 5567.1262322
1472471923 5675.7764882 5561.6055196
1472471946 5679.5986156 5564.8972054
1472471970 5673.2206024 5559.0405598
1472471993 5677.5419454 5556.2833638
1472472016 5670.7349192 5542.6612904
1472472039 5683.3661404 5569.1927616
1472472063 5670.7921192 5557.157632
1472472086 5664.6793164 5536.5887746
1472472109 5665.578945 5545.2778368
1472472133 5668.4988438 5555.1115438
1472472156 5671.2029348 5557.415981
1472472179 5669.063062 5554.868124
1472472203 5673.8732232 5552.563341
1472472226 5660.7973864 5547.4579186
1472472249 5660.864989 5541.607266
1472472273 5660.092763 5527.6968838
1472472296 5668.7744542 5544.9361578
1472472319 5661.4474072 5531.0775832
1472472343 5657.6200798 5532.6893726
1472472366 5650.4932432 5519.6371984
1472472389 5659.5467448 5528.1591664
1472472412 5650.3060354 5525.354393
1472472436 5649.598812 5524.6058894
1472472459 5643.6784144 5518.7626416
1472472482 5647.256134 5439.5549988
1472472506 5644.3648378 5509.1380942
1472472529 5644.3362352 5532.1101446
1472472552 5642.1001624 5530.012735
1472472576 5634.5677102 5522.859602
1472472599 5638.4496402 5526.5954224
1472472622 5636.9623908 5510.767652
1472472646 5633.262466 5521.4605212
1472472669 5629.4715386 5517.9093866
1472472692 5643.9176222 5532.1985732
1472472716 5635.7533492 5518.6041586
1472472739 5634.065892 5511.371684
1472472762 5632.3576348 5502.842176
1472472785 5628.3977048 5505.9512794
1472472809 5632.0248244 5508.7791954
1472472832 5634.4871076 5511.7423218
1472472855 5627.9530892 5498.5083218
1472472879 5628.0726918 5504.475847
1472472902 5631.9364218 5501.790593
1472472925 5630.2827672 5508.1851214
1472472949 5623.0467254 5486.4566302
1472472972 5627.435671 5504.610722
1472472995 5634.429905 5426.0898068
1472473019 5621.3540682 5415.2527546
1472473042 5625.6780138 5425.8372558
1472473065 5614.2870316 5486.3859336
1472473089 5628.8813204 5505.865859
1472473112 5612.5865744 5489.531125
1472473135 5619.9838214 5497.199565
1472473158 5616.117494 5409.715155
1472473182 5622.8647176 5494.5662486
1472473205 5610.1164938 5489.3532538
1472473228 5613.1273926 5492.7770846
1472473252 5615.1268602 5494.788507
1472473275 5611.5361406 5485.4756476
1472473298 5613.819016 5494.7660404
1472473322 5617.8387512 5497.173227
1472473345 5611.2891328 5491.7031754
1472473368 5607.157595 3393.7540286
1472473392 5614.7134472 5493.0615428
1472473415 5601.8742182 5479.9503044
1472473438 5598.5227064 5477.9037924
1472473462 5609.2038626 5489.3914426
1472473485 5605.3375326 5485.6767732
1472473508 5603.0390572 5486.1824576
1472473531 5601.0603896 5491.043636
1472473555 5604.6017092 5487.6207048
1472473578 5591.1358594 5481.4469918
1472473601 5606.9313872 5496.6407366
1472473625 5593.8789504 5476.3427784
1472473648 5594.0401556 5484.9951832
1472473671 5593.3511322 5477.0332344
1472473695 5580.761511 5465.5369704
1472473718 5590.2934308 5471.1651748
1472473741 5578.9648512 5450.711331
1472473765 5583.3459968 5457.7752242
1472473788 5579.601872 5459.175787
1472473811 5576.3959654 5456.674405
1472473835 5577.9326174 5458.5609676
1472473858 5579.4328668 5459.4789756
1472473881 5568.4761002 5442.7548994
1472473904 5576.499968 5458.3725716
1472473928 5582.4463682 5455.7071452
1472473951 5579.217059 5459.7316592
1472473974 5577.9170174 5459.3377488
1472473998 5573.3122614 5447.3941444
1472474021 5572.7662432 5454.0762198
1472474044 5578.2758278 5452.8085066
1472474068 5566.0320196 5447.2612142
1472474091 5564.1599572 5437.600246
1472474114 5566.1178222 5292.9111976
1472474138 5572.2644276 5453.6225588
1472474161 5575.7303446 5456.369204
1472474184 5563.6815416 5438.1928952
1472474207 3339.6426128 3297.4983652
1472474231 2251.3476414 2235.3981052
1472474254 4563.4853134 4495.6100644
1472474277 5338.8364276 5226.47463
1472474301 3819.454847 3766.9620014
1472474324 1733.0593202 1723.058337
1472474347 2485.3710622 2462.6874844
1472474371 942.8357094 939.3867236
1472474394 3919.389188 3870.4826602
1472474417 4921.3118734 4838.580578
1472474441 2202.9392242 2186.707003
1472474464 489.9291748 488.6701352
1472474487 5486.4953624 5382.4062344
1472474511 5557.9951518 5442.8003552
1472474534 5559.7788116 5451.862897
1472474557 5556.5104998 5371.7507714
1472474581 5556.591105 5448.4811394
1472474604 5551.1361204 5443.1639106
1472474627 5560.4288324 5452.3583686
1472474650 5556.4116972 5448.2017902
1472474674 5561.9836844 5453.531837
1472474697 5553.4761984 5431.1077158
1472474720 5538.348894 5430.9172294
1472474744 5539.11072 5432.140909
1472474767 5551.7887438 5444.1858146
1472474790 5549.6852736 5442.0751892
1472474814 5539.492933 5418.7419936
1472474837 5538.0940862 5430.5422574
1472474860 5541.450798 5434.2742922
1472474884 5537.8964784 5347.4552404
1472474907 5536.1466212 5428.9461772
1472474930 5532.1866886 5424.8753598
1472474953 5535.587603 5423.4295518
1472474977 5533.7909406 5264.0379376
1472475000 5533.1721198 5409.6626064
1472475023 5527.054117 5411.9441532
1472475047 5530.1196184 5330.866515
1472475070 5523.7000052 5407.3273358
1472475093 5532.6287042 5339.9444956
1472475117 5535.980216 5418.7387124
1472475140 5526.0608832 5402.4785698
1472475163 5522.004748 5397.9068936
1472475187 5527.1737196 5410.86403
1472475210 5515.1977192 5406.917737
1472475233 5519.7244726 5399.6012746
1472475257 5518.7910414 5412.3780594
1472475280 5518.4556284 5406.153363
1472475303 5509.563332 5397.1306454
1472475326 5523.1331844 5410.001974
1472475350 5508.6455008 5402.9937442
1472475373 5504.9533786 5399.206137
1472475396 5504.519163 5398.9991562
1472475420 5505.4785968 5396.1890268
1472475443 5503.330924 5388.477289
1472475466 5506.2716228 5391.6085392
1472475490 5502.2336876 5386.9734074
1472475513 5506.6226332 5391.2890096
1472475536 5504.3969604 5381.1422106
1472475560 5500.5696304 5378.7195228
1472475583 5497.1713186 2070.396731
1472475606 5495.0912484 850.8952608
1472475630 5494.8832406 5382.7982728
1472475653 5500.24722 3221.4069654
1472475676 5502.7745058 0.0
1472475699 3043.1053016 0.0
