1445
1477333904 13741.6802536 12883.0625118
1477333928 13728.8722246 5626.0336418
1477333951 13667.7779836 2670.596643
1477333974 13702.1329302 10287.245319
1477333998 13709.7641876 10523.541444
1477334021 13682.520475 13211.7163672
1477334044 13676.1060618 13121.237116
1477334067 13669.7618486 13157.3023504
1477334091 13653.6465104 12585.4516398
1477334114 13651.4806376 13133.5761726
1477334137 13625.8073796 13168.6827376
1477334161 13619.093956 12963.9332654
1477334184 13613.290561 13090.964549
1477334207 13624.6555432 13139.5835064
1477334231 13594.1175214 13341.8201228
1477334254 13586.018251 13320.9133928
1477334277 13578.1529884 13313.8965856
1477334301 13571.8685778 13135.049096
1477334324 13558.9825462 13310.7701688
1477334347 13543.8656418 13299.2140762
1477334371 13539.0710806 13294.2982978
1477334394 13543.8188392 13282.1261014
1477334417 13537.7216364 13292.425809
1477334440 13506.1643808 13247.419094
1477334464 13504.5523288 13230.5564508
1477334487 13495.6938324 13254.6055252
1477334510 13483.0418086 13225.1091232
1477334534 13473.3174836 13217.911733
1477334557 13464.0637742 13226.0099166
1477334580 13462.9535378 13174.020821
1477334604 13443.4190852 13191.154821
1477334627 13440.2001786 13205.15066
1477334650 7060.2239552 6987.0046896
1477334674 4761.4117278 4736.8449128
1477334697 11646.7304382 11392.690855
1477334720 11599.51806 11371.2541618
1477334744 4585.6094544 4561.2073312
1477334767 5069.7794342 5026.9548862
1477334790 1262.0301772 1259.3072492
1477334813 6399.7732838 6346.15423
1477334837 12276.0944722 11593.7353454
1477334860 5886.8099394 5838.9435754
1477334883 2394.557828 2382.7803194
1477334907 13359.7690902 12916.5658804
1477334930 13354.615716 12918.25054
1477334953 12902.7882178 12386.4500656
1477334977 12864.3173308 12529.727301
1477335000 12266.7601602 11987.8637892
1477335023 12810.6983394 10024.6209336
1477335047 13288.7477164 12865.7028448
1477335070 13286.3062332 12870.0790166
1477335093 13292.5906438 12908.9034542
1477335117 13326.9195904 12948.829738
1477335140 13316.2592342 12961.341211
1477335163 13313.0377276 12743.1833984
1477335186 13290.0711606 12756.541174
1477335210 13290.6327788 12924.452021
1477335233 13272.8455834 12924.1003606
1477335256 13267.2449962 12932.6696772
1477335280 13262.8196506 12901.1379562
1477335303 13251.3350658 12922.650286
1477335326 13243.7896136 12870.211822
1477335350 13214.6972412 12843.7256506
1477335373 13248.5321722 12839.6155784
1477335396 13235.7865458 12859.692781
1477335420 13195.3291938 11234.6338728
1477335443 13184.167022 12802.7273218
1477335466 13204.7519084 12813.016281
1477335489 13166.5696318 12217.657673
1477335513 13165.953411 12612.105337
1477335536 13162.3756914 12781.4223186
1477335559 13136.6374334 12563.7497622
1477335583 13134.4793606 12583.9191868
1477335606 13146.0263454 12796.14687
1477335629 13085.1349122 12741.191554
1477335653 13120.6130978 12744.95482
1477335676 13133.3327216 12755.268461
1477335699 13111.3619884 12063.3825468
1477335723 13097.5243256 9229.2167682
1477335746 13084.258681 9418.5948662
1477335769 13080.722564 12726.667668
1477335793 13077.5192574 12705.1284984
1477335816 13077.8000652 12692.7431696
1477335839 13051.552189 12667.0458772
1477335862 13035.3276456 12690.9841734
1477335886 13032.3609468 12523.406935
1477335909 13033.312578 12668.1506458
1477335932 13028.5596194 12689.8656222
1477335956 13005.0548342 12653.1511522
1477335979 12996.4251456 12677.6941642
1477336002 12993.1126364 12675.28405
1477336026 12981.8802594 12629.5799968
1477336049 12979.4465788 12659.0733204
1477336072 12961.742586 12449.642335
1477336096 12967.0571654 12635.5746348
1477336119 12958.8304898 12623.7808788
1477336142 12924.9539588 12550.65318
1477336165 12958.4820794 12590.4464374
1477336189 12933.9086578 12627.244487
1477336212 12932.0521954 12266.7105002
1477336235 12932.0469954 12305.135076
1477336259 12899.4263034 12550.4408432
1477336282 12891.272433 12593.3377128
1477336305 12883.8257834 12617.4862138
1477336329 12879.3458326 12579.6169018
1477336352 12874.0104558 12579.7896614
1477336375 12870.7863466 12571.501865
1477336399 12857.8951176 12545.6845332
1477336422 12826.9046802 12532.8573916
1477336445 12853.0511538 12361.8751074
1477336469 12842.7704106 12526.5634832
1477336492 12807.5496328 12317.862167
1477336515 12809.3358926 12503.2705668
1477336538 12817.4793656 12492.6399338
1477336562 12812.5340018 12493.0911768
1477336585 12808.5974692 12519.9979528
1477336608 12801.028617 12481.2111944
1477336632 12805.4539652 12323.579255
1477336655 12976.1834696 12668.5900978
1477336678 12952.9204922 12648.269101
1477336702 12943.5809802 12687.5477066
1477336725 12760.5374624 12461.041047
1477336748 12736.3774564 12471.2117556
1477336772 12735.4804252 12485.821192
1477336795 12712.5970608 12466.7146292
1477336818 12699.3730188 12452.385855
1477336841 12681.994039 12406.8281402
1477336865 12685.8733664 10928.8512996
1477336888 12672.324314 12411.0125178
1477336911 12683.6866936 12437.6659732
1477336935 12664.4538514 12422.6413454
1477336958 12666.7887294 12406.7351408
1477336981 12639.1940064 12366.8822394
1477337005 12655.9151654 12413.6140076
1477337028 12649.76076 12409.2563634
1477337051 12635.1222712 12379.6495082
1477337075 12629.087471 12389.4213326
1477337098 12640.793061 12368.8458868
1477337121 12652.9224666 11644.8485218
1477337145 12627.0204008 11333.7261336
1477337168 12636.528918 12380.2985982
1477337191 12626.5809852 12372.1398294
1477337215 12618.5519174 12206.214293
1477337238 12619.7037564 12158.1477186
1477337261 12599.4490804 10940.0823714
1477337284 12594.7169218 12355.1392666
1477337308 12593.4636802 11579.1927576
1477337331 12602.1921714 12.5802456
1477337354 12595.3669426 0.0
1477337378 12596.6435842 0.0
1477337595 29399.7129504 27446.5889672
1477337618 12505.7419474 6617.366132
1477337642 12519.1609972 11634.685582
1477337665 12501.181394 12072.3695976
1477337688 12498.5813082 12183.7722916
1477337711 12488.9687858 12060.695517
1477337735 12465.7994136 12215.896979
1477337758 12469.0443202 12205.7738816
1477337781 12473.178458 12210.5060168
1477337805 12465.6720084 12187.9129892
1477337828 12455.5342704 12206.606477
1477337851 12442.5624362 12196.271477
1477337875 12430.9426488 12172.5574672
1477337898 12427.3181266 11979.4840074
1477337921 12411.4159962 12134.5300674
1477337945 12380.534764 12106.5068826
1477337968 12395.6750684 12135.7704338
1477337991 12400.5216322 12140.058294
1477338015 12374.759969 12132.6495758
1477338038 12158.5133436 11937.3159672
1477338061 12033.0825498 11787.4862014
1477338084 11839.849294 11648.1299376
1477338108 11598.6236314 11228.9641308
1477338131 11927.2902164 11568.8555242
1477338154 12383.1426498 12163.676356
1477338178 12392.617367 12172.6614438
1477338201 12383.7770706 12164.3089438
1477338224 12374.0397456 12125.2284842
1477338248 12346.0940122 12129.2368392
1477338271 12362.9529764 12114.5458486
1477338294 12351.2941864 12097.6817364
1477338318 12359.2686516 12119.8245792
1477338341 12340.4466224 12058.2153406
1477338364 12336.5464924 12038.3836976
1477338387 12325.704131 12025.5577546
1477338411 12322.5606244 12038.2588378
1477338434 12292.246213 12015.0722484
1477338457 12320.1685464 12044.7555436
1477338481 12315.2751826 12027.3698064
1477338504 12312.4072864 12032.1951048
1477338527 12289.7345272 11999.1948206
1477338551 12292.4022182 12003.7761324
1477338574 12289.4121168 11985.6947158
1477338597 12263.9260666 11995.1703274
1477338621 12259.0769028 11931.777117
1477338644 12266.0815368 11990.8542988
1477338667 12251.2558428 11967.536139
1477338691 12262.6234224 11990.5373822
1477338714 12245.3588452 11954.1038448
1477338737 12230.2757408 11962.2604114
1477338760 12229.1031018 11949.334969
1477338784 12188.7341524 11730.1404792
1477338807 12226.3236082 11939.0489452
1477338830 12215.9024598 11767.8652312
1477338854 12205.0548984 11912.600869
1477338877 12222.6808886 11926.258578
1477338900 12182.0831314 11888.6367912
1477338924 12183.3961756 11906.49551
1477338947 12178.5158118 11900.9405788
1477338970 12169.8783232 11908.0534014
1477338994 12177.5537806 11916.1255954
1477339017 12169.2543024 11916.7168978
1477339040 12157.8737228 11928.2123142
1477339064 12160.2268008 11928.6091782
1477339087 12137.7568494 11862.108401
1477339110 12121.9769216 11879.007348
1477339133 12104.9255522 11863.474805
1477339157 12126.950888 11899.1487836
1477339180 12124.4626048 11897.9490448
1477339203 12116.5349396 11890.0076022
1477339227 12110.9083524 11868.7626928
1477339250 12090.799279 11814.9119504
1477339273 12096.8132818 6005.693044
1477339297 12078.7946786 11827.4095524
1477339320 12091.0306868 11794.7079484
1477339343 12072.512868 11805.6333876
1477339367 12057.2217584 11458.1562524
1477339390 12070.4588004 11467.8081908
1477339413 12061.5041014 11433.8831048
1477339437 12040.3055916 11778.457704
1477339460 12034.4267966 11776.206637
1477339483 12036.9956824 11790.9952394
1477339506 12037.471498 11792.7827654
1477339530 12031.1454874 11603.8368212
1477339553 12030.7190718 11605.5886882
1477339576 12007.91631 11755.861455
1477339600 12011.9620452 11779.41453
1477339623 11995.3552914 11155.25268
1477339646 11997.5289616 10080.808582
1477339670 11997.3547564 11764.5115848
1477339693 11982.274252 11765.7769294
1477339716 11991.6969666 11744.5308604
1477339740 11965.8209034 11750.2896368
1477339763 11953.7773004 11740.1082188
1477339786 11946.9078716 11702.8956252
1477339809 11971.377288 11754.8344914
1477339833 11954.5495264 11723.1234718
1477339856 11965.6960982 11750.9209662
1477339879 11936.4477206 11723.4115388
1477339903 11937.2329466 11543.8568414
1477339926 11915.5066212 11689.1405904
1477339949 11899.744896 11687.7781644
1477339973 11921.2606136 11708.7881924
1477339996 11912.584125 11685.20821
1477340019 11906.398517 11679.4678078
1477340043 11886.1074384 11645.3777856
1477340066 11892.753262 11682.7063106
1477340089 11883.7413604 11660.0760354
1477340113 11874.089838 11664.1896748
1477340136 11868.3904482 11480.1155196
1477340159 11856.593853 11647.67019
1477340182 11869.846495 11661.9345284
1477340206 11853.7207568 11615.9150822
1477340229 11842.5013824 11637.1929648
1477340252 11849.7010216 11613.8004658
1477340276 11826.8254572 11622.1739868
1477340299 11830.9933976 11611.1069776
1477340322 11833.6064834 11609.2102594
1477340346 11828.2919066 11577.3885448
1477340369 11822.9955298 11586.2662058
1477340392 11796.9582588 11574.3300582
1477340416 11805.2031344 11569.343903
1477340439 11796.5578458 11089.3044392
1477340462 11751.563343 11521.579355
1477340485 11774.0982944 10515.9147678
1477340509 11779.6520816 11560.179852
1477340532 11778.1336296 11544.7819682
1477340555 11757.4655406 11535.4849142
1477340579 11748.4120364 11530.378821
1477340602 11748.7734494 11533.0267078
1477340625 11742.7828492 11526.7941412
1477340649 11748.474439 11528.4385606
1477340672 11729.1271916 11510.5931486
1477340695 11725.6768772 11479.5233488
1477340719 11722.7387784 11492.9141418
1477340742 11730.146428 11501.2478438
1477340765 11712.9364508 11325.3564424
1477340789 11701.3192634 11499.8073554
1477340812 11698.5319698 6908.0566594
1477340835 11695.3988658 11453.023153
1477340858 11691.1685228 11469.4819642
1477340882 11684.0026836 11481.1304426
1477340905 11668.311161 11456.004417
1477340928 11663.4593972 11437.4132626
1477340952 11675.0583846 11478.2238948
1477340975 11676.1712236 11464.32638
1477340998 11659.0938516 11448.0708238
1477341022 11652.6950384 11442.3436192
1477341045 11643.6051342 11272.5321124
1477341068 11644.1303524 11419.9635134
1477341092 11643.867742 11434.7758382
1477341115 11633.5791988 11379.0109498
1477341138 11628.3348246 11419.0420032
1477341162 11620.500762 11411.1800478
1477341185 11606.0156784 11047.5074892
1477341208 11609.8404058 11403.2947392
1477341231 11596.4577586 11199.079424
1477341255 11589.9861428 11384.6790408
1477341278 11590.0693454 11384.4780088
1477341301 11586.9024388 11368.9813536
1477341325 11577.9737398 11359.8925258
1477341348 11561.0445756 11358.4025932
1477341371 11571.0029084 11063.6608004
1477341395 11561.1771808 11341.4511444
1477341418 11553.5459234 11335.166115
1477341441 11558.3118846 11298.0639954
1477341465 11542.0405412 11327.2783078
1477341488 11530.995372 11314.8269572
1477341511 11525.6833926 11298.179451
1477341534 11527.4696524 11327.1845284
1477341558 11518.7359612 11320.0340162
1477341581 11515.4182494 11288.1602366
1477341604 11507.3397816 11148.8420342
1477341628 11490.6342226 11292.464599
1477341651 11494.47195 7531.9224604
1477341674 11514.9502338 10503.9210042
1477341698 11484.5812198 11285.8938946
1477341721 11480.818895 11268.2832028
1477341744 11466.1934062 11269.7315666
1477341768 11461.9734632 11270.6995466
1477341791 11461.6432528 11278.3788988
1477341814 11455.6500526 7973.9720632
1477341838 11452.6547538 11142.0668008
1477341861 11440.816556 11259.1125452
1477341884 11441.136369 11259.855581
1477341907 11437.670452 11226.8767832
1477341931 11423.6039814 9818.1132712
1477341954 11411.612381 9286.6826624
1477341977 11422.0517294 11225.0802742
1477342001 11408.5676796 9533.4428956
1477342024 11379.2204994 11174.0169424
1477342047 11423.684584 11217.9423252
1477342071 11402.0778638 11209.0454736
1477342094 11386.0899282 11195.5032202
1477342117 11384.5298762 11152.3002604
1477342141 11379.7847176 11187.0093478
1477342164 11369.3531692 11179.5591388
1477342187 11366.0536574 11175.5299864
1477342211 11360.1618624 11172.118672
1477342234 11361.2746988 11171.4887232
1477342257 11350.7989478 11160.1202492
1477342280 11353.8228492 11163.9357674
1477342304 11339.634176 11150.5275986
1477342327 11332.658142 11131.9230308
1477342350 11329.6784432 11108.8479658
1477342374 11330.695077 11110.6883524
1477342397 11328.0351886 11136.9143184
1477342420 11313.7945128 11137.372259
1477342444 11314.4601336 11138.141989
1477342467 11295.6199044 11119.689698
1477342490 11306.8574814 11131.4369088
1477342514 11292.0525848 11088.5853156
1477342537 11297.5387694 11122.6922352
1477342560 11279.6995714 11104.491281
1477342583 11283.4410988 9731.1316024
1477342607 11288.1888574 11099.6396914
1477342630 11262.8952098 11088.8141052
1477342653 11272.385527 11097.6576542
1477342677 11266.108919 11077.711177
1477342700 11257.606633 11084.0250742
1477342723 11244.4657962 11057.3848398
1477342747 11252.4142614 11064.6594942
1477342770 11244.8740092 11042.8632184
1477342793 11248.7637392 11047.7074578
1477342817 11232.7524036 11060.0552114
1477342840 11232.0789802 11045.3794542
1477342863 11227.2792216 11054.958668
1477342887 10893.7842754 7913.367813
1477342910 10833.6858656 692.6101806
1477342933 10672.3504758 10511.2164144
1477342956 10738.7306936 10588.154551
1477342980 10944.2701628 9483.3022934
1477343003 11192.8176698 11022.288823
1477343026 11192.8410698 11022.5891594
1477343050 11181.2446824 10842.1947504
1477343073 11166.0315728 10982.8542668
1477343096 11156.5308556 10987.9043768
1477343120 11153.0155386 10978.3851684
1477343143 11152.14451 10977.118581
1477343166 11145.0930734 10957.1453186
1477343190 11129.3521482 10940.3442824
1477343213 11134.253312 3929.2902532
1477343236 11136.6635926 8608.0389148
1477343260 11123.4785506 10935.565511
1477343283 11119.456218 10930.596157
1477343306 11110.2961112 10923.2459518
1477343329 11112.854597 10939.5191152
1477343353 11103.3434798 10929.718293
1477343376 11099.656555 10912.1714832
1477343399 11101.4220148 10914.9498302
1477343423 11072.4518476 10734.6849116
1477343446 11058.5023796 10873.7248984
1477343469 11083.8298272 10911.5293144
1477343493 11080.3353102 10894.6148662
1477343516 11069.4695462 10898.4015946
1477343539 11056.1727016 10872.5197438
1477343563 11052.1243664 10869.8425836
1477343586 11051.6147508 9579.5000886
1477343609 11049.2304702 10871.3373392
1477343632 11036.7006516 10874.0279518
1477343656 11040.6683842 10670.2725324
1477343679 11033.5779476 10871.2965114
1477343702 11026.3081032 10851.136868
1477343726 11022.600381 10860.0549044
1477343749 11013.5520768 10837.6017802
1477343772 11012.7486508 10851.0985674
1477343796 11015.197934 10670.6061878
1477343819 11004.8053856 10837.4232902
1477343842 10986.6567798 10820.4014828
1477343866 10990.8897202 10825.1285012
1477343889 10995.7102814 10724.142793
1477343912 10993.809619 10747.0326054
1477343936 10986.427972 10726.0727652
1477343959 10974.2699638 10730.3111344
1477343982 10984.2516992 10698.9466844
1477344005 10974.0749586 10720.3050734
1477344029 10953.2352618 10711.6982804
1477344052 10959.3844672 10720.3980078
1477344075 10951.407402 10686.6016296
1477344099 10962.1847608 10723.346855
1477344122 10944.2103602 10707.926203
1477344145 10931.1527234 10695.7591078
1477344169 10936.633708 10646.10378
1477344192 10928.6098402 10690.9780874
1477344215 10915.1985904 10664.0371214
1477344239 10917.205858 10683.3939368
1477344262 10897.9028132 10663.9317096
1477344285 10918.1314892 10684.1184034
1477344309 10892.7988416 10648.9784596
1477344332 10894.6917066 10647.229554
1477344355 10890.2507558 10660.128752
1477344378 10875.591467 10646.7651134
1477344402 10874.7282384 10644.7954678
1477344425 10870.2794902 10624.6639096
1477344448 10865.5239316 10636.0777952
1477344472 10850.8074376 10622.9437808
1477344495 10847.9187414 10606.2475402
1477344518 10843.9094088 10615.974707
1477344542 10854.182352 10629.5458178
1477344565 10844.2188192 10476.675989
1477344588 10836.8553722 10632.0124092
1477344612 10832.9994448 10614.3452038
1477344635 10827.339055 10623.292472
1477344658 10833.3582552 10483.4272322
1477344681 10815.4410572 10612.4720754
1477344705 10808.4234232 10592.649067
1477344728 10804.9055036 10603.8639824
1477344751 10787.8541342 10425.6052108
1477344775 10813.0983792 10298.1619338
1477344798 10792.323685 10557.3750542
1477344821 10784.193212 10550.0932368
1477344845 10784.6118276 10564.8187086
1477344868 10762.9973048 8999.8184978
1477344891 10766.1798114 10543.8302684
1477344915 10761.3826502 10525.8502258
1477344938 10748.7202264 10529.1353388
1477344961 10761.9104684 10527.4441038
1477344985 10764.9135672 10547.9165428
1477345008 10743.2132418 10512.824088
1477345031 10747.1211744 10530.2135198
1477345054 10742.7062262 10526.2178814
1477345078 10729.0479686 10514.6307864
1477345101 10727.0771036 10520.277443
1477345124 10714.2248746 10519.2479262
1477345148 10710.665355 10515.9851446
1477345171 10710.270142 10503.0903354
1477345194 10706.786025 10364.697304
1477345218 10704.4849496 10497.1871784
1477345241 10699.0923676 10491.7120594
1477345264 10684.591684 10491.803504
1477345288 10694.5578168 10501.5632176
1477345311 10682.7612216 10489.373427
1477345334 10687.2385724 10468.6301616
1477345358 10680.5251488 10474.6410522
1477345381 10671.6640524 10467.143141
1477345404 10661.0660988 10469.404595
1477345427 10653.1852336 10463.6582128
1477345451 10662.4779456 10471.2915424
1477345474 10650.33554 10419.9966312
1477345497 10641.8930566 10438.7189764
1477345521 10631.721516 10442.6105706
1477345544 10636.1520642 10446.4270066
1477345567 10628.9160224 10412.6549228
1477345591 10615.0107596 10427.0884926
1477345614 10617.7798506 10416.6376886
1477345637 10611.6696478 10423.5683526
1477345661 10616.2431986 10414.2200344
1477345684 10592.4758056 10380.0769306
1477345707 10610.5932114 10408.3080608
1477345730 10609.152762 10408.453276
1477345754 10610.8168192 10423.520536
1477345777 10580.8482156 10395.161868
1477345800 10581.2538312 9575.9496638
1477345824 10583.1700936 10384.535031
1477345847 10568.8124152 10371.2559626
1477345870 10571.8545166 10359.7818246
1477345894 10557.413633 10357.6224856
1477345917 10553.6877082 10206.4484418
1477345940 10554.3481316 10352.5907082
1477345964 10555.073555 10353.9656454
1477345987 10546.6908742 10346.790454
1477346010 10553.6799082 10339.6241338
1477346034 10540.4298662 10341.548997
1477346057 10539.3768298 10074.0654404
1477346080 10526.285393 9770.7901538
1477346103 10518.08732 10220.9715374
1477346127 10531.6571724 10263.7076854
1477346150 10514.595403 10302.4826268
1477346173 10511.7015068 10158.1230218
1477346197 10516.1034524 10317.1445078
1477346220 10494.2731244 10286.186898
1477346243 10493.6829036 10298.3491156
1477346267 10509.561634 10275.0306152
1477346290 10501.1399532 10315.7220218
1477346313 10472.3309912 10280.6913066
1477346337 10468.1942508 10264.2668336
1477346360 10466.727804 10275.5018652
1477346383 10466.9436092 10275.5468036
1477346407 10468.2800534 10290.0340764
1477346430 10456.1792504 9653.4601592
1477346453 10447.9499748 10269.8977654
1477346476 10445.2224838 10267.6076412
1477346500 10437.2636186 10258.557894
1477346523 10437.0764108 10246.8061904
1477346546 10414.8482698 10226.4052488
1477346570 10430.8882054 9938.1662666
1477346593 10431.0676106 9954.2936142
1477346616 10417.6251608 10229.3552608
1477346640 10372.9764684 10186.7999324
1477346663 10373.3300814 10044.6376082
1477346686 10386.4917208 10201.5635176
1477346709 10390.142243 10205.2544386
1477346733 10397.7370978 10198.6204892
1477346756 10390.6648612 10204.8975184
1477346780 10385.5842896 10188.093825
1477346803 10367.2848786 10169.5001226
1477346826 10376.4657854 10047.9758522
1477346849 10370.8703982 10161.7332778
1477346873 10371.1824086 10175.029852
1477346896 10366.4788526 10170.1515318
1477346919 10361.9677018 10164.6391678
1477346943 10343.3718804 10162.3877446
1477346966 10342.0562362 10160.4380982
1477346989 10343.5408856 10147.9511146
1477347013 10339.604353 10159.273098
1477347036 10329.9944332 10122.642569
1477347059 10329.6720228 10149.6180266
1477347083 10314.4823158 10135.081424
1477347106 10309.2925416 10129.5819482
1477347129 10309.8021572 9975.6309042
1477347152 10302.971731 9996.7420124
1477347176 10303.2499388 9869.5006852
1477347199 10316.4713808 10033.2788712
1477347222 10298.6269854 10003.8425396
1477347246 10291.752354 10005.9428638
1477347269 10271.515878 9982.245806
1477347292 10269.1992 10008.0967584
1477347316 10275.0467976 10023.851812
1477347339 10276.8902574 10026.1399992
1477347362 10258.9314568 9727.384459
1477347386 10250.884189 9859.9395362
1477347409 10258.245036 10006.4903744
1477347432 10248.952324 10011.705795
1477347456 10242.340303 9991.5024248
1477347479 10238.8925886 9973.738333
1477347502 10247.5612772 9949.2125902
1477347525 10245.444807 9965.606131
1477347549 10244.2279654 8025.0871454
1477347572 10227.3014012 7006.103208
1477347595 10219.0409256 9939.703696
1477347619 10215.2395982 9943.4972962
1477347642 10213.2687332 9904.4994672
1477347665 10214.1683618 9948.667404
1477347689 10204.3140316 9890.1382632
1477347712 10211.576076 9780.9420124
1477347735 10198.8642496 9935.8063012
1477347759 10191.9766208 9905.0510286
1477347782 10171.89875 9888.6170708
1477347805 10176.968919 9916.1938356
1477347828 10165.9081498 9160.5187154
1477347852 10161.2539938 9922.8628278
1477347875 10153.0481182 9918.5210488
1477347898 10157.0158508 9934.6262808
1477347922 10166.3475628 9943.227905
1477347945 10152.2940948 9916.9596396
1477347968 10140.2686918 9919.08931
1477347992 10135.0243176 9915.2969786
1477348015 10143.2041906 9909.6659012
1477348038 10138.0274164 9916.1954918
1477348062 10131.1917902 9897.5380712
1477348085 10125.23239 9904.093914
1477348108 10132.1044188 9885.2064766
1477348132 10134.0102838 9913.3692424
1477348155 10128.7919096 9883.0617626
1477348178 10106.4545634 9890.4094198
1477348201 10100.305358 9857.16901
1477348225 10095.664202 9866.8717966
1477348248 10063.2723178 9836.6196474
1477348271 10066.4210244 9836.9548836
1477348295 10064.171949 9848.911735
1477348318 10055.5500604 9843.3325952
1477348341 10039.4087222 9816.8792956
1477348365 10037.9370728 9801.1338516
1477348388 10029.5985946 9379.682455
1477348411 10026.1482776 9813.6300028
1477348435 10034.4919584 6585.4693866
1477348458 10045.5631276 6287.2167878
1477348481 10027.3261166 9666.3509852
1477348505 10030.6074284 9681.6423522
1477348528 10020.19148 9785.823411
1477348551 10029.910605 9783.095842
1477348574 10028.8263686 9779.7289356
1477348598 10020.19928 9785.8321314
1477348621 10021.0781086 9773.6322632
1477348644 10024.3750204 9774.1121712
1477348668 10008.4208848 9756.3884652
1477348691 10008.6470926 9745.0367196
1477348714 9990.631092 9754.7228194
1477348738 10000.6674274 9590.5718376
1477348761 9992.3991492 9755.6603404
1477348784 9983.4496502 9748.9491996
1477348808 9991.819331 9754.373148
1477348831 9993.2077778 9733.7442852
1477348854 9984.3570814 9738.4642108
1477348877 9978.4496838 9733.5378296
1477348901 9979.1257072 9734.5338246
1477348924 9979.9603358 9720.346441
1477348947 9975.441385 9725.0082488
1477348971 9973.54592 4731.467858
1477348994 9960.0020676 9712.5738268
1477349017 9951.1461712 9707.6170516
1477349041 9945.2491736 9727.2839612
1477349064 9941.8560618 9700.8656342
1477349087 9936.619485 9733.6494008
1477349111 9946.2164074 9729.2091442
1477349134 9942.40208 9739.8854332
1477349157 9944.5367502 9731.626242
1477349181 9923.717856 9587.2597886
1477349204 9930.9694978 9718.8243568
1477349227 9924.913895 9726.3515648
1477349250 9900.785089 9701.6442484
1477349274 9903.119967 9659.3698786
1477349297 9915.2675726 9678.715735
1477349320 9896.0763304 8863.7591874
1477349344 9906.1334684 9667.8409074
1477349367 9904.7502216 9529.4632732
1477349390 9883.4425092 9646.3428308
1477349414 9894.0534628 9655.4377608
1477349437 9883.1694988 9636.4143642
1477349460 9874.2772024 9653.1170528
1477349484 9872.37654 9653.2265908
1477349507 9854.9767576 9622.6275392
1477349530 9879.2849714 9647.6945682
1477349553 9855.1795654 9625.764161
1477349577 9874.5840128 8128.5515818
1477349600 9833.4610374 9619.0076242
1477349623 9841.1260948 9628.1196674
1477349647 9831.2119646 9615.1796182
1477349670 9826.8490164 9548.0874632
1477349693 9825.72058 9596.2500114
1477349717 9824.6987462 9598.9636132
1477349740 9833.3908374 9605.8560806
1477349763 9824.5115384 9609.1822814
1477349787 9824.2775306 9582.088009
1477349810 9818.346733 9599.9587424
1477349833 9811.739912 9575.2582848
1477349857 9798.52627 9575.569978
1477349880 9794.191927 9583.47572
1477349903 9779.7536434 9567.6460906
1477349927 9792.681275 9569.251692
1477349950 9772.3095938 8331.6094186
1477349973 9768.8592794 9546.7774402
1477349996 9777.1743576 9555.8341814
1477350020 9766.948217 9564.9536372
1477350043 9779.9200486 9591.2587758
1477350066 9771.9065808 9422.9350566
1477350090 9766.7948118 9577.2087242
1477350113 9759.4235648 9535.1587656
1477350136 9754.4469984 9554.0584516
1477350160 9753.8827802 9567.7276968
1477350183 9729.4159612 9544.4767626
1477350206 9730.442995 7905.4552668
1477350229 9744.5302656 9295.0316238
1477350253 9729.7097716 9520.9463882
1477350276 9723.4617636 9494.1687178
1477350299 9727.9157118 9511.9120642
1477350323 9711.1477502 9374.5794818
1477350346 9701.4312252 9487.0163544
1477350369 9704.4525266 9500.8750876
1477350393 9219.655926 9039.938284
1477350416 9596.5281204 9392.7865252
1477350439 9394.6183734 9215.5788296
1477350463 9277.1802474 9108.3638308
1477350486 9364.2025568 9189.0348108
1477350509 9736.8444108 9533.2892642
1477350533 9748.0741852 9543.31989
1477350556 9742.9312136 9538.5324606
1477350579 9725.9630468 9533.2033628
1477350602 9728.056117 9530.8944822
1477350626 9708.4644618 9525.1265512
1477350649 9719.124818 9535.3744538
1477350672 9707.3438228 9523.6177868
1477350696 9710.2507216 3081.3382626
1477350719 9704.774937 4062.2333284
1477350742 9698.893542 9516.2302482
1477350766 9699.2445524 9517.870596
1477350789 9693.5893652 9510.9824342
1477350812 9699.2497524 9517.8444972
1477350836 9683.6388324 9367.9737372
1477350859 9681.7095674 8629.4708344
1477350882 9663.3399538 9473.0466012
1477350906 9670.8022034 9480.9747682
1477350929 9673.9665074 9360.4290416
1477350952 9675.4147568 9482.9591402
1477350975 9662.8433356 9482.7948514
1477350999 9660.3576524 9481.2330418
1477351022 9661.4158888 9481.1969668
1477351045 9651.7513664 9461.3900342
1477351069 9645.6905636 9467.6422906
1477351092 9640.6827972 9461.852842
1477351115 9632.5991268 9455.1784236
1477351139 9631.3016826 9442.811794
1477351162 9620.1837108 9442.6201714
1477351185 9631.6916956 9440.9737058
1477351209 9633.1321424 9456.6945954
1477351232 9621.1665446 9444.5170144
1477351255 9614.7157288 9438.121225
1477351278 9620.1317082 9327.0554234
1477351302 9608.1843104 9433.1295994
1477351325 9595.2488788 9420.0669394
1477351348 9598.0777724 9409.1310638
1477351372 9594.1594424 9404.967806
1477351395 9596.22911 9403.520009
1477351418 9589.8172968 9386.2061384
1477351442 9577.7216912 9373.2726906
1477351465 9573.3899482 9358.2104564
1477351488 9573.1325378 9266.4808392
1477351512 9562.0509686 9360.0044642
1477351535 9569.2844104 9367.7131158
1477351558 9561.0993374 9334.3161678
1477351582 9556.0759684 9367.2641452
1477351605 9554.3599112 9356.2197092
1477351628 9550.0333656 9349.6972842
1477351651 9539.807225 9353.1671948
1477351675 9542.3813108 9355.3114772
1477351698 9535.2622716 9338.2137238
1477351721 9539.4822146 9342.7611602
1477351745 9542.0094978 9342.3658926
1477351768 9522.9300608 9313.7647122
1477351791 9522.4308452 9323.569242
1477351815 9529.718887 9358.6385438
1477351838 9532.2643728 9362.189265
1477351861 9526.0137648 9355.6049028
1477351885 9515.9930294 9310.7145118
1477351908 9507.4569434 9338.0734226
1477351931 9515.9228268 9346.2107518
1477351955 9507.144933 9337.7057514
1477351978 9501.3649406 9332.6949118
1477352001 9504.773655 9329.8930556
1477352024 9500.6525172 9162.8885504
1477352048 9489.4591428 9307.5661016
1477352071 9484.6983816 9159.3357102
1477352094 9480.4810412 8562.1714958
1477352118 9484.599579 9290.8778768
1477352141 9474.2902358 9160.7912396
1477352164 9461.8800198 9139.797446
1477352188 9472.8263864 9291.8062692
1477352211 9469.0666616 9288.4828166
1477352234 9451.3548688 9272.107949
1477352258 9455.424004 9276.3035274
1477352281 9446.7865154 9243.8970468
1477352304 9443.0527906 9263.912138
1477352328 9435.4891384 9257.9974786
1477352351 9432.496437 9127.152567
1477352374 9437.907219 9248.4905682
1477352397 9432.439237 9241.9679768
1477352421 9427.4808706 9236.2236382
1477352444 9420.9416522 9242.4934186
1477352467 9415.4866702 9238.5930962
1477352491 9420.816847 9231.1719006
1477352514 9415.0342546 9226.0599132
1477352537 9414.3478312 9235.061108
1477352561 9410.5881064 9222.0332958
1477352584 9403.7134776 9227.7420378
1477352607 9393.97615 9195.391205
1477352631 9400.2865606 9224.9724164
1477352654 9395.7650098 9207.655314
1477352677 9386.4098978 9212.9487892
1477352700 9388.105155 9211.5029864
1477352724 9386.4853004 9201.328097
1477352747 9364.0413516 9178.8818628
1477352770 9368.3938972 9192.5774304
1477352794 9370.3491622 9207.9030264
1477352817 9363.1469204 9201.4333502
1477352840 9351.521933 9190.1720742
1477352864 9358.4823644 9197.6045798
1477352887 9349.6524706 9188.8237428
1477352910 9351.0383148 9178.9195342
1477352934 9344.6447016 9184.387147
1477352957 9345.731538 9186.5305168
1477352980 9337.933878 9173.6617128
1477353004 9335.1647844 9153.3007748
1477353027 9332.3332908 9162.0619116
1477353050 9324.3692256 9131.2349232
1477353073 9320.5496982 9150.382306
1477353097 9311.3141888 9141.5438634
1477353120 9315.4353266 9144.610501
1477353143 9314.3094876 9132.9093726
1477353167 9302.182682 9109.5947358
1477353190 9294.366822 6711.2599814
1477353213 9286.1089464 7971.9272438
1477353237 9288.511427 9108.5308054
1477353260 9297.884739 9128.2982752
1477353283 9278.046076 9088.4305928
1477353307 9275.4459902 9063.5726662
1477353330 9293.3943882 8857.6754058
1477353353 9270.628029 9114.4606826
1477353376 9262.5781586 9083.3446522
1477353400 9265.979073 9111.1411456
1477353423 9245.362984 9079.639218
1477353446 9253.509057 9065.6622108
1477353470 9256.259948 9101.7083586
1477353493 9248.064475 9082.6983832
1477353516 9244.7987658 9079.7647772
1477353540 9237.2897136 9084.1120968
1477353563 9248.1918776 9082.6255988
1477353586 9242.8851008 9089.5584702
1477353610 9232.0401394 9078.3626908
1477353633 9221.5227884 9056.1451136
1477353656 9225.870134 9070.8389174
1477353679 9229.8768666 9076.5634336
1477353703 9204.505219 9040.7737264
1477353726 9203.0647696 9040.0310598
1477353749 9209.8665984 9034.9781886
1477353773 9178.1195376 8987.1266082
1477353796 9188.4288808 8800.628928
1477353819 9187.9374652 9036.730391
1477353843 9182.758091 8984.5994784
1477353866 9190.7585588 8979.4726294
1477353889 9175.696257 8977.3923746
1477353913 9172.5007478 8951.5396516
1477353936 9192.7216238 8866.3766412
1477353959 9177.6255194 8955.6534158
1477353983 9168.9282308 8958.9062992
1477354006 9177.4565142 8978.6189064
1477354029 9159.9553292 8963.6445132
1477354052 9169.5652516 8935.1121626
1477354076 9157.425446 8937.4961078
1477354099 9145.4598456 8798.8532476
1477354122 9151.9444614 8915.4722176
1477354146 9134.0142634 8900.9874226
1477354169 9133.2472374 8907.4095188
1477354192 9125.0699644 8905.430989
1477354216 9134.3002712 8901.323574
1477354239 9131.9861958 8899.2972978
1477354262 9122.6518838 8892.3062748
1477354286 9119.4225746 8900.9442444
1477354309 9129.6695178 8777.831049
1477354332 9116.7418862 8886.0314634
1477354356 9109.3186366 8868.9294434
1477354379 9109.183434 8867.9790394
1477354402 9097.173631 8857.126694
1477354426 9106.10493 8863.7280576
1477354449 9095.3405712 8853.253838
1477354472 9103.2968364 8872.6228526
1477354495 9087.6859138 8878.9419862
1477354519 9071.09476 8881.6768118
1477354542 9096.2115998 8905.578136
1477354565 9074.584077 8872.513546
1477354589 9068.5414742 8879.1181284
1477354612 9069.6725132 8870.4433454
1477354635 9067.0464248 8879.1969032
1477354659 9065.644978 8878.1533464
1477354682 9051.2950996 8851.7888576
1477354705 9052.4781386 8852.9915318
1477354729 9051.8099152 8843.1038956
1477354752 9050.1926606 8839.6376328
1477354775 9059.3631674 8826.9114778
1477354798 9038.8692836 8818.9136802
1477354822 9044.9092838 8833.5130962
1477354845 9042.709611 8832.7259618
1477354868 9036.6462082 8826.0106038
1477354892 9031.1600262 8824.7304002
1477354915 9032.8812834 8826.0020524
1477354938 9025.8350468 8819.3797978
1477354962 9019.6676414 8799.4344672
1477354985 9021.1210908 8802.010737
1477355008 9019.9536518 8812.7473538
1477355032 9013.4040308 8794.239844
1477355055 9018.0269868 8787.3204406
1477355078 9001.1992252 8760.8730612
1477355102 9003.1986902 8796.1739216
1477355125 8997.0130848 8791.6073856
1477355148 8996.2538588 8789.6846908
1477355171 8994.5222016 8768.421168
1477355195 8988.981417 8773.6221326
1477355218 8979.3324946 8777.5666316
1477355241 8988.7110066 8772.907468
1477355265 8981.1187518 8768.3671556
1477355288 8974.0751178 8772.6114268
1477355311 8971.0590164 8770.4918964
1477355335 8964.933211 8752.4407282
1477355358 8960.0242472 8749.6915792
1477355381 8966.7168708 8765.163784
1477355405 8944.6291324 8744.3865886
1477355428 8964.6836032 8763.1236212
1477355451 8957.6841692 8745.3461368
1477355475 8961.4958966 8748.0788694
1477355498 8941.173618 8751.8261896
1477355521 8938.7711374 8760.8081938
1477355544 8932.234519 8743.7958868
1477355568 8936.8522724 8758.9711612
1477355591 8925.1076798 7615.6476058
1477355614 8926.6521318 3791.539895
1477355638 8924.3536564 8735.474579
1477355661 8925.3728902 8749.3401554
1477355684 8912.1098456 8725.1002462
1477355708 8912.351656 8596.2799988
1477355731 8901.7068998 8696.2225844
1477355754 8906.548261 8578.3880962
1477355778 8889.463089 8696.1994834
1477355801 8913.8103028 8707.1806874
1477355824 8903.6127622 8709.4776158
1477355848 8906.4520584 8708.9700048
1477355871 8893.7740346 8701.1635464
1477355894 8883.2774836 8678.7247248
1477355917 8881.283216 8679.963162
1477355941 8873.6675612 8681.3549836
1477355964 8867.4429532 8623.4492188
1477355987 8881.8916368 8609.9132132
1477356011 8881.0726082 8612.5052416
1477356034 8880.9816056 8663.1791402
1477356057 8858.5480568 2902.182335
1477356081 8858.8600672 5259.0325632
1477356104 8852.6744592 4332.5682634
1477356127 8839.999038 8668.7409822
1477356151 8860.7061296 8689.2317278
1477356174 8854.829932 8684.1917266
1477356197 8850.4955864 8557.979053
1477356220 8830.688126 8649.876248
1477356244 8839.0656068 8659.5286622
1477356267 8836.6787262 8667.3093598
1477356290 8822.4328504 8632.3333668
1477356314 8827.7656272 8657.8478142
1477356337 8829.9029 8660.7231386
1477356360 8815.5998216 8646.84184
1477356384 8819.3465464 8640.2622046
1477356407 8816.5748528 8649.1754336
1477356430 8810.7948604 8643.6729756
1477356454 8807.336746 8606.330785
1477356477 8802.7475926 8634.1176038
1477356500 8786.2292388 8608.3707762
1477356523 8797.1782054 8629.7557866
1477356547 8792.7268572 8625.8995004
1477356570 8788.9645324 8621.5995008
1477356593 8783.0727348 8617.0018428
1477356617 8785.605218 8620.1891646
1477356640 8776.8117242 8600.3929752
1477356663 8779.5548178 8614.0586662
1477356687 8766.523181 8601.2858724
1477356710 8768.046833 8592.353549
1477356733 8759.88516 8595.6978406
1477356757 8767.5632148 8571.9765664
1477356780 8764.4665134 8555.2556232
1477356803 8757.537282 8567.8046038
1477356827 8751.6870844 8571.9069514
1477356850 8746.8171232 8565.1931378
1477356873 8754.2143702 8563.560096
1477356896 8734.0324942 8542.8779592
1477356920 8740.064697 8559.0472058
1477356943 8740.9435256 8561.9247584
1477356966 8744.0220296 8551.6647034
1477356990 8743.0079958 8442.000619
1477357013 8740.098497 8285.7472178
1477357036 8715.7148832 7969.9382386
1477357060 8728.382507 8538.1661638
1477357083 8726.853655 8536.7583756
1477357106 8713.4892078 8536.1967262
1477357130 8711.7445506 8522.3987472
1477357153 8696.2168306 8518.5623822
1477357176 8709.6072778 8498.997468
1477357200 8695.717615 8424.9899682
1477357223 8698.5179086 8429.960929
1477357246 8693.8273526 8429.6294524
1477357269 8696.5782436 8449.7175256
1477357293 8681.0843262 8441.1044536
1477357316 8675.114526 8446.6077566
1477357339 8682.14256 8463.4928898
1477357363 8671.4536038 8449.9516816
1477357386 8663.7677464 8063.2931548
1477357409 8654.1474266 8426.9103438
1477357433 8666.0428218 7733.1719426
1477357456 8662.66791 8422.649794
1477357479 8660.0678242 8312.6390802
1477357503 8652.2597616 8381.820109
1477357526 8651.789146 8390.631548
1477357549 8659.0641904 8408.3608934
1477357573 8642.5016366 8394.656595
1477357596 8627.5329348 8259.5173362
1477357619 8661.7942814 8382.402223
1477357642 8650.4605018 8366.986134
1477357666 8643.5442704 8384.9848056
1477357689 8637.1766572 8390.2605202
1477357712 8637.6576754 8380.3811962
1477357736 8629.0461868 8381.0883364
1477357759 8634.9483844 8380.3021198
1477357782 8622.0233528 8366.4373494
1477357806 8629.9380154 8352.7896036
1477357829 8620.7441086 8358.6446138
1477357852 8619.6520722 8364.8084078
1477357875 8622.7045736 8377.3192048
1477357899 8623.4221996 8355.7786754
1477357922 8610.7233732 8367.5302984
1477357945 8540.0608124 8309.8386332
1477357969 8508.641362 8271.0810598
1477357992 8505.921671 8260.7784532
1477358015 8465.6541268 8128.448744
1477358039 8475.0378388 8254.8645868
1477358062 8397.8100596 8188.8100892
1477358085 8389.8485918 8148.809903
1477358109 8389.4091788 8177.874523
1477358132 8379.450846 8170.5882492
1477358155 8392.1158672 8170.5474734
1477358179 8381.047298 8149.5737544
1477358202 8375.4051108 8135.899928
1477358225 8375.5013134 8146.8814986
1477358248 8375.7561212 8155.2516396
1477358272 8380.644285 8188.6240488
1477358295 8363.9959286 8173.1990444
1477358318 8355.6132478 8164.8203884
1477358342 8356.7078842 8166.8079012
1477358365 8358.7957544 8178.67154
1477358388 8356.107266 8156.2891514
1477358412 8350.9954944 8160.944272
1477358435 8350.1608658 8150.7009844
1477358458 8343.340837 8155.5104202
1477358482 8343.6086474 8139.0484266
1477358505 8340.4417408 8127.0924332
1477358528 8342.160398 8129.6959094
1477358552 8327.1448962 8105.5227188
1477358575 8331.5598444 8118.9858724
1477358598 8329.8697872 8119.1554262
1477358621 8325.9670572 8124.9598482
1477358645 8317.3529686 8087.4980498
1477358668 8320.5302752 8122.0008272
1477358691 8304.8569526 8096.8127578
1477358715 8304.79195 8106.3217742
1477358738 8290.387469 7969.3569774
1477358761 8304.79195 8107.1561662
1477358785 8302.1528616 8097.6373972
1477358808 8298.3047342 8123.3565426
1477358831 8292.6235444 8118.4067796
1477358855 8287.649578 8113.2357046
1477358878 8289.4306352 8104.9176
1477358901 8278.6376764 8094.7631492
1477358925 8279.7219128 8104.9306884
1477358948 8284.1264584 8110.2864596
1477358971 8285.5643078 8110.0302946
1477358994 8279.0042868 8085.2515666
1477359018 8282.8290168 8108.2967576
1477359041 8277.3610322 8081.3563948
1477359064 8267.6783098 8092.4799176
1477359088 8271.0298216 8086.5759702
1477359111 8262.7459434 8089.8198654
1477359134 8260.7854784 8067.196722
1477359158 8269.0537566 8096.138674
1477359181 8220.746742 7813.2108704
1477359204 8035.5217514 7879.3357032
1477359228 8001.3202074 7847.9131744
1477359251 7750.3494198 7610.6904172
1477359274 7925.964488 7776.7771042
1477359298 8255.6997094 8072.9011402
1477359321 8243.5235012 8073.3132792
1477359344 8241.362831 8071.6897794
1477359367 8256.989351 8074.1754236
1477359391 8231.5293008 7947.3922086
1477359414 8229.4830332 8059.311403
1477359437 8244.2359272 8072.5338148
1477359461 8230.0472514 8028.1558136
1477359484 8217.8944458 8038.0728116
1477359507 8235.2500256 8053.5679588
1477359531 8214.2725236 8035.6248934
1477359554 8218.414464 8019.2161374
1477359577 8226.201724 8035.2470952
1477359601 8217.7592406 8006.8487954
1477359624 8208.3755286 8019.8310348
1477359647 8202.7723414 8001.7106416
1477359670 8218.7472744 8019.0907784
1477359694 8197.6995698 7886.5100054
1477359717 8203.3183596 8004.9488688
1477359740 8199.7172374 8000.6707872
1477359764 8198.591401 7896.8746792
1477359787 8188.2716552 8002.5876476
1477359810 8186.565998 7988.363331
1477359834 8190.8977436 7993.1159334
1477359857 8185.5597642 7998.5560616
1477359880 8173.5005612 7986.1151396
1477359904 8150.9292072 7966.7416894
1477359927 8184.0439148 7969.1082406
1477359950 8175.5780314 7989.099638
1477359973 8177.200486 7996.2467208
1477359997 8169.1064156 8003.672027
1477360020 8162.005579 7997.3044398
1477360043 8160.5807296 7986.7596822
1477360067 8147.8169032 7985.0698824
1477360090 8154.5095268 7991.4652558
1477360113 8150.4143916 7989.5222628
1477360137 8140.3754562 7979.1396464
1477360160 8152.6582644 7980.6473396
1477360183 8143.9531758 7981.8797708
1477360207 8146.9770746 7960.1377414
1477360230 8138.0327756 7958.7206296
1477360253 8129.6864974 7939.9395114
1477360277 8134.1300456 7953.7941886
1477360300 8127.3438194 7938.9262654
1477360323 8124.5045258 7935.923255
1477360346 8126.5351934 7946.1609292
1477360370 8112.640328 7922.6119908
1477360393 8118.7167308 7942.9008932
1477360416 8113.383954 7936.0400106
1477360440 8106.6991304 7919.3055344
1477360463 8101.4027536 7914.5654848
1477360486 8108.745398 7931.5002182
1477360510 8096.7771976 7909.0771422
1477360533 8102.0553744 7925.8785788
1477360556 8105.8671018 7929.8292476
1477360580 8105.0142732 7928.7981084
1477360603 8095.170343 7920.5584042
1477360626 8085.3186154 7898.5744266
1477360649 8075.9375008 7900.5737824
1477360673 8081.9801036 7905.620086
1477360696 8081.8266984 7897.6020968
1477360719 8081.922901 7907.7475438
1477360743 8079.2552126 7905.2316876
1477360766 8080.4720542 7897.18475
1477360789 8065.0457368 7872.6583156
1477360813 8059.320347 7886.2189978
1477360836 8056.9100664 7884.0409778
1477360859 8077.6951606 7894.474757
1477360883 8060.4383834 7886.887021
1477360906 8063.4700848 7889.8229566
1477360929 8059.8585652 7875.5780272
1477360953 8055.1706066 7888.5966484
1477360976 8052.341713 7775.7978272
1477360999 8051.6214896 7774.4632134
1477361022 8046.6917232 7890.9951796
1477361046 8041.5825542 7886.535631
1477361069 8041.465549 7865.6872918
1477361092 8044.16444 7889.5419772
1477361116 8042.9241984 7888.5934374
1477361139 8030.3267772 7875.9103176
1477361162 8024.9081952 7748.6589388
1477361186 8020.5478496 7733.8243372
1477361209 8026.1952394 7847.1234972
1477361232 8021.5124834 7850.641305
1477361256 8027.2066732 7857.1968332
1477361279 8024.0241666 7854.8622516
1477361302 8013.7954234 7835.0684308
1477361325 8008.5484492 7818.6037462
1477361349 8017.9763638 7839.531986
1477361372 8009.8276908 7843.0452256
1477361395 7995.8236228 7828.5946674
1477361419 7982.5501808 7814.7253288
1477361442 7990.1658356 7823.1062728
1477361465 7984.9422614 7599.6450816
1477361489 7992.3785084 7823.7858192
1477361512 7981.138334 7813.8259836
1477361535 7973.9126922 7823.5123174
1477361559 7980.6937184 7830.5272032
1477361582 7978.795656 7828.0825428
1477361605 7974.7863208 7813.5045586
1477361629 7965.977227 7815.373878
1477361652 7961.718284 7802.0152236
1477361675 7952.753185 7803.4834748
1477361699 7957.3631384 7808.3954676
1477361722 7955.904489 2751.2346212
1477361745 7959.5680112 6752.4223364
1477361768 7954.5862448 7804.9805236
1477361792 7948.3122368 7798.4127572
1477361815 7940.9019898 7791.643977
1477361838 7939.6201456 7771.1188048
1477361862 7936.8848546 7777.8632412
1477361885 7924.9504542 7747.6742044
1477361908 7910.1091602 7763.8645474
1477361932 7934.1339636 7786.2385094
1477361955 7922.8989866 7765.6656506
1477361978 7909.170529 7653.639123
1477362002 7915.9255526 7768.3593702
1477362025 7917.0773916 7769.9031436
1477362048 7912.6442434 7765.1190084
1477362072 7909.4071368 7743.2851314
1477362095 7900.1352248 7743.80789
1477362118 7910.9957888 7753.272267
1477362141 7907.3634666 7759.9870582
1477362165 7908.5127056 7760.9253514
1477362188 7900.1534274 7752.8959924
1477362211 7884.6309074 7738.746171
1477362235 7879.5373384 7723.6898882
1477362258 7900.7150456 7740.6387994
1477362281 7899.4020014 7741.129591
1477362305 7886.6979776 7727.748561
1477362328 7893.9860194 7734.6781772
1477362351 7876.4718344 7708.2178784
1477362375 7882.4104346 7712.6107526
1477362398 7869.7142082 7712.7245624
1477362421 7864.8052444 7706.857834
1477362444 7884.9143178 7725.9684346
1477362468 7873.3179304 7714.907356
1477362491 7864.9976522 7696.0880204
1477362514 7863.8718132 7696.6548256
1477362538 7860.1120884 7703.798843
1477362561 7860.0262858 7703.565779
1477362584 7841.100254 7675.4193724
1477362608 7853.55727 7697.22824
1477362631 7848.9941166 7161.9926976
1477362654 7859.3034624 7478.5621898
1477362678 7848.7653088 7629.1112144
1477362701 7844.209958 7628.4001482
1477362724 7840.1486202 7641.594883
1477362748 7828.7810406 7622.094792
1477362771 7828.261025 7640.3441608
1477362794 7835.1512538 7530.5648964
1477362817 7837.7773422 7514.7137234
1477362841 7830.1902874 7643.5989214
1477362864 7820.4451624 7594.6612534
1477362887 7820.910578 7634.0437654
1477362911 7803.6174008 7619.7422938
1477362934 7812.2964894 7607.7101724
1477362957 7798.6746344 7584.690854
1477362981 7817.2548558 7573.959939
1477363004 7808.3261568 7595.0049604
1477363027 7788.3886912 7469.9664442
1477363051 7790.4609614 7567.9867302
1477363074 7782.8713066 7560.643376
1477363097 7794.3844914 6649.4326314
1477363120 7787.8894756 7566.6647732
1477363144 7799.8290734 7578.8426272
1477363167 7789.0491146 7567.0838178
1477363190 7776.4516934 7566.04407
1477363214 7757.907872 7538.4642892
1477363237 7772.5853634 7541.9122688
1477363260 7779.2207844 7568.6854074
1477363284 7783.59153 7574.383453
1477363307 7757.884472 7529.7960322
1477363330 7762.8558384 7534.2756424
1477363354 7764.2572852 7552.4803718
1477363377 7749.3951886 7545.7715476
1477363400 7766.9691762 7449.1991028
1477363424 7773.9608102 7565.0869268
1477363447 7770.1698828 7562.4925844
1477363470 7753.1419134 7428.4521688
1477363493 7758.5084928 7530.699839
1477363517 7761.4907916 7546.7246192
1477363540 7740.1908818 7535.3329714
1477363563 7759.844937 7534.39453
1477363587 7759.2001162 7542.4726
1477363610 7743.6931988 7536.973678
1477363633 7738.857035 7523.9800298
1477363657 7752.6842978 7547.3515234
1477363680 7741.2959182 7538.7489112
1477363703 7741.3635208 7561.3737004
1477363727 7724.7749644 7538.4667228
1477363750 7746.997908 7568.8315872
1477363773 7733.0536426 7547.543796
1477363797 7730.9163698 7544.7653736
1477363820 7721.9408708 7516.5715222
1477363843 7727.0942424 7541.6788668
1477363866 7717.6975278 7543.059901
1477363890 7713.6777952 7518.7517184
1477363913 7711.1193094 7503.0903324
1477363936 7705.391317 7497.9499556
1477363960 7702.8198312 7501.3477396
1477363983 7701.0439714 7490.983799
1477364006 7704.2914806 7485.407631
1477364030 7695.4303842 7494.0484502
1477364053 7703.810465 7494.385587
1477364076 7687.081506 7477.4864476
1477364100 7695.0975738 7477.3294622
1477364123 7689.2213762 7490.4587004
1477364146 7690.3264152 7385.6163368
1477364169 7688.8781658 7470.8708048
1477364193 7672.1206068 7473.5748022
1477364216 7682.40655 7465.447054
1477364239 7690.4876204 7502.0262564
1477364263 7679.5230538 7495.6616046
1477364286 7678.0176018 7496.693789
1477364309 7667.3390456 7495.3737924
1477364333 7672.8590302 7491.1843396
1477364356 7669.2631106 7486.711089
1477364379 7660.4592168 7479.163848
1477364403 7655.9324634 7476.000961
1477364426 7653.9485984 7484.0004616
1477364449 7664.564752 7492.6366398
1477364472 7660.7036246 7469.936032
1477364496 7664.138339 7493.3621074
1477364519 7652.853962 7473.5491402
1477364542 7652.2715412 7482.1443762
1477364566 7647.43278 7362.9904998
1477364589 7650.149871 7365.221396
1477364612 7639.62732 7461.1171362
1477364636 7635.4099796 7466.572347
1477364659 7637.3444446 7459.1549032
1477364682 7626.431878 7457.8615566
1477364706 7631.3564444 7454.277506
1477364729 7622.0403324 7445.9722376
1477364752 7628.5925508 7355.9378204
1477364776 7617.066366 7431.6973458
1477364799 7613.605649 7436.2770118
1477364822 7615.6103166 7334.1118682
1477364846 7613.8734594 7446.1662652
1477364869 7613.6602516 7446.7891316
1477364892 7608.2598722 7413.1758844
1477364915 7617.5421816 7423.0666198
1477364939 7614.9784958 7343.889579
1477364962 7602.4200772 7427.027712
1477364985 7604.66395 7418.5633652
1477365009 7604.9421604 7417.8968942
1477365032 7610.1813346 7421.3727276
1477365055 7605.6129838 7416.9522674
1477365079 7597.0820978 7370.515581
1477365102 7599.159568 7392.3521464
1477365125 7598.7383524 7383.5338642
1477365149 7586.6271494 7388.8785516
1477365172 7596.2136692 7409.5289736
1477365195 7586.6713494 7399.0322042
1477365218 7595.8028562 7397.278317
1477365242 7593.8111886 7407.168548
1477365265 7586.5621468 7397.7592806
1477365288 7571.7390502 7383.7441626
1477365312 7583.2912376 7395.94635
1477365335 7582.097796 7393.7858072
1477365358 7574.7837516 7377.0770684
1477365382 7576.7130166 7391.307677
1477365405 7561.86652 7380.1071058
1477365428 7575.7405854 7410.7284862
1477365452 7566.8404864 7299.7483416
1477365475 7557.8987874 7398.1048622
1477365498 7563.8945876 7392.9247262
1477365521 7553.0288262 7392.2205318
1477365545 7557.0979614 3448.9359164
1477365568 7553.0990288 7382.4022636
1477365591 7551.1671638 7388.0242826
1477365615 7546.8042182 7385.2476932
1477365638 7546.8068182 6833.344297
1477365661 7549.9919248 7362.95014
1477365685 7550.0933274 7368.2188112
1477365708 7536.7366802 7346.901575
1477365731 7547.6778468 7367.5461236
1477365755 7529.1106254 7340.1422744
1477365778 7522.0201888 7342.2533756
1477365801 7520.9463524 7313.4785984
1477365825 7527.8547838 7340.0002468
1477365848 7522.553207 7335.9297778
1477365871 7525.1740954 7348.3899788
1477365895 7522.191794 7344.508236
1477365918 7514.1731262 7339.3073468
1477365941 7509.8491832 7324.260697
1477365964 7506.3364662 7320.8941546
1477365988 7497.9355854 7312.767475
1477366011 7510.6110092 7333.792804
1477366034 7499.8102478 7324.2616928
1477366058 7496.7473438 7320.7277676
1477366081 7490.642341 7294.4522768
1477366104 7500.9360842 7326.3497632
1477366128 7493.6350398 7213.1977242
1477366151 7482.2128602 7288.784724
1477366174 7488.0682552 7311.4251834
1477366198 7481.7994446 7295.4563526
1477366221 7473.2737612 7290.128807
1477366244 7487.6444396 7311.5490708
1477366267 7479.022551 7302.274785
1477366291 7475.096421 7187.6197406
1477366314 7474.8130106 7279.3887582
1477366337 7469.8442468 7295.0430774
1477366361 7468.3439948 7180.4785026
1477366384 7467.7745766 4674.9385124
1477366407 7463.1906232 1355.7017942
1477366431 7462.1297868 574.2292244
1477366454 7465.4370986 577.0401104
1477366477 7461.6383712 577.4345148
1477366501 7463.6456388 3305.1014802
1477366524 7447.064885 6582.3758832
1477366547 7457.3170256 7301.3616754
1477366571 7456.9530152 7294.8678244
1477366594 7454.118919 7300.744438
1477366617 7440.1928536 7287.7122188
1477366640 7440.855877 7173.9826678
1477366664 7441.8387108 7160.0812244
1477366687 7438.950012 7167.3077372
1477366710 7436.9245444 7167.298554
1477366734 7433.43783 7163.9550008
1477366757 7422.7514712 7145.0778802
1477366780 7430.387926 7145.9854856
1477366804 7423.2272868 7142.941429
1477366827 7432.7410066 7139.7220778
1477366850 7414.1633852 7123.2408754
1477366874 7422.3692582 7146.1812214
1477366897 7424.2153206 7142.317845
1477366920 7409.9096422 7129.6191044
1477366944 7406.7349356 7141.6634822
1477366967 7420.4165932 7143.4733292
1477366990 7412.075515 7143.3010012
1477367013 7413.8071722 7137.7335484
1477367037 7400.5285302 7136.9748814
1477367060 7401.8467718 7051.8964022
1477367083 7396.482795 7144.4975186
1477367107 7393.8619066 7108.8918498
1477367130 7395.9393768 7145.3508776
1477367153 7385.7860362 7128.4290766
1477367177 7384.075179 7136.1138524
1477367200 7380.8458724 7180.200885
1477367223 7378.5291944 7127.5112792
1477367247 7379.9046386 7221.9416828
1477367270 7365.000942 7215.1208948
1477367293 7378.1495814 7228.3442218
1477367317 7382.2967192 7214.2771168
1477367340 7365.2349498 7205.966482
1477367363 7102.3843644 6970.421939
1477367386 7205.4856094 7067.4380842
1477367410 7081.3262598 6949.3215532
1477367433 7076.9139142 6937.4493968
1477367456 7180.0515618 7042.923147
1477367480 7356.2152482 7107.5014114
1477367503 7355.4456222 7208.4985856
1477367526 7341.6339594 7194.900947
1477367550 7358.789334 7211.3573844
1477367573 7352.169513 7204.439853
1477367596 7347.1695466 7200.7697736
1477367620 7337.8690346 7191.3735868
1477367643 7341.251749 6321.2717464
1477367666 7336.7457982 7163.2618798
1477367689 4808.9517164 4742.9380492
1477367713 11.0347692 11.0250088
1477367736 11.4247822 11.4146734
1477367759 11.1517718 11.1418918
