702
1470567365 8509.762001 8303.117966
1470567388 8183.5810992 2366.3766126
1470567412 8298.3047342 664.0774192
1470567435 8695.7800176 8440.8362376
1470567458 10681.4403774 9856.94385
1470567482 10670.8606238 9995.6381252
1470567505 10655.1535012 5576.204699
1470567528 10622.0985962 9410.0874504
1470567552 10622.5666118 9954.4165968
1470567575 8399.705522 7992.3337156
1470567598 4062.7423798 4001.1880766
1470567622 8185.0475486 7895.4184712
1470567645 10259.3812724 9801.3527976
1470567668 7370.3467214 7197.8702328
1470567691 3310.9220534 3260.2724284
1470567715 4839.0113226 4722.2281054
1470567738 1011.9850208 1001.0662246
1470567761 4959.7307552 4877.5953174
1470567785 9842.857752 9505.9358758
1470567808 4991.6468238 4905.8747608
1470567831 1004.3121634 993.4082314
1470567855 8626.6619062 8361.3672194
1470567878 10492.057849 10113.4604012
1470567901 10484.6059994 10094.688799
1470567925 10493.233088 10074.1248036
1470567948 10487.8379086 10082.9911364
1470567971 10504.9854806 7329.2569246
1470567994 10470.635734 8105.8891368
1470568018 10443.852237 9996.8733566
1470568041 10422.2975168 9832.268277
1470568064 10421.9647064 9516.4888988
1470568088 10429.7363664 9720.4555084
1470568111 10426.4524572 3810.1416028
1470568134 10431.4836236 7070.2802196
1470568158 10451.7513022 4491.2186332
1470568181 10414.0682438 9039.1475876
1470568204 10396.8556666 9892.7164076
1470568228 10375.5167542 10022.8110476
1470568251 10368.6369254 9762.7790702
1470568274 10367.607289 9989.4804568
1470568297 10363.4445512 9872.7645562
1470568321 10383.6602272 9970.1025268
1470568344 10363.694159 9915.6863988
1470568367 10353.7904288 9887.0539508
1470568391 10351.663556 9922.4472204
1470568414 10316.4323808 9733.5940052
1470568437 10328.7801916 9831.8880426
1470568461 10305.4834142 9877.3519338
1470568484 10308.6815208 3994.6674222
1470568507 10316.1359704 9880.4126174
1470568531 10311.7106222 9841.3841708
1470568554 10298.712788 9675.1412602
1470568577 10298.0445646 9925.545474
1470568601 10269.6672156 9853.3385964
1470568624 10279.4721458 9803.2203204
1470568647 10277.0618652 9801.2067036
1470568670 10276.2038366 3918.3885156
1470568694 10275.7202184 9827.8685856
1470568717 10261.4431426 9601.8897598
1470568740 10240.6008458 9810.9194534
1470568764 10254.5425112 9877.1534108
1470568787 10243.7261498 9859.6602442
1470568810 10246.6668486 9842.2382916
1470568834 10240.2134328 9873.8987672
1470568857 10220.8817854 9582.963039
1470568880 10232.9357884 9745.7754914
1470568904 10207.0987252 9798.4374306
1470568927 10199.5948756 9879.6051354
1470568950 10229.9170896 4891.6562994
1470568974 10215.7388138 7457.7282208
1470568997 10217.805884 9837.2871558
1470569020 10179.5300048 9606.7824996
1470569043 10186.6568414 4748.3308262
1470569067 10176.6465086 7838.5009378
1470569090 10179.3531996 6350.3796616
1470569113 10147.010718 9816.1467586
1470569137 10171.542537 9580.9037948
1470569160 10157.0886534 9625.3391494
1470569183 10152.8063104 9771.4899672
1470569207 10178.4431684 9733.9663434
1470569230 10145.853679 9804.7248702
1470569253 10150.4818324 9796.725692
1470569277 10151.9326818 9660.0943816
1470569300 10133.5500682 9780.7680152
1470569323 10128.4174966 9010.6330756
1470569346 10129.15332 9734.955386
1470569370 10125.8512108 9783.931859
1470569393 10098.1056826 9695.8582656
1470569416 10110.040083 9671.986558
1470569440 10135.5547358 8608.1063692
1470569463 10100.6563684 9418.476275
1470569486 10098.01988 9597.6293582
1470569510 10093.2175188 9672.0320866
1470569533 10078.7168352 9328.1459466
1470569556 10078.7142352 9469.7529238
1470569580 10082.2789548 9730.2919402
1470569603 10075.9555442 9619.579437
1470569626 10050.7086992 9554.396085
1470569650 10043.6754652 9654.0283996
1470569673 10050.6592966 9657.644646
1470569696 10058.7897696 9288.0359338
1470569719 10054.3592214 9562.1629636
1470569743 10046.662964 9714.4355958
1470569766 10033.3011168 9627.6405316
1470569789 10025.7114646 9696.0657274
1470569813 10008.8473004 9457.498466
1470569836 10003.082908 9638.7049798
1470569859 10019.8898696 9454.7512358
1470569883 10021.2497138 9666.6126128
1470569906 9995.670061 9534.8270914
1470569929 9994.0086038 4994.5393394
1470569953 9987.0793724 6554.4976536
1470569976 10001.1094404 9615.108256
1470569999 9998.3481494 9444.0400886
1470570022 9987.3185802 9636.3601854
1470570046 9980.7247592 9462.7425906
1470570069 9977.3342474 9582.49058
1470570092 9963.2287768 9603.9124168
1470570116 9966.2682782 9567.0046966
1470570139 9964.567821 9520.8047766
1470570162 9970.9640342 9607.0216242
1470570186 9970.6364238 9621.4370148
1470570209 9978.0388708 9588.003984
1470570232 9969.0867718 4918.6152782
1470570256 9967.4903172 9448.1116756
1470570279 9946.8040256 5424.928158
1470570302 9946.2164074 9603.5552626
1470570325 9943.621519 9403.271371
1470570349 9934.245607 7101.845504
1470570372 9945.927797 8224.5592624
1470570395 9915.571783 9560.2944216
1470570419 9916.9836298 8134.644375
1470570442 9918.1484688 9549.4375704
1470570465 9905.6056502 9494.3602234
1470570489 9910.8136244 9568.9795032
1470570512 9902.368541 9448.9360082
1470570535 9914.370544 9584.509376
1470570559 9895.8579252 9518.509247
1470570582 9886.9890288 9497.947693
1470570605 9900.6420838 9501.6589642
1470570629 9866.6329476 9507.69274
1470570652 9864.3864722 9492.0971444
1470570675 9863.9340566 9525.200152
1470570699 9857.600246 9461.1448984
1470570722 9855.9803914 9413.1680474
1470570745 9845.4006378 7724.555852
1470570768 9857.1816304 6834.8980206
1470570792 9840.4526714 9539.93963
1470570815 9827.244232 9369.788337
1470570838 9827.9800554 9480.3702994
1470570862 9832.0725932 9349.6154934
1470570885 9826.5396086 9354.959159
1470570908 9829.5635074 9447.2383538
1470570932 9816.8386836 9510.4819212
1470570955 9812.922951 9527.8137838
1470570978 9804.9120858 8342.8656584
1470571002 9801.992187 9446.8300992
1470571025 9800.9989532 9459.3445648
1470571048 9798.50027 9455.1260492
1470571071 9793.055688 9473.6749276
1470571095 9757.5645024 9122.644037
1470571118 9755.0840192 8782.220902
1470571141 9785.9938514 9227.2692174
1470571165 9763.4120974 9260.17963
1470571188 9787.590306 9255.844611
1470571211 9760.723609 9009.6790628
1470571235 9754.4911984 9268.4134478
1470571258 9743.8074422 9347.6350006
1470571281 9742.845411 9193.8320396
1470571305 9744.8604786 9204.624169
1470571328 9738.225055 5004.624885
1470571351 9755.1594218 7244.9401232
1470571375 9754.6888062 9261.9396428
1470571398 9726.4466624 9187.954516
1470571421 9716.8991426 8907.5997946
1470571444 9712.2605892 9101.3693186
1470571468 9705.1753526 9078.5204718
1470571491 9725.6848364 9236.7328274
1470571514 9730.9214106 9159.2063992
1470571538 9712.4295944 9089.8634632
1470571561 9703.0224798 3565.445
1470571584 9708.98708 7731.972079
1470571608 9705.3677578 8588.3558176
1470571631 9679.3122868 3352.6595674
1470571654 9696.7744718 9128.4612588
1470571678 9701.3038226 9139.659802
1470571701 9672.838071 8044.8816682
1470571724 9678.0070426 6327.7294444
1470571748 9671.1636138 9300.7189938
1470571771 9663.6155616 9214.7917368
1470571794 9676.9670088 9130.3274686
1470571817 9660.5812602 9179.2883468
1470571841 9653.0514106 4570.264855
1470571864 9637.6120932 8299.9538024
1470571887 9644.447722 9171.7036996
1470571911 9658.1761796 9153.6702322
1470571934 9437.925419 9063.6488774
1470571957 9479.6880152 9042.2731724
1470571981 9455.1587962 9026.3165148
1470572004 8455.5007862 8182.7336656
1470572027 9446.5447076 8982.379588
1470572050 9617.3756172 9161.549904
1470572074 9752.0523178 9270.691638
1470572097 9731.953647 9216.4116408
1470572120 9739.8449096 9177.986545
1470572144 9730.1127846 9265.3934048
1470572167 9734.7695406 9057.98192
1470572190 9729.9359794 9270.7011072
1470572214 9724.4653948 9056.8736752
1470572237 9714.2392542 9207.8443704
1470572260 9706.9616098 9217.8047676
1470572284 9708.7582722 9206.2075248
1470572307 9699.676168 9229.5621522
1470572330 9702.6506668 6892.8357602
1470572354 9699.8737732 7326.6193546
1470572377 9694.3381886 9219.5884378
1470572400 9679.112079 9151.3570252
1470572423 9675.8437698 9187.380787
1470572447 9681.6107648 9322.1702262
1470572470 9688.428191 9035.854009
1470572493 9678.321653 9228.0610162
1470572517 9673.7350996 9200.6959694
1470572540 9661.0076758 9237.73058
1470572563 9652.0503768 9185.36372
1470572587 9656.2053146 9024.2579232
1470572610 9647.591226 9270.4495624
1470572633 9648.306252 9169.4445908
1470572657 9649.094078 9311.7828674
1470572680 9638.9355374 9145.370845
1470572703 9643.8055012 9130.5859164
1470572727 9646.6447948 9134.0602964
1470572750 9631.1768774 9176.0344624
1470572773 9620.695929 9144.2185588
1470572796 9608.634126 9213.7361316
1470572820 9616.9830042 9210.4163034
1470572843 9600.7454608 9220.2193902
1470572866 9607.4224844 9205.0664914
1470572890 9602.833331 9163.7105508
1470572913 9597.5031516 8734.5618932
1470572936 9600.924866 9224.5122398
1470572960 9599.715827 9085.4722244
1470572983 9580.8443952 9115.6576888
1470573006 9572.9219326 9016.9058096
1470573030 9564.6432544 8032.75512
1470573053 9592.1417748 9070.6800496
1470573076 9568.2651766 9012.3876076
1470573099 9573.6993586 9002.0535566
1470573123 9562.1731712 9153.7598022
1470573146 9550.9173968 5450.0475276
1470573169 9552.2044384 9141.5076012
1470573193 9557.6022204 9038.671746
1470573216 9544.3417758 7906.5527892
1470573239 9550.717189 7244.367091
1470573263 9539.2664068 9025.1690698
1470573286 9528.7776558 9031.3219256
1470573309 9521.3700088 9141.6105612
1470573333 9526.7807882 9124.777337
1470573356 9530.8291234 8991.713926
1470573379 9527.5192142 9109.3720536
1470573403 9510.60565 9061.9058244
1470573426 9508.717985 7200.2602958
1470573449 9499.5552782 7249.8915736
1470573473 9504.5474472 8980.2640304
1470573496 9497.2958028 9035.5493774
1470573519 9502.2099692 9037.9498794
1470573542 9495.4081404 9121.6513518
1470573566 9475.283467 9141.0531758
1470573589 9474.1316306 9126.640159
1470573612 9485.772218 4303.5258604
1470573636 9480.3510386 9012.7541192
1470573659 9480.0078256 9096.194822
1470573682 9452.4157052 9126.6840444
1470573706 9454.1525624 8970.138177
1470573729 9461.268999 9126.6005506
1470573752 9453.5831442 8328.3354778
1470573776 9456.21963 9084.4966498
1470573799 9448.0735596 2452.3266638
1470573822 9452.696513 8679.6431462
1470573845 9438.4714372 8993.0077406
1470573869 9434.040889 9010.8005234
1470573892 9436.71638 9028.5225524
1470573915 9431.8256162 8989.7413606
1470573939 9447.0387232 8141.7195262
1470573962 9423.9967536 9049.259453
1470573985 9411.8959506 9034.12016
1470574009 9415.5412728 9072.6646244
1470574032 9407.3925998 3115.3920278
1470574055 9406.5449712 6875.1948434
1470574079 9405.4841348 8808.9770002
1470574102 9409.5974726 9021.03709
1470574125 9405.5179374 8974.500925
1470574149 9378.0558196 8923.1633972
1470574172 9379.935682 9010.5860416
1470574195 9385.8742796 9068.3450988
1470574218 9396.5138358 8978.9739858
1470574242 9392.2782954 9062.5256514
1470574265 9366.9092452 8985.9016702
1470574288 9353.141785 8959.843113
1470574312 9350.8511096 9047.4867236
1470574335 9361.8442762 5472.3800768
1470574358 9356.0538838 8546.1108746
1470574382 9352.8297746 9051.980899
1470574405 9354.4418292 8877.6113322
1470574428 9358.4225618 8168.9851308
1470574452 9325.2948568 8958.3357214
1470574475 9339.0545144 8993.9087862
1470574498 9342.4554288 8919.3397228
1470574521 9332.905309 8991.281364
1470574545 9346.9431796 8925.7241528
1470574568 9321.6495346 8952.3873738
1470574591 9318.4202254 4914.3258684
1470574615 9330.9916466 8945.3733382
1470574638 9312.5830304 8948.2762746
1470574661 9316.0957474 8979.7600854
1470574685 9311.3895914 8820.1045348
1470574708 9311.0307784 8711.2474072
1470574731 9306.1582172 8527.0672552
1470574755 9282.1750138 8296.6865046
1470574778 9293.612796 679.5877244
1470574801 9280.1599462 5128.2171824
1470574825 9291.5587284 8847.5967008
1470574848 9294.8452376 8899.768397
1470574871 9265.1392444 8827.9194692
1470574894 9272.0528758 8919.2736854
1470574918 9267.4663224 8893.4308996
1470574941 9258.948439 8853.7092332
1470574964 9259.2136468 8883.5112444
1470574988 9256.3977532 8828.0636262
1470575011 9243.2491138 8795.7451816
1470575034 9258.1112104 8834.7794964
1470575058 9242.4638878 8816.180698
1470575081 9219.1749078 8917.7891608
1470575104 9229.4764536 8727.4387252
1470575128 9209.8769984 8900.9867206
1470575151 9220.9897702 8785.553413
1470575174 9234.073407 8888.3357134
1470575198 9221.8477988 6228.3691158
1470575221 9214.2893466 7365.8043342
1470575244 9215.3293804 8646.147237
1470575267 9214.8171622 8760.2235968
1470575291 9200.5062838 8763.7552392
1470575314 9187.3394444 8868.2375236
1470575337 9183.4367144 8835.568339
1470575361 9178.3353428 8836.700015
1470575384 9187.8958626 8837.8065308
1470575407 9189.6275224 8891.2353946
1470575431 9184.5547508 8771.4281018
1470575454 9232.6511602 8816.3921482
1470575477 9386.4541004 9017.6343738
1470575501 9402.7358438 8701.620837
1470575524 9280.1729488 8978.2283318
1470575547 9169.7732568 8839.4989696
1470575571 9175.9510648 8738.1958222
1470575594 9173.9827998 8778.16563
1470575617 9163.0988358 8867.8035888
1470575640 9157.1238356 4551.6388892
1470575664 9136.3933414 8821.5342306
1470575687 9154.1467368 8731.863374
1470575710 9102.197 8755.5616408
1470575734 9102.571413 8745.5252118
1470575757 9104.513678 8554.9952852
1470575780 9107.1683664 8619.7280702
1470575804 9100.9541584 8657.1123938
1470575827 9091.1752308 8790.0875062
1470575850 9063.4817052 7683.422448
1470575874 9079.9844564 4150.0363528
1470575897 9076.6017446 7611.370377
1470575920 9085.0104254 8724.9146088
1470575943 9075.6605134 8778.42121
1470575967 9073.6350458 8701.1210702
1470575990 9062.0776584 8739.6932454
1470576013 9051.7163126 8672.584232
1470576037 9060.8738194 7553.439153
1470576060 9051.4615048 8597.6279948
1470576083 9049.5920424 8711.557491
1470576107 9035.5905744 8716.962735
1470576130 9048.957619 8623.0344746
1470576153 9039.1474914 8599.9999618
1470576177 9034.0981224 8643.9405442
1470576200 9029.2593612 8726.7498344
1470576223 9015.9729166 8744.1430466
1470576246 9019.6988414 8661.5066408
1470576270 9016.4565348 8665.7143014
1470576293 9016.2979296 7834.9441976
1470576316 9007.4290332 8615.4868254
1470576340 9003.5159006 8682.772293
1470576363 8999.524768 8666.6986458
1470576386 8991.7817106 4352.3881102
1470576410 8989.2856248 8587.0884216
1470576433 8978.6278686 8713.3082036
1470576456 8984.2414584 8685.9119334
1470576480 8981.2981596 8624.1284948
1470576503 8991.4254976 8421.7316742
1470576526 8973.7501074 8107.5270666
1470576550 8976.155188 8600.7262562
1470576573 8970.5910008 8591.3801506
1470576596 8967.244689 8560.932302
1470576619 8967.0028812 8636.512157
1470576643 8960.0632498 8671.8434374
1470576666 8958.2275874 8638.7861144
1470576689 8953.4330288 8614.1495752
1470576713 8950.3727248 8620.6512704
1470576736 8932.9053424 8607.5053792
1470576759 8934.9932126 8663.0605906
1470576783 8930.2298514 8604.451622
1470576806 8916.3999912 8590.6704208
1470576829 8905.391222 8559.9691892
1470576853 8902.7443336 8555.422447
1470576876 8887.3440188 8606.3849716
1470576899 8893.735032 8510.6930662
1470576923 8879.6269614 8521.2876242
1470576946 8869.3696182 8612.911554
1470576969 8857.955236 8366.1418802
1470576992 8848.6625266 8482.0655998
1470577016 8855.4097528 8524.9540714
1470577039 8851.0832072 8538.5713062
1470577062 8857.9942386 8511.8371104
1470577086 8860.0899088 8443.5811018
1470577109 8859.2968828 8338.6893954
1470577132 8850.3785838 8536.0664948
1470577156 8832.9294014 8421.4987402
1470577179 8838.9772016 8516.0005008
1470577202 8841.7046926 8480.2470272
1470577226 8839.6896276 8377.9844668
1470577249 8831.9205676 3730.4547748
1470577272 8847.5678902 8453.0000256
1470577296 8847.450885 8392.5941346
1470577319 8834.9184664 8436.3724458
1470577342 8829.8196974 8473.6973438
1470577365 8824.6117232 8399.4882582
1470577389 8832.4847858 8529.0749128
1470577412 8818.4911178 8506.8510956
1470577435 8809.1074032 8434.724207
1470577459 8804.4142472 8463.9299706
1470577482 8802.0481692 8399.8868174
1470577505 8798.5094496 8288.124988
1470577529 8792.612452 8472.8338032
1470577552 8782.1965062 8432.7531938
1470577575 8789.076335 8376.5908694
1470577599 8794.149104 8402.650867
1470577622 8791.9572312 8391.3737596
1470577645 8792.8100598 8333.8144266
1470577668 8792.0794364 8399.3064194
1470577692 8780.6728542 8393.046688
1470577715 8771.4061448 8390.5504956
1470577738 8776.7805242 5449.6649818
1470577762 8773.0025968 8016.9981658
1470577785 8782.5085166 8444.63321
1470577808 8778.2443736 8370.4306946
1470577832 8780.3192412 8422.5206052
1470577855 8769.268872 8441.7627268
1470577878 8775.7040878 8374.310633
1470577902 8766.8117914 8378.4159576
1470577925 8773.2912072 8439.707406
1470577948 8766.0265654 8419.3536388
1470577972 8764.6303186 8408.4083122
1470577995 8758.6137158 7980.6217426
1470578018 8751.4166766 8408.5016184
1470578041 8750.7302532 8427.7108318
1470578065 8740.7147178 8378.696118
1470578088 8740.9305256 8304.1024872
1470578111 8738.3798398 8376.4379244
1470578135 8731.3154032 8335.9636048
1470578158 8721.6326808 8355.8505914
1470578181 8705.2651348 8251.4355456
1470578205 8709.2770674 8424.1116154
1470578228 8704.6151114 8358.8325938
1470578251 8698.445106 8011.1909826
1470578275 8677.5742092 8239.2004292
1470578298 8678.8144508 8012.7246628
1470578321 8678.6818456 8021.4870112
1470578345 8662.7615126 8285.9536656
1470578368 8659.2487956 8300.9927312
1470578391 8662.8343152 8258.2217926
1470578414 8661.9736866 6677.5947342
1470578438 8660.0678242 8284.3567586
1470578461 8662.64191 8307.5976958
1470578484 8655.2264604 8285.6575126
1470578508 8647.4080004 8303.6647174
1470578531 8649.3658654 8368.9059766
1470578554 8644.8573146 8321.47576
1470578578 8658.1125592 8326.3160968
1470578601 8657.7433462 8271.9707174
1470578624 8649.417868 8356.574213
1470578648 8641.256195 8288.7863162
1470578671 8642.3690314 3704.5557926
1470578694 8643.0866548 8167.7452272
1470578717 8634.8521818 8054.462494
1470578741 8629.0513868 3822.5794022
1470578764 8626.9973192 7435.320919
1470578787 8618.8148436 8203.2728622
1470578811 8624.948449 8254.6093396
1470578834 8608.3598952 3074.5898014
1470578857 8608.8279108 7472.5113788
1470578881 8609.6807394 8331.4999534
1470578904 8594.7172402 8317.3841608
1470578927 8589.540466 8228.5034
1470578951 8593.3079934 8316.3496052
1470578974 8588.5446322 8303.452404
1470578997 8589.3350582 8222.3401312
1470579021 8592.8893778 8204.2713636
1470579044 8589.4806634 8242.6379386
1470579067 8581.2617904 8137.2467982
1470579090 8588.4432296 8290.1385502
1470579114 8579.9825462 7340.496852
1470579137 8572.5280966 8136.7387894
1470579160 8574.1505512 8248.6597596
1470579184 8569.7746056 8267.2822362
1470579207 8571.9664784 8217.551433
1470579230 8577.7932734 8054.6039912
1470579254 8574.0517486 8263.1816306
1470579277 8573.4147278 8279.2909056
1470579300 8581.7974086 8287.2838308
1470579324 8581.8338086 8291.4684736
1470579347 8567.3045224 8294.7574008
1470579370 8565.1282496 6307.0639008
1470579393 8570.5390316 4660.5891098
1470579417 8567.7959406 8235.4774138
1470579440 8569.7434056 8094.1917238
1470579464 8566.3528912 8234.9868146
1470579487 8566.0720808 8263.0073058
1470579510 8568.118351 8265.5148576
1470579533 8567.1797198 8222.0644272
1470579557 8565.3726574 8104.967247
1470579580 8546.6728334 8135.1939084
1470579603 8545.7498022 8173.6882864
1470579627 8531.927742 8207.10059
1470579650 8536.987511 8215.4416032
1470579673 8523.2772508 8133.48068
1470579697 8530.0738796 8180.4915582
1470579720 8511.4884582 8213.7623074
1470579743 8496.972172 8136.7254436
1470579766 8484.101743 8148.8695938
1470579790 8484.473556 8101.466386
1470579813 8476.9333038 7124.6970678
1470579836 8478.9743714 8165.2038286
1470579860 8467.8433996 8146.4852898
1470579883 8478.274948 8195.8570408
1470579906 8473.8365998 8162.8275794
1470579930 8461.8605994 8136.3477
1470579953 8468.2334126 8051.3493008
1470579976 8461.7279942 8140.5269452
1470580000 8473.7923972 8094.0600364
1470580023 8457.653659 8182.7541198
1470580046 8455.0405706 8070.945961
1470580070 8467.770597 8097.7519376
1470580093 8459.4191188 8118.9657276
1470580116 8459.5413214 8196.3362988
1470580139 8472.442953 8208.5539536
1470580163 8469.4840542 8203.9883692
1470580186 8454.7623628 7679.5803188
1470580209 8453.0593056 8016.8636054
1470580233 8433.2206426 8172.6104694
1470580256 8442.2481442 8112.4065282
1470580279 8428.6730892 8139.4534624
1470580303 8434.4478842 8045.0086548
1470580326 8445.602256 8114.4784838
1470580349 8428.9382996 8089.2935604
1470580373 8431.0599698 8170.9499378
1470580396 8414.5494186 8074.8345392
1470580419 8415.4308472 8032.658478
1470580443 8411.5411172 8140.0821398
1470580466 8409.9498652 8085.81553
1470580489 8412.557751 7115.413279
1470580512 8403.3274442 8104.6835506
1470580536 8403.977465 8061.4932112
1470580559 8408.8630288 8118.5425568
1470580582 8397.5812518 8087.9665048
1470580606 8394.24534 8116.4524376
1470580629 8387.8673268 8100.4416142
1470580652 8402.8724286 8112.800137
1470580676 8398.17407 7751.9934024
1470580699 8399.9759298 8067.796945
1470580722 8396.0393998 8035.8862818
1470580746 8399.8953272 8122.405954
1470580769 8388.1637372 8114.2049014
1470580792 8381.7337214 8046.5670454
1470580816 8372.9168276 7982.021099
1470580839 8380.4778798 8094.9767574
1470580862 8374.391077 8037.4802872
1470580885 8368.3536742 6162.1260116
1470580909 8370.2231366 7962.4128142
1470580932 8371.8247912 7943.633945
1470580955 8368.3172742 8071.030357
1470580979 8358.868557 8103.4084404
1470581002 8361.2918376 7997.6448968
1470581025 8354.7162192 8063.437291
1470581049 8346.830154 8012.5835738
1470581072 8356.541479 7985.9843544
1470581095 8352.3969412 8059.124398
1470581119 8352.8649568 8038.8466834
1470581142 8358.9387596 7825.738115
1470581165 8351.9991282 7796.9349224
1470581189 8351.2477022 8057.1820212
1470581212 8352.7245516 8079.5753792
1470581235 8348.2914034 8031.6740764
1470581259 8341.8067876 8077.9694996
1470581282 8344.1754656 8058.2176532
1470581305 8324.4122052 7406.105707
1470581328 8325.8994546 7898.9219036
1470581352 8329.2613664 8003.7053538
1470581375 8329.1859664 7935.5550482
1470581398 8332.03826 8060.6633016
1470581422 8332.9066886 6364.6225578
1470581445 8322.321735 8002.9015352
1470581468 8325.8708546 7986.822467
1470581492 8321.3519038 7998.0995432
1470581515 8322.9821584 8021.4113252
1470581538 8324.4590078 8034.695916
1470581562 8316.3805374 7936.7530866
1470581585 8305.3275682 7831.3407744
1470581608 8302.490872 7964.4011278
1470581631 8296.8044822 7976.9725542
1470581655 8296.2922666 8001.1496708
1470581678 8294.7608146 7968.5749182
1470581701 8293.879386 7977.8069722
1470581725 8292.1893288 8006.755627
1470581748 8280.7983492 7973.4346744
1470581771 8287.3921676 7972.1050006
1470581795 8284.581474 7961.9573306
1470581818 8271.370432 8005.824164
1470581841 8280.8347492 7996.7700696
1470581865 8279.916918 8014.5061724
1470581888 8274.3553334 7968.7724584
1470581911 8272.8004814 8026.243108
1470581934 8265.2992292 7589.9163548
1470581958 8265.7698448 7990.679359
1470581981 8264.8234136 8019.1337252
1470582004 8249.8859144 7973.5694974
1470582028 8262.4391356 7803.4063016
1470582051 8264.4412006 7983.2589642
1470582074 8247.4886338 7983.4928212
1470582098 8244.0383194 7931.7137952
1470582121 8250.30193 7820.5093356
1470582144 8228.159589 7952.7357676
1470582168 8228.8382124 7924.4450116
1470582191 8239.2489582 7927.5002014
1470582214 8224.5974694 7952.7276712
1470582238 8219.597503 7821.9244766
1470582261 8221.2719576 7960.7274344
1470582284 8224.1086538 7910.1397492
1470582307 8215.4893652 7676.1959768
1470582331 8206.370861 6749.0179874
1470582354 8203.7603726 7933.2382012
1470582377 8188.5394656 7899.2619966
1470582401 8176.6310678 7876.1394478
1470582424 8188.4146604 7919.4632088
1470582447 8171.797504 7775.2751726
1470582471 8170.3024546 7854.833805
1470582494 8146.0254434 7785.4549344
1470582517 8155.9057736 7916.982424
1470582541 8147.3046876 7908.6112508
1470582564 8162.7726024 7873.821527
1470582587 8148.9973422 7805.1250238
1470582611 8149.6343656 7912.8177648
1470582634 8143.4773576 7879.3217074
1470582657 8143.9843758 7810.7558308
1470582680 8139.5798276 7844.4291614
1470582704 8141.4856926 7824.0671938
1470582727 8143.2121498 7747.7346232
1470582750 8140.4820588 7904.3636126
1470582774 8150.377989 7805.7697484
1470582797 8140.999477 7886.4559202
1470582820 8128.1212454 7851.8733566
1470582844 8140.625064 7903.4060118
1470582867 8137.3879548 7862.9615116
1470582890 8141.823703 7854.4280516
1470582914 8132.6245962 7698.2599252
1470582937 8127.2918168 7870.0248588
1470582960 8130.7317338 7875.064353
1470582983 8137.55176 7900.3936622
1470583007 8133.4332222 7787.8568716
1470583030 8131.8107676 7845.5772408
1470583053 8133.0874118 7831.1640628
1470583077 8132.9054066 7885.9010646
1470583100 8122.9392712 7868.7160786
1470583123 8131.1737468 7867.3281726
1470583147 8121.8004348 7885.902479
1470583170 8121.94344 7848.1542464
1470583193 8127.9808402 7855.9821262
1470583217 8125.2325492 7854.596945
1470583240 8121.7978348 7798.8869738
1470583263 8113.3475514 7821.1752918
1470583287 8119.4759568 7866.361347
1470583310 8116.4520554 7863.9468154
1470583333 8126.7614012 7815.135029
1470583356 8121.210214 7846.3323952
1470583380 8102.6793952 7707.8691768
1470583403 8107.3309512 7701.7382728
1470583426 8115.5160242 7822.6365932
1470583450 8121.3792192 7885.417696
1470583473 8114.2367826 7861.0652848
1470583496 8104.1926446 7802.509754
1470583520 8100.8411328 6910.8423124
1470583543 8105.0038732 7750.7925404
1470583566 8094.74393 7813.5648448
1470583590 8097.5832236 7821.5098468
1470583613 5869.6441674 5686.6346524
1470583636 12.3218108 12.2069584
1470583660 13.1356394 13.01326
1470583683 12.6156212 12.4980544
1470583706 12.3478134 12.2327894
