52 2064
39951970 40251970 978014 1003650 921257 205 3053017032.000000
40251971 40551971 978045 996271 915486 206 3042772417.000000
40551972 40851972 977978 990157 909832 206 3021670777.000000
40851973 41151973 978012 982447 903799 206 3002445549.000000
41151974 41451974 978038 978124 899697 206 2986667090.000000
41451975 41751975 978016 970668 893354 206 2968059637.000000
41751976 42051976 978014 963590 887029 206 2949247319.000000
42051977 42351977 978042 960282 883984 206 2936498203.000000
42351978 42651978 977979 955728 880025 206 2920182449.000000
42651979 42951979 978039 950045 875240 206 2902494224.000000
42951980 43251980 978017 944813 871135 206 2885941255.000000
43251981 43551981 978018 939628 866172 206 2871820210.000000
43551982 43851982 978007 934663 862236 205 2843254259.000000
43851983 44151983 978007 919244 848539 206 2810807539.000000
44151984 44451984 978013 938022 865096 206 2864320196.000000
44451985 44751985 978037 932723 860396 206 2849786970.000000
44751986 45051986 978012 926647 854786 206 2833935954.000000
45051987 45351987 978011 923236 852861 206 2820377056.000000
45351988 45651988 978043 917193 846993 206 2805594818.000000
45651989 45951989 978013 912552 843014 206 2791578871.000000
45951990 46251990 978039 907323 838717 206 2777361554.000000
46251991 46551991 978019 903231 834781 206 2763511163.000000
46551992 46851992 978014 899933 832127 206 2751164108.000000
46851993 47151993 978035 894874 827511 205 2722304278.000000
47151994 47451994 978014 889539 822730 206 2721417301.000000
47451995 47751995 978015 884340 818453 206 2708377314.000000
47751996 48051996 978007 879226 814163 206 2686860382.000000
48051997 48351997 977985 874611 809875 206 2673039313.000000
48351998 48651998 978016 868235 804448 206 2658845062.000000
48651999 48951999 978044 863837 800493 206 2639424292.000000
48952000 49252000 978012 857363 794599 207 2633577128.000000
49252001 49552001 978038 854914 792991 205 2600368407.000000
49552002 49852002 978016 851657 789954 206 2601671863.000000
49852003 50152003 978014 848281 786818 206 2593471241.000000
50152004 50452004 978040 841698 781528 206 2573937733.000000
50452005 50752005 978018 838395 778217 206 2563179511.000000
50752006 51052006 978016 834197 774353 206 2550307117.000000
51052007 51352007 978041 832584 773494 206 2542854537.000000
51352008 51652008 978014 829869 770621 206 2537827957.000000
51652009 51952009 978004 824565 766498 206 2517951582.000000
51952010 52252010 978040 819102 761244 206 2509400811.000000
52252011 52552011 978016 816329 759036 205 2486467292.000000
52552012 52852012 978047 813697 755887 206 2490675922.000000
52852013 53152013 978015 810501 753711 206 2481511170.000000
53152014 53452014 978016 811050 754359 206 2474810805.000000
53452015 53752015 978041 804168 748121 206 2466235993.000000
53752016 54052016 978014 802113 746646 206 2456181983.000000
54052017 54352017 978012 799412 744124 206 2444994133.000000
54352018 54652018 978010 792638 738257 206 2424823809.000000
54652019 54952019 978007 791737 737376 206 2417339048.000000
54952020 55252020 978011 790434 735936 206 2414580576.000000
55252021 55552021 978045 787961 733695 206 2410058818.000000
