702
1470567365 8977.909 8759.897
1470567388 8705.793 2517.38
1470567412 8798.811 704.131
1470567435 9301.241 9028.546
1470567458 11267.394 10397.668
1470567482 11259.838 10547.347
1470567505 11239.493 5882.009
1470567528 11214.769 9935.132
1470567552 11215.453 10510.011
1470567575 8761.481 8336.563
1470567598 4396.93 4330.313
1470567622 8827.46 8515.099
1470567645 10828.128 10344.708
1470567668 7724.339 7543.578
1470567691 3381.924 3330.188
1470567715 5257.298 5130.42
1470567738 1063.704 1052.227
1470567761 5490.396 5399.473
1470567785 10371.621 10016.599
1470567808 5165.431 5076.673
1470567831 964.185 953.717
1470567855 9566.058 9271.874
1470567878 11072.446 10672.906
1470567901 11071.81 10660.055
1470567925 11077.528 10635.082
1470567948 11076.985 10649.396
1470567971 11091.459 7738.436
1470567994 11058.458 8560.955
1470568018 11045.217 10572.501
1470568041 11025.894 10401.694
1470568064 11019.095 10061.739
1470568088 11020.271 10270.83
1470568111 11015.879 4025.536
1470568134 11021.101 7469.913
1470568158 11035.358 4742.0
1470568181 11013.116 9559.106
1470568204 10993.191 10460.136
1470568228 10973.0 10599.984
1470568251 10964.334 10323.669
1470568274 10965.632 10565.694
1470568297 10955.687 10436.966
1470568321 10972.132 10535.137
1470568344 10958.822 10485.087
1470568367 10950.78 10457.132
1470568391 10945.508 10491.669
1470568414 10916.306 10299.577
1470568437 10921.971 10396.542
1470568461 10910.171 10456.919
1470568484 10902.624 4224.823
1470568507 10907.735 10447.024
1470568531 10907.493 10409.993
1470568554 10892.636 10233.103
1470568577 10893.724 10499.678
1470568601 10862.25 10421.898
1470568624 10867.08 10363.604
1470568647 10876.862 10373.234
1470568670 10867.509 4143.857
1470568694 10863.196 10389.741
1470568717 10861.291 10163.183
1470568740 10833.958 10379.38
1470568764 10841.484 10442.494
1470568787 10839.075 10432.688
1470568810 10841.348 10413.448
1470568834 10835.21 10447.611
1470568857 10815.236 10140.222
1470568880 10815.704 10300.8
1470568904 10799.521 10367.141
1470568927 10792.863 10454.26
1470568950 10814.964 5171.409
1470568974 10797.193 7882.203
1470568997 10807.255 10404.785
1470569020 10771.988 10165.906
1470569043 10776.876 5023.451
1470569067 10768.491 8294.366
1470569090 10761.027 6713.256
1470569113 10748.177 10397.711
1470569137 10760.68 10135.831
1470569160 10757.355 10194.18
1470569183 10746.519 10342.904
1470569207 10759.663 10289.805
1470569230 10739.868 10378.767
1470569253 10741.294 10366.947
1470569277 10738.698 10218.432
1470569300 10727.181 10353.732
1470569323 10723.904 9540.401
1470569346 10718.474 10301.341
1470569370 10718.609 10356.674
1470569393 10691.735 10265.841
1470569416 10706.527 10242.629
1470569440 10723.49 9107.439
1470569463 10696.143 9973.745
1470569486 10693.584 10163.682
1470569510 10680.623 10234.926
1470569533 10672.352 9877.573
1470569556 10671.892 10027.091
1470569580 10667.975 10295.541
1470569603 10660.164 10177.327
1470569626 10645.655 10119.963
1470569650 10635.251 10222.654
1470569673 10630.516 10214.827
1470569696 10639.26 9824.028
1470569719 10639.545 10118.701
1470569743 10632.929 10281.315
1470569766 10619.253 10189.901
1470569789 10610.435 10261.564
1470569813 10592.759 10009.245
1470569836 10594.203 10208.293
1470569859 10610.617 10012.16
1470569883 10606.023 10230.691
1470569906 10584.775 10096.772
1470569929 10578.807 5286.795
1470569953 10579.247 6943.136
1470569976 10579.67 10171.339
1470569999 10575.513 9989.207
1470570022 10572.991 10201.451
1470570046 10569.665 10021.118
1470570069 10561.855 10143.88
1470570092 10548.203 10167.79
1470570116 10552.69 10129.934
1470570139 10553.814 10083.81
1470570162 10550.128 10165.046
1470570186 10548.992 10179.537
1470570209 10565.969 10152.952
1470570232 10549.984 5205.222
1470570256 10547.245 9997.657
1470570279 10529.436 5742.692
1470570302 10526.62 10163.964
1470570325 10522.096 9950.31
1470570349 10518.925 7519.824
1470570372 10515.982 8695.953
1470570395 10504.352 10127.978
1470570419 10494.749 8608.571
1470570442 10492.174 10102.124
1470570465 10480.127 10045.03
1470570489 10491.259 10129.405
1470570512 10486.018 10005.86
1470570535 10487.105 10138.188
1470570559 10464.608 10065.572
1470570582 10465.971 10054.148
1470570605 10477.306 10055.084
1470570629 10445.704 10065.698
1470570652 10449.31 10054.945
1470570675 10437.194 10078.774
1470570699 10439.635 10019.772
1470570722 10438.045 9969.081
1470570745 10431.007 8184.014
1470570768 10431.87 7233.383
1470570792 10422.043 10103.77
1470570815 10402.739 9918.494
1470570838 10405.451 10037.416
1470570862 10407.579 9896.882
1470570885 10404.532 9905.213
1470570908 10408.576 10003.73
1470570932 10392.746 10068.417
1470570955 10388.066 10086.246
1470570978 10385.446 8836.834
1470571002 10381.136 10004.989
1470571025 10376.456 10014.742
1470571048 10369.706 10006.315
1470571071 10357.981 10020.176
1470571095 10325.538 9653.66
1470571118 10322.823 9293.34
1470571141 10363.166 9771.488
1470571165 10335.463 9802.745
1470571188 10355.434 9792.838
1470571211 10342.123 9546.343
1470571235 10334.887 9819.888
1470571258 10317.871 9898.358
1470571281 10316.205 9734.883
1470571305 10317.95 9745.943
1470571328 10311.292 5299.133
1470571351 10325.251 7668.335
1470571375 10326.394 9804.766
1470571398 10299.997 9729.751
1470571421 10287.965 9431.102
1470571444 10281.883 9635.163
1470571468 10280.52 9616.715
1470571491 10291.571 9774.17
1470571514 10296.472 9691.529
1470571538 10282.045 9622.966
1470571561 10280.341 3777.585
1470571584 10278.128 8185.22
1470571608 10266.968 9085.321
1470571631 10243.208 3547.978
1470571654 10262.483 9661.015
1470571678 10271.239 9676.599
1470571701 10248.404 8523.579
1470571724 10242.566 6696.853
1470571748 10236.312 9844.22
1470571771 10232.498 9757.253
1470571794 10230.084 9652.2
1470571817 10223.961 9714.6
1470571841 10215.595 4836.603
1470571864 10215.113 8797.3
1470571887 10214.352 9713.673
1470571911 10213.878 9680.344
1470571934 9990.756 9594.556
1470571957 10046.676 9583.099
1470571981 10025.682 9570.963
1470572004 8977.625 8688.015
1470572027 10006.437 9514.761
1470572050 10187.426 9704.582
1470572074 10316.545 9807.321
1470572097 10310.296 9764.117
1470572120 10306.419 9711.877
1470572144 10303.898 9811.774
1470572167 10301.059 9584.902
1470572190 10298.767 9812.685
1470572214 10293.413 9586.763
1470572237 10288.833 9752.485
1470572260 10284.772 9766.498
1470572284 10277.633 9745.636
1470572307 10273.328 9775.411
1470572330 10270.201 7296.028
1470572354 10266.283 7754.446
1470572377 10262.284 9759.721
1470572400 10258.332 9698.995
1470572423 10241.048 9724.052
1470572447 10255.156 9874.422
1470572470 10252.883 9562.29
1470572493 10242.481 9765.975
1470572517 10236.104 9735.565
1470572540 10231.587 9783.311
1470572563 10226.339 9731.885
1470572587 10220.755 9551.861
1470572610 10221.262 9821.694
1470572633 10217.805 9710.678
1470572657 10210.621 9853.68
1470572680 10199.004 9676.761
1470572703 10205.687 9662.566
1470572727 10206.766 9664.419
1470572750 10192.797 9711.114
1470572773 10185.644 9681.187
1470572796 10182.177 9763.707
1470572820 10181.551 9751.117
1470572843 10177.063 9773.694
1470572866 10165.029 9739.321
1470572890 10166.999 9702.078
1470572913 10162.937 9249.156
1470572936 10162.63 9764.195
1470572960 10160.976 9616.666
1470572983 10150.363 9657.524
1470573006 10134.479 9545.847
1470573030 10138.735 8514.9
1470573053 10149.681 9597.909
1470573076 10139.008 9549.972
1470573099 10133.455 9528.386
1470573123 10124.315 9691.892
1470573146 10114.417 5771.598
1470573169 10119.836 9684.734
1470573193 10115.388 9566.172
1470573216 10104.445 8370.544
1470573239 10117.775 7674.489
1470573263 10106.464 9561.798
1470573286 10089.498 9562.77
1470573309 10083.284 9681.113
1470573333 10090.73 9664.93
1470573356 10093.142 9522.22
1470573379 10087.734 9645.0
1470573403 10069.493 9594.426
1470573426 10065.141 7621.599
1470573449 10068.232 7683.895
1470573473 10064.62 9509.442
1470573496 10061.122 9571.963
1470573519 10066.961 9575.108
1470573542 10058.072 9662.167
1470573566 10034.784 9680.818
1470573589 10042.282 9673.952
1470573612 10040.788 4555.326
1470573636 10039.361 9544.192
1470573659 10039.728 9633.254
1470573682 10015.656 9670.515
1470573706 10016.353 9503.556
1470573729 10021.389 9666.908
1470573752 10018.954 8826.411
1470573776 10013.88 9620.236
1470573799 10014.462 2599.338
1470573822 10012.707 9193.855
1470573845 9986.766 9515.425
1470573869 9988.882 9540.75
1470573892 9990.665 9558.51
1470573915 9993.171 9524.775
1470573939 9995.938 8614.776
1470573962 9971.673 9575.158
1470573985 9967.529 9567.451
1470574009 9968.159 9605.158
1470574032 9964.838 3299.998
1470574055 9961.231 7280.612
1470574079 9955.86 9324.447
1470574102 9962.258 9550.876
1470574125 9960.134 9503.701
1470574149 9927.46 9445.918
1470574172 9940.394 9548.976
1470574195 9942.472 9606.113
1470574218 9940.909 9499.179
1470574242 9940.874 9591.861
1470574265 9912.897 9509.681
1470574288 9909.115 9492.437
1470574312 9912.768 9591.174
1470574335 9919.355 5798.268
1470574358 9911.717 9053.671
1470574382 9910.078 9591.305
1470574405 9912.59 9407.309
1470574428 9907.216 8648.028
1470574452 9876.214 9487.576
1470574475 9894.318 9528.651
1470574498 9893.973 9445.879
1470574521 9891.408 9529.34
1470574545 9897.567 9451.534
1470574568 9875.645 9484.438
1470574591 9871.15 5205.823
1470574615 9878.761 9470.505
1470574638 9869.135 9483.056
1470574661 9865.247 9509.085
1470574685 9859.636 9339.424
1470574708 9861.251 9226.024
1470574731 9857.607 9032.35
1470574755 9826.247 8782.994
1470574778 9841.224 719.631
1470574801 9839.048 5437.059
1470574825 9840.731 9370.529
1470574848 9845.796 9427.301
1470574871 9821.305 9357.84
1470574894 9819.865 9446.243
1470574918 9816.825 9420.618
1470574941 9812.059 9382.612
1470574964 9806.699 9408.782
1470574988 9797.944 9344.55
1470575011 9792.66 9318.557
1470575034 9803.598 9355.324
1470575058 9796.328 9344.499
1470575081 9763.652 9444.466
1470575104 9772.257 9240.694
1470575128 9770.101 9442.421
1470575151 9769.786 9308.434
1470575174 9770.596 9404.77
1470575198 9779.27 6604.848
1470575221 9760.857 7802.724
1470575244 9749.127 9146.975
1470575267 9748.926 9267.984
1470575291 9743.585 9281.054
1470575314 9734.598 9396.488
1470575337 9733.989 9365.266
1470575361 9735.244 9372.88
1470575384 9734.165 9363.261
1470575407 9729.337 9413.42
1470575431 9736.897 9298.926
1470575454 9728.918 9290.285
1470575477 9702.939 9321.683
1470575501 9716.804 8992.271
1470575524 9714.703 9398.62
1470575547 9713.076 9363.233
1470575571 9712.486 9249.134
1470575594 9722.304 9302.829
1470575617 9706.747 9393.932
1470575640 9691.637 4817.324
1470575664 9692.5 9358.476
1470575687 9688.17 9241.252
1470575710 9644.405 9277.121
1470575734 9641.483 9263.298
1470575757 9644.326 9062.227
1470575780 9643.143 9127.016
1470575804 9642.691 9172.429
1470575827 9629.704 9310.781
1470575850 9619.286 8154.597
1470575874 9620.783 4397.21
1470575897 9620.173 8067.193
1470575920 9618.401 9237.163
1470575943 9614.918 9300.017
1470575967 9613.212 9218.546
1470575990 9604.423 9262.745
1470576013 9598.237 9196.213
1470576037 9594.882 7998.605
1470576060 9588.059 9107.321
1470576083 9584.721 9226.698
1470576107 9586.954 9248.883
1470576130 9585.264 9134.098
1470576153 9576.181 9110.943
1470576177 9566.551 9153.398
1470576200 9560.274 9239.974
1470576223 9559.349 9271.136
1470576246 9554.62 9175.185
1470576270 9557.681 9185.885
1470576293 9555.548 8303.539
1470576316 9554.927 9139.161
1470576340 9546.956 9206.853
1470576363 9538.092 9185.348
1470576386 9529.774 4612.798
1470576410 9524.751 9098.596
1470576433 9520.647 9239.311
1470576456 9523.655 9207.414
1470576480 9524.599 9145.823
1470576503 9516.287 8913.339
1470576526 9507.911 8590.127
1470576550 9503.119 9105.65
1470576573 9505.879 9104.04
1470576596 9502.376 9071.816
1470576619 9497.117 9147.089
1470576643 9493.059 9187.694
1470576666 9487.552 9149.236
1470576689 9482.115 9122.798
1470576713 9475.321 9126.261
1470576736 9468.301 9123.398
1470576759 9463.996 9175.963
1470576783 9456.654 9111.672
1470576806 9448.483 9103.316
1470576829 9438.351 9072.256
1470576853 9432.251 9064.271
1470576876 9419.443 9121.662
1470576899 9411.452 9006.113
1470576923 9401.743 9022.334
1470576946 9392.668 9121.078
1470576969 9383.761 8862.754
1470576992 9385.227 8996.401
1470577016 9381.339 9031.258
1470577039 9380.874 9049.656
1470577062 9381.124 9014.524
1470577086 9380.193 8939.234
1470577109 9380.154 8828.939
1470577132 9377.113 9044.095
1470577156 9366.518 8930.234
1470577179 9360.795 9018.751
1470577202 9361.292 8978.593
1470577226 9363.71 8874.634
1470577249 9369.099 3957.35
1470577272 9371.551 8953.616
1470577296 9367.939 8886.323
1470577319 9362.18 8939.849
1470577342 9357.257 8979.862
1470577365 9358.699 8907.846
1470577389 9355.736 9034.352
1470577412 9346.899 9016.586
1470577435 9336.796 8939.986
1470577459 9336.033 8974.99
1470577482 9331.105 8904.772
1470577505 9324.026 8783.158
1470577529 9316.718 8977.878
1470577552 9312.904 8942.344
1470577575 9312.37 8875.325
1470577599 9314.635 8899.965
1470577622 9317.404 8892.88
1470577645 9320.867 8834.306
1470577668 9316.29 8900.099
1470577692 9304.379 8893.633
1470577715 9297.972 8894.253
1470577738 9296.613 5772.439
1470577762 9301.437 8499.895
1470577785 9301.969 8944.109
1470577808 9303.937 8871.701
1470577832 9298.245 8919.34
1470577855 9300.212 8952.877
1470577878 9296.773 8871.546
1470577902 9290.075 8878.497
1470577925 9289.698 8936.479
1470577948 9284.843 8917.652
1470577972 9286.075 8908.66
1470577995 9279.535 8455.271
1470578018 9273.638 8910.26
1470578041 9268.754 8926.613
1470578065 9264.311 8880.607
1470578088 9261.096 8798.273
1470578111 9257.754 8874.3
1470578135 9253.64 8834.637
1470578158 9245.639 8857.881
1470578181 9236.439 8754.918
1470578205 9228.088 8925.936
1470578228 9223.956 8857.543
1470578251 9211.754 8483.944
1470578275 9202.212 8737.334
1470578298 9197.224 8491.347
1470578321 9191.033 8495.04
1470578345 9185.432 8785.889
1470578368 9175.012 8795.418
1470578391 9180.18 8751.404
1470578414 9182.232 7078.666
1470578438 9181.974 8783.62
1470578461 9176.844 8800.725
1470578484 9171.776 8780.151
1470578508 9166.483 8802.106
1470578531 9163.077 8865.96
1470578554 9166.223 8823.339
1470578578 9172.739 8821.221
1470578601 9173.955 8765.181
1470578624 9164.867 8854.572
1470578648 9160.697 8787.04
1470578671 9159.291 3926.135
1470578694 9157.966 8654.308
1470578717 9153.899 8538.622
1470578741 9154.092 4055.167
1470578764 9147.277 7883.732
1470578787 9143.259 8702.432
1470578811 9134.933 8742.696
1470578834 9130.064 3260.923
1470578857 9116.461 7913.14
1470578881 9117.918 8823.316
1470578904 9115.199 8821.072
1470578927 9107.16 8724.366
1470578951 9101.025 8807.703
1470578974 9098.895 8796.862
1470578997 9097.953 8709.226
1470579021 9099.828 8688.283
1470579044 9100.085 8732.624
1470579067 9099.441 8628.615
1470579090 9100.114 8784.037
1470579114 9097.494 7783.248
1470579137 9083.72 8621.944
1470579160 9085.028 8740.144
1470579184 9082.555 8761.963
1470579207 9084.834 8709.214
1470579230 9092.503 8537.92
1470579254 9090.405 8760.813
1470579277 9083.543 8771.919
1470579300 9086.447 8774.614
1470579324 9087.038 8779.579
1470579347 9083.798 8794.82
1470579370 9077.287 6684.2
1470579393 9075.9 4935.4
1470579417 9077.522 8725.433
1470579440 9076.185 8572.53
1470579464 9075.225 8724.175
1470579487 9077.233 8756.083
1470579510 9079.769 8759.095
1470579533 9077.555 8711.88
1470579557 9072.172 8584.525
1470579580 9063.201 8626.854
1470579603 9053.772 8659.592
1470579627 9046.406 8701.992
1470579650 9041.57 8701.019
1470579673 9035.111 8621.906
1470579697 9028.802 8658.78
1470579720 9013.964 8698.662
1470579743 9006.104 8624.271
1470579766 8997.141 8641.637
1470579790 8995.329 8589.261
1470579813 8984.749 7551.506
1470579836 8977.24 8645.03
1470579860 8977.009 8636.328
1470579883 8975.859 8676.866
1470579906 8976.501 8647.043
1470579930 8970.154 8625.087
1470579953 8970.156 8528.563
1470579976 8972.638 8632.043
1470580000 8983.808 8581.221
1470580023 8973.637 8681.967
1470580046 8966.679 8559.342
1470580070 8964.637 8572.907
1470580093 8966.988 8606.108
1470580116 8965.884 8686.925
1470580139 8966.614 8687.333
1470580163 8968.975 8687.822
1470580186 8956.926 8135.703
1470580209 8951.625 8489.703
1470580233 8942.999 8666.635
1470580256 8937.923 8588.716
1470580279 8940.558 8633.773
1470580303 8939.523 8526.763
1470580326 8938.87 8588.407
1470580349 8930.262 8570.416
1470580373 8926.898 8651.491
1470580396 8919.493 8559.392
1470580419 8916.761 8511.185
1470580443 8917.433 8629.648
1470580466 8914.884 8571.288
1470580489 8914.788 7540.204
1470580512 8907.997 8591.418
1470580536 8908.05 8545.023
1470580559 8906.126 8598.637
1470580582 8897.884 8569.824
1470580606 8898.722 8604.235
1470580629 8896.518 8591.662
1470580652 8899.449 8592.235
1470580676 8898.804 8214.103
1470580699 8900.035 8548.081
1470580722 8898.763 8517.046
1470580746 8894.597 8600.765
1470580769 8891.217 8600.829
1470580792 8885.544 8530.231
1470580816 8878.126 8463.644
1470580839 8873.805 8571.498
1470580862 8872.08 8515.146
1470580885 8868.557 6530.456
1470580909 8866.044 8434.076
1470580932 8865.071 8411.652
1470580955 8865.893 8550.93
1470580979 8862.716 8591.858
1470581002 8857.399 8472.175
1470581025 8855.349 8546.616
1470581049 8854.035 8499.478
1470581072 8856.471 8463.745
1470581095 8856.746 8545.765
1470581119 8854.02 8521.161
1470581142 8851.545 8286.922
1470581165 8850.491 8262.298
1470581189 8848.508 8536.933
1470581212 8842.26 8553.103
1470581235 8836.815 8501.67
1470581259 8835.781 8556.32
1470581282 8836.332 8533.508
1470581305 8833.706 7859.216
1470581328 8831.656 8378.742
1470581352 8828.847 8483.764
1470581375 8826.212 8409.092
1470581398 8824.644 8537.225
1470581422 8825.449 6740.823
1470581445 8823.722 8485.058
1470581468 8820.632 8461.436
1470581492 8813.973 8471.584
1470581515 8813.52 8494.175
1470581538 8807.712 8501.127
1470581562 8811.153 8408.94
1470581585 8802.723 8300.35
1470581608 8799.45 8441.123
1470581631 8797.013 8457.898
1470581655 8795.449 8482.549
1470581678 8792.424 8446.668
1470581701 8787.215 8452.342
1470581725 8785.319 8482.911
1470581748 8782.688 8456.695
1470581771 8780.06 8446.03
1470581795 8777.935 8436.099
1470581818 8776.401 8494.641
1470581841 8773.485 8472.521
1470581865 8774.765 8493.492
1470581888 8769.696 8445.82
1470581911 8760.812 8499.71
1470581934 8754.868 8039.481
1470581958 8754.541 8463.184
1470581981 8754.568 8494.32
1470582004 8752.446 8459.297
1470582028 8750.414 8264.271
1470582051 8747.111 8449.507
1470582074 8743.265 8463.4
1470582098 8739.978 8408.865
1470582121 8735.286 8280.228
1470582144 8731.27 8439.005
1470582168 8728.069 8405.208
1470582191 8722.748 8392.705
1470582214 8717.819 8429.646
1470582238 8717.058 8295.317
1470582261 8713.075 8436.944
1470582284 8711.109 8378.548
1470582307 8707.267 8135.691
1470582331 8697.262 7152.733
1470582354 8689.139 8402.612
1470582377 8675.306 8368.833
1470582401 8671.069 8352.406
1470582424 8662.369 8377.85
1470582447 8657.769 8237.666
1470582471 8648.997 8315.045
1470582494 8636.829 8254.534
1470582517 8638.118 8385.068
1470582541 8634.437 8381.472
1470582564 8635.312 8329.634
1470582587 8634.296 8269.945
1470582611 8631.737 8380.911
1470582634 8630.916 8350.949
1470582657 8629.672 8276.57
1470582680 8624.265 8311.539
1470582704 8617.899 8281.906
1470582727 8622.246 8203.504
1470582750 8628.821 8378.538
1470582774 8631.553 8266.6
1470582797 8624.283 8354.629
1470582820 8621.741 8328.716
1470582844 8621.699 8370.462
1470582867 8622.161 8331.386
1470582890 8622.82 8318.446
1470582914 8619.642 8159.266
1470582937 8617.288 8344.51
1470582960 8616.475 8345.534
1470582983 8617.399 8366.256
1470583007 8613.477 8247.504
1470583030 8616.886 8313.578
1470583053 8615.578 8295.743
1470583077 8615.869 8354.196
1470583100 8614.437 8344.831
1470583123 8614.323 8334.8
1470583147 8602.251 8352.398
1470583170 8601.481 8311.527
1470583193 8611.644 8323.459
1470583217 8612.032 8325.182
1470583240 8606.66 8264.472
1470583263 8597.518 8287.91
1470583287 8600.805 8332.686
1470583310 8599.793 8332.251
1470583333 8604.121 8274.19
1470583356 8599.398 8308.335
1470583380 8581.658 8163.509
1470583403 8589.251 8159.549
1470583426 8601.885 8291.453
1470583450 8602.965 8353.012
1470583473 8597.569 8329.317
1470583496 8589.841 8270.079
1470583520 8587.66 7326.148
1470583543 8582.59 8207.507
1470583566 8579.032 8281.031
1470583590 8573.838 8281.528
1470583613 7370.064 7140.273
1470583636 25.757 25.517
1470583660 23.685 23.464
1470583683 22.183 21.976
1470583706 20.822 20.628
