1454
1477333904 14117.843 13235.721
1477333928 14102.933 5779.322
1477333951 14065.207 2748.252
1477333974 14089.559 10578.116
1477333998 14097.216 10820.947
1477334021 14070.065 13585.926
1477334044 14067.645 13496.891
1477334067 14056.807 13529.838
1477334091 14049.082 12949.95
1477334114 14043.74 13510.954
1477334137 14019.744 13549.404
1477334161 14011.538 13337.498
1477334184 14013.86 13476.165
1477334207 14013.503 13514.587
1477334231 13990.821 13731.161
1477334254 13984.712 13711.828
1477334277 13978.769 13706.716
1477334301 13972.834 13523.109
1477334324 13954.576 13699.122
1477334347 13940.33 13688.516
1477334371 13932.108 13680.23
1477334394 13945.996 13676.532
1477334417 13936.384 13683.865
1477334440 13907.845 13641.404
1477334464 13904.299 13622.193
1477334487 13893.73 13645.531
1477334510 13885.642 13620.008
1477334534 13872.681 13609.705
1477334557 13863.71 13618.591
1477334580 13857.201 13559.807
1477334604 13846.922 13587.086
1477334627 13836.317 13594.34
1477334650 7245.412 7170.272
1477334674 5238.382 5211.355
1477334697 12177.067 11911.46
1477334720 11912.62 11678.194
1477334744 4499.275 4475.332
1477334767 5433.827 5387.928
1477334790 1332.05 1329.176
1477334813 6981.092 6922.603
1477334837 12649.926 11946.787
1477334860 5975.61 5927.021
1477334883 2928.878 2914.473
1477334907 13749.359 13293.232
1477334930 13749.232 13299.973
1477334953 13322.128 12789.009
1477334977 13277.398 12932.065
1477335000 12698.86 12410.139
1477335023 13225.052 10348.861
1477335047 13690.42 13254.588
1477335070 13686.339 13257.58
1477335093 13691.243 13296.049
1477335117 13732.511 13342.914
1477335140 13726.619 13360.764
1477335163 13712.223 13125.282
1477335186 13693.074 13143.366
1477335210 13682.68 13305.698
1477335233 13678.0 13318.61
1477335256 13670.1 13325.365
1477335280 13664.617 13291.978
1477335303 13657.748 13318.983
1477335326 13650.873 13265.812
1477335350 13620.237 13237.881
1477335373 13643.552 13222.443
1477335396 13639.741 13252.169
1477335420 13605.694 11584.022
1477335443 13594.542 13201.229
1477335466 13610.061 13206.302
1477335489 13575.438 12597.059
1477335513 13581.241 13009.923
1477335536 13567.353 13174.679
1477335559 13553.422 12962.358
1477335583 13551.802 12983.749
1477335606 13539.736 13179.378
1477335629 13498.525 13143.716
1477335653 13525.732 13138.475
1477335676 13530.752 13141.248
1477335699 13519.32 12438.733
1477335723 13501.077 9513.581
1477335746 13497.779 9716.264
1477335769 13486.753 13121.708
1477335793 13477.521 13093.74
1477335816 13471.925 13075.264
1477335839 13464.463 13067.792
1477335862 13455.448 13100.007
1477335886 13447.028 12921.88
1477335909 13440.256 13063.692
1477335932 13429.808 13080.683
1477335956 13423.694 13060.462
1477335979 13408.125 13079.298
1477336002 13399.983 13072.202
1477336026 13401.188 13037.509
1477336049 13393.824 13063.223
1477336072 13384.754 12855.941
1477336096 13376.858 13034.899
1477336119 13367.389 13021.776
1477336142 13353.454 12966.744
1477336165 13357.535 12978.166
1477336189 13345.782 13029.352
1477336212 13343.616 12657.1
1477336235 13338.619 12691.997
1477336259 13314.219 12954.012
1477336282 13306.139 12998.616
1477336305 13299.198 13024.271
1477336329 13294.625 12985.231
1477336352 13287.828 12984.15
1477336375 13281.626 12972.788
1477336399 13276.811 12954.428
1477336422 13247.082 12943.402
1477336445 13269.643 12762.547
1477336469 13265.794 12939.171
1477336492 13238.631 12732.461
1477336515 13222.636 12906.696
1477336538 13224.268 12889.119
1477336562 13221.68 12892.036
1477336585 13206.903 12909.329
1477336608 13200.271 12870.479
1477336632 13195.295 12698.75
1477336655 13187.84 12875.229
1477336678 13175.4 12865.516
1477336702 13162.886 12902.514
1477336725 13151.271 12842.603
1477336748 13144.945 12871.273
1477336772 13140.775 12883.171
1477336795 13129.199 12875.258
1477336818 13118.762 12863.618
1477336841 13092.543 12808.469
1477336865 13097.941 11283.846
1477336888 13085.831 12815.992
1477336911 13093.379 12839.412
1477336935 13078.124 12828.413
1477336958 13068.229 12799.934
1477336981 13061.027 12779.626
1477337005 13059.446 12809.419
1477337028 13057.354 12809.1
1477337051 13048.75 12784.914
1477337075 13048.458 12800.833
1477337098 13057.006 12776.105
1477337121 13052.432 12012.529
1477337145 13044.05 11708.042
1477337168 13043.536 12779.053
1477337191 13045.464 12782.582
1477337215 13042.162 12615.982
1477337238 13034.75 12558.013
1477337261 13024.471 11309.128
1477337284 13021.289 12773.598
1477337308 13018.11 11969.638
1477337331 13012.601 12.99
1477337354 13005.726 0.0
1477337378 13003.834 0.0
1477337401 12997.534 0.0
1477337424 12989.779 0.0
1477337448 12985.638 0.0
1477337471 12976.276 0.0
1477337494 12969.098 0.0
1477337518 12962.81 0.0
1477337541 12955.21 0.0
1477337564 12943.314 0.0
1477337587 12938.733 0.0
1477337595 12921.897 12063.451
1477337618 12932.044 6842.942
1477337642 12939.748 12025.558
1477337665 12922.068 12478.819
1477337688 12906.618 12581.532
1477337711 12899.394 12457.047
1477337735 12892.496 12634.039
1477337758 12881.959 12609.97
1477337781 12880.481 12609.231
1477337805 12876.723 12589.805
1477337828 12868.818 12611.631
1477337851 12854.223 12599.784
1477337875 12848.683 12581.615
1477337898 12837.526 12374.909
1477337921 12825.306 12539.187
1477337945 12798.775 12515.49
1477337968 12816.27 12547.547
1477337991 12811.959 12542.853
1477338015 12799.237 12548.822
1477338038 12570.788 12342.09
1477338061 12451.321 12197.188
1477338084 12255.033 12056.591
1477338108 12055.99 11671.754
1477338131 12371.411 11999.63
1477338154 12809.36 12582.339
1477338178 12803.733 12576.48
1477338201 12796.577 12569.793
1477338224 12789.526 12532.36
1477338248 12775.061 12550.669
1477338271 12774.035 12517.368
1477338294 12772.816 12510.548
1477338318 12776.194 12528.673
1477338341 12757.999 12466.218
1477338364 12749.193 12441.057
1477338387 12746.622 12436.226
1477338411 12740.546 12446.601
1477338434 12711.336 12424.713
1477338457 12731.205 12446.603
1477338481 12727.767 12430.218
1477338504 12733.43 12443.636
1477338527 12710.401 12409.916
1477338551 12702.903 12404.638
1477338574 12696.695 12382.912
1477338597 12676.564 12398.766
1477338621 12679.415 12340.893
1477338644 12680.326 12395.804
1477338667 12673.33 12379.836
1477338691 12673.619 12392.414
1477338714 12661.21 12360.064
1477338737 12652.264 12375.002
1477338760 12645.479 12356.186
1477338784 12607.872 12133.508
1477338807 12632.664 12335.842
1477338830 12630.501 12167.258
1477338854 12624.865 12322.352
1477338877 12629.064 12322.786
1477338900 12610.187 12306.428
1477338924 12599.438 12313.082
1477338947 12591.104 12304.125
1477338970 12583.716 12312.988
1477338994 12586.4 12316.195
1477339017 12583.938 12322.795
1477339040 12580.064 12342.427
1477339064 12577.36 12337.798
1477339087 12559.34 12274.118
1477339110 12543.625 12292.204
1477339133 12530.854 12280.907
1477339157 12544.716 12309.066
1477339180 12537.373 12303.146
1477339203 12534.608 12300.264
1477339227 12534.146 12283.538
1477339250 12510.554 12225.089
1477339273 12502.137 6206.924
1477339297 12496.506 12236.427
1477339320 12497.884 12191.59
1477339343 12492.521 12216.356
1477339367 12488.283 11867.8
1477339390 12492.073 11868.372
1477339413 12476.62 11827.399
1477339437 12454.148 12183.3
1477339460 12453.293 12186.086
1477339483 12458.785 12204.164
1477339506 12455.019 12201.843
1477339530 12450.489 12008.287
1477339553 12451.125 12011.139
1477339576 12432.324 12171.361
1477339600 12419.017 12178.589
1477339623 12414.72 11545.247
1477339646 12416.14 10432.542
1477339670 12408.125 12167.309
1477339693 12403.643 12179.533
1477339716 12410.858 12155.052
1477339740 12391.036 12167.845
1477339763 12368.359 12147.28
1477339786 12370.576 12117.911
1477339809 12380.641 12156.695
1477339833 12370.97 12131.483
1477339856 12371.667 12149.605
1477339879 12358.979 12138.402
1477339903 12346.622 11939.755
1477339926 12332.498 12098.21
1477339949 12331.573 12111.915
1477339973 12335.214 12115.364
1477339996 12324.677 12089.435
1477340019 12322.127 12087.273
1477340043 12317.357 12067.894
1477340066 12302.146 12084.869
1477340089 12293.167 12061.796
1477340113 12280.764 12063.675
1477340136 12292.397 11890.251
1477340159 12284.069 12067.613
1477340182 12286.665 12071.452
1477340206 12274.652 12028.401
1477340229 12259.352 12046.817
1477340252 12261.905 12017.799
1477340276 12241.363 12029.538
1477340299 12247.712 12020.081
1477340322 12246.231 12014.011
1477340346 12244.32 11984.592
1477340369 12238.27 11993.226
1477340392 12220.749 11990.123
1477340416 12218.598 11974.479
1477340439 12211.218 11479.104
1477340462 12180.132 11941.761
1477340485 12200.008 10896.312
1477340509 12197.467 11970.21
1477340532 12199.971 11958.262
1477340555 12180.158 11950.197
1477340579 12171.075 11945.197
1477340602 12166.674 11943.253
1477340625 12162.168 11938.465
1477340649 12160.452 11932.7
1477340672 12150.495 11924.111
1477340695 12153.734 11898.595
1477340719 12142.178 11904.13
1477340742 12143.635 11906.668
1477340765 12126.637 11725.368
1477340789 12124.945 11916.137
1477340812 12117.823 7155.651
1477340835 12113.576 11862.533
1477340858 12109.769 11880.145
1477340882 12102.965 11892.819
1477340905 12091.26 11871.258
1477340928 12076.752 11842.696
1477340952 12098.958 11894.976
1477340975 12096.044 11876.581
1477340998 12075.974 11857.405
1477341022 12071.355 11853.446
1477341045 12066.978 11682.412
1477341068 12060.063 11827.889
1477341092 12055.72 11839.233
1477341115 12049.326 11785.66
1477341138 12043.44 11826.676
1477341162 12036.351 11819.539
1477341185 12033.843 11454.747
1477341208 12026.726 11812.764
1477341231 12020.32 11608.417
1477341255 12017.088 11804.215
1477341278 12010.059 11797.018
1477341301 12003.106 11777.357
1477341325 11997.871 11771.881
1477341348 11992.786 11782.576
1477341371 11987.916 11462.294
1477341395 11980.032 11752.345
1477341418 11975.351 11748.998
1477341441 11971.506 11701.955
1477341465 11965.399 11742.76
1477341488 11953.426 11729.338
1477341511 11948.29 11712.445
1477341534 11948.033 11740.44
1477341558 11937.877 11731.945
1477341581 11935.809 11700.255
1477341604 11925.364 11553.843
1477341628 11909.13 11703.743
1477341651 11917.037 7808.814
1477341674 11924.215 10877.252
1477341698 11910.88 11704.818
1477341721 11893.783 11673.602
1477341744 11892.017 11688.259
1477341768 11886.459 11688.101
1477341791 11879.637 11689.69
1477341814 11876.125 8266.653
1477341838 11870.6 11548.678
1477341861 11862.907 11674.499
1477341884 11859.794 11671.879
1477341907 11856.638 11638.122
1477341931 11850.079 10184.651
1477341954 11843.545 9638.187
1477341977 11838.833 11634.674
1477342001 11833.505 9888.537
1477342024 11808.351 11595.408
1477342047 11835.445 11622.286
1477342071 11829.893 11629.618
1477342094 11806.162 11608.543
1477342117 11808.528 11567.649
1477342141 11801.464 11601.545
1477342164 11794.435 11597.545
1477342187 11787.936 11590.34
1477342211 11784.275 11589.212
1477342234 11779.419 11582.648
1477342257 11775.253 11577.444
1477342280 11769.163 11572.329
1477342304 11763.703 11567.524
1477342327 11759.096 11550.808
1477342350 11753.053 11523.971
1477342374 11747.529 11519.429
1477342397 11743.466 11545.336
1477342420 11738.361 11555.318
1477342444 11734.465 11551.602
1477342467 11729.598 11546.908
1477342490 11723.885 11541.994
1477342514 11716.372 11505.259
1477342537 11716.075 11534.751
1477342560 11710.797 11528.892
1477342583 11706.206 10095.735
1477342607 11701.381 11505.93
1477342630 11697.164 11516.371
1477342653 11691.444 11510.22
1477342677 11688.226 11492.769
1477342700 11681.328 11501.213
1477342723 11673.719 11479.496
1477342747 11671.152 11476.41
1477342770 11662.506 11452.993
1477342793 11655.061 11446.742
1477342817 11650.887 11471.762
1477342840 11644.101 11450.553
1477342863 11641.107 11462.435
1477342887 11305.289 8212.29
1477342910 11245.248 718.922
1477342933 11058.782 10891.813
1477342956 11165.427 11008.868
1477342980 11395.807 9874.562
1477343003 11604.408 11427.609
1477343026 11608.097 11431.529
1477343050 11597.459 11245.789
1477343073 11572.542 11382.696
1477343096 11584.432 11409.338
1477343120 11576.96 11395.692
1477343143 11571.248 11389.645
1477343166 11563.254 11368.254
1477343190 11555.803 11359.553
1477343213 11552.101 4076.749
1477343236 11552.47 8929.435
1477343260 11541.442 11346.469
1477343283 11534.231 11338.326
1477343306 11529.466 11335.359
1477343329 11525.457 11345.686
1477343353 11520.535 11340.386
1477343376 11513.548 11319.072
1477343399 11505.56 11312.3
1477343423 11493.047 11142.45
1477343446 11469.582 11277.936
1477343469 11504.404 11325.565
1477343493 11499.862 11307.11
1477343516 11479.877 11302.467
1477343539 11476.568 11285.932
1477343563 11470.359 11281.179
1477343586 11467.486 9939.976
1477343609 11461.319 11276.792
1477343632 11453.564 11284.747
1477343656 11450.595 11066.447
1477343679 11446.182 11277.832
1477343702 11439.745 11258.005
1477343726 11433.635 11265.029
1477343749 11428.915 11246.329
1477343772 11430.812 11263.025
1477343796 11425.44 11068.014
1477343819 11415.327 11241.701
1477343842 11410.375 11237.708
1477343866 11404.827 11232.822
1477343889 11401.49 11119.901
1477343912 11397.527 11141.688
1477343936 11388.188 11118.312
1477343959 11381.361 11128.352
1477343982 11386.387 11090.637
1477344005 11381.315 11118.128
1477344029 11365.155 11114.535
1477344052 11362.698 11114.917
1477344075 11363.219 11088.456
1477344099 11354.749 11107.358
1477344122 11352.764 11107.66
1477344145 11345.036 11100.729
1477344169 11340.202 11038.951
1477344192 11335.945 11089.456
1477344215 11327.599 11066.948
1477344239 11324.17 11081.643
1477344262 11316.995 11074.026
1477344285 11325.591 11082.845
1477344309 11306.512 11053.431
1477344332 11306.267 11049.456
1477344355 11299.436 11060.667
1477344378 11289.589 11052.052
1477344402 11286.454 11047.816
1477344425 11284.482 11029.508
1477344448 11274.491 11036.409
1477344472 11261.931 11025.434
1477344495 11263.595 11012.663
1477344518 11261.008 11024.306
1477344542 11259.163 11026.145
1477344565 11256.079 10874.577
1477344588 11251.221 11038.546
1477344612 11237.673 11010.851
1477344635 11239.406 11027.594
1477344658 11235.999 10873.062
1477344681 11224.739 11014.089
1477344705 11221.34 10997.323
1477344728 11217.311 11008.596
1477344751 11196.908 10820.923
1477344775 11218.233 10684.003
1477344798 11209.436 10965.406
1477344821 11192.63 10949.663
1477344845 11190.467 10962.403
1477344868 11185.977 9353.506
1477344891 11181.683 10950.752
1477344915 11176.283 10931.67
1477344938 11170.78 10942.573
1477344961 11164.181 10920.95
1477344985 11160.181 10935.217
1477345008 11157.369 10918.098
1477345031 11155.038 10929.898
1477345054 11150.912 10926.197
1477345078 11143.689 10920.985
1477345101 11133.263 10918.632
1477345124 11127.892 10925.387
1477345148 11129.808 10927.509
1477345171 11120.21 10905.101
1477345194 11117.4 10762.192
1477345218 11112.711 10897.508
1477345241 11104.832 10889.588
1477345264 11099.952 10899.67
1477345288 11098.153 10897.875
1477345311 11096.657 10895.777
1477345334 11091.812 10864.928
1477345358 11085.988 10872.288
1477345381 11080.138 10867.789
1477345404 11073.178 10874.107
1477345427 11059.243 10862.492
1477345451 11071.069 10872.556
1477345474 11063.176 10823.909
1477345497 11048.335 10837.402
1477345521 11048.132 10851.614
1477345544 11045.916 10848.882
1477345567 11037.626 10813.049
1477345591 11035.866 10840.493
1477345614 11030.585 10821.623
1477345637 11026.449 10830.995
1477345661 11025.247 10815.441
1477345684 11001.964 10781.354
1477345707 11016.805 10806.776
1477345730 11020.634 10812.151
1477345754 11007.995 10813.688
1477345777 10989.08 10796.23
1477345800 10992.518 9948.141
1477345824 10986.947 10780.733
1477345847 10983.361 10778.055
1477345870 10977.717 10757.503
1477345894 10970.804 10763.189
1477345917 10964.991 10604.219
1477345940 10967.341 10757.689
1477345964 10961.336 10752.487
1477345987 10959.908 10752.176
1477346010 10953.083 10730.926
1477346034 10948.082 10741.51
1477346057 10943.124 10459.987
1477346080 10937.508 10152.498
1477346103 10933.429 10624.58
1477346127 10931.249 10653.133
1477346150 10921.263 10700.946
1477346173 10918.721 10551.452
1477346197 10921.223 10714.6
1477346220 10905.382 10689.144
1477346243 10904.792 10701.806
1477346267 10911.752 10668.246
1477346290 10904.028 10711.496
1477346313 10879.814 10680.717
1477346337 10881.649 10669.667
1477346360 10880.001 10681.225
1477346383 10880.616 10681.655
1477346407 10874.847 10689.678
1477346430 10867.778 10033.461
1477346453 10860.949 10675.859
1477346476 10853.75 10669.189
1477346500 10853.35 10667.52
1477346523 10843.643 10645.961
1477346546 10831.82 10635.833
1477346570 10843.022 10330.833
1477346593 10839.13 10343.705
1477346616 10817.074 10621.585
1477346640 10787.603 10593.985
1477346663 10784.629 10442.904
1477346686 10795.881 10603.664
1477346709 10798.487 10606.333
1477346733 10798.927 10592.128
1477346756 10793.305 10600.34
1477346780 10790.171 10584.987
1477346803 10783.78 10578.049
1477346826 10774.253 10433.17
1477346849 10777.306 10559.973
1477346873 10766.618 10562.986
1477346896 10772.002 10567.994
1477346919 10758.851 10553.964
1477346943 10749.88 10561.783
1477346966 10755.001 10566.131
1477346989 10750.901 10547.608
1477347013 10746.202 10558.779
1477347036 10728.278 10512.932
1477347059 10729.213 10542.195
1477347083 10725.121 10538.577
1477347106 10716.563 10529.753
1477347129 10713.336 10366.085
1477347152 10706.453 10388.231
1477347176 10702.572 10252.012
1477347199 10708.884 10414.919
1477347222 10704.384 10397.986
1477347246 10695.806 10398.776
1477347269 10673.145 10372.564
1477347292 10674.688 10403.276
1477347316 10666.874 10406.1
1477347339 10665.807 10405.568
1477347362 10663.148 10110.657
1477347386 10660.927 10254.345
1477347409 10657.163 10395.618
1477347432 10650.239 10403.703
1477347456 10643.429 10382.769
1477347479 10635.566 10360.139
1477347502 10646.639 10336.671
1477347525 10640.668 10350.034
1477347549 10631.941 8328.813
1477347572 10616.552 7272.755
1477347595 10615.812 10325.629
1477347619 10612.96 10330.638
1477347642 10610.419 10289.643
1477347665 10606.282 10330.588
1477347689 10596.016 10269.78
1477347712 10610.292 10162.844
1477347735 10595.045 10321.768
1477347759 10587.329 10289.273
1477347782 10572.491 10278.053
1477347805 10572.006 10301.109
1477347828 10564.908 9520.058
1477347852 10561.979 10314.187
1477347875 10554.574 10310.772
1477347898 10550.191 10319.193
1477347922 10555.699 10324.035
1477347945 10549.252 10304.716
1477347968 10545.458 10315.441
1477347992 10531.911 10303.579
1477348015 10536.056 10293.473
1477348038 10527.852 10297.49
1477348062 10525.054 10282.316
1477348085 10516.678 10286.991
1477348108 10531.217 10274.594
1477348132 10525.63 10296.462
1477348155 10510.121 10255.139
1477348178 10496.538 10272.154
1477348201 10489.668 10237.159
1477348225 10478.698 10241.225
1477348248 10466.356 10230.624
1477348271 10458.691 10220.283
1477348295 10460.218 10236.487
1477348318 10449.964 10229.423
1477348341 10436.095 10204.772
1477348365 10425.166 10179.228
1477348388 10425.686 9750.103
1477348411 10426.135 10205.138
1477348435 10428.867 6844.291
1477348458 10435.277 6531.127
1477348481 10426.806 10051.45
1477348505 10427.672 10064.893
1477348528 10412.783 10169.232
1477348551 10421.674 10165.219
1477348574 10417.244 10158.499
1477348598 10413.769 10170.196
1477348621 10416.519 10159.309
1477348644 10413.989 10154.0
1477348668 10410.508 10148.35
1477348691 10401.929 10127.96
1477348714 10398.113 10152.583
1477348738 10396.97 9970.623
1477348761 10392.052 10145.844
1477348784 10392.067 10147.968
1477348808 10394.482 10147.467
1477348831 10389.011 10119.27
1477348854 10377.025 10121.461
1477348877 10377.037 10122.342
1477348901 10374.542 10120.258
1477348924 10369.663 10099.911
1477348947 10374.179 10113.736
1477348971 10372.077 4920.532
1477348994 10364.89 10107.404
1477349017 10350.514 10097.211
1477349041 10348.036 10121.243
1477349064 10346.411 10095.614
1477349087 10335.489 10124.371
1477349111 10345.215 10119.502
1477349134 10338.54 10127.954
1477349157 10334.894 10113.626
1477349181 10316.839 9967.052
1477349204 10320.114 10099.656
1477349227 10313.485 10107.149
1477349250 10299.398 10092.24
1477349274 10293.496 10040.137
1477349297 10313.898 10067.836
1477349320 10294.614 9220.723
1477349344 10295.909 10048.24
1477349367 10305.452 9914.983
1477349390 10270.215 10023.837
1477349414 10285.301 10037.25
1477349437 10266.889 10010.554
1477349460 10267.101 10037.142
1477349484 10263.226 10035.4
1477349507 10247.273 10005.674
1477349530 10268.317 10027.607
1477349553 10247.514 10008.966
1477349577 10258.543 8444.618
1477349600 10238.8 10015.507
1477349623 10237.498 10015.912
1477349647 10225.773 10001.071
1477349670 10222.997 9932.998
1477349693 10220.941 9982.241
1477349717 10221.271 9986.424
1477349740 10217.661 9981.235
1477349763 10213.793 9989.931
1477349787 10215.784 9963.943
1477349810 10213.892 9986.706
1477349833 10195.315 9949.588
1477349857 10191.09 9959.202
1477349880 10186.892 9967.727
1477349903 10178.298 9957.546
1477349927 10175.009 9942.856
1477349950 10171.628 8672.058
1477349973 10153.977 9923.14
1477349996 10164.213 9934.111
1477350020 10158.431 9948.34
1477350043 10165.231 9969.137
1477350066 10159.065 9796.267
1477350090 10153.94 9956.839
1477350113 10141.876 9908.823
1477350136 10142.201 9933.846
1477350160 10137.442 9943.966
1477350183 10122.592 9930.179
1477350206 10127.457 8228.007
1477350229 10123.109 9656.147
1477350253 10118.128 9901.031
1477350276 10112.909 9874.432
1477350299 10106.614 9882.201
1477350323 10102.193 9752.072
1477350346 10098.328 9875.141
1477350369 10093.036 9881.307
1477350393 9578.628 9391.913
1477350416 9999.088 9786.799
1477350439 9757.81 9571.849
1477350463 9652.623 9476.975
1477350486 9777.429 9594.531
1477350509 10126.686 9914.981
1477350533 10134.668 9921.794
1477350556 10128.05 9915.572
1477350579 10116.326 9915.83
1477350602 10118.13 9913.062
1477350626 10112.33 9921.365
1477350649 10110.067 9918.926
1477350672 10099.907 9908.751
1477350696 10100.321 3205.119
1477350719 10095.217 4225.665
1477350742 10092.351 9902.278
1477350766 10088.914 9900.254
1477350789 10084.766 9894.79
1477350812 10080.569 9892.032
1477350836 10076.268 9747.804
1477350859 10073.198 8978.411
1477350882 10060.351 9862.24
1477350906 10060.723 9863.242
1477350929 10062.184 9736.064
1477350952 10063.333 9863.161
1477350975 10049.054 9861.81
1477350999 10046.406 9860.123
1477351022 10043.139 9855.8
1477351045 10038.372 9840.385
1477351069 10036.669 9851.404
1477351092 10032.874 9846.769
1477351115 10027.171 9842.483
1477351139 10024.198 9828.019
1477351162 10020.683 9835.727
1477351185 10016.912 9818.566
1477351209 10011.845 9828.471
1477351232 10007.128 9823.392
1477351255 10002.491 9818.775
1477351278 10000.11 9695.458
1477351302 9996.866 9814.73
1477351325 9991.372 9808.958
1477351348 9986.479 9789.886
1477351372 9981.154 9784.331
1477351395 9980.628 9780.199
1477351418 9979.299 9767.419
1477351442 9966.245 9753.502
1477351465 9957.668 9733.851
1477351488 9957.034 9638.085
1477351512 9949.148 9738.922
1477351535 9946.539 9737.021
1477351558 9944.588 9708.709
1477351582 9941.822 9745.388
1477351605 9939.843 9733.709
1477351628 9937.577 9729.111
1477351651 9931.926 9737.615
1477351675 9928.294 9733.658
1477351698 9924.931 9719.829
1477351721 9923.737 9719.092
1477351745 9924.894 9717.239
1477351768 9916.381 9698.573
1477351791 9906.421 9699.54
1477351815 9917.057 9739.024
1477351838 9912.557 9735.697
1477351861 9901.275 9724.153
1477351885 9897.702 9684.19
1477351908 9893.97 9717.7
1477351931 9891.781 9715.366
1477351955 9889.134 9712.887
1477351978 9881.699 9706.277
1477352001 9877.557 9695.818
1477352024 9876.601 9525.472
1477352048 9872.761 9683.521
1477352071 9870.666 9532.063
1477352094 9866.527 8910.824
1477352118 9860.832 9659.426
1477352141 9852.21 9526.206
1477352164 9843.765 9508.683
1477352188 9857.228 9668.862
1477352211 9850.254 9662.401
1477352234 9833.194 9646.706
1477352258 9832.718 9646.45
1477352281 9827.325 9616.263
1477352304 9823.263 9636.909
1477352328 9818.355 9633.661
1477352351 9814.275 9496.572
1477352374 9811.268 9614.358
1477352397 9809.046 9610.97
1477352421 9805.77 9606.838
1477352444 9802.432 9616.757
1477352467 9798.773 9614.678
1477352491 9797.224 9600.002
1477352514 9792.761 9596.206
1477352537 9788.998 9602.576
1477352561 9788.465 9592.339
1477352584 9780.854 9597.826
1477352607 9778.279 9571.57
1477352631 9776.044 9593.722
1477352654 9769.999 9574.397
1477352677 9765.249 9584.787
1477352700 9763.458 9579.795
1477352724 9760.731 9568.192
1477352747 9745.887 9553.177
1477352770 9754.191 9571.134
1477352794 9751.3 9582.25
1477352817 9740.074 9571.851
1477352840 9734.588 9566.629
1477352864 9733.981 9566.648
1477352887 9728.648 9561.3
1477352910 9725.536 9546.525
1477352934 9721.749 9555.024
1477352957 9719.886 9554.311
1477352980 9713.58 9542.699
1477353004 9708.611 9519.472
1477353027 9705.188 9528.113
1477353050 9702.292 9501.329
1477353073 9693.327 9516.354
1477353097 9687.489 9510.86
1477353120 9696.924 9519.103
1477353143 9690.469 9501.743
1477353167 9677.764 9477.4
1477353190 9677.909 6988.208
1477353213 9671.864 8303.09
1477353237 9660.051 9472.872
1477353260 9676.861 9500.363
1477353283 9651.705 9454.453
1477353307 9652.99 9432.493
1477353330 9668.962 9215.635
1477353353 9644.04 9481.582
1477353376 9648.442 9461.742
1477353400 9641.619 9480.504
1477353423 9631.216 9458.576
1477353446 9634.912 9439.323
1477353470 9635.535 9474.651
1477353493 9626.027 9453.903
1477353516 9624.202 9452.395
1477353540 9620.415 9460.884
1477353563 9617.895 9445.71
1477353586 9613.805 9454.325
1477353610 9607.472 9447.545
1477353633 9595.57 9423.484
1477353656 9606.173 9444.751
1477353679 9603.084 9443.572
1477353703 9589.606 9419.025
1477353726 9584.749 9414.953
1477353749 9582.517 9400.552
1477353773 9558.628 9359.717
1477353796 9569.103 9165.236
1477353819 9567.412 9409.96
1477353843 9560.016 9353.716
1477353866 9562.288 9342.461
1477353889 9557.335 9350.783
1477353913 9545.869 9315.913
1477353936 9563.598 9224.087
1477353959 9554.826 9323.731
1477353983 9541.986 9323.418
1477354006 9549.07 9342.181
1477354029 9538.605 9334.179
1477354052 9537.173 9293.32
1477354076 9532.402 9303.467
1477354099 9527.901 9166.8
1477354122 9522.346 9276.303
1477354146 9516.779 9273.987
1477354169 9513.597 9278.354
1477354192 9511.842 9282.893
1477354216 9507.125 9264.639
1477354239 9504.833 9262.644
1477354262 9499.612 9259.748
1477354286 9490.492 9263.124
1477354309 9492.15 9126.343
1477354332 9492.33 9252.115
1477354356 9482.841 9232.595
1477354379 9480.639 9229.599
1477354402 9471.373 9221.452
1477354426 9470.245 9218.176
1477354449 9468.841 9216.813
1477354472 9475.157 9235.06
1477354495 9458.601 9241.337
1477354519 9440.302 9243.174
1477354542 9465.892 9267.511
1477354565 9456.878 9246.294
1477354589 9444.922 9247.636
1477354612 9435.649 9228.381
1477354635 9436.713 9241.205
1477354659 9432.183 9237.111
1477354682 9429.276 9221.438
1477354705 9426.73 9218.996
1477354729 9424.369 9207.073
1477354752 9421.272 9202.084
1477354775 9417.124 9175.493
1477354798 9405.811 9176.926
1477354822 9415.115 9195.067
1477354845 9406.715 9188.278
1477354868 9402.288 9183.129
1477354892 9394.46 9179.727
1477354915 9398.672 9183.415
1477354938 9391.728 9176.904
1477354962 9386.866 9157.667
1477354985 9380.106 9152.276
1477355008 9382.169 9166.642
1477355032 9384.816 9156.621
1477355055 9383.391 9143.338
1477355078 9365.946 9115.881
1477355102 9367.863 9152.453
1477355125 9364.35 9150.558
1477355148 9361.63 9146.671
1477355171 9357.666 9122.436
1477355195 9353.102 9129.019
1477355218 9343.283 9133.339
1477355241 9352.849 9128.303
1477355265 9346.23 9124.829
1477355288 9341.465 9131.754
1477355311 9329.747 9121.161
1477355335 9329.555 9108.42
1477355358 9327.725 9108.761
1477355381 9325.793 9116.169
1477355405 9308.188 9099.806
1477355428 9325.889 9116.208
1477355451 9319.991 9099.065
1477355475 9316.848 9094.968
1477355498 9303.084 9106.073
1477355521 9306.529 9121.244
1477355544 9305.282 9108.974
1477355568 9297.249 9112.194
1477355591 9287.239 7924.648
1477355614 9294.749 3947.887
1477355638 9292.232 9095.567
1477355661 9290.312 9107.081
1477355684 9276.921 9082.256
1477355708 9272.037 8943.21
1477355731 9272.047 9058.014
1477355754 9267.044 8925.602
1477355778 9256.012 9054.78
1477355801 9272.59 9057.643
1477355824 9265.335 9063.313
1477355848 9263.666 9058.264
1477355871 9247.294 9047.027
1477355894 9295.442 9081.399
1477355917 9422.872 9209.276
1477355941 9419.509 9215.366
1477355964 9408.921 9150.028
1477355987 9420.531 9132.058
1477356011 9385.152 9101.341
1477356034 9230.221 9003.854
1477356057 9213.836 3018.58
1477356081 9220.436 5473.681
1477356104 9215.806 4510.288
1477356127 9199.763 9021.535
1477356151 9215.853 9037.505
1477356174 9210.416 9032.926
1477356197 9208.216 8903.877
1477356220 9191.717 9003.513
1477356244 9193.88 9007.136
1477356267 9186.978 9010.895
1477356290 9183.068 8985.198
1477356314 9188.651 9011.787
1477356337 9190.065 9013.985
1477356360 9181.177 9005.421
1477356384 9176.916 8990.571
1477356407 9167.335 8993.275
1477356430 9167.168 8993.287
1477356454 9163.367 8954.235
1477356477 9155.86 8980.465
1477356500 9150.006 8964.783
1477356523 9158.399 8984.102
1477356547 9154.58 8980.887
1477356570 9148.975 8974.754
1477356593 9138.25 8965.463
1477356617 9136.606 8964.582
1477356640 9136.25 8952.606
1477356663 9133.937 8961.76
1477356687 9127.35 8955.312
1477356710 9121.772 8938.991
1477356733 9118.88 8947.964
1477356757 9124.295 8920.75
1477356780 9121.64 8903.903
1477356803 9111.992 8914.58
1477356827 9106.057 8918.997
1477356850 9106.156 8917.07
1477356873 9100.538 8902.341
1477356896 9096.6 8897.51
1477356920 9094.167 8905.815
1477356943 9085.023 8898.958
1477356966 9092.76 8892.731
1477356990 9091.95 8778.929
1477357013 9089.363 8616.856
1477357036 9074.019 8297.583
1477357060 9071.643 8873.946
1477357083 9073.631 8875.982
1477357106 9069.686 8885.146
1477357130 9059.98 8863.066
1477357153 9055.75 8870.75
1477357176 9054.521 8835.57
1477357200 9053.426 8771.562
1477357223 9049.919 8770.513
1477357246 9043.847 8769.012
1477357269 9038.659 8782.088
1477357293 9034.7 8784.945
1477357316 9028.984 8791.156
1477357339 9032.597 8805.121
1477357363 9026.813 8796.233
1477357386 9011.891 8387.289
1477357409 9009.861 8773.284
1477357433 9012.348 8042.198
1477357456 9013.111 8763.383
1477357479 9009.059 8647.63
1477357503 9006.31 8724.804
1477357526 9006.099 8734.246
1477357549 9003.353 8742.682
1477357573 9000.025 8741.927
1477357596 8992.329 8608.752
1477357619 9009.922 8719.3
1477357642 9003.401 8708.36
1477357666 8992.067 8723.082
1477357689 8988.567 8731.605
1477357712 8987.601 8719.901
1477357736 8984.027 8725.868
1477357759 8981.386 8716.523
1477357782 8978.253 8712.107
1477357806 8975.956 8687.695
1477357829 8972.999 8700.19
1477357852 8969.913 8704.713
1477357875 8966.092 8710.935
1477357899 9050.451 8769.554
1477357922 9133.233 8875.283
1477357945 8987.368 8745.087
1477357969 8854.07 8606.865
1477357992 8836.601 8581.928
1477358015 8816.455 8465.277
1477358039 8817.101 8588.041
1477358062 8738.859 8521.371
1477358085 8732.112 8481.24
1477358109 8727.005 8506.958
1477358132 8718.248 8500.941
1477358155 8723.155 8492.846
1477358179 8719.564 8478.741
1477358202 8712.843 8463.688
1477358225 8716.501 8478.574
1477358248 8718.909 8489.37
1477358272 8711.158 8511.565
1477358295 8696.922 8498.53
1477358318 8700.299 8501.636
1477358342 8693.501 8495.948
1477358365 8694.553 8507.193
1477358388 8690.937 8483.112
1477358412 8688.29 8490.563
1477358435 8686.654 8479.156
1477358458 8682.664 8487.194
1477358482 8678.987 8466.204
1477358505 8674.186 8452.3
1477358528 8670.872 8450.035
1477358552 8660.079 8429.596
1477358575 8668.476 8447.306
1477358598 8663.294 8444.145
1477358621 8668.114 8458.846
1477358645 8652.443 8413.327
1477358668 8653.729 8447.249
1477358691 8646.437 8429.836
1477358715 8643.991 8437.415
1477358738 8637.747 8303.266
1477358761 8639.693 8434.087
1477358785 8636.797 8424.038
1477358808 8635.088 8453.039
1477358831 8632.645 8451.285
1477358855 8626.821 8445.269
1477358878 8623.669 8431.716
1477358901 8621.561 8430.07
1477358925 8620.351 8438.369
1477358948 8620.196 8439.303
1477358971 8619.152 8436.551
1477358994 8617.588 8415.911
1477359018 8614.349 8432.831
1477359041 8610.702 8406.804
1477359064 8608.377 8425.958
1477359088 8604.853 8412.954
1477359111 8600.709 8420.709
1477359134 8599.222 8397.702
1477359158 8596.924 8417.153
1477359181 8540.539 8117.149
1477359204 8369.801 8207.118
1477359228 8323.963 8164.37
1477359251 8058.308 7913.1
1477359274 8241.216 8086.095
1477359298 8584.447 8394.37
1477359321 8576.102 8399.025
1477359344 8576.338 8399.768
1477359367 8586.116 8396.015
1477359391 8563.678 8268.076
1477359414 8561.812 8384.768
1477359437 8579.384 8400.702
1477359461 8557.855 8347.922
1477359484 8551.475 8364.354
1477359507 8558.569 8369.754
1477359531 8544.179 8358.356
1477359554 8543.239 8336.168
1477359577 8552.853 8354.316
1477359601 8552.589 8333.085
1477359624 8540.018 8343.856
1477359647 8537.266 8328.006
1477359670 8536.71 8329.329
1477359694 8534.827 8210.84
1477359717 8530.51 8324.228
1477359740 8524.552 8317.62
1477359764 8520.952 8207.372
1477359787 8521.133 8327.901
1477359810 8515.057 8308.901
1477359834 8511.889 8306.356
1477359857 8510.237 8315.815
1477359880 8501.557 8306.651
1477359904 8478.745 8287.15
1477359927 8508.674 8285.213
1477359950 8503.382 8309.427
1477359973 8503.447 8315.274
1477359997 8492.285 8320.306
1477360020 8489.62 8318.308
1477360043 8485.83 8305.081
1477360067 8481.712 8312.296
1477360090 8478.568 8309.044
1477360113 8476.337 8309.011
1477360137 8473.491 8305.657
1477360160 8469.613 8290.914
1477360183 8467.834 8299.315
1477360207 8465.304 8271.164
1477360230 8463.857 8277.365
1477360253 8460.193 8262.732
1477360277 8457.381 8269.878
1477360300 8456.775 8260.72
1477360323 8451.433 8255.263
1477360346 8450.225 8262.666
1477360370 8444.722 8246.915
1477360393 8442.553 8259.724
1477360416 8439.766 8255.287
1477360440 8437.067 8242.037
1477360463 8431.524 8237.073
1477360486 8433.123 8248.788
1477360510 8420.723 8225.513
1477360533 8425.403 8242.195
1477360556 8429.984 8246.907
1477360580 8426.684 8243.474
1477360603 8423.454 8241.761
1477360626 8410.056 8215.811
1477360649 8404.686 8222.183
1477360673 8409.483 8225.976
1477360696 8406.855 8215.222
1477360719 8405.715 8224.562
1477360743 8403.17 8222.169
1477360766 8398.549 8208.047
1477360789 8387.639 8187.557
1477360813 8382.912 8202.86
1477360836 8390.102 8210.084
1477360859 8393.761 8203.372
1477360883 8384.214 8203.691
1477360906 8378.66 8198.225
1477360929 8376.8 8185.273
1477360953 8375.288 8202.095
1477360976 8374.643 8087.03
1477360999 8372.649 8084.44
1477361022 8369.884 8207.934
1477361046 8366.664 8205.349
1477361069 8364.767 8181.921
1477361092 8362.387 8201.648
1477361116 8360.722 8200.293
1477361139 8358.652 8197.922
1477361162 8356.857 8069.181
1477361186 8344.855 8046.538
1477361209 8348.759 8162.49
1477361232 8349.818 8171.953
1477361256 8348.86 8172.038
1477361279 8337.891 8162.112
1477361302 8334.612 8148.73
1477361325 8334.404 8136.73
1477361349 8332.511 8147.067
1477361372 8326.802 8153.42
1477361395 8322.936 8148.865
1477361419 8304.999 8130.395
1477361442 8314.364 8140.526
1477361465 8313.84 7912.673
1477361489 8317.962 8142.501
1477361512 8302.723 8128.669
1477361535 8302.003 8145.415
1477361559 8299.213 8143.053
1477361582 8295.26 8138.569
1477361605 8297.472 8129.664
1477361629 8286.931 8130.259
1477361652 8282.609 8116.47
1477361675 8275.046 8119.727
1477361699 8270.86 8116.024
1477361722 8274.167 2861.293
1477361745 8278.327 7022.838
1477361768 8268.366 8112.859
1477361792 8262.808 8106.977
1477361815 8258.149 8102.928
1477361838 8254.277 8079.098
1477361862 8256.626 8091.198
1477361885 8241.402 8057.047
1477361908 8235.991 8083.721
1477361932 8248.222 8094.471
1477361955 8246.206 8082.556
1477361978 8237.813 7971.664
1477362002 8232.318 8078.854
1477362025 8232.821 8079.778
1477362048 8231.33 8077.863
1477362072 8228.871 8056.039
1477362095 8219.028 8056.391
1477362118 8221.501 8057.587
1477362141 8224.306 8071.022
1477362165 8226.356 8072.838
1477362188 8218.099 8064.915
1477362211 8199.084 8047.381
1477362235 8201.88 8039.657
1477362258 8220.298 8053.747
1477362281 8208.08 8043.623
1477362305 8201.633 8036.336
1477362328 8201.514 8036.0
1477362351 8197.154 8022.049
1477362375 8194.373 8017.854
1477362398 8181.746 8018.531
1477362421 8183.576 8019.227
1477362444 8187.998 8022.942
1477362468 8187.185 8022.46
1477362491 8180.163 8004.485
1477362514 8172.343 7998.566
1477362538 8173.193 8010.653
1477362561 8170.314 8007.676
1477362584 8150.356 7978.141
1477362608 8168.112 8005.522
1477362631 8165.726 7451.002
1477362654 8168.659 7772.932
1477362678 8155.385 7927.15
1477362701 8156.04 7931.651
1477362724 8152.339 7945.879
1477362748 8138.047 7923.196
1477362771 8145.263 7949.736
1477362794 8142.368 7825.839
1477362817 8148.81 7812.926
1477362841 8138.363 7944.428
1477362864 8135.012 7900.146
1477362887 8134.67 7940.306
1477362911 8109.436 7918.355
1477362934 8125.557 7912.768
1477362957 8122.776 7899.899
1477362981 8126.274 7873.362
1477363004 8112.517 7890.886
1477363027 8107.682 7776.206
1477363051 8099.148 7867.858
1477363074 8097.061 7865.862
1477363097 8104.167 6913.71
1477363120 8103.821 7873.622
1477363144 8108.36 7878.632
1477363167 8091.888 7861.292
1477363190 8091.327 7872.4
1477363214 8073.986 7845.602
1477363237 8081.76 7841.911
1477363260 8085.709 7866.879
1477363284 8090.741 7873.277
1477363307 8072.535 7835.196
1477363330 8071.526 7833.857
1477363354 8069.58 7849.475
1477363377 8058.461 7846.717
1477363400 8079.134 7748.593
1477363424 8076.721 7859.713
1477363447 8079.595 7863.648
1477363470 8070.279 7732.308
1477363493 8071.12 7834.133
1477363517 8068.646 7845.38
1477363540 8052.328 7839.209
1477363563 8067.291 7832.908
1477363587 8066.128 7840.828
1477363610 8055.553 7840.509
1477363633 8051.673 7828.11
1477363657 8052.728 7839.448
1477363680 8048.027 7837.455
1477363703 8045.48 7858.419
1477363727 8037.307 7843.461
1477363750 8048.452 7863.353
1477363773 8040.244 7847.365
1477363797 8036.962 7843.442
1477363820 8027.33 7813.839
1477363843 8026.375 7833.778
1477363866 8023.304 7841.751
1477363890 8021.493 7818.788
1477363913 8019.011 7802.676
1477363936 8008.99 7793.376
1477363960 8027.496 7817.531
1477363983 8016.636 7797.968
1477364006 8011.054 7783.454
1477364030 8004.08 7794.621
1477364053 8007.687 7790.002
1477364076 8003.191 7784.977
1477364100 8001.546 7775.106
1477364123 7997.546 7790.814
1477364146 7997.492 7680.611
1477364169 7995.959 7769.244
1477364193 7979.279 7772.784
1477364216 7992.618 7766.897
1477364239 7996.224 7800.271
1477364263 7990.354 7799.051
1477364286 7981.764 7793.267
1477364309 7979.474 7800.508
1477364333 7977.244 7788.362
1477364356 7968.954 7779.268
1477364379 7971.823 7783.159
1477364403 7968.479 7781.202
1477364426 7959.252 7782.525
1477364449 7967.711 7788.983
1477364472 7966.35 7767.971
1477364496 7965.628 7788.134
1477364519 7954.82 7768.44
1477364542 7957.278 7780.37
1477364566 7954.365 7658.506
1477364589 7952.983 7656.775
1477364612 7949.846 7764.087
1477364636 7945.298 7769.608
1477364659 7942.373 7757.066
1477364682 7938.253 7762.79
1477364706 7934.821 7750.701
1477364729 7929.805 7746.627
1477364752 7926.503 7643.201
1477364776 7922.859 7730.048
1477364799 7919.553 7735.098
1477364822 7918.751 7626.047
1477364846 7915.716 7741.361
1477364869 7910.992 7737.604
1477364892 7914.91 7711.963
1477364915 7918.301 7716.147
1477364939 7913.043 7631.343
1477364962 7904.253 7721.898
1477364985 7904.773 7711.328
1477365009 7903.861 7709.464
1477365032 7905.42 7709.286
1477365055 7901.153 7705.162
1477365079 7899.999 7664.399
1477365102 7896.721 7681.816
1477365125 7894.775 7671.187
1477365149 7892.565 7686.842
1477365172 7891.085 7697.154
1477365195 7884.014 7689.02
1477365218 7895.521 7689.163
1477365242 7893.242 7699.24
1477365265 7886.685 7690.413
1477365288 7879.612 7683.973
1477365312 7880.089 7685.412
1477365335 7878.541 7682.867
1477365358 7876.851 7671.261
1477365382 7873.704 7681.031
1477365405 7859.728 7670.809
1477365428 7873.623 7702.122
1477365452 7868.961 7591.204
1477365475 7850.773 7684.787
1477365498 7869.588 7691.708
1477365521 7857.704 7690.409
1477365545 7854.832 3584.817
1477365568 7853.864 7676.37
1477365591 7851.112 7681.489
1477365615 7841.042 7673.187
1477365638 7845.747 7104.024
1477365661 7845.344 7650.986
1477365685 7846.51 7657.495
1477365708 7838.219 7640.791
1477365731 7834.176 7647.207
1477365755 7821.432 7625.127
1477365778 7820.606 7633.704
1477365801 7820.093 7604.373
1477365825 7821.799 7626.609
1477365848 7822.538 7628.473
1477365871 7821.499 7637.753
1477365895 7813.929 7629.354
1477365918 7812.199 7630.398
1477365941 7810.363 7617.348
1477365964 7808.074 7615.177
1477365988 7800.997 7608.345
1477366011 7803.723 7620.004
1477366034 7797.091 7614.584
1477366058 7790.743 7607.821
1477366081 7796.898 7592.687
1477366104 7798.799 7617.28
1477366128 7783.641 7492.351
1477366151 7784.56 7583.316
1477366174 7783.166 7599.561
1477366198 7776.943 7583.249
1477366221 7778.254 7587.635
1477366244 7779.143 7596.193
1477366267 7774.451 7590.722
1477366291 7772.216 7473.313
1477366314 7769.494 7566.365
1477366337 7769.313 7587.504
1477366361 7767.968 7468.554
1477366384 7765.894 4861.566
1477366407 7762.754 1410.118
1477366431 7760.277 597.172
1477366454 7756.394 599.53
1477366477 7753.688 600.035
1477366501 7749.469 3431.672
1477366524 7746.386 6846.942
1477366547 7750.163 7588.084
1477366571 7751.38 7582.895
1477366594 7741.868 7582.573
1477366617 7735.919 7577.378
1477366640 7741.302 7463.653
1477366664 7883.988 7585.49
1477366687 7878.363 7590.675
1477366710 7875.733 7590.198
1477366734 7874.221 7588.758
1477366757 7863.534 7569.372
1477366780 7873.886 7572.509
1477366804 7872.797 7575.536
1477366827 7872.465 7562.111
1477366850 7861.168 7552.706
1477366874 7860.869 7568.365
1477366897 7858.764 7560.366
1477366920 7851.324 7554.337
1477366944 7851.183 7570.206
1477366967 7851.313 7558.288
1477366990 7851.995 7567.269
1477367013 7850.514 7558.179
1477367037 7841.808 7562.539
1477367060 7821.85 7452.042
1477367083 7679.245 7417.626
1477367107 7690.162 7393.772
1477367130 7686.03 7425.613
1477367153 7681.101 7413.454
1477367177 7673.783 7416.094
1477367200 7674.487 7465.859
1477367223 7672.382 7411.367
1477367247 7671.152 7506.955
1477367270 7656.428 7500.617
1477367293 7669.251 7513.535
1477367317 7668.656 7494.119
1477367340 7663.018 7497.31
1477367363 7381.393 7244.247
1477367386 7475.744 7332.519
1477367410 7343.071 7206.187
1477367433 7350.157 7205.307
1477367456 7477.192 7334.389
1477367480 7646.857 7388.316
1477367503 7642.836 7490.148
1477367526 7639.494 7486.807
1477367550 7646.037 7492.85
1477367573 7644.83 7491.22
1477367596 7637.363 7485.181
1477367620 7632.781 7480.398
1477367643 7632.571 6572.115
1477367666 7631.055 7450.612
1477367689 7601.716 7497.365
1477367713 30.336 30.309
1477367736 27.088 27.064
1477367759 25.177 25.154
