2320
1472421647 10310.55 10131.22
1472421671 8179.253 6113.868
1472421694 9551.349 1579.969
1472421717 9820.685 4838.127
1472421741 10704.701 10494.489
1472421764 11980.002 10034.067
1472421787 11973.599 11633.299
1472421811 11945.892 11597.076
1472421834 11967.402 11297.925
1472421857 11967.94 11403.619
1472421881 5255.739 5120.873
1472421904 6133.808 5991.45
1472421927 10745.751 10507.959
1472421950 10979.523 10727.079
1472421974 6868.896 6781.624
1472421997 4568.482 4532.279
1472422020 2584.662 2568.204
1472422044 3015.178 3002.787
1472422067 9295.586 9157.172
1472422090 9375.992 9216.38
1472422114 2779.159 2762.886
1472422137 3988.84 3963.541
1472422160 11881.514 11551.089
1472422184 11875.719 11590.41
1472422207 11870.63 11530.394
1472422230 11859.89 11356.422
1472422254 11850.672 11100.729
1472422277 11842.774 10919.228
1472422300 11832.627 11526.348
1472422323 11822.574 11545.308
1472422347 11814.89 11510.995
1472422370 11805.049 11532.567
1472422393 11794.895 11523.134
1472422417 11783.406 11495.821
1472422440 11775.893 11489.038
1472422463 11765.577 11496.301
1472422487 11754.16 11501.285
1472422510 11745.593 11493.596
1472422533 11733.387 11466.934
1472422557 11721.624 11423.142
1472422580 11711.144 11447.549
1472422603 11697.923 11235.1
1472422626 11683.842 11438.627
1472422650 11669.613 11248.403
1472422673 11660.331 11385.531
1472422696 11650.313 11244.855
1472422720 11636.46 11362.368
1472422743 11628.775 11211.845
1472422766 11617.718 11377.281
1472422790 11604.041 11290.606
1472422813 11595.986 11307.929
1472422836 11592.959 11325.525
1472422860 11556.95 11290.349
1472422883 11582.173 11299.138
1472422906 11579.376 11296.561
1472422930 11561.71 11281.047
1472422953 11541.625 11261.011
1472422976 11531.065 11267.917
1472422999 11524.501 11263.668
1472423023 11528.622 11258.042
1472423046 11526.283 11278.454
1472423069 11516.055 6805.479
1472423093 11520.236 11258.651
1472423116 11500.765 11255.016
1472423139 11505.748 11258.439
1472423163 11500.573 11268.768
1472423186 11465.926 11222.566
1472423209 11488.881 11258.737
1472423233 11492.056 11231.854
1472423256 11479.757 11193.921
1472423279 11476.719 11047.134
1472423303 11466.337 11210.346
1472423326 11467.804 10983.608
1472423349 11463.867 11192.899
1472423372 11456.217 11198.593
1472423396 11450.57 11178.122
1472423419 11446.377 11192.981
1472423442 11426.308 11173.287
1472423466 11445.668 11192.066
1472423489 11434.757 11166.27
1472423512 11424.389 11173.314
1472423536 11408.188 11159.44
1472423559 11386.474 11122.273
1472423582 11389.912 11130.567
1472423606 11394.082 11148.023
1472423629 11383.761 11119.346
1472423652 11371.342 11095.847
1472423676 11369.43 11119.587
1472423699 11367.052 10964.728
1472423722 11372.317 11111.352
1472423745 11366.626 10950.942
1472423769 11368.592 11125.21
1472423792 11356.9 11100.637
1472423815 11345.848 11104.409
1472423839 11330.084 11092.199
1472423862 11309.962 11068.697
1472423885 11267.871 11005.093
1472423909 11287.181 11035.896
1472423932 11294.557 11056.664
1472423955 11300.971 11059.921
1472423978 11262.648 11026.338
1472424002 11242.235 11010.163
1472424025 11247.389 11022.195
1472424048 11243.15 11018.127
1472424072 11231.865 11021.798
1472424095 11217.185 11007.571
1472424118 11214.6 10992.689
1472424142 11208.667 10985.796
1472424165 11200.345 10838.08
1472424188 11180.914 10948.698
1472424212 11168.393 10921.2
1472424235 11123.236 10908.033
1472424258 11146.556 10923.68
1472424282 11179.368 10955.67
1472424305 11156.574 10933.179
1472424328 11152.733 7499.926
1472424352 11148.39 10905.363
1472424375 11133.269 10906.97
1472424398 11121.805 10897.121
1472424421 11084.756 10862.714
1472424445 11080.673 10693.717
1472424468 11075.819 10812.592
1472424491 11082.841 10862.799
1472424515 11095.601 10873.59
1472424538 11068.266 10697.935
1472424561 11048.455 10678.599
1472424585 11046.418 10609.532
1472424608 11001.284 10757.242
1472424631 11018.873 10708.758
1472424655 11024.907 10534.9
1472424678 11028.978 10716.863
1472424701 11061.262 10718.957
1472424724 11032.893 10650.275
1472424748 11028.451 10692.581
1472424771 11023.112 10721.814
1472424794 11019.965 10739.373
1472424818 11024.052 10742.996
1472424841 11013.572 10733.353
1472424864 11009.225 10746.065
1472424888 11015.446 10555.416
1472424911 11029.973 10743.592
1472424934 11004.174 10737.742
1472424958 10987.834 10707.976
1472424981 10945.126 10671.548
1472425004 10963.207 10526.074
1472425028 10959.914 10698.396
1472425051 10949.726 10689.259
1472425074 10956.858 10668.092
1472425097 10943.36 10520.193
1472425121 10924.679 10652.978
1472425144 10888.629 10620.977
1472425167 10895.12 10612.631
1472425191 10885.967 10632.783
1472425214 10875.694 10609.797
1472425237 10861.277 10608.978
1472425261 10849.611 10599.506
1472425284 10848.364 10585.457
1472425307 10850.574 10588.812
1472425331 10879.378 10600.374
1472425354 10864.01 10614.202
1472425377 10803.751 10517.137
1472425401 10829.86 10543.312
1472425424 10838.142 10590.37
1472425447 10826.246 10578.897
1472425470 10667.041 10417.319
1472425494 10522.106 10298.995
1472425517 9433.231 9093.871
1472425540 10785.897 10505.209
1472425564 10831.789 10384.206
1472425587 10840.277 5120.601
1472425610 10839.127 10552.206
1472425634 10847.192 10558.548
1472425657 10839.368 10527.315
1472425680 10828.183 10544.643
1472425704 10833.779 10384.605
1472425727 10838.292 10496.854
1472425750 10826.603 10543.028
1472425773 10835.81 10419.161
1472425797 10816.943 10556.348
1472425820 10775.462 10506.807
1472425843 10786.415 10545.127
1472425867 10792.887 10536.147
1472425890 10785.045 10529.457
1472425913 10781.931 10513.864
1472425937 10808.52 10550.451
1472425960 10788.519 10546.739
1472425983 10784.858 10489.242
1472426007 10773.376 10483.069
1472426030 10781.094 10505.95
1472426053 10778.442 10502.618
1472426076 10771.673 10469.084
1472426100 10776.807 10498.213
1472426123 10763.988 10460.18
1472426147 10725.012 10262.551
1472426170 10740.517 10437.979
1472426193 10748.926 10476.218
1472426216 10739.42 10456.066
1472426240 10733.026 10448.492
1472426263 10728.82 10432.664
1472426286 10701.756 10431.142
1472426310 10678.565 10412.179
1472426333 10689.775 10395.965
1472426356 10679.909 10414.694
1472426380 10679.415 10398.173
1472426403 10680.163 9535.101
1472426426 10694.882 10429.083
1472426450 10672.871 10394.854
1472426473 10621.577 5175.548
1472426496 10646.197 7619.0
1472426519 10634.692 9377.427
1472426543 10640.14 10364.383
1472426566 10633.569 10362.301
1472426589 10590.188 10313.085
1472426613 10604.926 10335.333
1472426636 10608.51 10337.479
1472426659 10596.048 10314.185
1472426683 10579.967 10283.077
1472426706 10577.616 10311.227
1472426729 10597.62 10327.231
1472426753 10577.939 10300.037
1472426776 10523.942 10295.565
1472426799 10564.011 6530.976
1472426822 10554.979 6597.686
1472426846 10566.662 10317.313
1472426869 10557.121 10307.197
1472426892 10511.859 10268.231
1472426916 10526.056 7117.788
1472426939 10525.122 6720.688
1472426962 10520.625 10288.348
1472426986 10522.951 10289.17
1472427009 10528.421 10308.565
1472427032 10542.586 10298.146
1472427056 10533.822 10271.247
1472427079 10498.086 10238.37
1472427102 10540.548 10277.478
1472427126 10537.727 10289.499
1472427149 10538.386 10285.794
1472427172 10550.146 10299.501
1472427196 10515.563 10241.835
1472427219 10510.273 10264.213
1472427242 10504.388 10247.52
1472427265 10497.653 10253.729
1472427289 10502.618 10230.274
1472427312 10517.001 10256.1
1472427335 10547.231 10266.49
1472427359 10750.273 10476.359
1472427382 10756.406 10320.337
1472427405 10756.692 10320.178
1472427429 10754.715 10483.147
1472427452 10553.068 10296.612
1472427475 10458.708 10222.626
1472427499 10616.835 7277.076
1472427522 9891.691 9552.211
1472427545 10317.595 10085.316
1472427569 10499.274 10276.862
1472427592 10754.044 10474.991
1472427615 10751.39 10487.768
1472427638 10751.542 10486.756
1472427662 10737.962 10500.883
1472427685 10715.01 10482.008
1472427708 10732.728 10496.749
1472427732 10724.878 10462.64
1472427755 10727.422 10476.782
1472427778 10720.878 10445.849
1472427802 10702.975 10469.183
1472427825 10690.262 10431.044
1472427848 10697.137 10464.6
1472427871 10700.475 10468.042
1472427895 10692.697 10303.587
1472427918 10698.957 10450.991
1472427941 10686.073 10454.121
1472427965 10676.015 10444.33
1472427988 10647.883 10394.054
1472428011 10664.496 10407.891
1472428035 10661.848 10418.369
1472428058 10675.381 10444.554
1472428081 10653.518 10398.298
1472428105 10651.352 10422.909
1472428128 10628.087 10386.63
1472428151 10640.192 10411.912
1472428174 10634.387 10407.575
1472428198 10635.869 10395.722
1472428221 10631.062 10390.461
1472428245 10617.428 10364.356
1472428268 10613.765 10348.034
1472428291 10608.062 10349.072
1472428314 10596.188 10342.118
1472428338 10593.509 10337.659
1472428361 10591.368 10301.643
1472428384 10602.799 10336.052
1472428408 10587.142 10331.654
1472428431 10581.352 10316.258
1472428454 10578.446 10311.743
1472428478 10572.301 10302.671
1472428501 10568.013 10316.159
1472428524 10566.046 10156.13
1472428547 10562.944 10329.077
1472428571 10559.961 10340.163
1472428594 10556.969 10311.765
1472428617 10553.727 10306.802
1472428641 10546.531 10300.21
1472428664 10542.587 10324.618
1472428687 10539.409 10320.193
1472428711 10536.612 10290.991
1472428734 10531.177 10301.041
1472428757 10527.533 10268.997
1472428781 10510.976 10255.389
1472428804 10523.723 10252.91
1472428827 10526.926 10267.186
1472428851 10510.757 10267.503
1472428874 10502.718 10260.952
1472428897 10504.626 10086.678
1472428921 10500.975 10255.318
1472428944 10494.344 10250.872
1472428967 10489.567 10251.117
1472428990 10482.77 10241.195
1472429014 10478.377 10235.383
1472429037 10473.309 10219.343
1472429060 10465.648 10224.599
1472429084 10458.504 10179.699
1472429107 10457.565 10219.97
1472429130 10457.946 10059.603
1472429154 10452.777 10188.484
1472429177 10446.33 10048.284
1472429200 10440.402 10198.341
1472429224 10441.54 10204.849
1472429247 10433.54 10168.795
1472429270 10425.471 10150.141
1472429293 10422.154 10182.363
1472429317 10418.739 10038.949
1472429340 10412.759 10164.052
1472429363 10409.065 10173.466
1472429387 10404.534 10025.492
1472429410 10400.165 10151.943
1472429433 10396.48 10135.44
1472429457 10392.174 10131.402
1472429480 10387.858 9996.205
1472429503 10384.479 10112.973
1472429527 10381.585 10160.774
1472429550 10378.86 10143.261
1472429573 10374.101 10165.741
1472429596 10370.28 10162.996
1472429620 10366.222 10144.941
1472429643 10362.396 10154.651
1472429666 10356.922 10137.651
1472429690 10352.952 10132.848
1472429713 10349.402 10116.415
1472429736 10344.599 10120.285
1472429760 10340.162 10111.126
1472429783 10335.573 10093.138
1472429806 10332.429 10101.48
1472429830 10330.56 10076.803
1472429853 10327.809 10072.582
1472429876 10317.865 10087.46
1472429900 10303.657 10064.428
1472429923 10326.602 10083.679
1472429946 10310.221 10085.513
1472429970 10301.711 10076.421
1472429993 10297.074 10070.953
1472430016 10295.556 10058.595
1472430039 10291.291 10052.362
1472430063 10287.147 10065.079
1472430086 10284.822 10060.48
1472430109 10280.079 10055.331
1472430133 10276.089 10050.458
1472430156 10271.702 10048.38
1472430179 10264.177 9887.793
1472430203 10263.47 10013.948
1472430226 10258.395 10010.002
1472430249 10254.228 10032.175
1472430273 10259.811 10049.505
1472430296 10252.267 9007.542
1472430319 10249.403 10037.993
1472430342 10242.018 10042.181
1472430366 10241.26 10042.444
1472430389 10237.159 10013.529
1472430412 10235.446 9895.969
1472430436 10229.487 10030.264
1472430459 10228.123 10030.693
1472430482 10226.539 10015.323
1472430506 10222.838 10010.865
1472430529 10217.801 10007.879
1472430552 10215.388 10004.664
1472430576 10210.842 10014.324
1472430599 10208.852 10011.624
1472430622 10206.891 10010.587
1472430645 10202.607 10006.234
1472430669 10202.553 10006.295
1472430692 10197.096 9989.167
1472430715 10191.639 9982.446
1472430739 10189.814 9993.572
1472430762 10184.983 9977.086
1472430785 10178.563 9982.375
1472430809 10178.042 9983.415
1472430832 10173.176 9977.633
1472430855 10167.994 9974.692
1472430879 10167.699 9972.74
1472430902 10159.714 9952.107
1472430925 10144.859 9800.146
1472430949 10144.401 9926.154
1472430972 10130.917 9914.965
1472430995 10149.574 9791.09
1472431018 10145.874 9932.584
1472431042 10135.382 9922.928
1472431065 10129.9 9920.511
1472431088 10125.383 9775.761
1472431112 10121.935 9911.101
1472431135 10119.341 9908.782
1472431158 10115.163 9905.071
1472431182 10113.973 9901.443
1472431205 10110.681 9901.027
1472431228 10106.588 9896.88
1472431252 10103.172 9878.708
1472431275 10100.743 9872.596
1472431298 10097.345 9895.936
1472431322 10092.895 9877.957
1472431345 10075.873 9734.737
1472431368 10084.584 9894.429
1472431392 10084.02 9894.081
1472431415 10074.297 9860.139
1472431438 10067.124 9866.274
1472431461 10063.165 9849.273
1472431485 10059.864 9842.99
1472431508 10055.261 9849.344
1472431531 10051.214 9848.124
1472431555 10051.815 9834.891
1472431578 10044.787 9839.837
1472431601 10038.124 9832.184
1472431625 10035.484 9829.851
1472431648 10031.929 9814.874
1472431671 10021.671 9807.11
1472431695 10026.111 9808.672
1472431718 10020.865 9816.989
1472431741 10016.726 9801.584
1472431764 10007.663 9792.344
1472431788 10004.613 9789.965
1472431811 10004.947 9804.222
1472431834 9998.793 9786.105
1472431858 9994.693 9778.638
1472431881 9990.899 9787.426
1472431904 9986.821 9771.177
1472431928 9985.797 9773.641
1472431951 9981.728 9779.643
1472431974 9979.078 9767.939
1472431998 9946.998 9734.94
1472432021 9977.751 9777.793
1472432044 9964.111 9766.977
1472432067 9960.484 9724.161
1472432091 9954.505 9744.096
1472432114 9950.779 9740.677
1472432137 9948.554 9737.739
1472432161 9945.788 9747.254
1472432184 9941.328 9744.48
1472432207 9936.384 9727.436
1472432231 9932.798 9736.224
1472432254 9929.857 9748.796
1472432277 9927.332 9746.489
1472432301 9924.119 9731.103
1472432324 9919.76 9739.036
1472432347 9914.763 9723.112
1472432371 9908.818 9729.811
1472432394 9903.815 9725.2
1472432417 9900.773 9654.548
1472432440 9889.114 9641.865
1472432464 9895.841 9599.447
1472432487 9897.99 9626.994
1472432510 9887.707 9606.044
1472432534 9882.767 9589.047
1472432557 9879.497 9608.845
1472432580 9876.648 9581.713
1472432604 9873.487 9435.776
1472432627 9872.311 9608.089
1472432650 9869.289 9597.476
1472432674 9866.506 9591.352
1472432697 9862.791 9577.787
1472432720 9851.553 9578.691
1472432744 9859.6 9585.129
1472432767 9842.7 9561.8
1472432790 9850.681 9442.601
1472432813 9847.195 9573.078
1472432837 9853.649 9565.849
1472432860 9842.77 9566.731
1472432883 9836.07 7654.049
1472432907 9824.943 9561.789
1472432930 9825.645 9561.584
1472432953 9824.835 9550.912
1472432977 9823.242 9558.074
1472433000 9820.828 9568.001
1472433023 9817.371 9553.724
1472433047 9813.482 9586.75
1472433070 9810.789 9506.231
1472433093 9808.411 9504.696
1472433116 9803.892 9568.427
1472433140 9799.355 9577.318
1472433163 9798.204 9550.422
1472433186 9794.396 2373.456
1472433210 9787.755 2945.744
1472433233 9783.557 9560.637
1472433256 9777.982 9543.795
1472433280 9774.372 9526.556
1472433303 9771.465 9549.383
1472433326 9766.311 9238.39
1472433350 9759.218 9512.915
1472433373 9767.355 9522.023
1472433396 9761.117 9527.303
1472433420 9754.991 9496.809
1472433443 9750.41 9528.774
1472433466 9744.947 9524.787
1472433490 9740.76 9471.409
1472433513 9730.844 9501.881
1472433536 9728.264 9509.791
1472433559 9731.389 9501.063
1472433583 9726.674 9508.432
1472433606 9722.606 9504.711
1472433629 9719.384 9503.038
1472433653 9716.687 9451.814
1472433676 9712.585 9471.808
1472433699 9708.604 9493.09
1472433723 9703.114 9487.191
1472433746 9699.564 9455.733
1472433769 9694.698 9448.319
1472433792 9691.386 9445.296
1472433816 9691.059 9437.337
1472433839 9688.234 9432.019
1472433862 9680.864 9289.939
1472433886 9666.207 9422.987
1472433909 9671.863 9406.083
1472433932 9669.147 9412.904
1472433956 9665.315 7537.893
1472433979 9663.782 9396.805
1472434002 9658.784 9425.792
1472434026 9654.095 9403.984
1472434049 9650.1 9414.274
1472434072 9647.885 9423.607
1472434096 9647.665 9436.303
1472434119 9650.577 9427.569
1472434142 9640.482 9430.026
1472434165 9634.354 9423.604
1472434189 9630.348 9395.276
1472434212 9624.789 9377.261
1472434235 9622.844 9386.881
1472434259 9618.514 9380.667
1472434282 9613.266 9375.046
1472434305 9611.355 9373.97
1472434329 9608.706 9369.228
1472434352 9605.243 9340.096
1472434375 9602.6 9340.038
1472434399 9572.183 9335.809
1472434422 9352.703 9127.271
1472434445 9373.762 9147.325
1472434468 8936.305 8736.724
1472434492 9247.547 9041.352
1472434515 9332.74 9121.054
1472434538 9602.746 9353.439
1472434562 9598.399 9351.548
1472434585 9594.297 9334.218
1472434608 9590.004 9221.118
1472434632 9582.909 9213.033
1472434655 9568.719 9323.924
1472434678 9577.604 7592.397
1472434702 9575.085 9316.307
1472434725 9565.503 9308.442
1472434748 9560.84 9314.375
1472434772 9555.861 9310.675
1472434795 9554.109 8433.684
1472434818 9553.338 9298.701
1472434842 9549.445 9320.814
1472434865 9545.72 9303.655
1472434888 9542.568 9180.61
1472434911 9540.715 9310.798
1472434935 9541.423 9298.792
1472434958 9537.727 9310.559
1472434981 9535.906 9319.048
1472435005 9531.957 6546.076
1472435028 9528.41 9313.321
1472435051 9525.137 9299.455
1472435075 9512.132 9311.229
1472435098 9521.081 9308.014
1472435121 9517.479 9304.637
1472435145 9513.854 9168.727
1472435168 9506.944 9282.932
1472435191 9502.272 9301.592
1472435214 9501.294 9270.98
1472435238 9497.635 9274.012
1472435261 9494.359 9267.303
1472435284 9485.574 9249.745
1472435308 9482.824 9243.576
1472435331 9483.227 9257.604
1472435354 9486.22 9261.128
1472435378 9476.516 9252.007
1472435401 9473.793 9237.986
1472435424 9469.485 9246.38
1472435448 9466.662 9195.139
1472435471 9465.089 9230.355
1472435494 9461.307 9212.769
1472435518 9452.215 9206.207
1472435541 9456.737 9235.383
1472435564 9452.17 9230.319
1472435587 9453.88 9231.176
1472435611 9443.248 9197.416
1472435634 9437.592 9213.842
1472435657 9433.562 9188.12
1472435681 9432.731 9187.24
1472435704 9431.34 9199.544
1472435727 9419.307 9176.526
1472435751 9426.791 9218.63
1472435774 9424.676 9229.846
1472435797 9415.758 9198.202
1472435821 9413.311 9218.673
1472435844 9411.096 7479.049
1472435867 9405.704 6381.09
1472435890 9401.102 9208.549
1472435914 9406.152 9200.11
1472435937 9401.98 9208.503
1472435960 9399.98 9206.534
1472435984 9389.044 7451.784
1472436007 9385.789 7091.924
1472436030 9384.988 9168.833
1472436054 9376.757 9184.149
1472436077 9372.006 9180.592
1472436100 9376.473 9161.521
1472436124 9379.058 7779.147
1472436147 9368.184 6932.046
1472436170 9362.954 3337.493
1472436194 9361.095 0.0
1472436217 9347.297 0.0
1472436240 9363.156 0.0
1472436263 9354.42 0.0
1472436287 9353.215 0.0
1472436310 9348.106 0.0
1472436333 9339.731 0.0
1472436357 9327.249 0.0
1472436380 9338.243 0.0
1472436403 9336.3 0.0
1472436427 9331.222 0.0
1472436450 9323.765 0.0
1472436473 9322.232 0.0
1472436497 9311.027 0.0
1472436520 9319.529 0.0
1472436543 9312.692 0.0
1472436566 9313.367 0.0
1472436590 9309.25 0.0
1472436613 9301.481 0.0
1472436636 9296.859 0.0
1472436660 9283.385 0.0
1472436683 9293.649 0.0
1472436706 9292.858 0.0
1472436730 9294.053 0.0
1472436753 9287.019 0.0
1472436776 9280.084 0.0
1472436800 9280.104 0.0
1472436823 9266.077 0.0
1472436846 9271.43 0.0
1472436870 9266.346 0.0
1472436893 9264.625 0.0
1472436916 9265.91 0.0
1472436939 9250.227 0.0
1472436963 9230.733 0.0
1472436986 9228.339 0.0
1472437009 9223.478 0.0
1472437026 9235.486 8287.863
1472437050 9231.5 9016.546
1472437073 9226.691 9026.604
1472437096 9220.494 9006.036
1472437120 9218.594 9005.292
1472437143 9211.525 7336.43
1472437166 9214.244 9001.126
1472437190 9200.919 8999.696
1472437213 9195.111 8983.402
1472437236 9191.842 8968.786
1472437260 9182.096 8859.475
1472437283 9174.531 8995.647
1472437306 9166.786 8987.652
1472437329 9162.813 8984.983
1472437353 9163.736 8974.58
1472437376 9159.384 8958.432
1472437399 9152.217 8939.124
1472437423 9141.316 8964.568
1472437446 9137.937 8948.704
1472437469 9135.31 8959.066
1472437493 9132.599 8944.183
1472437516 9130.088 8810.34
1472437539 9128.972 8912.26
1472437563 9128.464 8924.079
1472437586 9126.449 8794.007
1472437609 9118.448 8922.753
1472437632 9114.44 8917.851
1472437656 9110.933 8904.781
1472437679 9110.645 8918.499
1472437702 9119.903 8858.892
1472437726 9115.449 8852.148
1472437749 9108.615 8835.07
1472437772 9105.139 8857.082
1472437796 9104.206 8866.218
1472437819 9099.302 8850.595
1472437842 9095.018 8835.995
1472437866 9087.742 8848.293
1472437889 9078.932 8839.809
1472437912 9074.73 8827.083
1472437936 9071.426 8825.348
1472437959 9067.694 8799.85
1472437982 9068.484 8825.344
1472438006 9060.48 8824.63
1472438029 9049.909 8678.437
1472438052 9048.466 8816.911
1472438075 9035.34 8791.294
1472438099 9042.622 8809.973
1472438122 9040.528 8773.31
1472438145 9038.003 8781.78
1472438169 9033.173 8789.754
1472438192 9031.177 8797.061
1472438215 9020.755 8778.335
1472438239 9029.162 8807.192
1472438262 9037.426 8835.121
1472438285 9026.009 8800.709
1472438308 9022.531 8820.2
1472438332 9021.095 8820.024
1472438355 9021.846 8809.017
1472438378 9017.995 8794.854
1472438402 9023.202 8810.764
1472438425 9018.721 8806.756
1472438448 9010.445 8810.281
1472438472 9006.675 8780.452
1472438495 9010.056 8782.569
1472438518 9008.437 8758.287
1472438542 9005.69 8775.733
1472438565 9000.63 8761.949
1472438588 8995.184 8767.726
1472438612 9000.561 8760.813
1472438635 9005.569 8778.972
1472438658 8997.237 8761.256
1472438681 8991.309 8755.98
1472438705 8986.046 8761.043
1472438728 8982.723 8745.957
1472438751 8980.038 8755.887
1472438775 8976.755 8740.631
1472438798 8972.965 8627.636
1472438821 8966.229 8597.573
1472438845 8959.515 8724.841
1472438868 8951.53 8717.82
1472438891 8943.205 8722.057
1472438915 8938.202 8706.104
1472438938 8931.995 8700.272
1472438961 8924.953 8683.734
1472438985 8918.199 8572.026
1472439008 8924.945 8730.845
1472439031 8911.364 8707.714
1472439054 8909.083 8695.074
1472439078 8912.509 8709.407
1472439101 8906.574 8713.965
1472439124 8901.457 8688.505
1472439148 8889.199 8699.193
1472439171 8885.181 8684.557
1472439194 8893.373 8690.785
1472439218 8891.79 8701.501
1472439241 8887.894 8697.283
1472439264 8886.994 8696.987
1472439288 8883.127 8621.001
1472439311 8879.771 8116.8
1472439334 8880.625 8570.089
1472439357 8885.267 8695.199
1472439381 8883.403 8673.53
1472439404 8889.245 8002.068
1472439427 8885.763 8684.396
1472439451 8883.479 8681.859
1472439474 8876.512 8675.817
1472439497 8873.324 8684.133
1472439521 8870.303 8680.264
1472439544 8866.504 8667.071
1472439567 8866.407 8666.726
1472439591 8863.242 8674.554
1472439614 8859.488 8661.017
1472439637 8859.102 8670.216
1472439661 8858.575 8626.97
1472439684 8855.233 8644.729
1472439707 8851.701 8651.35
1472439730 8849.779 8632.242
1472439754 8849.005 8635.484
1472439777 8846.138 8613.338
1472439800 8845.412 8511.928
1472439824 8842.385 8615.654
1472439847 8838.593 8625.524
1472439870 8838.363 8626.44
1472439894 8835.383 8612.926
1472439917 8832.105 8610.775
1472439940 8828.511 8606.746
1472439964 8826.001 8617.397
1472439987 8824.597 8638.521
1472440010 8823.679 8637.405
1472440033 8819.842 8634.327
1472440057 8816.54 8630.493
1472440080 8812.705 8627.497
1472440103 8810.268 8624.727
1472440127 8808.296 8622.262
1472440150 8805.403 8498.855
1472440173 8803.158 8585.536
1472440197 8801.591 8590.153
1472440220 8798.053 8556.274
1472440243 8794.34 8575.594
1472440267 8789.9 8585.17
1472440290 8788.794 8571.99
1472440313 8785.721 8565.262
1472440337 8784.73 8577.586
1472440360 8779.519 8572.342
1472440383 8778.346 8574.115
1472440406 8774.252 8559.597
1472440430 8767.89 8552.007
1472440453 8761.136 8557.289
1472440476 8757.66 8520.394
1472440500 8743.626 8541.437
1472440523 8741.8 8540.68
1472440546 8731.565 8520.896
1472440570 8728.482 8525.823
1472440593 8724.127 8522.906
1472440616 8718.226 8374.07
1472440640 8715.492 8515.579
1472440663 8714.58 8480.491
1472440686 8711.816 8502.813
1472440709 8708.876 8511.029
1472440733 8705.44 8495.363
1472440756 8707.592 8499.791
1472440779 8705.393 8483.761
1472440803 8708.965 8499.023
1472440826 8704.435 8505.294
1472440849 8703.372 8493.446
1472440873 8699.159 8479.758
1472440896 8698.527 8501.211
1472440919 8696.581 8498.2
1472440943 8696.419 8504.343
1472440966 8694.226 8517.266
1472440989 8692.552 8394.871
1472441013 8688.351 8489.179
1472441036 8688.282 8511.754
1472441059 8682.523 8483.148
1472441082 8683.722 8507.024
1472441106 8683.422 8506.343
1472441129 8685.118 8496.573
1472441152 8680.551 8492.999
1472441176 8676.61 8365.018
1472441199 8674.579 8457.737
1472441222 8671.358 8476.169
1472441246 8670.984 8476.545
1472441269 8669.321 8475.039
1472441292 8665.253 8469.243
1472441316 8662.921 8456.017
1472441339 8665.832 8469.587
1472441362 8663.723 8469.763
1472441386 8668.084 8474.554
1472441409 8655.375 8460.76
1472441432 8645.45 8453.425
1472441455 8642.084 8449.816
1472441479 8641.815 8438.89
1472441502 8638.099 8447.124
1472441525 8637.062 8435.665
1472441549 8634.725 8441.564
1472441572 8636.767 8444.471
1472441595 8633.94 8430.565
1472441619 8628.908 8438.009
1472441642 8325.248 8153.408
1472441665 8503.62 8313.394
1472441689 8571.832 8388.555
1472441712 8013.96 7863.836
1472441735 8088.292 7944.334
1472441759 8623.796 8451.455
1472441782 8644.964 8461.316
1472441805 8638.232 8443.086
1472441828 8637.65 8432.815
1472441852 8637.085 8464.085
1472441875 8639.849 8456.903
1472441898 8631.905 8437.778
1472441922 8625.975 8453.841
1472441945 8621.175 8308.408
1472441968 8604.83 8433.72
1472441992 8619.976 8426.366
1472442015 8616.453 8444.68
1472442038 8606.842 8434.551
1472442062 8604.155 8421.721
1472442085 8603.329 8432.275
1472442108 8600.066 8417.503
1472442131 8596.322 8415.245
1472442155 8592.782 8410.912
1472442178 8594.566 8412.395
1472442201 8592.986 8422.063
1472442225 8593.814 8422.197
1472442248 8586.839 8404.285
1472442271 8584.031 8413.212
1472442295 8581.747 8411.024
1472442318 8578.063 8407.981
1472442341 8573.536 8382.768
1472442365 8578.801 8396.776
1472442388 8580.231 8410.241
1472442411 8571.31 8390.892
1472442434 8566.727 8268.839
1472442458 8565.611 8367.362
1472442481 8553.667 8368.058
1472442504 8561.342 8375.326
1472442528 8553.993 8367.342
1472442551 8555.857 8358.711
1472442574 8557.345 8350.75
1472442598 8546.402 8360.219
1472442621 8525.989 8328.45
1472442644 8546.648 8358.912
1472442668 8546.039 8349.843
1472442691 8536.66 8367.835
1472442714 8532.734 8365.408
1472442738 8528.784 8352.135
1472442761 8518.99 8352.902
1472442784 8525.557 8348.68
1472442807 8520.637 8353.269
1472442831 8521.633 8343.777
1472442854 8519.901 7736.693
1472442877 8511.358 8345.923
1472442901 8507.517 8331.946
1472442924 8490.142 8308.552
1472442947 8510.024 8327.458
1472442971 8504.274 8194.889
1472442994 8503.131 8309.396
1472443017 8493.847 8312.789
1472443041 8490.462 8286.677
1472443064 8480.241 8299.074
1472443087 8492.369 8309.579
1472443111 8486.591 8306.258
1472443134 8485.477 8305.7
1472443157 8484.278 8303.869
1472443180 8477.924 8286.623
1472443204 8462.36 8156.032
1472443227 8482.15 8290.729
1472443250 8478.183 8298.07
1472443274 8469.287 8288.346
1472443297 8464.933 8285.311
1472443320 8463.289 8281.669
1472443344 8455.414 8267.315
1472443367 8462.849 8284.455
1472443390 8450.181 8263.226
1472443414 8457.709 8278.992
1472443437 8449.87 8259.336
1472443460 8450.018 8272.013
1472443484 8443.924 8245.036
1472443507 8434.45 8257.233
1472443530 8440.791 8263.753
1472443553 8439.904 8253.353
1472443577 8439.459 8241.071
1472443600 8434.08 8255.088
1472443623 8423.996 8246.763
1472443647 8426.437 8252.976
1472443670 8423.542 8262.728
1472443693 8411.446 8251.952
1472443717 8418.356 8257.357
1472443740 8412.586 8252.8
1472443763 8409.57 8216.919
1472443787 8413.387 8252.832
1472443810 8404.145 8244.71
1472443833 8402.805 8242.601
1472443856 8387.013 8218.429
1472443880 8394.207 8210.825
1472443903 8402.331 8216.823
1472443926 8391.569 8217.377
1472443950 8388.159 8212.749
1472443973 8385.46 8212.035
1472443996 8377.531 8192.736
1472444020 8373.37 8188.785
1472444043 8375.33 8201.34
1472444066 8372.558 8200.469
1472444090 8359.877 8180.659
1472444113 8368.868 8194.514
1472444136 8367.937 8058.892
1472444160 8364.9 8182.016
1472444183 8357.709 8186.439
1472444206 8353.378 8162.314
1472444230 8353.444 8065.471
1472444253 8334.62 8164.491
1472444276 8357.074 8154.499
1472444299 8349.253 8051.752
1472444323 8342.125 8171.503
1472444346 8337.268 8166.717
1472444369 8339.928 8159.85
1472444393 8333.605 8152.631
1472444416 8333.958 8177.646
1472444439 8333.077 8166.781
1472444463 8331.74 8175.194
1472444486 8330.752 8163.858
1472444509 8324.898 8169.356
1472444533 8325.714 8160.103
1472444556 8322.706 8167.835
1472444579 8320.183 8154.32
1472444602 8317.061 8160.462
1472444626 8314.339 8159.437
1472444649 8314.926 8149.153
1472444672 8310.821 8145.373
1472444696 8304.333 8149.676
1472444719 8308.223 8154.274
1472444742 8297.306 8143.83
1472444766 8307.15 8152.473
1472444789 8295.698 8141.54
1472444812 8303.918 8128.016
1472444836 8298.431 8144.507
1472444859 8290.505 8127.289
1472444882 8284.496 8130.352
1472444906 8286.209 8111.221
1472444929 8282.86 6993.134
1472444952 8279.008 7131.55
1472444975 8278.179 8125.849
1472444999 8276.267 8112.66
1472445022 8273.242 8111.164
1472445045 8271.076 8108.46
1472445069 8267.509 8114.952
1472445092 8265.385 8112.446
1472445115 8265.266 8111.922
1472445139 8261.048 8105.112
1472445162 8258.789 8092.847
1472445185 8256.535 8092.178
1472445209 8255.277 8070.443
1472445232 8252.994 8014.469
1472445255 8250.181 8018.612
1472445278 8245.534 8016.287
1472445302 8242.967 8013.26
1472445325 8241.354 8021.09
1472445348 8238.556 8019.187
1472445372 8236.32 8010.462
1472445395 8232.953 8022.946
1472445418 8231.017 8040.97
1472445442 8228.825 8021.197
1472445465 8225.172 8036.731
1472445488 8221.114 8033.635
1472445512 8219.042 8010.164
1472445535 8217.587 8008.657
1472445558 8214.803 8027.482
1472445582 8212.365 8024.419
1472445605 8208.369 8004.281
1472445628 8207.568 7982.145
1472445651 8205.246 7990.622
1472445675 8204.649 7989.692
1472445698 8201.464 7865.328
1472445721 8200.181 7965.98
1472445745 8198.709 7984.362
1472445768 8194.222 7980.156
1472445791 8181.218 7958.258
1472445815 8198.86 7987.164
1472445838 8188.639 7973.863
1472445861 8182.648 7960.29
1472445885 8180.331 7967.414
1472445908 8178.358 7934.109
1472445931 8175.917 7953.251
1472445955 8174.281 7954.013
1472445978 8172.535 7961.503
1472446001 8168.193 7945.825
1472446024 8164.197 7839.82
1472446048 8162.952 7942.789
1472446071 8160.072 7950.037
1472446094 8157.993 7939.522
1472446118 8153.632 7914.558
1472446141 8151.061 7932.313
1472446164 8148.469 7920.056
1472446188 8146.965 7942.727
1472446211 8143.039 7915.704
1472446234 8139.47 7930.183
1472446258 8138.886 7929.518
1472446281 8135.313 7916.568
1472446304 8134.402 7926.299
1472446327 8132.421 7914.843
1472446351 8129.784 7801.134
1472446374 8126.895 7932.364
1472446397 8123.713 7922.994
1472446421 8125.426 7944.1
1472446444 8118.781 7937.514
1472446467 8110.425 7931.095
1472446491 8125.823 7944.926
1472446514 8106.102 7926.386
1472446537 8110.2 7920.185
1472446561 8111.227 7931.573
1472446584 8102.962 7877.499
1472446607 8101.469 7845.875
1472446631 8103.342 7900.001
1472446654 8098.25 7785.327
1472446677 8095.556 7893.753
1472446700 8093.059 7889.213
1472446724 8088.073 7874.236
1472446747 8089.008 7877.907
1472446770 8086.705 7875.341
1472446794 8080.479 7881.209
1472446817 8079.238 7878.479
1472446840 8075.191 7876.474
1472446864 8073.383 7865.066
1472446887 8077.292 7877.553
1472446910 8075.008 7855.899
1472446934 8067.924 6295.26
1472446957 8062.911 7853.471
1472446980 8057.723 7857.177
1472447004 8045.646 7835.294
1472447027 8051.261 7845.723
1472447050 8047.62 7850.494
1472447073 8044.606 7847.211
1472447097 8042.392 7825.108
1472447120 8038.915 7849.827
1472447143 8033.764 7860.306
1472447167 8026.172 7853.534
1472447190 8033.579 7848.455
1472447213 8029.981 7845.874
1472447237 8027.791 7854.134
1472447260 8023.002 7849.655
1472447283 8018.905 7835.253
1472447307 8017.539 7824.644
1472447330 8014.574 7830.823
1472447353 8011.537 7838.283
1472447377 8003.345 7832.175
1472447400 8005.764 7834.607
1472447423 7998.041 7806.183
1472447446 8008.93 7827.645
1472447470 7999.246 7827.487
1472447493 7995.36 7823.903
1472447516 7993.102 7811.173
1472447540 7990.124 7818.555
1472447563 7984.819 7804.589
1472447586 7989.457 7807.992
1472447610 7976.282 7805.712
1472447633 7979.886 7809.929
1472447656 7979.218 7809.447
1472447680 7976.373 7785.677
1472447703 7971.306 7782.595
1472447726 7969.33 7799.57
1472447749 7967.633 7797.967
1472447773 7969.848 7779.974
1472447796 7963.628 7794.112
1472447819 7957.301 7788.905
1472447843 7952.726 7664.341
1472447866 7950.386 7752.859
1472447889 7947.052 7737.82
1472447913 7951.586 7688.827
1472447936 7946.383 7758.382
1472447959 7947.803 7638.431
1472447983 7942.246 7284.863
1472448006 7937.859 7625.064
1472448029 7931.188 7731.551
1472448052 7928.962 7740.72
1472448076 7923.912 7726.009
1472448099 7922.7 7737.348
1472448122 7920.188 7743.454
1472448146 7915.777 7640.572
1472448169 7924.066 7748.241
1472448192 7921.708 7744.936
1472448216 7920.258 7744.229
1472448239 7911.753 7726.85
1472448262 7907.457 7741.705
1472448286 7903.932 7709.288
1472448309 7900.621 7735.677
1472448332 7896.721 7707.684
1472448356 7899.878 7695.076
1472448379 7893.92 7698.383
1472448402 7896.653 7711.443
1472448425 7894.863 7709.464
1472448449 7894.838 7709.169
1472448472 7887.977 7693.843
1472448495 7882.64 7697.624
1472448519 7877.134 7585.856
1472448542 7882.752 7691.949
1472448565 7876.194 7692.035
1472448589 7871.371 7690.699
1472448612 7873.105 7689.851
1472448635 7874.179 7402.587
1472448659 7874.47 6746.539
1472448682 7865.385 7107.646
1472448705 7858.427 7649.417
1472448729 7859.943 7678.739
1472448752 7861.745 7671.291
1472448775 7857.129 7669.745
1472448798 7864.06 7683.51
1472448822 7860.33 7680.399
1472448845 7854.43 7672.706
1472448868 7846.747 7656.557
1472448892 7841.09 5371.873
1472448915 7839.083 7660.828
1472448938 7837.404 7648.222
1472448962 7837.422 7655.856
1472448985 7837.475 6152.7
1472449008 7834.54 7655.058
1472449032 7830.977 7651.627
1472449055 7823.544 7643.947
1472449078 7820.918 7623.163
1472449102 7817.735 7653.791
1472449125 7814.32 7655.004
1472449148 7817.76 7658.079
1472449171 7811.764 7651.941
1472449195 7813.975 7654.908
1472449218 7804.532 7636.722
1472449241 7796.844 7530.568
1472449265 7784.308 7625.843
1472449288 7782.617 7623.808
1472449311 7783.468 7606.9
1472449335 7790.872 7604.484
1472449358 7786.253 7601.94
1472449381 7775.792 7589.646
1472449405 7773.788 7589.492
1472449428 7773.211 7596.938
1472449451 7769.521 7593.629
1472449475 7775.571 7591.147
1472449498 7769.331 4013.372
1472449521 7766.828 6879.644
1472449544 7760.865 7587.529
1472449568 7757.639 7573.717
1472449591 7757.269 7584.249
1472449614 7748.797 7566.595
1472449638 7754.328 7562.235
1472449661 7753.198 7473.58
1472449684 7749.794 7556.481
1472449708 7740.903 7556.242
1472449731 7737.532 7563.051
1472449754 7731.99 7549.586
1472449778 7736.622 7554.267
1472449801 7736.91 7562.473
1472449824 7733.117 7541.519
1472449847 7723.398 7534.013
1472449871 7710.332 7545.682
1472449894 7706.698 7551.779
1472449917 7705.401 7550.543
1472449941 7715.907 7552.274
1472449964 7701.786 7547.527
1472449987 7696.992 7294.317
1472450011 7694.898 5561.365
1472450034 7695.453 7542.319
1472450057 7694.641 7541.475
1472450081 7694.269 7531.409
1472450104 7693.966 7540.846
1472450127 7695.986 7543.063
1472450151 7689.248 7527.864
1472450174 7686.253 7515.591
1472450197 7684.09 7532.161
1472450220 7687.85 7525.573
1472450244 7684.764 7532.608
1472450267 7687.307 7525.608
1472450290 7689.72 7527.516
1472450314 7685.246 7523.726
1472450337 7678.924 7516.688
1472450360 7677.592 7526.627
1472450384 7676.137 7523.83
1472450407 7676.692 7524.729
1472450430 7675.099 7514.266
1472450454 7675.577 7515.316
1472450477 7676.724 7525.347
1472450500 7673.572 7503.023
1472450524 7667.741 7516.545
1472450547 7662.109 7511.344
1472450570 7663.333 7513.199
1472450593 7662.551 7501.323
1472450617 7662.154 7492.956
1472450640 7660.254 7484.628
1472450663 7656.704 7491.526
1472450687 7652.938 7487.404
1472450710 7651.103 7466.507
1472450733 7647.089 7481.498
1472450757 7646.841 7459.86
1472450780 7640.273 7474.84
1472450803 7645.02 7479.155
1472450827 7640.744 7475.763
1472450850 7632.672 7484.036
1472450873 7632.42 7483.674
1472450897 7629.922 7462.031
1472450920 7627.869 7478.395
1472450943 7626.174 7467.601
1472450966 7624.447 7466.057
1472450990 7623.373 7465.341
1472451013 7618.275 7470.133
1472451036 7612.6 7464.781
1472451060 7613.02 7446.194
1472451083 7611.038 7449.111
1472451106 7610.246 7343.329
1472451130 7606.226 7424.662
1472451153 7605.767 7443.695
1472451176 7603.327 7430.717
1472451200 7602.474 7420.578
1472451223 7599.689 7436.831
1472451246 7598.333 7418.664
1472451269 7594.697 7433.278
1472451293 7591.941 7430.84
1472451316 7588.196 7427.335
1472451339 7586.42 7425.21
1472451363 7582.88 7421.954
1472451386 7588.305 7427.748
1472451409 7586.274 7321.319
1472451433 7579.209 7303.635
1472451456 7574.874 7227.861
1472451479 7571.192 7411.174
1472451503 7566.969 7379.156
1472451526 7563.624 7395.572
1472451549 7563.362 7405.094
1472451573 7558.044 7388.679
1472451596 7555.933 7395.737
1472451619 7522.167 7356.372
1472451642 7202.567 7066.932
1472451666 7494.225 5890.881
1472451689 7211.199 6865.013
1472451712 7241.936 6856.132
1472451736 7248.896 7098.95
1472451759 7553.199 7392.152
1472451782 7595.871 7432.068
1472451806 7581.661 7413.749
1472451829 7589.378 7441.453
1472451852 7595.073 7447.356
1472451876 7585.727 7324.903
1472451899 7584.492 7428.845
1472451922 7580.673 7432.835
1472451946 7578.744 7431.268
1472451969 7576.215 7411.128
1472451992 7574.38 7389.315
1472452015 7571.648 7425.752
1472452039 7568.551 7408.374
1472452062 7565.93 7406.289
1472452085 7563.88 7394.322
1472452109 7562.165 7401.005
1472452132 7560.518 7399.381
1472452155 7558.076 7388.622
1472452179 7556.255 7384.812
1472452202 7555.878 7395.958
1472452225 7554.185 7384.52
1472452249 7551.349 7391.759
1472452272 7549.952 7380.195
1472452295 7546.558 7388.03
1472452319 7545.161 7375.851
1472452342 7542.223 7357.452
1472452365 7539.527 7381.709
1472452388 7538.45 7360.644
1472452412 7536.555 7377.211
1472452435 7536.831 7369.238
1472452458 7533.378 7374.391
1472452482 7530.288 7371.573
1472452505 7528.185 4614.595
1472452528 7526.441 5225.076
1472452552 7523.504 7366.346
1472452575 7515.638 7365.485
1472452598 7515.599 7372.403
1472452622 7522.795 7369.763
1472452645 7521.014 7377.18
1472452668 7513.07 7360.513
1472452691 7508.574 7365.609
1472452715 7507.334 7345.085
1472452738 7504.553 7360.839
1472452761 7506.477 7353.122
1472452785 7498.531 7337.489
1472452808 7487.477 7327.27
1472452831 7500.533 7348.162
1472452855 7501.796 7349.071
1472452878 7492.273 7340.636
1472452901 7490.753 7339.666
1472452925 7483.86 7313.128
1472452948 7486.645 7335.428
1472452971 7485.5 7334.201
1472452995 7483.301 7332.507
1472453018 7479.234 7337.267
1472453041 7476.745 7336.323
1472453064 7475.233 7334.221
1472453088 7472.852 7331.318
1472453111 7470.655 7329.595
1472453134 7468.501 7326.941
1472453158 7465.718 7314.848
1472453181 7465.123 7323.774
1472453204 7463.067 7322.272
1472453228 7460.878 7320.267
1472453251 7457.461 7316.3
1472453274 7455.243 7305.723
1472453298 7454.78 7210.117
1472453321 7453.2 7299.549
1472453344 7450.775 7297.593
1472453367 7447.563 7286.102
1472453391 7444.256 7282.303
1472453414 7442.9 7273.111
1472453437 7444.678 7292.14
1472453461 7439.861 7287.216
1472453484 7439.615 7287.083
1472453507 7437.588 7276.063
1472453531 7435.804 7264.99
1472453554 7433.622 7287.117
1472453577 7429.99 7290.843
1472453601 7425.773 7278.076
1472453624 7429.815 7290.405
1472453647 7423.156 7275.729
1472453671 7409.244 7270.489
1472453694 7418.129 7279.598
1472453717 7423.192 7283.731
1472453740 7414.565 7276.648
1472453764 7405.094 7265.242
1472453787 7406.751 7256.38
1472453810 7408.576 7260.043
1472453834 7403.856 7255.328
1472453857 7403.471 7143.78
1472453880 7381.527 7223.229
1472453904 7270.693 7118.682
1472453927 7252.134 7102.404
1472453950 7240.624 7093.186
1472453974 7228.91 7082.597
1472453997 7226.996 7087.954
1472454020 7126.867 6994.202
1472454044 7125.873 6993.571
1472454067 7129.302 6995.976
1472454090 7121.56 6989.076
1472454113 7137.227 7003.731
1472454137 7135.12 7001.618
1472454160 7124.725 6990.772
1472454183 7118.338 6977.139
1472454207 7136.181 7002.702
1472454230 7139.967 7005.591
1472454253 7130.14 6986.084
1472454277 7121.601 6988.853
1472454300 7123.139 6989.434
1472454323 7121.087 6987.087
1472454347 7118.625 6986.914
1472454370 7122.134 6980.88
1472454393 7116.734 6984.18
1472454417 7113.18 6980.179
1472454440 7109.773 6976.273
1472454463 7108.163 6974.565
1472454486 7097.599 6866.746
1472454510 7101.302 6969.36
1472454533 7102.703 6976.763
1472454556 7109.36 6975.847
1472454580 7103.99 6971.076
1472454603 7100.723 6977.248
1472454626 7096.632 6973.172
1472454650 7094.012 6872.517
1472454673 7092.914 6960.827
1472454696 7081.318 6958.058
1472454720 7088.099 6964.752
1472454743 7090.928 6963.902
1472454766 7096.417 6966.078
1472454789 7086.338 6946.538
1472454813 7084.479 6953.161
1472454836 7082.377 6951.737
1472454859 7079.552 6949.617
1472454883 7078.614 6947.44
1472454906 7065.317 6935.133
1472454929 7076.364 6945.459
1472454953 7075.121 6944.903
1472454976 7081.115 6941.471
1472454999 7073.526 6943.938
1472455023 7070.505 6940.747
1472455046 7067.256 6937.448
1472455069 7062.265 6932.894
1472455092 7062.894 6827.046
1472455116 7067.566 6937.086
1472455139 7072.659 6931.243
1472455162 7062.838 6931.842
1472455186 7062.946 6933.125
1472455209 7060.359 6930.706
1472455232 7050.938 6914.096
1472455256 7055.161 6917.052
1472455279 7050.585 6918.529
1472455302 7054.182 6923.17
1472455326 7058.252 6936.039
1472455349 7054.147 6932.683
1472455372 7050.227 6928.353
1472455396 7042.705 6920.88
1472455419 7030.018 6909.147
1472455442 7045.204 6923.391
1472455465 7046.228 6924.524
1472455489 7042.054 6920.531
1472455512 7038.29 6917.632
1472455535 7038.228 6819.927
1472455559 7026.516 6897.302
1472455582 7030.093 6908.697
1472455605 7028.934 6908.035
1472455629 7028.015 6908.159
1472455652 7034.072 6913.233
1472455675 7026.222 6896.464
1472455699 7022.189 6901.752
1472455722 7012.356 6892.684
1472455745 7010.46 6890.626
1472455769 7014.54 6894.423
1472455792 7019.774 6899.736
1472455815 7013.431 6883.687
1472455838 7009.411 6890.145
1472455862 7008.005 6791.263
1472455885 6995.031 6875.41
1472455908 7003.123 6883.741
1472455932 7001.422 6881.839
1472455955 7000.519 6881.037
1472455978 7005.68 6876.816
1472456002 6999.708 6875.268
1472456025 6995.556 6850.78
1472456048 6988.549 6862.56
1472456072 6979.224 6854.962
1472456095 6988.55 6853.077
1472456118 6992.144 6866.855
1472456141 6987.296 6860.968
1472456165 6985.948 6851.234
1472456188 6984.402 6858.52
1472456211 6971.635 6837.97
1472456235 6978.051 6837.176
1472456258 6975.235 6830.516
1472456281 6974.705 6733.495
1472456305 6981.327 6862.663
1472456328 6972.515 6845.686
1472456351 6970.633 6843.643
1472456375 6969.451 6851.478
1472456398 6952.829 6835.931
1472456421 6964.727 6846.177
1472456445 6967.484 6831.419
1472456468 6965.501 6843.559
1472456491 6959.244 6835.856
1472456514 6957.58 6748.631
1472456538 6955.46 6831.328
1472456561 6949.204 6826.113
1472456584 6946.928 6823.79
1472456608 6950.25 6827.227
1472456631 6953.569 6819.658
1472456654 6951.939 6827.824
1472456678 6946.809 6822.7
1472456701 6943.533 6820.887
1472456724 6943.183 6819.986
1472456748 6941.662 6819.431
1472456771 6929.567 6798.516
1472456794 6937.913 6815.246
1472456818 6942.488 6819.191
1472456841 6940.637 6816.982
1472456864 6933.725 6810.06
1472456887 6932.897 6705.163
1472456911 6929.467 6806.11
1472456934 6929.072 6805.273
1472456957 6926.411 6707.972
1472456981 6925.29 6802.459
1472457004 6923.989 6800.248
1472457027 6921.257 6773.121
1472457051 6910.66 6788.557
1472457074 6954.298 6542.808
1472457097 7052.31 6901.862
1472457121 7047.774 6923.8
1472457144 7041.286 6916.441
1472457167 7038.194 6904.653
1472457191 7037.495 6913.43
1472457214 7035.444 6914.438
1472457237 7033.426 6907.354
1472457260 7032.618 6915.405
1472457284 7030.826 6913.83
1472457307 7030.565 6913.821
1472457330 7026.898 6900.53
1472457354 7019.408 6893.265
1472457377 6894.431 6779.502
1472457400 6892.128 6776.606
1472457424 6892.7 6777.889
1472457447 6888.054 6768.825
1472457470 6879.502 6760.12
1472457494 6892.883 6764.462
1472457517 6888.921 6767.212
1472457540 6883.194 6761.669
1472457564 6881.657 6752.105
1472457587 6881.692 6761.109
1472457610 6881.359 6761.504
1472457633 6880.046 6752.215
1472457657 6878.679 6759.242
1472457680 6876.363 6756.107
1472457703 6875.188 6737.995
1472457727 6873.455 6753.492
1472457750 6871.698 6750.923
1472457773 6866.378 6746.893
1472457797 6866.652 6739.356
1472457820 6770.734 6654.664
1472457843 6767.389 6651.917
1472457866 6697.326 6569.096
1472457890 6381.556 6283.595
1472457913 6626.755 6516.778
1472457936 6721.461 6609.141
1472457960 6851.991 6724.748
1472457983 6850.393 6736.958
1472458006 6853.848 6657.09
1472458030 6851.3 6738.708
1472458053 6851.52 6738.617
1472458076 6848.894 6736.223
1472458100 6847.401 6725.444
1472458123 6839.311 6726.031
1472458146 6842.727 6729.554
1472458170 6848.419 6735.117
1472458193 6844.024 6731.494
1472458216 6838.489 6717.26
1472458239 6835.914 6706.301
1472458263 6834.963 6722.833
1472458286 6832.415 6720.114
1472458309 6831.501 6719.22
1472458333 6826.253 6714.197
1472458356 6825.935 6713.533
1472458379 6825.972 6705.327
1472458403 6825.112 6713.336
1472458426 6822.987 6711.318
1472458449 6821.342 6692.257
1472458473 6818.113 6517.36
1472458496 6815.004 6703.326
1472458519 6811.082 6699.886
1472458543 6813.093 6701.443
1472458566 6819.19 6707.478
1472458589 6810.171 6681.526
1472458612 6808.79 6697.25
1472458636 6807.649 6695.462
1472458659 6806.131 6695.118
1472458682 6804.502 6692.932
1472458706 6801.503 6309.614
1472458729 6801.517 6684.709
1472458752 6800.82 6643.334
1472458776 6797.933 6673.773
1472458799 6792.805 6667.434
1472458822 6790.258 6673.851
1472458846 6791.018 6674.85
1472458869 6790.062 6665.364
1472458892 6787.811 6672.724
1472458916 6786.172 6670.416
1472458939 6784.18 6668.913
1472458962 6783.973 6674.096
1472458985 6782.436 6663.393
1472459009 6780.461 6669.901
1472459032 6778.908 6651.468
1472459055 6778.744 6660.358
1472459079 6777.766 6667.095
1472459102 6773.531 6646.249
1472459125 6772.419 6654.536
1472459149 6771.753 6653.71
1472459172 6771.147 6649.572
1472459195 6769.005 6654.38
1472459219 6765.922 6651.486
1472459242 6763.196 6640.752
1472459265 6762.12 6647.329
1472459288 6761.936 6647.033
1472459312 6760.311 6644.892
1472459335 6757.918 6643.725
1472459358 6754.464 6623.214
1472459382 6753.565 6640.322
1472459405 6756.379 6642.119
1472459428 6754.761 6623.634
1472459452 6752.022 6638.287
1472459475 6751.086 6628.597
1472459498 6750.72 6636.725
1472459522 6746.325 6530.874
1472459545 6744.515 6629.641
1472459568 6734.139 6620.541
1472459591 6745.285 6632.05
1472459615 6746.936 6624.179
1472459638 6738.524 6624.272
1472459661 6734.749 6613.421
1472459685 6732.253 6618.161
1472459708 6727.651 6614.432
1472459731 6733.352 6620.341
1472459755 6728.192 6615.003
1472459778 6725.568 6612.838
1472459801 6724.469 6611.176
1472459825 6721.934 6608.337
1472459848 6720.433 6590.256
1472459871 6718.115 6605.074
1472459895 6713.512 6600.548
1472459918 6719.319 6598.952
1472459941 6714.188 6597.701
1472459964 6706.98 6599.623
1472459988 6713.092 6512.033
1472460011 6714.721 6606.367
1472460034 6707.15 6599.704
1472460058 6704.176 6597.163
1472460081 6700.325 6584.44
1472460104 6703.785 6596.083
1472460128 6703.457 6579.653
1472460151 6702.215 6581.942
1472460174 6699.59 6588.339
1472460198 6701.61 6589.774
1472460221 6697.016 6585.259
1472460244 6696.534 6584.474
1472460268 6696.217 6584.299
1472460291 6693.001 6555.262
1472460314 6692.876 6580.771
1472460337 6690.219 6578.622
1472460361 6689.094 6577.524
1472460384 6688.46 6576.41
1472460407 6685.496 6573.577
1472460431 6683.135 6572.607
1472460454 6683.053 6571.907
1472460477 6674.267 6371.766
1472460501 6682.991 6479.289
1472460524 6681.639 6476.872
1472460547 6677.399 6565.996
1472460571 6673.383 6554.71
1472460594 6670.683 6543.693
1472460617 6669.552 6559.56
1472460640 6667.948 6558.192
1472460664 6664.042 6538.759
1472460687 6655.464 6542.396
1472460710 6668.426 6562.52
1472460734 6665.465 6559.033
1472460757 6658.308 6552.735
1472460780 6657.425 6552.137
1472460804 6656.495 6551.021
1472460827 6657.392 6551.895
1472460850 6654.94 6532.876
1472460874 6653.122 6547.888
1472460897 6650.962 3947.842
1472460920 6643.434 6538.471
1472460943 6649.601 6544.034
1472460967 6646.634 6541.21
1472460990 6648.127 6542.754
1472461013 6640.852 6528.207
1472461037 6640.96 6536.267
1472461060 6638.501 6525.437
1472461083 6638.308 6533.111
1472461107 6628.478 6507.434
1472461130 6636.892 6532.026
1472461153 6638.849 6533.887
1472461177 6636.597 6531.779
1472461200 6628.31 6523.918
1472461223 6626.847 6430.746
1472461247 6623.294 6518.667
1472461270 6620.722 6516.542
1472461293 6613.027 6509.198
1472461317 6620.835 6435.761
1472461340 6617.137 6504.806
1472461363 6617.728 6513.785
1472461386 6613.079 6492.069
1472461410 6611.612 6505.472
1472461433 6609.06 6501.159
1472461456 6602.8 6487.133
1472461480 6614.633 6497.504
1472461503 6611.964 6495.529
1472461526 6605.571 6497.72
1472461550 6602.972 6495.431
1472461573 6602.168 6495.166
1472461596 6595.385 6488.26
1472461620 6603.819 6496.35
1472461643 6599.109 6491.544
1472461666 6599.794 6496.348
1472461690 6598.704 6494.968
1472461713 6595.122 6308.544
1472461736 6593.177 6481.694
1472461759 6589.195 6485.812
1472461783 6584.154 6480.679
1472461806 6590.934 6470.885
1472461829 6591.283 6488.446
1472461853 6591.095 6488.398
1472461876 6584.746 6471.786
1472461899 6583.281 6460.184
1472461923 6578.339 6472.143
1472461946 6579.727 6473.974
1472461969 6579.589 6473.082
1472461992 6577.727 6470.966
1472462016 6578.325 6471.19
1472462039 6575.876 6468.412
1472462062 6570.853 6464.897
1472462086 6559.738 6453.766
1472462109 6570.787 6456.215
1472462132 6571.025 6464.329
1472462156 6563.425 6457.452
1472462179 6561.386 6455.998
1472462202 6561.129 6455.787
1472462226 6549.037 6443.724
1472462249 6556.925 6451.331
1472462272 6561.196 6446.309
1472462296 6558.207 6270.101
1472462319 6552.26 6355.913
1472462342 6548.317 6442.769
1472462365 6544.305 6439.36
1472462389 6541.111 6435.426
1472462412 6545.532 6417.209
1472462435 6545.76 6441.04
1472462459 6549.667 6444.431
1472462482 6541.618 6428.201
1472462505 6538.378 6433.444
1472462529 6532.905 6411.512
1472462552 6534.298 6421.856
1472462575 6533.454 6429.383
1472462599 6533.973 6429.788
1472462622 6534.257 6431.734
1472462645 6527.825 6426.975
1472462669 6527.617 6426.779
1472462692 6524.926 6416.539
1472462715 6512.646 6412.102
1472462738 6525.818 6417.183
1472462762 6521.059 6420.176
1472462785 6521.23 6421.082
1472462808 6513.247 6413.069
1472462832 6509.952 6400.621
1472462855 6509.282 6396.554
1472462878 6503.386 6399.833
1472462902 6509.723 6406.269
1472462925 6505.338 6402.08
1472462948 6507.817 6396.219
1472462972 6503.936 6392.241
1472462995 6501.453 6389.8
1472463018 6495.344 6392.495
1472463041 6499.479 6396.551
1472463065 6504.551 6401.731
1472463088 6502.823 6309.894
1472463111 6495.687 6385.109
1472463135 6492.872 6374.538
1472463158 6491.225 6380.824
1472463181 6492.718 6390.354
1472463205 6486.359 6293.847
1472463228 6490.388 6387.724
1472463251 6488.861 6385.633
1472463275 6490.546 6388.299
1472463298 6487.274 6385.249
1472463321 6480.328 6378.335
1472463345 6481.197 6379.428
1472463368 6480.617 6380.221
1472463391 6479.902 6381.326
1472463414 6478.989 6372.219
1472463438 6477.366 6378.879
1472463461 6476.286 6377.508
1472463484 6475.138 6376.295
1472463508 6467.604 6368.841
1472463531 6469.596 6370.732
1472463554 6473.063 6374.233
1472463578 6468.316 6369.652
1472463601 6465.44 6367.013
1472463624 6463.964 6365.59
1472463648 6462.535 6355.372
1472463671 6459.443 6361.073
1472463694 6458.752 6344.872
1472463717 6457.987 6359.582
1472463741 6456.163 6349.947
1472463764 6454.313 6356.359
1472463787 6453.698 6347.726
1472463811 6452.827 6355.102
1472463834 6450.351 6343.704
1472463857 6448.746 6351.238
1472463881 6446.206 6348.351
1472463904 6444.531 6346.69
1472463927 6443.777 6346.058
1472463951 6443.025 6345.773
1472463974 6436.592 6331.299
1472463997 6440.361 6343.247
1472464021 6440.803 6343.66
1472464044 6439.523 6244.008
1472464067 6434.849 6337.151
1472464090 6432.288 6155.467
1472464114 6430.825 6241.189
1472464137 6428.276 6327.524
1472464160 6428.398 6327.941
1472464184 6427.387 6326.772
1472464207 6425.778 6317.688
1472464230 6424.733 6324.513
1472464254 6423.127 6321.517
1472464277 6420.785 6320.52
1472464300 6417.907 6317.304
1472464324 6409.552 6309.897
1472464347 6414.676 6308.47
1472464370 6415.374 6221.594
1472464393 6413.159 6316.051
1472464417 6410.89 6314.495
1472464440 6409.035 6312.75
1472464463 6407.111 6310.601
1472464487 6406.547 6309.91
1472464510 6405.845 6308.965
1472464533 6405.191 6309.281
1472464557 6402.873 6297.137
1472464580 6400.355 6293.115
1472464603 6398.858 6299.312
1472464627 6398.371 6299.216
1472464650 6397.75 6298.556
1472464673 6396.668 6297.139
1472464697 6395.727 6296.72
1472464720 6394.061 6294.615
1472464743 6392.963 6205.254
1472464766 6389.175 6290.115
1472464790 6386.266 6287.869
1472464813 6384.288 2778.991
1472464836 6383.654 2314.466
1472464860 6382.145 3663.139
1472464883 6379.925 5908.733
1472464906 6379.241 6281.203
1472464930 6378.805 6280.238
1472464953 6377.665 6279.861
1472464976 6375.155 6276.736
1472465000 6372.093 6273.684
1472465023 6371.007 6273.803
1472465046 6370.589 6271.89
1472465069 6369.264 6271.591
1472465093 6366.709 6269.319
1472465116 6364.229 6266.615
1472465139 6363.316 6265.874
1472465163 6360.911 6263.741
1472465186 6359.667 6262.259
1472465209 6357.738 6260.006
1472465233 6356.243 6259.067
1472465256 6355.714 6258.366
1472465279 6351.095 6253.383
1472465303 6353.396 6255.459
1472465326 6351.557 6254.642
1472465349 6349.692 6230.438
1472465373 6342.934 6248.16
1472465396 6346.968 6252.322
1472465419 6351.511 6256.805
1472465442 6347.618 6253.306
1472465466 6341.883 6247.144
1472465489 6341.254 6247.225
1472465512 6337.141 6243.592
1472465536 6337.434 6244.088
1472465559 6337.278 6242.387
1472465582 6335.677 6239.473
1472465606 6335.753 6231.886
1472465629 6333.317 6229.344
1472465652 6330.812 6234.319
1472465676 6329.263 6224.555
1472465699 6328.929 6232.135
1472465722 6327.262 6230.222
1472465745 6325.558 6229.276
1472465769 6323.894 6227.829
1472465792 6322.866 6218.552
1472465815 6321.857 6225.592
1472465839 6320.94 6224.591
1472465862 6316.997 6221.48
1472465885 6318.183 6222.55
1472465909 6316.683 6213.163
1472465932 6315.806 5957.428
1472465955 6315.117 6219.792
1472465979 6311.928 6216.322
1472466002 6309.577 6213.578
1472466025 6307.679 6195.662
1472466049 6306.525 6210.87
1472466072 6305.025 6210.363
1472466095 6304.798 6202.947
1472466118 6297.115 6204.259
1472466142 6300.266 6207.185
1472466165 6305.257 6212.483
1472466188 6296.554 6204.251
1472466212 6295.432 6202.73
1472466235 6293.442 6200.808
1472466258 6292.148 6199.904
1472466282 6291.145 6190.673
1472466305 6287.781 6195.149
1472466328 6286.164 6186.29
1472466352 6284.662 6192.344
1472466375 6283.005 6182.606
1472466398 6280.579 6180.801
1472466422 6281.263 6180.722
1472466445 6281.455 6181.585
1472466468 6282.12 6189.553
1472466491 6276.575 6177.161
1472466515 6274.626 6182.953
1472466538 6271.963 6180.186
1472466561 6270.716 6178.788
1472466585 6269.435 6170.068
1472466608 6268.533 6176.879
1472466631 6267.24 6129.921
1472466655 6265.76 6128.4
1472466678 6263.945 6119.627
1472466701 6263.137 6125.957
1472466725 6261.364 6123.353
1472466748 6257.578 6120.404
1472466771 6260.935 6122.983
1472466794 6263.224 6101.653
1472466818 6257.316 6117.623
1472466841 6255.772 6091.48
1472466864 6251.761 6081.17
1472466888 6254.054 6099.436
1472466911 6249.394 6008.905
1472466934 6249.78 6087.906
1472466958 6247.168 6092.401
1472466981 6243.988 6090.085
1472467004 6241.115 6078.821
1472467028 6194.684 6043.247
1472467051 6033.706 5896.857
1472467074 6144.124 5997.886
1472467097 5918.592 5716.78
1472467121 6013.506 5858.762
1472467144 6000.55 5877.727
1472467167 6237.044 6093.269
1472467191 6245.707 6108.712
1472467214 6238.851 6094.815
1472467237 6235.574 6091.82
1472467261 6236.918 6100.899
1472467284 6235.695 6097.856
1472467307 6232.823 6081.056
1472467331 6230.806 6078.613
1472467354 6229.279 6061.773
1472467377 6228.703 6067.407
1472467401 6222.548 6063.798
1472467424 6221.046 6067.77
1472467447 6220.704 6068.451
1472467471 6222.143 6068.79
1472467494 6224.045 6071.107
1472467517 6218.292 6065.26
1472467540 6215.361 6063.357
1472467564 6213.219 6061.259
1472467587 6212.454 6059.473
1472467610 6211.658 5889.869
1472467634 6202.665 5967.636
1472467657 6204.99 6055.576
1472467680 6202.287 6044.13
1472467704 6204.204 6053.141
1472467727 6211.417 5889.131
1472467750 6200.936 6042.142
1472467774 6205.412 6054.177
1472467797 6199.111 6040.269
1472467820 6195.424 6036.858
1472467843 6191.801 6033.263
1472467867 6187.922 6030.385
1472467890 6191.177 6032.898
1472467913 6191.451 6040.346
1472467937 6197.741 6046.935
1472467960 6190.495 5872.479
1472467983 6180.447 6015.349
1472468007 6174.437 6025.506
1472468030 6185.342 6035.834
1472468053 6191.447 6043.124
1472468077 6186.092 6045.374
1472468100 6179.921 6047.146
1472468123 6177.839 6030.377
1472468147 6174.793 6042.289
1472468170 6177.446 6044.865
1472468193 6178.903 6046.4
1472468216 6175.982 6042.198
1472468240 6177.576 6044.705
1472468263 6172.88 6036.955
1472468286 6170.887 6021.633
1472468310 6160.492 6011.993
1472468333 6164.946 5932.666
1472468356 6164.316 6008.894
1472468380 6166.72 6017.475
1472468403 6167.35 6019.613
1472468426 6161.613 6005.223
1472468450 6160.146 6004.241
1472468473 6151.54 6006.123
1472468496 6154.8 6007.173
1472468519 6156.943 6009.038
1472468543 6155.322 6007.983
1472468566 6155.526 5999.959
1472468589 6152.29 6005.519
1472468613 6143.179 5997.342
1472468636 6142.638 5987.698
1472468659 6149.761 6001.584
1472468683 6149.206 5993.68
1472468706 6142.837 5996.759
1472468729 6142.065 5996.09
1472468753 6136.017 5989.646
1472468776 6134.841 5980.919
1472468799 6135.545 6001.063
1472468823 6135.701 6005.579
1472468846 6139.307 6009.743
1472468869 6131.28 5994.267
1472468892 6128.684 5998.317
1472468916 6116.103 5986.476
1472468939 6128.538 5998.695
1472468962 6127.358 5997.343
1472468986 6129.731 5999.935
1472469009 6122.298 5993.19
1472469032 6122.705 5993.097
1472469056 6111.572 5982.242
1472469079 6121.948 5907.756
1472469102 6116.715 5987.703
1472469126 6116.137 5986.639
1472469149 6119.472 5982.091
1472469172 6113.332 5969.914
1472469196 6112.525 5983.352
1472469219 6107.21 5978.433
1472469242 6105.023 5976.316
1472469265 6109.637 5980.181
1472469289 6114.672 5986.022
1472469312 6105.821 5977.171
1472469335 6103.181 5960.84
1472469359 6102.229 5959.227
1472469382 6095.277 5951.408
1472469405 6100.188 5957.204
1472469429 6097.519 5877.249
1472469452 6098.694 5963.49
1472469475 6097.921 5863.862
1472469499 6093.969 5531.122
1472469522 6094.014 5949.18
1472469545 6090.239 5863.238
1472469569 6083.155 5933.253
1472469592 6095.254 5952.695
1472469615 6090.345 5939.611
1472469638 6084.749 5934.568
1472469662 6084.845 5934.648
1472469685 6083.028 5933.089
1472469708 6081.446 5931.321
1472469732 6073.687 5493.987
1472469755 6076.535 5935.737
1472469778 6070.553 5913.769
1472469802 6078.447 5944.042
1472469825 6078.133 5943.65
1472469848 6073.837 5932.343
1472469872 6070.289 5943.925
1472469895 6069.584 5851.578
1472469918 6067.855 5933.914
1472469942 6069.326 5934.716
1472469965 6066.848 5933.383
1472469988 6064.111 5923.081
1472470011 6056.538 5902.287
1472470035 6064.968 5917.021
1472470058 6066.906 5926.435
1472470081 6060.28 5919.83
1472470105 6057.654 5916.297
1472470128 6056.019 5915.463
1472470151 6056.162 5908.386
1472470175 6055.445 5907.369
1472470198 6053.02 5906.817
1472470221 6051.512 5904.564
1472470245 6049.445 5888.277
1472470268 6048.62 5902.893
1472470291 6048.466 5900.702
1472470314 6047.054 5901.206
1472470338 6044.509 5891.061
1472470361 6042.603 5895.698
1472470384 6041.319 5886.387
1472470408 6040.988 5901.508
1472470431 6039.097 5893.795
1472470454 6038.873 5893.033
1472470478 6038.088 5869.443
1472470501 6035.563 5896.96
1472470524 6027.769 5882.279
1472470548 6032.973 5887.731
1472470571 6033.801 5812.244
1472470594 6029.708 5891.753
1472470617 6026.994 5874.025
1472470641 6026.119 5887.768
1472470664 6023.11 5868.904
1472470687 6018.795 5880.276
1472470711 6017.461 5871.389
1472470734 6016.651 5864.377
1472470757 6015.424 5880.675
1472470781 6014.341 5883.699
1472470804 6013.058 5874.943
1472470827 6011.663 5888.194
1472470851 6010.941 5880.428
1472470874 6007.535 5868.991
1472470897 6006.547 5876.193
1472470921 6012.399 5889.124
1472470944 5994.17 5872.201
1472470967 5995.117 5867.027
1472470990 5996.245 5838.304
1472471014 5995.963 5852.523
1472471037 5995.964 5860.083
1472471060 5995.345 5860.132
1472471084 5991.454 5848.616
1472471107 5988.657 5844.852
1472471130 5986.242 5828.841
1472471154 5984.979 5843.231
1472471177 5983.541 5835.659
1472471200 5981.973 5845.967
1472471224 5978.084 5753.506
1472471247 5979.545 5839.157
1472471270 5976.367 5753.305
1472471294 5976.62 5828.254
1472471317 5974.593 5138.972
1472471340 5972.722 5749.554
1472471364 5970.25 5829.203
1472471387 5969.262 5827.781
1472471410 5965.105 5831.761
1472471433 5965.745 5825.523
1472471457 5963.381 5815.249
1472471480 5963.281 5830.504
1472471503 5961.432 5825.797
1472471527 5959.882 5838.816
1472471550 5956.189 5738.985
1472471573 5960.025 5757.352
1472471597 5956.303 5828.525
1472471620 5958.081 5837.064
1472471643 5952.517 5803.986
1472471667 5947.958 2220.236
1472471690 5946.119 5825.613
1472471713 5945.542 5825.793
1472471736 5946.53 5826.79
1472471760 5943.969 5824.213
1472471783 5940.52 5820.684
1472471806 5942.799 5816.117
1472471830 5940.393 5820.615
1472471853 5936.857 5817.464
1472471876 5935.602 5815.902
1472471900 5937.207 5817.479
1472471923 5935.884 5816.481
1472471946 5934.009 5814.17
1472471970 5932.866 5813.46
1472471993 5931.236 5804.559
1472472016 5930.134 5796.202
1472472039 5929.868 5810.742
1472472063 5927.889 5809.103
1472472086 5927.146 5793.121
1472472109 5925.818 5799.991
1472472133 5924.207 5805.704
1472472156 5922.743 5803.909
1472472179 5921.649 5802.366
1472472203 5925.45 5798.761
1472472226 5919.447 5800.929
1472472249 5916.957 5792.304
1472472273 5915.89 5777.511
1472472296 5915.315 5786.091
1472472319 5914.408 5778.213
1472472343 5913.266 5782.69
1472472366 5912.877 5775.945
1472472389 5910.739 5773.519
1472472412 5906.747 5776.125
1472472436 5902.735 5772.142
1472472459 5899.367 5768.792
1472472482 5897.921 5681.001
1472472506 5895.733 5754.484
1472472529 5893.558 5776.376
1472472552 5890.872 5773.843
1472472576 5889.015 5772.262
1472472599 5889.344 5772.513
1472472622 5889.39 5757.544
1472472646 5890.218 5773.317
1472472669 5887.877 5771.194
1472472692 5889.558 5772.976
1472472716 5888.475 5766.073
1472472739 5888.211 5759.982
1472472762 5885.462 5750.127
1472472785 5883.814 5755.811
1472472809 5883.236 5754.493
1472472832 5883.942 5755.763
1472472855 5882.69 5747.386
1472472879 5885.627 5756.374
1472472902 5883.469 5747.511
1472472925 5882.919 5755.343
1472472949 5880.292 5737.453
1472472972 5877.976 5749.683
1472472995 5878.162 5660.81
1472473019 5874.627 5659.24
1472473042 5876.936 5668.17
1472473065 5876.115 5742.249
1472473089 5874.256 5745.878
1472473112 5868.975 5740.298
1472473135 5873.402 5745.081
1472473158 5872.176 5656.363
1472473182 5868.339 5734.44
1472473205 5864.787 5738.542
1472473228 5864.201 5738.468
1472473252 5862.772 5737.126
1472473275 5859.195 5727.571
1472473298 5863.506 5739.157
1472473322 5860.931 5735.044
1472473345 5860.597 5735.698
1472473368 5861.301 3547.575
1472473392 5858.7 5731.761
1472473415 5857.612 5730.122
1472473438 5849.902 5723.867
1472473462 5859.099 5733.948
1472473485 5857.461 5732.418
1472473508 5854.641 5732.537
1472473531 5851.149 5736.22
1472473555 5848.416 5726.346
1472473578 5849.057 5734.308
1472473601 5848.388 5733.347
1472473625 5845.666 5722.839
1472473648 5842.464 5728.577
1472473671 5839.12 5717.691
1472473695 5836.273 5715.773
1472473718 5831.665 5707.393
1472473741 5829.444 5695.432
1472473765 5831.802 5700.644
1472473788 5830.227 5704.391
1472473811 5828.28 5703.151
1472473835 5829.066 5704.32
1472473858 5825.253 5700.014
1472473881 5825.004 5693.491
1472473904 5824.151 5700.778
1472473928 5826.83 5694.543
1472473951 5824.245 5699.512
1472473974 5823.75 5699.945
1472473998 5821.934 5690.399
1472474021 5821.806 5697.811
1472474044 5816.798 5685.966
1472474068 5815.266 5691.177
1472474091 5820.925 5688.525
1472474114 5820.907 5535.195
1472474138 5819.59 5695.682
1472474161 5819.147 5694.575
1472474184 5814.317 5683.175
1472474207 3359.243 3316.851
1472474231 2354.486 2337.806
1472474254 4834.91 4762.997
1472474277 5540.973 5424.357
1472474301 3893.256 3839.749
1472474324 1766.814 1756.618
1472474347 2539.661 2516.482
1472474371 981.957 978.365
1472474394 4193.445 4141.119
1472474417 5066.499 4981.327
1472474441 2178.031 2161.982
1472474464 568.514 567.053
1472474487 5775.398 5665.828
1472474511 5801.249 5681.013
1472474534 5799.719 5687.146
1472474557 5798.839 5606.021
1472474581 5800.894 5688.031
1472474604 5798.475 5685.692
1472474627 5796.513 5683.854
1472474650 5795.506 5682.64
1472474674 5797.704 5684.656
1472474697 5792.879 5665.235
1472474720 5784.254 5672.052
1472474744 5791.099 5679.263
1472474767 5790.033 5677.812
1472474790 5792.016 5679.707
1472474814 5787.351 5661.197
1472474837 5782.703 5670.401
1472474860 5783.411 5671.555
1472474884 5784.195 5585.284
1472474907 5783.336 5671.349
1472474930 5781.649 5669.498
1472474953 5780.711 5663.587
1472474977 5782.668 5500.783
1472475000 5776.892 5647.942
1472475023 5769.528 5649.368
1472475047 5775.699 5567.598
1472475070 5773.263 5651.632
1472475093 5776.19 5575.024
1472475117 5770.553 5648.343
1472475140 5767.457 5638.476
1472475163 5768.932 5639.285
1472475187 5767.708 5646.337
1472475210 5766.331 5653.121
1472475233 5764.242 5638.798
1472475257 5764.696 5653.542
1472475280 5758.413 5641.228
1472475303 5751.506 5634.136
1472475326 5756.877 5638.958
1472475350 5755.278 5644.896
1472475373 5752.501 5641.998
1472475396 5749.433 5639.218
1472475420 5745.949 5631.886
1472475443 5744.682 5624.791
1472475466 5748.054 5628.356
1472475490 5746.538 5626.16
1472475513 5745.903 5625.558
1472475536 5744.829 5616.191
1472475560 5745.912 5618.627
1472475583 5741.282 2162.336
1472475606 5736.773 888.319
1472475630 5740.763 5623.663
1472475653 5739.166 3361.338
1472475676 5742.113 0.0
1472475699 4030.174 0.0
