2201
1475416130 13506.622 13295.597
1475416154 13497.876 9510.167
1475416177 13489.286 1324.009
1475416200 13454.653 6487.329
1475416224 13449.653 13223.397
1475416247 13432.638 13190.005
1475416270 13415.267 12759.261
1475416294 13391.235 12936.479
1475416317 13376.432 13108.943
1475416340 13366.897 12718.827
1475416364 13355.873 13072.482
1475416387 13334.515 13073.545
1475416410 13309.707 13034.905
1475416433 13319.856 12876.116
1475416457 13322.004 13050.105
1475416480 13288.538 12999.778
1475416503 13272.555 13020.444
1475416527 13259.581 13009.985
1475416550 13225.105 12976.292
1475416573 13233.723 12969.67
1475416597 13214.534 12934.177
1475416620 13209.146 12896.97
1475416643 13201.586 12522.576
1475416667 13166.369 12660.282
1475416690 13158.05 12865.879
1475416713 13127.925 12805.772
1475416736 13107.993 12823.861
1475416760 13124.437 12821.693
1475416783 13142.739 12644.49
1475416806 13101.777 12730.062
1475416830 13074.773 12773.928
1475416853 13054.946 12419.56
1475416876 13037.127 12762.921
1475416900 13040.52 12552.76
1475416923 13035.201 12761.396
1475416946 13024.11 12749.665
1475416970 13018.835 12730.377
1475416993 12997.928 12710.39
1475417016 12982.079 12680.033
1475417040 12969.169 12671.336
1475417063 12968.824 12640.735
1475417086 12959.559 12657.946
1475417109 12936.402 12604.642
1475417133 12928.593 12601.971
1475417156 12903.283 9530.469
1475417179 12917.032 12605.427
1475417203 12890.595 12581.494
1475417226 12896.799 12591.774
1475417249 12914.159 12606.776
1475417273 12887.607 12603.148
1475417296 12864.995 12547.514
1475417319 12829.943 12549.991
1475417343 12853.049 12569.499
1475417366 12837.608 12542.745
1475417389 12829.221 12360.266
1475417412 12815.629 12539.026
1475417436 12793.051 12515.192
1475417459 12768.327 12479.041
1475417482 12770.07 12495.886
1475417506 12763.13 12302.13
1475417529 12751.244 12462.86
1475417552 12747.21 5907.102
1475417576 12747.663 12290.066
1475417599 12728.105 12442.841
1475417622 12717.268 12436.748
1475417646 12678.843 12420.112
1475417669 12706.178 12426.408
1475417692 12710.417 12208.861
1475417716 12712.232 12448.901
1475417739 12692.399 12222.722
1475417762 12659.518 10144.84
1475417785 12639.884 9237.766
1475417809 12654.03 12208.799
1475417832 12641.748 12390.499
1475417855 12628.302 12365.365
1475417879 12629.363 12398.708
1475417902 12610.208 12365.975
1475417925 12596.553 12353.582
1475417949 12571.695 12346.582
1475417972 12596.719 6140.7
1475417995 12590.392 12345.82
1475418019 12580.215 12351.996
1475418042 12559.729 12305.602
1475418065 12542.498 12282.032
1475418088 12543.887 12251.851
1475418112 12537.209 12278.454
1475418135 12531.769 12273.729
1475418158 12528.395 12112.445
1475418182 12513.527 12271.348
1475418205 12501.772 12241.566
1475418228 12494.47 12254.34
1475418252 12478.492 12225.321
1475418275 12479.135 10742.72
1475418298 12478.41 12243.051
1475418322 12470.658 12233.245
1475418345 12464.485 12214.447
1475418368 12445.777 12210.272
1475418392 12435.982 12029.335
1475418415 12411.324 12180.199
1475418438 12422.118 12187.671
1475418462 12411.712 12147.26
1475418485 12415.742 12150.488
1475418508 12409.014 12161.607
1475418531 12386.185 12156.511
1475418555 12375.949 12130.902
1475418578 12365.967 12140.995
1475418601 12346.911 12121.286
1475418625 12356.648 12131.41
1475418648 2922.434 2906.462
1475418671 6749.936 6703.53
1475418695 11622.975 11437.874
1475418718 8526.219 8432.02
1475418741 2913.22 2902.666
1475418765 4862.236 4830.404
1475418788 1855.746 1851.166
1475418811 9059.146 8967.934
1475418834 10394.894 10090.843
1475418858 2936.43 2924.914
1475418881 6146.419 6093.035
1475418904 12265.287 12060.046
1475418928 12271.739 12065.737
1475418951 12266.548 12059.944
1475418974 12264.727 11888.549
1475418998 12261.472 12058.199
1475419021 12252.885 12035.832
1475419044 12240.007 12037.359
1475419068 12229.328 12013.364
1475419091 12222.989 12023.011
1475419114 12215.846 12016.32
1475419138 12209.985 11996.261
1475419161 12195.945 11980.557
1475419184 12191.585 11992.278
1475419207 12203.849 12003.866
1475419231 12187.14 11787.44
1475419254 12166.672 11962.033
1475419277 12162.644 11959.127
1475419301 12156.224 11967.886
1475419324 12149.66 11962.835
1475419347 12146.675 11608.668
1475419371 12132.111 11932.1
1475419394 12131.181 11932.013
1475419417 12128.273 11929.191
1475419441 12119.353 11934.033
1475419464 12113.545 11928.909
1475419487 12105.224 11920.086
1475419511 12098.483 11915.439
1475419534 12090.613 11722.547
1475419557 12082.231 11891.617
1475419580 12070.572 11880.508
1475419604 12062.192 11712.336
1475419627 12058.111 11875.818
1475419650 12061.357 11694.908
1475419674 12052.794 11869.67
1475419697 12036.595 11855.818
1475419720 12029.662 11849.717
1475419744 12024.595 11844.135
1475419767 12013.342 11818.635
1475419790 12003.349 11809.403
1475419814 11995.584 11506.83
1475419837 11988.931 9913.96
1475419860 11987.181 11697.439
1475419883 11981.209 11676.562
1475419907 11969.036 11627.108
1475419930 11964.435 11631.91
1475419953 11957.16 11660.869
1475419977 11942.655 10763.055
1475420000 11938.639 11630.341
1475420023 11922.829 11629.622
1475420047 11917.024 11641.547
1475420070 11912.781 11593.769
1475420093 11920.936 11626.236
1475420117 11910.37 11619.656
1475420140 11891.0 11589.229
1475420163 11875.389 11606.312
1475420187 11877.436 11608.27
1475420210 11877.196 11605.292
1475420233 11871.163 11585.923
1475420256 11861.472 11562.816
1475420280 11850.979 9972.478
1475420303 11847.377 11583.06
1475420326 11840.374 11575.989
1475420350 11829.057 11517.985
1475420373 11818.135 11555.366
1475420396 11817.297 11555.773
1475420420 11812.217 11522.12
1475420443 11807.587 11529.961
1475420466 11789.209 11529.996
1475420490 11778.194 11200.482
1475420513 11784.408 11483.335
1475420536 11769.325 11483.752
1475420559 11760.301 11476.611
1475420583 11752.53 11518.193
1475420606 11745.173 11504.384
1475420629 11736.892 11496.549
1475420653 11733.988 11504.729
1475420676 11728.856 11473.597
1475420699 11722.432 11497.562
1475420723 11710.394 11472.194
1475420746 11702.524 11480.592
1475420769 11694.358 11457.396
1475420793 11679.267 11445.49
1475420816 11685.822 11428.381
1475420839 11667.678 11412.062
1475420862 11663.591 11407.654
1475420886 11659.517 11403.309
1475420909 11652.55 11411.695
1475420932 11640.112 10262.197
1475420956 11633.57 11396.758
1475420979 11630.706 11380.231
1475421002 11631.388 11033.011
1475421026 11625.489 10468.864
1475421049 11604.782 8416.554
1475421072 11596.295 11364.083
1475421096 11583.966 11177.812
1475421119 11586.403 11341.741
1475421142 11580.262 11335.073
1475421166 11570.492 11324.457
1475421189 11560.723 11326.82
1475421212 11564.154 11299.324
1475421235 11561.218 11310.718
1475421259 11544.892 11315.144
1475421282 11541.503 11139.281
1475421305 11537.124 11309.226
1475421329 11529.29 11141.707
1475421352 11522.124 9488.25
1475421375 11514.683 11289.32
1475421399 11504.696 11121.189
1475421422 11495.047 11253.99
1475421445 11493.617 11096.514
1475421469 11484.337 11231.45
1475421492 11474.694 11204.347
1475421515 11458.707 11219.879
1475421539 11464.323 11252.473
1475421562 11468.231 10061.275
1475421585 11424.921 11226.889
1475421608 11438.852 11210.415
1475421632 11436.519 11223.713
1475421655 11433.781 11236.326
1475421678 11422.205 11226.254
1475421702 11408.785 11199.915
1475421725 11398.752 11204.748
1475421748 11382.855 11189.248
1475421772 11398.813 11190.884
1475421795 11377.988 11184.575
1475421818 11375.471 11181.521
1475421842 11360.869 11168.748
1475421865 11359.959 11165.148
1475421888 11359.462 11133.436
1475421912 11352.309 10985.102
1475421935 11331.204 11134.638
1475421958 11337.256 11141.961
1475421981 11337.172 11111.681
1475422005 11332.16 11137.872
1475422028 11324.816 11111.649
1475422051 11325.605 11127.901
1475422075 11322.895 11096.27
1475422098 11313.927 11117.605
1475422121 11302.482 11109.111
1475422145 11293.02 6111.171
1475422168 11274.171 10603.638
1475422191 11247.467 11046.076
1475422215 11257.431 9722.395
1475422238 11253.337 11066.751
1475422261 11243.771 11057.735
1475422284 11236.912 11036.058
1475422308 11224.947 11007.707
1475422331 11220.775 11017.63
1475422354 11231.374 11042.876
1475422378 11215.666 11013.903
1475422401 11211.722 11022.702
1475422424 11203.241 11003.019
1475422448 11193.288 10980.148
1475422471 11182.78 10985.023
1475422494 11175.482 10965.576
1475422518 11151.904 10953.661
1475422541 11162.848 10977.377
1475422564 11156.409 10961.007
1475422588 11171.407 10970.987
1475422611 11151.156 10961.181
1475422634 11128.172 10940.588
1475422657 11138.512 10935.734
1475422681 11143.043 10950.889
1475422704 11121.641 10933.771
1475422727 11119.236 10930.729
1475422751 11101.89 10887.45
1475422774 11110.331 10923.583
1475422797 11104.258 10735.473
1475422821 11097.517 10897.221
1475422844 11087.984 10896.894
1475422867 11080.871 10726.181
1475422891 11077.72 10879.769
1475422914 11071.685 10888.091
1475422937 11058.548 10864.315
1475422961 11049.562 10870.476
1475422984 11043.119 10835.569
1475423007 11028.595 10847.728
1475423030 11024.136 10846.443
1475423054 11019.842 10815.86
1475423077 11024.09 10828.835
1475423100 11016.795 10657.573
1475423124 11003.474 10808.0
1475423147 10994.86 10661.106
1475423170 10991.062 10798.722
1475423194 10990.97 10809.948
1475423217 10990.842 10809.987
1475423240 10979.925 10799.212
1475423264 10967.902 10791.777
1475423287 10958.628 10617.422
1475423310 10951.435 10763.449
1475423333 10946.654 10764.891
1475423357 10928.749 10759.762
1475423380 10903.156 10738.055
1475423403 10941.158 10772.64
1475423427 10933.95 10739.987
1475423450 10910.672 10730.074
1475423473 10903.55 10708.811
1475423497 10901.2 10733.841
1475423520 10901.649 10707.118
1475423543 10888.713 10717.964
1475423567 10878.624 10680.851
1475423590 10881.292 10558.234
1475423613 10881.184 10711.457
1475423637 10881.845 10453.909
1475423660 10877.286 9980.815
1475423683 10849.422 10652.456
1475423706 10869.943 10687.535
1475423730 10870.658 10687.199
1475423753 10844.637 10673.733
1475423776 10834.639 10665.989
1475423800 10824.019 10642.039
1475423823 10822.527 10654.51
1475423846 10812.884 10645.806
1475423870 10814.179 9414.82
1475423893 10811.006 10642.785
1475423916 10804.418 10634.15
1475423940 10802.451 10622.233
1475423963 10800.303 10618.34
1475423986 10793.554 10626.668
1475424009 10793.71 10627.842
1475424033 10781.459 10550.816
1475424056 10755.747 10505.036
1475424079 10781.623 10544.624
1475424103 10778.327 10518.554
1475424126 10766.857 10522.825
1475424149 10749.781 10507.188
1475424173 10740.831 10510.881
1475424196 10743.482 10515.391
1475424219 10741.304 10511.304
1475424243 10730.713 10461.888
1475424266 10709.471 10497.408
1475424289 10722.488 10369.571
1475424313 10726.64 9424.19
1475424336 10709.513 10475.475
1475424359 10691.671 10475.806
1475424383 10692.673 10489.391
1475424406 10687.643 9373.913
1475424429 10689.195 10485.968
1475424452 10695.293 10452.81
1475424476 10665.059 10465.497
1475424499 10671.605 10458.212
1475424522 10673.094 10459.432
1475424546 10672.262 10472.852
1475424569 10654.049 10456.2
1475424592 10648.905 10438.24
1475424616 10646.289 10154.394
1475424639 10643.94 10149.621
1475424662 10626.79 10413.78
1475424686 10642.317 10442.905
1475424709 10639.691 10440.555
1475424732 10616.367 10419.93
1475424755 10601.166 10392.49
1475424779 10609.665 10387.349
1475424802 10608.985 10400.025
1475424825 10591.289 10235.907
1475424849 10604.233 10394.307
1475424872 10594.824 10399.675
1475424895 10604.698 10407.481
1475424919 10583.467 10375.621
1475424942 10576.945 9962.39
1475424965 10567.923 9645.995
1475424989 10553.382 10358.62
1475425012 10572.561 10367.356
1475425035 10569.92 10346.906
1475425058 10548.611 10352.496
1475425082 10541.849 10337.09
1475425105 10536.714 10185.775
1475425128 10514.167 10310.778
1475425152 10534.741 10330.477
1475425175 10523.779 10332.61
1475425198 10521.327 10316.562
1475425222 10516.025 10297.286
1475425245 10501.979 10310.645
1475425268 10493.435 10296.366
1475425292 10469.083 10248.744
1475425315 10481.515 10265.101
1475425338 10498.118 10295.699
1475425362 10500.855 10296.851
1475425385 10487.032 10253.437
1475425408 10457.199 10252.479
1475425431 10447.609 10247.329
1475425455 10393.887 10199.076
1475425478 10435.449 10226.286
1475425501 10431.434 10167.682
1475425525 10437.444 8737.234
1475425548 10437.596 10185.66
1475425571 10415.617 10217.859
1475425595 10423.647 10212.964
1475425618 10399.458 10191.432
1475425641 10375.988 10180.32
1475425665 10406.393 10203.68
1475425688 10410.298 10214.09
1475425711 10399.77 10188.683
1475425735 10384.93 10160.34
1475425758 10367.808 10173.999
1475425781 10364.54 10158.123
1475425804 10353.435 10158.943
1475425828 10367.414 10174.636
1475425851 10356.188 10164.342
1475425874 10368.085 10172.741
1475425898 10358.517 10164.153
1475425921 10351.082 10158.36
1475425944 10339.295 10147.868
1475425968 10320.298 10114.3
1475425991 10299.716 10095.29
1475426014 10322.06 10127.383
1475426038 10339.14 9820.641
1475426061 10316.749 10138.866
1475426084 10301.683 10097.359
1475426107 10297.628 10119.35
1475426131 10296.561 10107.994
1475426154 10262.484 10063.91
1475426177 10272.737 10098.551
1475426201 10269.858 10095.392
1475426224 10280.185 10079.748
1475426247 10269.568 10088.52
1475426271 10261.95 10077.157
1475426294 10250.146 10068.298
1475426317 10215.063 10021.577
1475426341 10238.501 10055.293
1475426364 10257.284 10059.318
1475426387 10234.169 10049.576
1475426411 10213.227 9863.395
1475426434 10223.797 9830.806
1475426457 10255.759 8918.73
1475426480 10212.289 10003.813
1475426504 10207.373 10025.388
1475426527 10195.815 4834.14
1475426550 10188.623 9670.236
1475426574 10174.761 8782.362
1475426597 10177.388 9989.1
1475426620 10177.117 9999.733
1475426644 10184.833 9992.711
1475426667 10169.756 9991.275
1475426690 10168.204 9989.644
1475426714 10149.072 9834.087
1475426737 10137.774 9961.936
1475426760 10141.749 9826.833
1475426783 10149.963 9832.962
1475426807 10139.235 9962.51
1475426830 10108.021 9910.763
1475426853 10131.868 9957.446
1475426877 10137.929 9961.626
1475426900 10109.197 9932.292
1475426923 10104.164 9927.53
1475426947 10102.287 9925.205
1475426970 10108.748 9932.018
1475426993 10111.029 9922.731
1475427017 10113.012 9948.918
1475427040 10105.797 9928.827
1475427063 10101.59 6063.209
1475427087 10106.189 9870.252
1475427110 10101.929 9937.367
1475427133 10095.688 9919.23
1475427156 10092.947 9902.642
1475427180 10095.868 9931.484
1475427203 10101.788 9937.127
1475427226 10075.889 9899.096
1475427250 10091.941 9927.294
1475427273 10095.05 9930.499
1475427296 10078.388 9902.88
1475427320 10065.569 9890.743
1475427343 10056.056 9892.981
1475427366 10045.63 9872.461
1475427390 10049.338 9887.033
1475427413 10045.369 9882.602
1475427436 10041.528 9829.13
1475427460 10030.174 9808.171
1475427483 9993.133 9821.377
1475427506 10005.353 9844.514
1475427529 10026.226 9865.028
1475427553 10013.767 9842.865
1475427576 9999.546 9841.151
1475427599 9992.952 9822.25
1475427623 9991.967 9833.689
1475427646 9986.902 9827.64
1475427669 9978.43 8624.752
1475427693 9971.957 9800.567
1475427716 9960.157 9802.082
1475427739 9953.814 9772.02
1475427763 9948.346 9787.713
1475427786 9943.419 9783.149
1475427809 9933.277 9776.845
1475427832 9922.014 9766.944
1475427856 9922.55 9766.592
1475427879 9924.975 9755.779
1475427902 9911.516 9745.423
1475427926 9896.853 9740.866
1475427949 9889.057 9748.218
1475427972 9888.424 9710.63
1475427996 9882.256 9398.593
1475428019 9870.951 8862.451
1475428042 9860.017 9666.16
1475428066 9855.167 9649.829
1475428089 9847.607 9655.132
1475428112 9837.813 9629.159
1475428136 9812.949 9602.333
1475428159 9833.523 9492.919
1475428182 9849.223 9655.392
1475428205 9824.314 8180.2
1475428229 9816.232 9602.357
1475428252 9824.935 9621.31
1475428275 9832.601 9641.785
1475428299 9828.799 9501.573
1475428322 9819.519 9627.552
1475428345 9805.368 9616.228
1475428369 9791.961 4853.958
1475428392 9793.049 9607.792
1475428415 9789.11 9602.224
1475428439 9773.454 9572.42
1475428462 9759.476 9570.679
1475428485 9752.802 9548.973
1475428509 9754.049 9539.791
1475428532 9753.86 9505.576
1475428555 9737.464 8340.729
1475428578 9728.601 4806.106
1475428602 9732.173 9367.469
1475428625 9729.378 9338.677
1475428648 9720.365 9486.958
1475428672 9717.33 9483.977
1475428695 9710.697 9432.063
1475428718 9703.596 9461.285
1475428742 9677.788 9450.374
1475428765 9703.524 7596.259
1475428788 9693.847 7823.84
1475428812 9672.461 9437.273
1475428835 9680.444 9471.386
1475428858 9675.039 9478.488
1475428881 9665.711 9468.051
1475428905 9658.108 9325.156
1475428928 9658.688 9341.24
1475428951 9658.189 9435.098
1475428975 9655.704 9444.46
1475428998 9641.641 9442.155
1475429021 9630.199 9432.512
1475429045 9633.486 8770.75
1475429068 9636.339 9055.21
1475429091 9627.242 9408.648
1475429115 9619.613 9390.696
1475429138 9610.288 9380.948
1475429161 9619.482 9396.796
1475429185 9624.521 9400.838
1475429208 9630.416 9132.029
1475429231 9627.483 9205.258
1475429254 9629.519 9395.353
1475429278 9635.86 9412.923
1475429301 9638.237 9403.754
1475429324 9630.667 9383.482
1475429348 9621.332 9339.198
1475429371 9510.537 9298.367
1475429394 9387.374 9187.017
1475429418 9185.234 8984.834
1475429441 8739.862 8570.798
1475429464 9085.931 8885.395
1475429488 9418.049 9183.674
1475429511 9876.475 9616.558
1475429534 9871.583 9613.498
1475429557 9867.051 9614.457
1475429581 9863.768 9592.007
1475429604 9859.033 9601.567
1475429627 9852.993 9581.219
1475429651 9847.819 9583.291
1475429674 9838.582 9583.825
1475429697 9845.414 9585.164
1475429721 9828.59 9572.469
1475429744 9824.572 9571.318
1475429767 9830.006 9602.638
1475429791 9822.402 9610.368
1475429814 9814.544 9593.376
1475429837 9809.635 9599.936
1475429861 9803.988 9593.956
1475429884 9800.121 9591.308
1475429907 9797.891 9564.472
1475429931 9795.591 9574.744
1475429954 9771.004 9561.064
1475429977 9787.649 9576.467
1475430000 9780.636 9419.89
1475430024 9775.63 9548.488
1475430047 9768.815 8745.485
1475430070 9764.387 9432.027
1475430094 9762.061 9421.374
1475430117 9759.005 9414.262
1475430140 9755.185 9520.861
1475430164 9748.454 9503.69
1475430187 9737.607 9529.747
1475430210 9728.364 9501.058
1475430233 9736.582 9531.354
1475430257 9740.669 9533.169
1475430280 9731.063 7988.375
1475430303 9723.371 9501.017
1475430327 9718.967 9489.199
1475430350 9713.06 9510.633
1475430373 9705.76 9503.735
1475430397 9706.97 9346.123
1475430420 9696.809 9469.0
1475430443 9694.242 9479.755
1475430467 9688.709 8718.952
1475430490 9685.263 9483.183
1475430513 9679.282 9468.794
1475430537 9672.241 9447.956
1475430560 9668.622 9427.42
1475430583 9670.13 9467.466
1475430607 9663.995 9460.629
1475430630 9659.075 9434.623
1475430653 9652.439 9441.404
1475430676 9647.999 9438.548
1475430700 9642.797 9428.819
1475430723 9636.351 9426.113
1475430746 9629.12 9424.251
1475430770 9625.55 9420.744
1475430793 9630.347 9400.567
1475430816 9630.097 9359.007
1475430840 9616.587 9389.414
1475430863 9611.791 9390.202
1475430886 9605.971 9379.205
1475430910 9601.914 9377.636
1475430933 9593.468 9350.535
1475430956 9586.7 9363.7
1475430979 9577.007 9355.915
1475431003 9570.609 9343.493
1475431026 9565.826 9353.367
1475431049 9557.988 9336.248
1475431073 9554.687 9345.628
1475431096 9546.434 9336.214
1475431119 9543.36 9331.922
1475431143 9538.709 9329.097
1475431166 9536.768 9325.766
1475431189 9532.518 9175.015
1475431213 9531.867 9303.783
1475431236 9519.866 9310.222
1475431259 9531.554 9287.826
1475431283 9516.812 8541.574
1475431306 9523.367 9302.628
1475431329 9517.827 9305.633
1475431352 9519.888 9288.384
1475431376 9517.651 9285.987
1475431399 9513.487 9308.004
1475431422 9493.349 9285.834
1475431446 9501.894 8589.325
1475431469 9501.191 9267.69
1475431492 9500.895 9293.104
1475431516 9485.931 9279.808
1475431539 9495.121 8030.026
1475431562 9494.37 9306.497
1475431586 9482.696 9299.367
1475431609 9477.094 9293.364
1475431632 9473.07 9286.705
1475431655 9471.057 9237.29
1475431679 9461.716 9277.063
1475431702 9455.714 9269.931
1475431725 9457.149 9267.842
1475431749 9453.127 9254.325
1475431772 9457.62 9250.337
1475431795 9445.641 9094.391
1475431819 9437.628 7428.724
1475431842 9429.749 9096.395
1475431865 9421.778 9189.231
1475431889 9432.735 9220.679
1475431912 9426.87 9215.076
1475431935 9414.33 9203.089
1475431959 9408.721 9080.268
1475431982 9405.715 9152.117
1475432005 9396.801 9097.649
1475432028 9398.664 9188.153
1475432052 9394.396 9172.42
1475432075 9387.918 9184.921
1475432098 9390.548 9184.191
1475432122 9377.242 9040.947
1475432145 9378.952 9175.627
1475432168 9374.053 9172.026
1475432192 9357.864 8620.93
1475432215 9369.291 8448.367
1475432238 9364.744 9152.636
1475432262 9360.744 9132.737
1475432285 9357.459 9154.559
1475432308 9349.566 9133.874
1475432332 9338.733 9142.915
1475432355 9335.131 9131.134
1475432378 9336.295 9131.353
1475432401 9334.387 9139.349
1475432425 9335.674 9126.575
1475432448 9322.692 9125.97
1475432471 9315.353 9118.68
1475432495 9307.806 9098.487
1475432518 9308.959 9120.317
1475432541 9313.976 9130.505
1475432565 9291.096 9120.653
1475432588 9266.376 9097.515
1475432611 9265.917 9086.158
1475432635 9260.168 9081.361
1475432658 9253.351 7981.286
1475432681 9244.871 8948.268
1475432705 9234.159 9054.43
1475432728 9220.917 9042.204
1475432751 9211.261 9043.133
1475432774 9208.48 9041.377
1475432798 9204.09 9025.689
1475432821 9204.352 6737.895
1475432844 9212.764 9034.375
1475432868 9199.131 9031.341
1475432891 9193.92 9014.276
1475432914 9194.069 9015.724
1475432938 9190.31 9024.718
1475432961 9189.051 9024.288
1475432984 9188.519 9011.973
1475433008 9194.625 9018.795
1475433031 9190.706 8553.668
1475433054 9182.658 8953.012
1475433077 9182.541 8943.191
1475433101 9176.857 8926.717
1475433124 9172.089 8933.643
1475433147 9170.128 8610.094
1475433171 9169.044 7494.852
1475433194 9172.339 8935.243
1475433217 9173.21 8944.775
1475433241 9169.583 8953.345
1475433264 9164.832 8926.707
1475433287 9155.028 8908.685
1475433311 9155.978 8910.024
1475433334 9154.705 8942.95
1475433357 9151.709 8929.799
1475433381 9146.913 8815.179
1475433404 9142.298 8922.228
1475433427 9139.419 8920.023
1475433450 9131.403 8910.178
1475433474 9139.859 8893.946
1475433497 9132.798 8924.043
1475433520 9120.729 8906.602
1475433544 9117.406 8835.566
1475433567 9115.556 8864.102
1475433590 9112.048 8857.868
1475433614 9110.812 8735.2
1475433637 9103.974 8850.465
1475433660 9101.414 7077.987
1475433684 9098.407 6020.527
1475433707 9095.51 6928.329
1475433730 9085.743 7403.255
1475433753 9096.353 8821.201
1475433777 9081.677 8831.191
1475433800 9072.691 8833.751
1475433823 9070.243 8788.704
1475433847 9066.65 8820.924
1475433870 9063.446 8830.495
1475433893 9059.458 8805.282
1475433917 9056.318 8824.279
1475433940 9054.169 8809.766
1475433963 9046.412 8789.181
1475433987 9041.725 8789.385
1475434010 9042.408 8799.994
1475434033 9036.526 8672.56
1475434057 8903.049 8673.189
1475434080 8722.305 8516.464
1475434103 8891.974 8681.903
1475434126 8509.918 8320.029
1475434150 8584.747 8400.99
1475434173 9018.151 8794.263
1475434196 9041.83 8813.026
1475434220 9037.878 8796.216
1475434243 9020.783 8779.471
1475434266 9034.165 8789.864
1475434290 9030.88 8801.131
1475434313 9021.421 8807.523
1475434336 9018.188 8817.888
1475434360 9012.839 8800.728
1475434383 9009.617 8086.587
1475434406 9006.21 8806.556
1475434430 9002.673 8793.195
1475434453 9000.392 8632.642
1475434476 8996.095 8803.561
1475434499 8990.579 8786.546
1475434523 8988.168 8651.566
1475434546 8984.689 8764.679
1475434569 8981.273 8760.902
1475434593 8961.312 8731.587
1475434616 8975.644 8753.714
1475434639 8976.125 8730.762
1475434663 8964.321 8733.151
1475434686 8960.631 8743.029
1475434709 8955.732 8727.97
1475434733 8952.616 8735.468
1475434756 8949.097 8734.751
1475434779 8944.68 8730.114
1475434802 8942.573 8706.501
1475434826 8935.952 8710.394
1475434849 8933.992 8716.21
1475434872 8930.355 8717.866
1475434896 8926.142 8713.005
1475434919 8922.632 8710.277
1475434942 8917.38 8703.775
1475434966 8914.36 8699.169
1475434989 8911.697 8685.227
1475435012 8906.768 8648.68
1475435036 8901.836 5164.058
1475435059 8898.455 8657.85
1475435082 8894.568 8646.479
1475435106 8891.638 8667.649
1475435129 8888.746 8636.09
1475435152 8882.771 8661.206
1475435175 8879.356 8660.218
1475435199 8876.602 8659.129
1475435222 8872.938 8657.769
1475435245 8857.117 8642.993
1475435269 8870.639 8673.718
1475435292 8867.506 8670.596
1475435315 8857.673 8673.374
1475435339 8854.272 8659.644
1475435362 8849.77 8630.989
1475435385 8846.558 8656.391
1475435409 8843.547 8524.834
1475435432 8841.094 8657.116
1475435455 8837.463 8654.631
1475435478 8832.704 8638.747
1475435502 8829.051 8644.565
1475435525 8826.139 8643.173
1475435548 8821.788 8640.608
1475435572 8818.523 8503.887
1475435595 8815.16 8598.395
1475435618 8812.009 8618.947
1475435642 8808.749 8628.237
1475435665 8804.42 8625.806
1475435688 8784.677 8608.038
1475435712 8798.148 8619.156
1475435735 8796.995 8614.782
1475435758 8795.692 8598.837
1475435782 8784.119 8601.195
1475435805 8781.235 8593.146
1475435828 8775.983 8586.454
1475435852 8773.477 8353.951
1475435875 8772.329 8583.174
1475435898 8767.426 8591.403
1475435921 8762.816 8573.803
1475435945 8759.197 8581.815
1475435968 8756.639 8568.339
1475435991 8753.743 8577.306
1475436015 8750.215 8534.308
1475436038 8745.817 8531.597
1475436061 8743.199 8556.045
1475436085 8738.957 8532.316
1475436108 8736.328 8562.938
1475436131 8732.179 8557.555
1475436155 8728.587 8555.001
1475436178 8726.797 8543.09
1475436201 8723.403 8429.791
1475436224 8718.535 8546.936
1475436248 8715.389 8543.825
1475436271 8711.721 8528.589
1475436294 8708.112 8507.359
1475436318 8704.487 8502.711
1475436341 8701.289 8511.488
1475436364 8696.45 5055.073
1475436388 8690.765 8496.207
1475436411 8687.549 8493.839
1475436434 8682.449 8489.696
1475436458 8678.88 8487.811
1475436481 8676.425 8467.551
1475436504 8673.254 8475.116
1475436527 8672.286 8482.177
1475436551 8669.116 8469.981
1475436574 8666.314 8478.982
1475436597 8658.22 8341.74
1475436621 8666.185 8479.114
1475436644 8654.944 8468.268
1475436667 8657.767 7440.71
1475436691 8647.571 8448.94
1475436714 8645.452 8446.907
1475436737 8633.003 8319.078
1475436761 8640.619 8420.557
1475436784 8640.993 8453.202
1475436807 8641.75 8454.061
1475436831 8630.639 8446.004
1475436854 8627.305 8445.71
1475436877 8618.136 8422.747
1475436901 8618.267 8432.713
1475436924 8615.817 8432.107
1475436947 8597.776 8414.598
1475436970 8614.679 8419.784
1475436994 8614.084 8431.682
1475437017 8605.673 8421.434
1475437040 8599.424 8414.904
1475437064 8596.201 8417.165
1475437087 8594.643 8427.359
1475437110 8588.769 8424.333
1475437134 8585.153 7576.326
1475437157 8580.301 8403.196
1475437180 8575.5 8399.545
1475437203 8570.448 8407.878
1475437227 8567.902 8159.243
1475437250 8560.596 8278.01
1475437273 8563.289 8385.007
1475437297 8558.801 7362.8
1475437320 8554.778 8376.932
1475437343 8550.296 8255.435
1475437367 8546.902 8370.628
1475437390 8542.316 8362.72
1475437413 8539.075 8365.843
1475437437 8531.452 8358.078
1475437460 8536.104 8365.075
1475437483 8532.262 8361.359
1475437507 8528.493 8355.944
1475437530 8522.993 8352.757
1475437553 8517.153 8228.273
1475437576 8503.067 8330.93
1475437600 8513.814 6949.629
1475437623 8514.891 8343.449
1475437646 8504.326 8205.021
1475437670 8496.945 8310.818
1475437693 8494.542 8320.827
1475437716 8491.805 8320.634
1475437740 8478.553 8305.199
1475437763 8481.102 8309.371
1475437786 8491.54 8305.443
1475437810 8477.975 8304.566
1475437833 8478.932 8298.059
1475437856 8470.474 8300.02
1475437880 8465.436 8294.422
1475437903 8462.71 8281.733
1475437926 8460.66 8173.604
1475437950 8457.312 8276.97
1475437973 8453.48 8272.587
1475437996 8449.014 8285.253
1475438019 8446.274 8280.583
1475438043 8441.569 8276.295
1475438066 8438.485 8282.788
1475438089 8436.903 8271.267
1475438113 8432.544 8266.316
1475438136 8419.012 8263.792
1475438159 8426.862 8271.091
1475438183 8428.395 8274.131
1475438206 8417.801 8262.673
1475438229 8409.966 8254.495
1475438253 8407.507 8032.68
1475438276 8404.64 8251.018
1475438299 8400.587 8247.672
1475438322 8398.256 8246.494
1475438346 8395.686 6074.977
1475438369 8374.955 2632.787
1475438392 8390.381 8237.742
1475438416 8392.928 8241.086
1475438439 8382.659 8231.081
1475438462 8375.477 8202.612
1475438486 8371.377 8219.558
1475438509 8370.82 8219.002
1475438532 8367.115 8216.093
1475438556 8362.532 8200.769
1475438579 8348.198 8187.385
1475438602 8359.981 8092.917
1475438625 8354.137 8201.519
1475438649 8358.172 8204.04
1475438672 8348.55 8186.948
1475438695 8343.224 8193.087
1475438719 8340.289 8190.399
1475438742 8334.626 8184.362
1475438765 8314.721 8144.727
1475438789 8332.179 8173.228
1475438812 8334.216 8183.66
1475438835 8053.922 7908.23
1475438859 8083.17 7944.131
1475438882 7786.026 6176.692
1475438905 7979.662 7845.285
1475438929 8303.29 8150.782
1475438952 8318.901 8156.289
1475438975 8314.203 8163.678
1475438998 8315.591 8164.854
1475439022 8312.576 8155.626
1475439045 8305.115 7787.259
1475439068 8300.233 8064.611
1475439092 8287.694 8059.436
1475439115 8301.999 8035.624
1475439138 8302.85 8067.288
1475439162 8290.561 6217.641
1475439185 8286.529 7693.321
1475439208 8282.949 8072.95
1475439232 8270.702 8052.794
1475439255 8273.972 8065.222
1475439278 8268.781 7944.782
1475439302 8269.782 7942.354
1475439325 8274.603 8034.887
1475439348 8264.012 8027.077
1475439371 8257.617 8012.282
1475439395 8252.848 8032.614
1475439418 8234.224 8004.826
1475439441 8247.26 8024.029
1475439465 8242.762 7918.936
1475439488 8250.265 8029.691
1475439511 8238.017 8013.489
1475439535 8234.659 8004.25
1475439558 8232.844 7999.943
1475439581 8221.837 7989.66
1475439605 8218.858 7997.275
1475439628 8216.715 8004.672
1475439651 8214.537 7993.382
1475439675 8223.044 6632.168
1475439698 8214.334 7956.012
1475439721 8208.614 7999.305
1475439744 8205.835 7995.725
1475439768 8179.915 7957.383
1475439791 8199.067 7995.602
1475439814 8193.123 8002.904
1475439838 8199.19 8018.117
1475439861 8189.417 8010.18
1475439884 8187.321 8009.149
1475439908 8184.819 8005.245
1475439931 8180.378 7990.836
1475439954 8168.255 7980.984
1475439978 8163.318 7987.287
1475440001 8166.75 7981.931
1475440024 8171.67 7970.68
1475440047 8168.585 7966.639
1475440071 8159.312 7949.182
1475440094 8156.796 7956.311
1475440117 8154.925 7951.296
1475440141 8152.395 7950.773
1475440164 8141.34 7915.647
1475440187 8135.722 7932.721
1475440211 8138.426 7917.389
1475440234 8139.833 7941.084
1475440257 8134.166 7936.435
1475440281 8130.825 7915.387
1475440304 8123.476 7927.454
1475440327 8124.067 7927.594
1475440350 8125.232 7922.719
1475440374 8117.786 7925.404
1475440397 8106.816 7881.492
1475440420 8109.198 7882.788
1475440444 8108.998 7913.533
1475440467 8113.897 7908.89
1475440490 8098.876 7874.022
1475440514 8094.304 7892.396
1475440537 8097.269 7873.401
1475440560 8095.541 7902.876
1475440584 8091.21 7890.118
1475440607 8087.298 7897.402
1475440630 8083.765 7873.679
1475440654 8083.585 7890.375
1475440677 8079.396 7887.936
1475440700 8074.996 7884.746
1475440723 8071.376 7873.466
1475440747 8067.964 7894.76
1475440770 8065.915 7899.107
1475440793 8068.149 7890.791
1475440817 8055.506 7889.707
1475440840 8058.056 7881.046
1475440863 8045.094 7879.89
1475440887 8049.293 7883.658
1475440910 8054.675 7768.368
1475440933 8043.661 7214.631
1475440957 8041.588 6671.349
1475440980 8035.239 7841.359
1475441003 8036.668 7859.893
1475441027 8030.946 7846.439
1475441050 8028.532 7853.062
1475441073 8023.882 7857.883
1475441096 8020.355 7845.807
1475441120 8018.909 7855.393
1475441143 8015.522 7852.066
1475441166 8011.05 7740.909
1475441190 8010.005 7832.02
1475441213 8003.476 7829.01
1475441236 8005.759 7821.832
1475441260 8003.311 7714.968
1475441283 7996.996 7818.541
1475441306 7994.728 7820.352
1475441330 7992.568 7817.148
1475441353 7988.421 7825.544
1475441376 7983.982 6845.172
1475441400 7973.259 7698.244
1475441423 7977.662 7812.907
1475441446 7973.271 7799.071
1475441469 7970.965 7796.196
1475441493 7968.045 7697.568
1475441516 7969.053 7776.608
1475441539 7963.823 7193.934
1475441563 7960.39 7796.471
1475441586 7945.169 7782.188
1475441609 7952.107 7680.124
1475441633 7954.907 6835.323
1475441656 7944.686 7763.982
1475441679 7920.415 7760.045
1475441703 7921.681 7742.074
1475441726 7920.727 7762.201
1475441749 7920.424 7751.479
1475441772 7912.789 7704.889
1475441796 7905.651 7727.494
1475441819 7903.398 7714.603
1475441842 7899.621 7723.681
1475441866 7899.535 7722.376
1475441889 7894.219 7709.68
1475441912 7887.412 7702.914
1475441936 7884.973 7707.281
1475441959 7879.279 7693.609
1475441982 7875.312 7344.487
1475442006 7873.462 6092.511
1475442029 7869.91 7695.556
1475442052 7866.96 7683.059
1475442075 7862.667 7692.171
1475442099 7857.83 7679.165
1475442122 7850.491 7318.563
1475442145 7842.536 6937.376
1475442169 7842.412 7663.192
1475442192 7841.654 7667.51
1475442215 7836.138 7656.133
1475442239 7829.062 7659.177
1475442262 7822.786 7653.768
1475442285 7815.815 7649.962
1475442309 7814.989 4744.926
1475442332 7811.152 7646.858
1475442355 7807.538 7634.5
1475442379 7802.911 7628.52
1475442402 7799.967 7635.2
1475442425 7796.496 7621.007
1475442448 7792.048 7614.988
1475442472 7787.456 7621.498
1475442495 7783.659 7608.378
1475442518 7781.83 7616.858
1475442542 7779.606 7614.342
1475442565 7775.663 7625.704
1475442588 7770.902 7621.028
1475442612 7763.38 7595.452
1475442635 7761.693 7614.339
1475442658 7758.971 7611.605
1475442682 7755.599 7607.253
1475442705 7751.491 7273.52
1475442728 7747.877 7600.146
1475442752 7744.576 7593.809
1475442775 7740.876 7197.017
1475442798 7741.925 7580.029
1475442821 7736.829 7565.024
1475442845 7729.281 7566.62
1475442868 7725.938 7562.188
1475442891 7722.537 7451.132
1475442915 7721.216 7448.576
1475442938 7715.013 7540.597
1475442961 7710.48 7545.098
1475442985 7711.158 7535.518
1475443008 7717.039 7551.888
1475443031 7696.4 7526.808
1475443055 7688.829 7527.243
1475443078 7689.658 7422.955
1475443101 7685.772 7515.209
1475443124 7683.787 7526.164
1475443148 7679.669 7511.016
1475443171 7674.039 7466.306
1475443194 7665.516 7008.282
1475443218 7658.117 7068.068
1475443241 7656.14 7152.619
1475443264 7652.973 7495.188
1475443288 7647.725 7481.582
1475443311 7652.412 7494.297
1475443334 7657.818 7499.816
1475443358 7650.621 7492.212
1475443381 7638.297 7481.74
1475443404 7632.378 7476.808
1475443428 7632.159 6725.947
1475443451 7633.222 7479.074
1475443474 7628.757 5833.781
1475443498 7623.455 3027.016
1475443521 7621.353 7476.984
1475443544 7621.161 7478.55
1475443567 7617.535 7476.706
1475443591 7614.645 7464.554
1475443614 7613.597 7473.731
1475443637 7614.493 7474.238
1475443661 7610.356 7466.759
1475443684 7607.466 7466.196
1475443707 7605.948 7465.518
1475443731 7605.217 7456.658
1475443754 7603.357 7358.456
1475443777 7601.078 7461.244
1475443800 7598.103 7458.681
1475443824 7596.038 7456.39
1475443847 7593.814 7454.018
1475443870 7593.863 7445.667
1475443894 7592.564 7443.026
1475443917 7591.866 7451.573
1475443940 7591.494 7451.893
1475443964 7586.26 7447.445
1475443987 7583.143 7444.58
1475444010 7579.765 7441.598
1475444034 7579.063 7441.073
1475444057 7577.033 7439.299
1475444080 7579.556 7440.056
1475444104 7578.336 7430.392
1475444127 7572.923 7434.391
1475444150 7566.077 7418.436
1475444174 7561.287 7423.604
1475444197 7558.51 7412.071
1475444220 7560.312 7404.648
1475444243 7558.203 7416.814
1475444267 7556.225 7406.878
1475444290 7552.701 7407.124
1475444313 7550.134 7402.525
1475444337 7548.793 7410.95
1475444360 7543.612 7406.967
1475444383 7535.044 7389.383
1475444407 7532.404 7160.587
1475444430 7530.565 7375.691
1475444453 7528.095 7392.134
1475444477 7529.459 7383.517
1475444500 7531.485 7385.557
1475444523 7524.433 7378.172
1475444546 7515.178 7371.282
1475444570 7510.383 7354.675
1475444593 7508.169 7350.623
1475444616 7505.983 7360.31
1475444640 7503.81 7243.44
1475444663 7500.964 7356.472
1475444686 7499.103 7354.854
1475444710 7495.605 7354.125
1475444733 7491.11 7348.79
1475444756 7485.112 7342.477
1475444780 7479.518 7233.746
1475444803 7478.296 7335.958
1475444826 7474.759 7332.294
1475444849 7474.444 7333.879
1475444873 7479.078 7336.536
1475444896 7482.576 7227.378
1475444919 7473.307 7320.63
1475444943 7464.303 7322.839
1475444966 7458.835 7299.977
1475444989 7458.129 7298.267
1475445013 7458.059 7298.381
1475445036 7457.348 7316.784
1475445059 7452.647 7302.587
1475445083 7452.636 7303.958
1475445106 7454.504 7295.184
1475445129 7452.054 7311.997
1475445153 7446.757 7306.261
1475445176 7436.902 7297.853
1475445199 7433.712 7295.536
1475445223 7432.441 7275.711
1475445246 7426.491 7288.137
1475445269 7426.597 6856.524
1475445292 7425.096 7285.744
1475445316 7424.165 7276.599
1475445339 7425.183 7296.309
1475445362 7420.084 7291.342
1475445386 7412.864 7275.249
1475445409 7408.779 6395.495
1475445432 7404.692 7275.492
1475445456 7402.631 7264.896
1475445479 7399.048 7271.25
1475445502 7403.386 7258.819
1475445526 7407.923 7272.323
1475445549 7400.715 7265.22
1475445572 7382.81 7247.951
1475445595 7379.567 7246.266
1475445619 7375.312 7232.55
1475445642 7371.072 7236.208
1475445665 7363.369 7228.18
1475445689 7372.391 7238.622
1475445712 7293.064 7143.817
1475445735 7011.02 6895.733
1475445759 7045.166 6924.384
1475445782 7062.617 6944.386
1475445805 7059.923 6941.525
1475445829 7066.905 6941.02
1475445852 7366.411 7233.69
1475445875 7359.674 7227.31
1475445898 7358.146 7225.023
1475445922 7351.396 7199.223
1475445945 7355.642 7222.114
1475445968 7355.12 7222.402
1475445992 7360.665 7218.723
1475446015 7362.937 7228.236
1475446038 7366.006 7231.953
1475446062 7393.974 7258.484
1475446085 7383.622 7248.583
1475446108 7379.797 7224.3
1475446132 7377.673 7243.155
1475446155 7367.851 7213.734
1475446178 7349.889 7216.083
1475446202 7360.519 7217.06
1475446225 7371.018 7137.609
1475446248 7358.977 7222.681
1475446271 7354.978 7229.337
1475446295 7349.915 7225.3
1475446318 7332.189 7208.062
1475446341 7340.476 7216.006
1475446365 7337.017 7212.322
1475446388 7340.462 7214.545
1475446411 7335.674 7209.857
1475446435 7326.302 7200.267
1475446458 7326.899 7202.172
1475446481 7309.965 6601.941
1475446505 7307.238 7173.807
1475446528 7321.512 7196.965
1475446551 7322.038 7197.612
1475446574 7312.089 7186.814
1475446598 7308.105 7174.85
1475446621 7304.018 7180.168
1475446645 7301.876 7169.225
1475446668 7283.608 7160.422
1475446691 7302.815 7078.559
1475446714 7297.919 7173.966
1475446738 7303.957 7179.383
1475446761 7295.631 7172.641
1475446784 7287.23 7164.64
1475446808 7290.351 7168.459
1475446831 7287.933 7165.766
1475446854 7280.275 7148.343
1475446878 7259.435 7137.182
1475446901 7277.456 7155.226
1475446924 7285.09 7152.938
1475446947 7269.217 7146.338
1475446971 7266.969 7139.727
1475446994 7263.964 7137.381
1475447017 7264.996 7133.204
1475447041 7257.968 7134.163
1475447064 7250.887 7129.546
1475447087 7256.988 7135.609
1475447111 7263.77 7142.512
1475447134 7264.667 7142.655
1475447157 7258.132 7118.77
1475447181 7255.16 7133.883
1475447204 7235.884 7106.131
1475447227 7239.693 7113.402
1475447251 7262.699 7134.098
1475447274 7248.789 7121.019
1475447297 7245.566 6541.782
1475447321 7241.113 7114.603
1475447344 7241.088 6249.933
1475447367 7238.219 7110.039
1475447390 7235.223 7104.88
1475447414 7232.227 7094.048
1475447437 7229.483 7099.708
1475447460 7226.411 7094.203
1475447484 7225.754 7095.666
1475447507 7214.838 7087.387
1475447530 7207.162 7078.999
1475447554 7215.156 7081.895
1475447577 7220.26 7070.371
1475447600 7212.16 7078.428
1475447624 7205.749 7072.896
1475447647 7201.37 7062.969
1475447670 7201.8 7070.807
1475447693 7199.052 7068.25
1475447717 7195.356 7066.635
1475447740 7189.71 7035.682
1475447763 7186.319 7047.233
1475447787 7186.502 7060.232
1475447810 7184.995 7060.157
1475447833 7172.725 7046.69
1475447857 7164.675 6939.513
1475447880 7177.924 6947.66
1475447903 7178.856 7049.461
1475447927 7168.905 7040.676
1475447950 7165.684 7029.61
1475447973 7162.949 7030.371
1475447996 7159.503 7038.247
1475448020 7157.77 7028.055
1475448043 7156.133 7036.358
1475448066 7154.465 7034.377
1475448090 7149.219 7029.664
1475448113 7148.33 7020.105
1475448136 7146.596 6927.586
1475448160 7145.668 7023.919
1475448183 7140.723 7019.155
1475448206 7135.44 6792.596
1475448230 7132.622 7006.616
1475448253 7130.619 6987.18
1475448276 7128.415 7003.654
1475448300 7123.378 6999.288
1475448323 7119.576 6993.846
1475448346 7118.777 6987.208
1475448369 7117.4 6984.391
1475448393 7112.065 6977.367
1475448416 7097.869 6973.176
1475448439 7092.566 6969.232
1475448463 7101.917 6970.194
1475448486 7105.657 6982.393
1475448509 7088.28 6866.699
1475448533 7088.179 6965.69
1475448556 7086.441 6953.343
1475448579 7085.705 6962.401
1475448603 7081.858 6946.517
1475448626 7075.789 6952.265
1475448649 7070.856 6949.991
1475448673 7070.009 6948.335
1475448696 7068.371 6947.806
1475448719 7065.262 6935.419
1475448743 7060.02 6939.965
1475448766 7056.864 6937.073
1475448789 7044.325 6922.657
1475448812 7036.308 6818.94
1475448836 7038.033 6917.634
1475448859 7053.992 6907.051
1475448882 7039.461 4869.435
1475448906 7039.307 6584.173
1475448929 7036.922 6911.047
1475448952 7033.428 6919.852
1475448976 7029.329 6906.638
1475448999 7028.566 6257.76
1475449022 7028.32 6366.648
1475449046 7023.76 6909.704
1475449069 7017.906 6904.051
1475449092 7016.311 6892.047
1475449115 7014.718 6901.37
1475449139 7011.831 6891.473
1475449162 7007.537 6886.939
1475449185 7004.746 6884.501
1475449209 7002.9 6890.585
1475449232 7000.279 6879.828
1475449255 6993.709 6856.061
1475449279 6988.608 6876.719
1475449302 6984.919 6874.61
1475449325 6984.663 6777.777
1475449349 6984.395 6854.999
1475449372 6978.202 6867.394
1475449395 6974.144 6864.573
1475449418 6971.505 6859.983
1475449442 6968.853 6855.895
1475449465 6966.044 6852.005
1475449488 6963.116 6850.719
1475449512 6961.767 6849.566
1475449535 6959.573 6840.491
1475449558 6955.799 6836.337
1475449582 6952.592 6833.209
1475449605 6968.831 6858.191
1475449628 6980.282 6869.509
1475449652 6985.923 6874.365
1475449675 6988.021 6873.554
1475449698 6985.316 6859.839
1475449722 6982.727 6869.453
1475449745 6980.265 6869.045
1475449768 6980.355 6869.044
1475449791 6966.353 6856.017
1475449815 6973.267 6861.674
1475449838 6978.946 6868.683
1475449861 6972.324 6861.478
1475449885 6969.667 6859.114
1475449908 6966.855 6856.315
1475449931 6964.479 6739.992
1475449955 6961.915 6848.266
1475449978 6960.884 6845.326
1475450001 6959.903 6835.877
1475450025 6954.932 6732.281
1475450048 6950.298 6834.259
1475450071 6950.609 6836.592
1475450095 6949.586 6824.893
1475450118 6947.606 6814.324
1475450141 6944.414 6828.742
1475450164 6940.274 6815.435
1475450188 6939.482 6824.486
1475450211 6938.932 6822.344
1475450234 6937.141 3554.318
1475450258 6933.134 6819.115
1475450281 6930.173 6721.242
1475450304 6928.072 6720.268
1475450328 6927.07 6797.443
1475450351 6923.882 6808.34
1475450374 6919.676 6805.976
1475450398 6903.526 6790.197
1475450421 6917.66 6706.793
1475450444 6912.572 6798.162
1475450468 6894.956 6781.429
1475450491 6904.183 6788.972
1475450514 6909.201 6769.978
1475450537 6904.127 6781.881
1475450561 6902.45 6782.525
1475450584 6898.493 6779.761
1475450607 6894.37 6783.976
1475450631 6892.309 6781.102
1475450654 6891.904 6778.505
1475450677 6891.079 6776.407
1475450701 6887.26 6777.144
1475450724 6882.795 6775.223
1475450747 6880.951 6773.96
1475450771 6876.56 6770.59
1475450794 6875.475 6769.699
1475450817 6873.39 6758.307
1475450840 6868.752 6753.599
1475450864 6867.041 6761.583
1475450887 6865.612 6759.81
1475450910 6864.381 6759.214
1475450934 6859.422 6750.601
1475450957 6856.277 6748.54
1475450980 6855.569 6746.153
1475451004 6855.518 5499.893
1475451027 6853.477 6744.834
1475451050 6848.743 6722.272
1475451074 6845.641 6736.381
1475451097 6844.475 6734.776
1475451120 6843.502 6735.297
1475451143 6840.175 6732.205
1475451167 6836.051 6727.571
1475451190 6832.596 6715.96
1475451213 6831.518 6722.859
1475451237 6830.946 6723.15
1475451260 6822.217 6631.426
1475451283 6825.092 6717.518
1475451307 6828.695 6721.556
1475451330 6822.322 6715.005
1475451353 6819.394 6712.901
1475451377 6816.491 6710.309
1475451400 6813.021 6705.291
1475451423 6812.271 6706.616
1475451447 6812.477 6698.108
1475451470 6809.293 6702.178
1475451493 6807.142 6692.585
1475451516 6805.077 6699.375
1475451540 6803.123 6698.162
1475451563 6801.314 6696.611
1475451586 6796.397 6692.188
1475451610 6796.164 6691.29
1475451633 6787.44 6683.548
1475451656 6792.077 6577.958
1475451680 6790.291 6585.922
1475451703 6788.998 6687.742
1475451726 6781.647 6680.271
1475451750 6781.096 6679.348
1475451773 6780.404 6678.452
1475451796 6777.625 6676.041
1475451820 6773.169 6670.849
1475451843 6770.033 6668.896
1475451866 6768.34 6667.47
1475451889 6765.343 6664.21
1475451913 6760.239 6659.869
1475451936 6754.29 6559.323
1475451959 6751.168 6548.322
1475451983 6748.07 6546.184
1475452006 6744.53 6644.787
1475452029 6741.886 6633.563
1475452053 6744.047 6643.571
1475452076 6741.235 6632.101
1475452099 6739.155 6638.43
1475452123 6737.007 6542.887
1475452146 6735.692 6636.07
1475452169 6733.276 6633.526
1475452193 6730.174 6630.727
1475452216 6730.142 6629.763
1475452239 6725.001 6625.047
1475452262 6729.601 6629.2
1475452286 6726.887 6627.147
1475452309 6721.294 6621.507
1475452332 6720.571 6612.567
1475452356 6719.294 6611.945
1475452379 6716.283 6607.783
1475452402 6713.335 6603.849
1475452426 6711.631 6609.425
1475452449 6706.682 6607.154
1475452472 6712.666 6520.283
1475452496 6706.95 6599.605
1475452519 6703.823 6595.563
1475452542 6700.352 6601.239
1475452565 6698.551 6591.96
1475452589 6697.253 6599.067
1475452612 6693.329 6595.218
1475452635 6687.801 6573.655
1475452659 6693.732 6594.128
1475452682 6692.67 6591.823
1475452705 6684.527 6576.226
1475452729 6681.104 6580.509
1475452752 6675.183 6559.883
1475452775 6678.676 6570.419
1475452799 6672.914 6573.766
1475452822 6675.756 6576.824
1475452845 6675.177 6566.28
1475452869 6672.305 5984.339
1475452892 6668.351 5211.541
1475452915 6664.529 6563.752
1475452938 6652.185 6552.38
1475452962 6663.417 6555.138
1475452985 6665.487 6566.051
1475453008 6659.205 6559.874
1475453032 6656.082 6547.923
1475453055 6652.41 6543.929
1475453078 6645.067 6545.748
1475453102 6650.368 6093.246
1475453125 6647.612 6458.582
1475453148 6645.927 6546.495
1475453172 6643.902 6543.759
1475453195 6638.64 6537.791
1475453218 6636.865 6538.183
1475453241 6636.974 6530.353
1475453265 6623.593 6524.588
1475453288 6630.593 6530.827
1475453311 6628.725 6529.571
1475453335 6631.697 6532.461
1475453358 6625.831 6526.959
1475453381 6622.36 6514.891
1475453405 6611.373 6513.84
1475453428 6621.547 6516.573
1475453451 6615.911 6512.474
1475453475 6617.289 6422.16
1475453498 6613.555 6510.31
1475453521 6609.4 6514.35
1475453545 6607.32 6411.601
1475453568 6523.821 6431.371
1475453591 6444.931 6354.902
1475453614 6416.187 6327.783
1475453638 6319.975 6233.394
1475453661 6231.137 6139.017
1475453684 6590.872 6402.424
1475453708 6585.95 6488.838
1475453731 6580.932 6392.318
1475453754 6584.945 6479.683
1475453778 6583.698 6478.355
1475453801 6584.393 6487.099
1475453824 6576.759 6479.392
1475453848 6573.188 6475.684
1475453871 6568.766 6471.472
1475453894 6561.815 6457.094
1475453917 6564.652 6377.216
1475453941 6563.693 6467.277
1475453964 6567.435 6471.655
1475453987 6559.855 6455.556
1475454011 6557.314 6453.093
1475454034 6546.899 5667.651
1475454057 6550.981 6455.163
1475454081 6548.54 6452.239
1475454104 6550.75 6455.191
1475454127 6549.307 6453.334
1475454151 6542.952 6446.847
1475454174 6538.365 6442.288
1475454197 6529.552 5500.148
1475454221 6524.112 5248.111
1475454244 6526.752 6432.901
1475454267 6528.169 6433.465
1475454290 6529.806 6343.332
1475454314 6524.142 6427.377
1475454337 6522.215 6426.463
1475454360 6516.366 6420.755
1475454384 6503.449 6409.13
1475454407 6511.809 6410.701
1475454430 6508.843 6416.641
1475454454 6513.329 6413.386
1475454477 6508.144 6416.584
1475454500 6503.095 6411.742
1475454524 6486.28 6395.05
1475454547 6492.15 6400.89
1475454570 6502.487 6410.686
1475454593 6490.509 6391.199
1475454617 6486.669 6395.891
1475454640 6486.225 6394.764
1475454663 6486.174 6394.624
1475454687 6483.914 6384.679
1475454710 6479.81 6388.463
1475454733 6465.946 6375.115
1475454757 6473.724 6373.633
1475454780 6475.456 6375.656
1475454803 6476.367 6377.088
1475454827 6470.482 6364.181
1475454850 6467.557 6368.752
1475454873 6466.201 6375.224
1475454897 6463.179 6356.234
1475454920 6458.901 6367.673
1475454943 6456.177 6357.783
1475454967 6454.47 6363.491
1475454990 6453.664 6362.855
1475455013 6439.326 6348.209
1475455036 6442.947 6344.132
1475455060 6446.035 6354.195
1475455083 6451.117 6360.041
1475455106 6443.293 6353.169
1475455130 6437.401 6346.168
1475455153 6433.339 6340.3
1475455176 6432.411 6341.247
1475455200 6433.677 6335.123
1475455223 6431.865 6340.49
1475455246 6428.782 6239.663
1475455270 6425.515 6334.167
1475455293 6423.697 6333.575
1475455316 6422.1 6331.23
1475455339 6418.743 6327.754
1475455363 6414.976 6316.333
1475455386 6413.117 6321.165
1475455409 6411.462 6320.465
1475455433 6409.643 6221.344
1475455456 6406.635 6315.472
1475455479 6402.706 6311.675
1475455503 6399.657 6301.116
1475455526 6397.847 6217.811
1475455549 6382.047 6283.762
1475455573 6390.014 6299.527
1475455596 6394.146 6303.362
1475455619 6388.251 6290.239
1475455643 6385.188 6271.305
1475455666 6382.78 6292.777
1475455689 6380.888 6290.327
1475455712 6377.549 6287.89
1475455736 6376.709 6190.128
1475455759 6376.349 6286.609
1475455782 6374.345 6285.603
1475455806 6371.436 6274.869
1475455829 6369.103 6279.696
1475455852 6368.209 6278.76
1475455876 6366.48 6277.763
1475455899 6362.677 6265.024
1475455922 6356.774 6257.878
1475455946 6355.025 6265.48
1475455969 6354.47 6257.485
1475455992 6352.267 6255.801
1475456016 6349.599 6252.727
1475456039 6346.46 6256.86
1475456062 6345.311 6247.186
1475456085 6343.194 5450.61
1475456109 6341.502 6252.663
1475456132 6341.476 6244.839
1475456155 6339.562 6252.164
1475456179 6339.512 6068.98
1475456202 6340.841 6245.597
1475456225 6321.337 6234.559
1475456249 6336.021 6249.401
1475456272 6341.457 6246.088
1475456295 6331.717 6244.555
1475456319 6331.107 6243.615
1475456342 6329.359 6242.898
1475456365 6327.737 5876.021
1475456388 6325.069 6237.642
1475456412 6323.947 6236.582
1475456435 6323.426 6148.386
1475456458 6319.555 6232.885
1475456482 6316.904 6229.004
1475456505 6314.191 6227.01
1475456528 6313.178 6225.857
1475456552 6312.323 6225.083
1475456575 6309.619 6214.076
1475456598 6305.725 6218.376
1475456622 6304.469 6209.633
1475456645 6304.419 6209.592
1475456668 6301.425 6214.452
1475456692 6297.715 6210.554
1475456715 6294.755 6207.375
1475456738 6293.665 6205.701
1475456761 6293.692 6206.585
1475456785 6291.715 6204.365
1475456808 6287.953 6201.942
1475456831 6284.915 6115.401
1475456855 6283.36 6120.58
1475456878 6283.39 6121.222
1475456901 6281.615 6120.447
1475456925 6279.149 6099.89
1475456948 6276.89 6108.961
1475456971 6274.993 6112.675
1475456995 6272.783 6104.09
1475457018 6269.299 5848.0
1475457041 6266.612 6104.665
1475457064 6265.247 6096.658
1475457088 6264.214 6105.751
1475457111 6262.926 6119.429
1475457134 6260.473 6102.558
1475457158 6258.902 6114.074
1475457181 6257.7 6097.943
1475457204 6255.223 6111.144
1475457228 6251.136 6024.484
1475457251 6247.664 6108.147
1475457274 6240.001 6093.641
1475457298 6251.033 6113.137
1475457321 6252.136 6105.637
1475457344 6244.185 6096.533
1475457368 6241.227 6102.833
1475457391 6239.786 6094.344
1475457414 6237.87 6084.158
1475457438 6236.318 6092.054
1475457461 6233.35 6074.403
1475457484 6231.486 6095.874
1475457507 6229.621 6092.961
1475457531 6227.296 5998.733
1475457554 6224.277 6086.038
1475457577 6222.358 6061.894
1475457601 6220.655 6082.754
1475457624 6219.119 6082.311
1475457647 6216.213 6080.785
1475457671 6210.735 6060.811
1475457694 6197.691 6063.966
1475457717 6210.3 6074.254
1475457741 6214.664 6076.518
1475457764 6203.697 6067.188
1475457787 6199.88 6063.956
1475457810 6197.473 6062.381
1475457834 6195.455 6031.317
1475457857 6194.402 6039.409
1475457880 6191.924 6051.196
1475457904 6189.838 4883.453
1475457927 6186.623 6051.759
1475457950 6184.28 6049.967
1475457974 6182.359 6041.733
1475457997 6178.135 6037.459
1475458020 6175.818 6033.88
1475458044 6173.662 6033.069
1475458067 6172.544 6038.18
1475458090 6170.981 6033.884
1475458114 6168.441 6018.715
1475458137 6164.635 6011.92
1475458160 6162.833 6008.549
1475458183 6161.236 5999.031
1475458207 6158.199 6006.966
1475458230 6156.871 5989.44
1475458253 6155.354 5996.258
1475458277 6155.424 3707.913
1475458300 6155.989 6006.021
1475458323 6153.343 6002.619
1475458347 6153.724 5986.366
1475458370 6150.02 5993.052
1475458393 6150.289 6001.36
1475458417 6147.563 5992.534
1475458440 6145.028 5982.402
1475458463 6142.785 5987.879
1475458487 6141.65 5986.192
1475458510 6140.66 5979.5
1475458533 6138.178 5981.67
1475458556 6135.536 5980.033
1475458580 6134.179 5978.393
1475458603 6133.099 5977.586
1475458626 6132.154 5983.668
1475458650 6129.411 5982.024
1475458673 6126.743 5971.867
1475458696 6124.891 5976.026
1475458720 6116.983 5967.387
1475458743 6116.41 5967.066
1475458766 6118.583 5969.335
1475458790 6116.84 5957.787
1475458813 6112.575 5951.027
1475458836 6110.63 5959.289
1475458859 6110.166 5965.339
1475458883 6107.194 5966.286
1475458906 6104.384 5881.062
1475458929 6093.426 5962.658
1475458953 6110.33 5726.61
1475458976 6103.189 5972.942
1475458999 6098.505 5961.462
1475459023 6096.955 5966.296
1475459046 6095.787 5958.048
1475459069 6093.869 5964.167
1475459093 6090.884 5948.232
1475459116 6089.116 5933.491
1475459139 6087.121 5940.913
1475459163 6083.361 5938.139
1475459186 6078.468 5932.509
1475459209 6076.067 5929.111
1475459232 6075.558 5929.525
1475459256 6073.305 5930.462
1475459279 6070.304 5927.96
1475459302 6065.491 5923.033
1475459326 6061.835 5918.847
1475459349 6055.394 5831.385
1475459372 6060.109 5918.197
1475459396 6054.397 5913.283
1475459419 6052.735 5215.373
1475459442 6052.447 5912.5
1475459466 6051.123 5908.684
1475459489 6048.207 5906.843
1475459512 6043.679 5895.754
1475459535 6040.769 5901.37
1475459559 6039.188 5898.639
1475459582 6038.798 5900.914
1475459605 6036.639 5888.315
1475459629 6025.095 5887.266
1475459652 6030.304 5893.278
1475459675 6031.86 5893.966
1475459699 6029.145 5890.505
1475459722 6026.368 5888.263
1475459745 6022.789 5876.945
1475459769 6008.202 5872.176
1475459792 6021.318 5876.292
1475459815 6023.17 5888.848
1475459839 6023.425 5892.279
1475459862 6015.821 5891.819
1475459885 6016.148 5885.141
1475459908 6017.986 5893.969
1475459932 6015.097 5884.253
1475459955 6011.15 5880.637
1475459978 6008.652 5877.754
1475460002 6006.33 5883.928
1475460025 6003.724 5873.306
1475460048 6004.352 5882.494
1475460072 6003.07 5873.254
1475460095 5995.341 5873.336
1475460118 5994.281 5864.507
1475460142 5995.115 5865.412
1475460165 6003.152 5881.106
1475460188 5992.373 5869.772
1475460211 5993.069 5863.598
1475460235 5992.017 5140.98
1475460258 5992.032 5870.144
1475460281 5989.102 5867.267
1475460305 5986.023 5773.914
1475460328 5983.708 5862.098
1475460351 5983.142 5854.018
1475460375 5980.703 5859.69
1475460398 5978.941 5850.978
1475460421 5976.711 5855.957
1475460445 5975.33 5854.502
1475460468 5973.703 5838.016
1475460491 5973.391 5852.689
1475460515 5963.688 5843.359
1475460538 5963.249 5834.855
1475460561 5964.469 5838.402
1475460584 5972.788 5833.872
1475460608 5968.351 5841.516
1475460631 5966.162 5845.711
1475460654 5962.479 5841.758
1475460678 5961.295 5832.941
1475460701 5959.982 5839.293
1475460724 5959.373 5839.161
1475460748 5955.441 2601.951
1475460771 5945.894 4185.051
1475460794 5950.98 5823.83
1475460818 5956.244 5829.836
1475460841 5954.194 5748.612
1475460864 5948.464 5815.193
1475460888 5946.501 5806.763
1475460911 5943.914 5810.742
1475460934 5942.391 5810.466
1475460957 5939.204 5791.169
1475460981 5936.131 5794.635
1475461004 5927.486 5794.985
1475461027 5936.326 5803.332
1475461051 5936.37 5803.328
1475461074 5933.968 5793.314
1475461097 5929.404 5782.494
1475461121 5930.094 5797.663
1475461144 5928.161 5788.994
1475461167 5925.117 5704.2
1475461191 5922.164 5783.304
1475461214 5912.982 5773.846
1475461237 5921.47 5787.483
1475461260 5918.626 5777.372
1475461284 5919.391 5786.815
1475461307 5912.728 5779.488
1475461330 5910.605 5777.83
1475461354 5908.567 5776.251
1475461377 5907.189 5774.347
1475461400 5900.323 5770.432
1475461424 5900.933 5770.363
1475461447 5899.588 5769.885
1475461470 5900.653 5687.095
1475461494 5900.482 5760.009
1475461517 5895.427 5756.67
1475461540 5892.835 5761.19
1475461564 5891.376 5760.212
1475461587 5883.778 5749.172
1475461610 5889.916 5761.49
1475461633 5885.722 5768.198
1475461657 5887.937 5771.181
1475461680 5882.982 5669.585
1475461703 5882.447 5764.764
1475461727 5879.35 5358.406
1475461750 5872.815 5499.845
1475461773 5875.419 5751.946
1475461797 5875.401 5759.645
1475461820 5874.273 5756.034
1475461843 5874.214 5746.981
1475461867 5868.014 5741.019
1475461890 5866.305 5739.539
1475461913 5856.648 5729.338
1475461936 5864.216 5736.514
1475461960 5864.527 5736.471
1475461983 5858.341 5731.111
1475462006 5681.691 5564.91
1475462030 5711.647 5587.77
1475462053 5665.116 5541.821
1475462076 5629.898 5516.433
1475462100 5653.896 5540.037
1475462123 5845.974 5712.071
1475462146 5848.301 5721.299
1475462170 5841.541 5700.009
1475462193 5838.473 5711.157
1475462216 5836.961 5710.627
1475462240 5832.247 5697.882
1475462263 5829.28 5696.419
1475462286 5830.363 5704.402
1475462310 5832.979 5692.602
1475462333 5829.5 5704.391
1475462356 5825.954 5692.194
1475462379 5824.32 5698.943
1475462403 5821.402 5690.279
1475462426 5812.338 5687.584
1475462449 5816.8 5691.686
1475462473 5816.195 5691.174
1475462496 5819.369 5694.904
1475462519 5814.436 5682.058
1475462543 5810.037 5684.76
1475462566 5808.878 5691.3
1475462589 5806.492 5372.651
1475462613 5796.835 5360.863
1475462636 5796.739 5683.702
1475462659 5800.023 5686.327
1475462682 5803.709 5690.254
1475462706 5796.527 5676.671
1475462729 5794.517 5680.948
1475462752 5792.174 5678.189
1475462776 5789.661 5677.017
1475462799 5788.633 5676.75
1475462822 5783.678 5671.248
1475462846 5776.299 5664.651
1475462869 5780.852 5669.025
1475462892 5785.579 5586.088
1475462916 5780.177 5667.517
1475462939 5775.387 5663.233
1475462962 5773.173 5581.361
1475462985 5771.393 5659.95
1475463009 5770.386 5658.872
1475463032 5768.507 5657.137
1475463055 5752.946 5641.953
1475463079 5759.986 5649.644
1475463102 5767.421 5641.519
1475463125 5758.284 5646.45
1475463149 5758.414 5647.481
1475463172 5753.895 5643.043
1475463195 5752.11 5641.416
1475463219 5748.354 5637.441
1475463242 5746.055 5628.723
1475463265 5737.907 5628.204
1475463289 5741.311 5630.038
1475463312 5741.223 5620.959
1475463335 5741.076 5622.639
1475463358 5737.707 5627.908
1475463382 5734.592 5625.206
1475463405 5731.427 5621.703
1475463428 5729.363 5619.901
1475463452 5727.117 5538.936
1475463475 5723.822 5614.003
1475463498 5719.888 5610.579
1475463522 5715.672 5606.785
1475463545 5714.336 5604.875
1475463568 5713.412 5596.273
1475463592 5711.327 5593.03
1475463615 5709.079 5590.336
1475463638 5706.526 5588.849
1475463661 5703.603 5499.156
1475463685 5701.802 5574.359
1475463708 5698.202 5572.494
1475463731 5695.886 5576.903
1475463755 5695.023 5569.554
1475463778 5696.449 5579.281
1475463801 5697.206 5578.789
1475463825 5693.845 5567.728
1475463848 5692.759 5567.219
1475463871 5692.62 5573.166
1475463895 5694.632 5576.324
1475463918 5692.958 5573.436
1475463941 5689.654 5564.806
1475463965 5685.745 5567.128
1475463988 5685.938 5568.122
1475464011 5685.691 5560.409
1475464035 5683.182 5564.35
1475464058 5680.307 5563.282
1475464081 5677.178 5559.586
1475464104 5677.21 5552.497
1475464128 5676.241 5553.544
1475464151 5673.616 5556.725
1475464174 5672.822 5555.661
1475464198 5671.265 5554.785
1475464221 5670.226 5555.007
1475464244 5668.026 5551.31
1475464268 5668.34 5552.269
1475464291 5664.833 5550.139
1475464314 5660.439 5548.617
1475464338 5660.93 5547.297
1475464361 5659.228 5553.364
1475464384 5655.924 5549.803
1475464407 5652.49 5461.384
1475464431 5651.966 5546.023
1475464454 5652.151 5538.619
1475464477 5650.298 5544.647
1475464501 5646.178 5540.429
1475464524 5644.831 5454.661
1475464547 5643.532 5531.572
1475464571 5642.31 5521.047
1475464594 5641.395 5526.661
1475464617 5638.736 5517.594
1475464641 5636.43 5522.597
1475464664 5635.253 5519.985
1475464687 5634.163 5520.157
1475464711 5632.73 5511.545
1475464734 5630.997 5518.677
1475464757 5628.214 5438.01
1475464780 5626.781 5513.284
1475464804 5625.165 5496.963
1475464827 5622.451 5509.793
1475464850 5619.827 5499.264
1475464874 5619.612 5492.636
1475464897 5619.195 5499.145
1475464920 5616.89 5426.156
1475464944 5613.715 5487.766
1475464967 5611.115 5497.88
1475464990 5609.936 5495.863
1475465014 5609.665 5496.87
1475465037 5607.442 5488.109
1475465060 5606.589 5493.625
1475465084 5603.797 5490.549
1475465107 5601.387 5488.799
1475465130 5597.699 5484.588
1475465153 5595.262 5475.269
1475465177 5593.903 5482.363
1475465200 5592.311 5465.809
1475465223 5590.395 5395.587
1475465247 5587.354 5469.707
1475465270 5582.889 5474.531
1475465293 5583.965 5480.944
1475465317 5585.653 5482.189
1475465340 5581.198 5477.812
1475465363 5574.202 5464.565
1475465387 5573.628 5471.103
1475465410 5571.75 5469.295
1475465433 5572.796 5469.436
1475465456 5570.618 5467.956
1475465480 5567.281 5462.939
1475465503 5565.355 5461.506
1475465526 5563.151 5459.509
1475465550 5561.017 5458.101
1475465573 5558.497 5449.28
1475465596 5554.418 5452.032
1475465620 5554.058 5451.181
1475465643 5552.361 5449.286
1475465666 5550.402 5447.756
1475465690 5548.15 5445.908
1475465713 5546.82 5444.939
1475465736 5546.425 5437.271
1475465760 5545.119 5443.258
1475465783 5543.641 5441.795
1475465806 5543.226 5440.723
1475465829 5539.321 5437.01
1475465853 5537.864 5435.597
1475465876 5536.939 5434.284
1475465899 5533.793 5432.171
1475465923 5531.862 5430.893
1475465946 5530.216 5429.525
1475465969 5528.445 5351.145
1475465993 5527.169 5426.603
1475466016 5525.374 5410.52
1475466039 5522.918 5262.853
1475466063 5521.168 5343.396
1475466086 5519.424 5419.086
1475466109 5517.788 5416.153
1475466132 5513.649 5412.876
1475466156 5296.858 5202.204
1475466179 1044.315 1039.944
1475466202 3252.423 3220.571
1475466226 5257.633 5161.765
1475466249 3658.225 3615.588
1475466272 1408.184 1399.431
1475466296 1905.108 1890.467
1475466319 1724.385 1714.986
1475466342 4744.496 4659.087
1475466366 3845.399 3794.384
1475466389 815.568 812.476
1475466412 3423.596 3383.761
1475466436 5495.544 5388.273
1475466459 5493.193 5387.195
1475466482 5491.186 5372.866
1475466505 5490.261 5384.216
1475466529 5491.054 5383.325
1475466552 5488.49 5381.895
1475466575 5486.41 5303.584
1475466599 5484.327 5363.938
1475466622 5483.777 5376.253
1475466645 5482.358 5374.318
1475466669 5482.609 5375.544
1475466692 5475.709 5368.084
1475466715 5478.653 5371.914
1475466739 5475.825 5369.572
1475466762 5472.174 5366.214
1475466785 5473.102 5365.634
1475466808 5469.173 5362.1
1475466832 5465.941 5285.629
1475466855 5465.017 5346.345
1475466878 5462.681 5356.892
1475466902 5465.545 5359.305
1475466925 5462.457 5356.817
1475466948 5460.082 5355.218
1475466972 5459.344 5346.769
1475466995 5458.937 5352.879
1475467018 5452.066 5347.827
1475467042 5455.506 5274.016
1475467065 5453.515 5348.838
1475467088 5449.412 5345.639
1475467112 5452.041 1756.684
1475467135 5448.523 86.55
1475467158 5447.552 4454.486
1475467181 5446.523 5275.484
1475467205 5443.979 5348.149
1475467228 5442.853 5340.217
1475467251 5439.972 5344.431
1475467275 5437.644 5341.673
1475467298 5435.423 5328.108
1475467321 5434.477 5330.793
1475467345 5428.211 5325.594
1475467368 5432.429 5328.734
1475467391 5430.544 5327.27
1475467415 5401.849 5301.047
