51 2064
1470567971 13 143276.373000 13 135558.237014
1470568274 13 142107.497000 13 134369.797099
1470568577 13 141098.223000 13 133384.244562
1470568880 13 140172.094000 13 132500.919639
1470569183 13 139432.105000 13 131740.846637
1470569486 13 138488.999000 13 130845.059501
1470569789 13 137616.560000 13 130000.374470
1470570092 13 137030.084000 13 129467.096650
1470570395 13 136175.877000 13 128662.304755
1470570699 13 135357.735000 13 127834.689294
1470571002 13 134498.789000 13 127046.059535
1470571305 13 133859.809000 13 126434.760910
1470571608 13 133102.783000 13 125741.042123
1470571911 13 131285.464000 13 123969.038700
1470572214 13 133466.647000 13 126054.279785
1470572517 13 132736.548000 13 125377.882789
1470572820 13 132022.906000 13 124678.644017
1470573123 13 131316.521000 13 124003.105039
1470573426 13 130613.100000 13 123309.849070
1470573729 13 129944.175000 13 122711.368868
1470574032 13 129231.210000 13 122038.097168
1470574335 13 128639.992000 13 121441.307021
1470574638 13 127963.917000 13 120804.267529
1470574941 13 127195.807000 13 120068.112733
1470575244 13 126509.232000 13 120043.856517
1470575547 13 125772.672000 13 118739.049718
1470575850 13 124849.313000 13 117814.643422
1470576153 13 124145.351000 13 117141.096103
1470576456 13 123487.291000 13 116566.710915
1470576759 13 122396.242000 13 115532.944964
1470577062 13 121798.925000 13 114972.738044
1470577365 13 121284.192000 13 114432.468584
1470577668 13 120882.443000 13 114086.116212
1470577972 13 120290.679000 13 113515.966551
1470578275 13 119339.702000 13 112601.456191
1470578578 13 118969.500000 13 112243.837641
1470578881 13 118303.860000 13 111643.862385
1470579184 13 118073.242000 13 111437.496092
1470579487 13 117592.800000 13 110973.994201
1470579790 13 116688.396000 13 110106.415409
1470580093 13 116334.045000 13 109812.899401
1470580396 13 115796.909000 13 109260.937354
1470580699 13 115422.448000 13 108931.181333
1470581002 13 115035.752000 13 108573.825386
1470581305 13 114663.949000 13 108212.397706
1470581608 13 114191.900000 13 107735.666574
1470581911 13 113675.376000 13 107283.534862
1470582214 13 112905.068000 13 106556.906778
1470582517 13 112183.555000 13 105908.213700
1470582820 13 112035.472000 13 105730.333953
1470583123 13 111820.935000 13 105557.186371
