164 2208
1475416130 13 174380.654000 13 167774.553908
1475416433 13 171998.972000 13 165289.617054
1475416736 13 169742.465000 13 163030.489952
1475417040 13 167866.960000 13 161115.138543
1475417343 13 166121.575000 13 159336.172083
1475417646 13 164559.675000 13 157827.515864
1475417949 13 163092.277000 13 156370.310164
1475418252 13 161709.034000 13 154991.655689
1475418555 13 108352.281000 13 103507.584669
1475418858 13 143783.662000 13 137499.300687
1475419161 13 158071.312000 13 151440.090396
1475419464 13 156885.974000 13 150322.773255
1475419767 13 155581.374000 13 148958.146254
1475420070 13 154365.530000 13 147842.766172
1475420373 13 153105.256000 13 146557.629026
1475420676 13 151840.671000 13 145325.575244
1475420979 13 150640.770000 13 144137.982950
1475421282 13 149488.376000 13 143025.572180
1475421585 13 148219.770000 13 141787.686407
1475421888 13 147206.479000 13 140838.550684
1475422191 13 145922.711000 13 139574.201231
1475422494 13 144832.031000 13 138466.460215
1475422797 13 143767.927000 13 137465.723169
1475423100 13 142624.452000 13 136335.894406
1475423403 13 141630.545000 13 135339.980524
1475423706 13 140705.218000 13 134467.880173
1475424009 13 139795.793000 13 133602.272250
1475424313 13 138877.602000 13 132679.670414
1475424616 13 138030.254000 13 131863.042925
1475424919 13 137145.386000 13 131000.011680
1475425222 13 136113.620000 13 130010.964629
1475425525 13 135176.924000 13 129092.606128
1475425828 13 134337.855000 13 128313.048076
1475426131 13 133321.733000 13 127308.148297
1475426434 13 132484.787000 13 126505.878486
1475426737 13 131594.976000 13 125643.882073
1475427040 13 131208.633000 13 125305.888984
1475427343 13 130291.039000 13 124415.010811
1475427646 13 129254.210000 13 123405.932681
1475427949 13 128067.533000 13 122296.694010
1475428252 13 127278.983000 13 121515.518701
1475428555 13 126207.668000 13 120487.951360
1475428858 13 125370.247000 13 119684.534913
1475429161 13 123480.524000 13 117876.325278
1475429464 13 126879.860000 13 121147.801414
1475429767 13 127357.912000 13 121608.198798
1475430070 13 126618.775000 13 120873.455841
1475430373 13 125843.537000 13 120157.246305
1475430676 13 125058.692000 13 119423.917800
1475430979 13 124107.193000 13 118450.390669
1475431283 13 123581.783000 13 117982.798835
1475431586 13 122924.039000 13 117357.646947
1475431889 13 122186.945000 13 116642.942855
1475432192 13 121477.933000 13 115987.429750
1475432495 13 120387.337000 13 114894.332418
1475432798 13 119526.736000 13 114070.201076
1475433101 13 119132.415000 13 113696.113580
1475433404 13 118566.123000 13 113097.745181
1475433707 13 117890.395000 13 112525.429648
1475434010 13 115874.614000 13 110583.364944
1475434313 13 116973.456000 13 111622.515672
1475434616 13 116347.860000 13 111037.412923
1475434919 13 115686.809000 13 110472.031826
1475435222 13 115060.332000 13 109807.527617
1475435525 13 114447.654000 13 109208.061984
1475435828 13 113836.126000 13 108621.396575
1475436131 13 113245.263000 13 108086.067289
1475436434 13 112648.863000 13 107526.531185
1475436737 13 112098.741000 13 106961.958711
1475437040 13 111495.805000 13 106392.284877
1475437343 13 110878.818000 13 105802.923182
1475437646 13 110255.000000 13 105206.824661
1475437950 13 109657.617000 13 104653.819977
1475438253 13 109032.388000 13 104067.786389
1475438556 13 108184.747000 13 103250.503681
1475438859 13 106911.310000 13 102135.734623
1475439162 13 107473.840000 13 102613.336782
1475439465 13 106922.321000 13 102087.643408
1475439768 13 106351.808000 13 101534.615335
1475440071 13 105816.515000 13 101022.530817
1475440374 13 105288.543000 13 100519.713016
1475440677 13 104775.669000 13 100011.752238
1475440980 13 104243.654000 13 99551.937272
1475441283 13 103713.163000 13 99051.319141
1475441586 13 103001.110000 13 98419.199011
1475441889 13 102287.463000 13 97675.917373
1475442192 13 101558.012000 13 96994.536002
1475442495 13 100916.123000 13 96400.335546
1475442798 13 100306.303000 13 95876.080022
1475443101 13 99602.886000 13 95187.238999
1475443404 13 99070.577000 13 94663.792103
1475443707 13 98742.745000 13 94362.473231
1475444010 13 98379.991000 13 94016.263866
1475444313 13 97887.754000 13 93553.463999
1475444616 13 97350.358000 13 93029.780493
1475444919 13 96899.193000 13 92584.702818
1475445223 13 96411.457000 13 92140.839385
1475445526 13 94524.949000 13 90374.407955
1475445829 13 95460.295000 13 91192.275689
1475446132 13 95576.638000 13 91332.292964
1475446435 13 95024.384000 13 90837.205222
1475446738 13 94632.504000 13 90458.993979
1475447041 13 94281.316000 13 90154.261197
1475447344 13 93903.730000 13 89818.023160
1475447647 13 93408.189000 13 89356.910752
1475447950 13 92955.102000 13 88933.083582
1475448253 13 92424.698000 13 88421.607487
1475448556 13 91839.841000 13 87885.976589
1475448859 13 91373.851000 13 87430.901579
1475449162 13 90844.460000 13 86914.352720
1475449465 13 90630.256000 13 86754.374567
1475449768 13 90560.178000 13 86665.506205
1475450071 13 90190.375000 13 86329.286363
1475450374 13 89745.427000 13 85915.243328
1475450677 13 89348.995000 13 85545.765781
1475450980 13 88940.428000 13 85146.525035
1475451283 13 88575.712000 13 84781.145220
1475451586 13 88183.681000 13 84396.548168
1475451889 13 87695.938000 13 83942.606797
1475452193 13 87363.561000 13 83655.565009
1475452496 13 86993.951000 13 83289.059357
1475452799 13 86622.885000 13 82960.845188
1475453102 13 86263.087000 13 82618.923361
1475453405 13 84823.318000 13 81271.529734
1475453708 13 85456.081000 13 81886.109666
1475454011 13 85023.499000 13 81483.143004
1475454314 13 84582.818000 13 81070.717218
1475454617 13 84181.704000 13 80666.739119
1475454920 13 83782.758000 13 80314.539149
1475455223 13 83408.898000 13 79982.942265
1475455526 13 82977.549000 13 79533.005032
1475455829 13 82611.071000 13 79199.055068
1475456132 13 82329.142000 13 78951.453994
1475456435 13 82017.704000 13 78645.657774
1475456738 13 81673.419000 13 78338.746117
1475457041 13 81333.267000 13 78035.344574
1475457344 13 81007.548000 13 77695.391012
1475457647 13 80608.895000 13 77344.730297
1475457950 13 80209.994000 13 76935.567621
1475458253 13 79930.007000 13 76700.761576
1475458556 13 79608.034000 13 76414.598614
1475458859 13 79280.926000 13 76101.064530
1475459163 13 78859.471000 13 75696.816021
1475459466 13 78463.964000 13 75330.549583
1475459769 13 78175.375000 13 75017.915133
1475460072 13 77902.425000 13 74753.257488
1475460375 13 77619.965000 13 74513.227870
1475460678 13 77363.877000 13 74266.711028
1475460981 13 77058.299000 13 73966.887205
1475461284 13 76740.097000 13 73694.715312
1475461587 13 76432.268000 13 73411.914261
1475461890 13 75188.101000 13 72244.958859
1475462193 13 75746.812000 13 72780.191944
1475462496 13 75429.397000 13 72484.247462
1475462799 13 75066.996000 13 72486.688934
1475463102 13 74718.349000 13 71813.250831
1475463405 13 74307.374000 13 71428.281964
1475463708 13 74010.917000 13 71142.139801
1475464011 13 73768.937000 13 70927.892646
1475464314 13 73461.672000 13 70625.965355
1475464617 13 73169.554000 13 70354.862092
1475464920 13 72859.711000 13 70065.324215
1475465223 13 72507.084000 13 69723.108577
1475465526 13 72167.285000 13 69435.042347
