112
1477333904 13 182805.239000 13 177741.935010
1477334207 13 181355.907000 13 176184.683168
1477334510 13 131001.106000 13 126752.299115
1477334813 13 149625.537000 13 144383.828971
1477335117 13 177771.975000 13 172533.971360
1477335420 13 176253.618000 13 170946.732718
1477335723 13 174903.860000 13 169593.530488
1477336026 13 173582.575000 13 168204.925486
1477336329 13 172237.798000 13 166861.288976
1477336632 13 170776.067000 13 166046.382744
1477336935 13 169706.038000 13 164342.720004
1477337238 13 169001.916000 7 88201.536137
1477337541 14 180759.503000 13 179116.080939
1477337851 13 164296.522000 13 158723.344608
1477338154 13 166002.998000 13 160430.374455
1477338457 13 164999.129000 13 159380.391760
1477338760 13 163905.292000 13 158386.500753
1477339064 13 162861.624000 13 157263.390612
1477339367 13 161862.036000 13 156264.959846
1477339670 13 160845.547000 13 155272.602878
1477339973 13 159834.492000 13 154241.663228
1477340276 13 158826.197000 13 153221.711534
1477340579 13 157843.161000 13 152250.615481
1477340882 13 156925.186000 13 151356.351994
1477341185 13 155982.003000 13 150345.191204
1477341488 13 154982.320000 13 149379.880341
1477341791 13 154045.352000 13 148413.716654
1477342094 13 153130.016000 13 147515.745442
1477342397 13 152297.440000 13 146661.320486
1477342700 13 149450.414000 13 143906.642828
1477343003 13 150414.447000 13 144820.414762
1477343306 13 149455.751000 13 143914.853901
1477343609 13 148602.226000 13 143122.953236
1477343912 13 147754.546000 13 142331.819594
1477344215 13 146867.112000 13 141376.716673
1477344518 13 146028.516000 13 140565.622168
1477344821 13 145162.453000 13 139680.159973
1477345124 13 144338.731000 13 138898.701258
1477345427 13 143510.413000 13 138072.760254
1477345730 13 142735.715000 13 137286.639578
1477346034 13 141960.367000 13 136524.340909
1477346337 13 141127.629000 13 135599.651197
1477346640 13 140181.813000 13 134850.298354
1477346943 13 139436.788000 13 134060.976977
1477347246 13 138574.099000 13 133283.917603
1477347549 13 137792.053000 13 132497.526528
1477347852 13 137011.551000 13 131789.967481
1477348155 13 135952.203000 13 130685.858781
1477348458 13 135393.253000 13 130159.403587
1477348761 13 134875.575000 13 129590.780181
1477349064 13 134148.302000 13 128922.331645
1477349367 13 133381.902000 13 128146.270704
1477349670 13 132624.571000 13 127420.461644
1477349973 13 131867.662000 13 126738.799470
1477350276 13 129668.062000 13 124651.085699
1477350579 13 131248.364000 13 126040.426530
1477350882 13 130565.157000 13 125421.031226
1477351185 13 129878.197000 13 124724.025938
1477351488 13 129166.714000 13 124064.875306
1477351791 13 128589.181000 13 123550.825128
1477352094 13 127891.214000 13 122840.494384
1477352397 13 127253.894000 13 122251.956913
1477352700 13 126593.609000 13 121572.434607
1477353004 13 125900.454000 13 120901.918998
1477353307 13 125260.060000 13 120229.110110
1477353610 13 124543.953000 13 119542.104750
1477353913 13 123955.994000 13 118966.978530
1477354216 13 123294.239000 13 118363.896175
1477354519 13 122637.121000 13 117737.116627
1477354822 13 122060.135000 13 117216.360825
1477355125 13 121441.583000 13 116636.471240
1477355428 13 120888.362000 13 116044.730464
1477355731 13 121196.415000 13 115515.277368
1477356034 13 119658.841000 13 114919.698871
1477356337 13 119088.704000 13 114346.943927
1477356640 13 118499.634000 13 113795.803508
1477356943 13 117921.671000 13 113269.756525
1477357246 13 117274.279000 13 112622.103480
1477357549 13 116869.886000 13 112237.223015
1477357852 13 115347.508000 13 110059.143225
1477358155 13 113153.286000 13 108686.632756
1477358458 13 112601.019000 13 108142.008151
1477358761 13 112118.612000 13 107673.961314
1477359064 13 110280.799000 13 105955.592480
1477359367 13 111229.033000 13 106861.153350
1477359670 13 110698.225000 13 106383.280775
1477359973 13 110208.091000 13 105888.484239
1477360277 13 109720.679000 13 105417.512304
1477360580 13 109243.066000 13 104949.592865
1477360883 13 108802.187000 13 104537.798901
1477361186 13 108314.651000 13 104049.889993
1477361489 13 107750.939000 13 103505.273193
1477361792 13 107166.834000 13 102943.953432
1477362095 13 106733.306000 13 102554.400611
1477362398 13 106244.756000 13 102143.319078
1477362701 13 105774.955000 13 101630.074918
1477363004 13 105248.167000 13 101134.981977
1477363307 13 104903.344000 13 100839.679710
1477363610 13 104514.928000 13 100468.007684
1477363913 13 104069.967000 13 100003.015947
1477364216 13 103685.875000 13 99631.874339
1477364519 13 103228.757000 13 99178.541392
1477364822 13 102807.893000 13 98863.868475
1477365125 13 102486.412000 13 98552.133654
1477365428 13 102097.319000 13 98143.407796
1477365731 13 101611.428000 13 97676.203383
1477366034 13 101185.399000 13 97265.332450
1477366337 13 100811.473000 13 96922.157381
1477366640 13 102168.414000 13 96516.229212
1477366944 13 100825.853000 13 96088.683930
1477367247 13 98285.249000 13 94536.096637
1477367550 10 53508.954000 8 34205.599168
