179
1472421647 13 130536.671000 13 124355.770422
1472421950 13 100944.071000 13 95940.634980
1472422254 13 153321.497000 13 146275.236182
1472422557 13 151470.729000 13 144454.356332
1472422860 13 149975.109000 13 142981.266696
1472423163 13 149081.392000 13 142108.971347
1472423466 13 148113.998000 13 141116.328369
1472423769 13 146857.388000 13 139925.998194
1472424072 13 145328.826000 13 138430.368404
1472424375 13 143882.967000 13 137009.449522
1472424678 13 143278.937000 13 136406.442565
1472424981 13 141899.168000 13 135060.005764
1472425284 13 138980.389000 13 132283.976191
1472425587 13 140700.338000 13 133943.908064
1472425890 13 140059.782000 13 133339.619270
1472426193 13 139049.105000 13 132358.351681
1472426496 13 137811.354000 13 131147.337799
1472426799 13 136952.301000 13 130366.474511
1472427102 13 137268.213000 13 131141.609807
1472427405 13 137558.526000 13 131011.225857
1472427708 13 139098.380000 13 132422.917032
1472428011 13 138315.447000 13 131653.028702
1472428314 13 137517.038000 13 130854.139008
1472428617 13 136857.302000 13 130250.149216
1472428921 13 136098.514000 13 129538.882450
1472429224 13 135328.958000 13 128800.694373
1472429527 13 134645.483000 13 128135.391943
1472429830 13 133954.394000 13 127468.560653
1472430133 13 133305.425000 13 126797.249420
1472430436 13 132760.656000 13 126306.431017
1472430739 13 132115.610000 13 125692.971716
1472431042 13 131472.501000 13 125083.578953
1472431345 13 130785.612000 13 124424.376318
1472431648 13 130091.528000 13 123807.048089
1472431951 13 129420.286000 13 123125.463908
1472432254 13 128782.656000 13 122481.710996
1472432557 13 128205.907000 13 121943.389009
1472432860 13 127651.633000 13 121441.065221
1472433163 13 127047.133000 13 120818.185795
1472433466 13 126385.422000 13 120241.304516
1472433769 13 125745.534000 13 119620.663773
1472434072 13 125156.028000 13 119057.898370
1472434375 13 122954.914000 13 116934.631005
1472434678 13 124199.938000 13 118152.069698
1472434981 13 123688.460000 13 117660.484266
1472435284 13 123111.819000 13 117099.156704
1472435587 13 122548.996000 13 116585.688944
1472435890 13 122004.467000 13 116081.987112
1472436194 13 121446.031000 13 115531.208101
1472436497 13 120895.253000 13 114997.516871
1472436800 14 129461.440000 13 954385.878399
1472437120 13 119393.798000 13 113463.944017
1472437423 13 118635.504000 13 112723.655075
1472437726 13 118137.217000 13 112298.041651
1472438029 13 117455.101000 13 111635.250906
1472438332 13 117140.537000 13 111363.606825
1472438635 13 116651.323000 13 110894.376939
1472438938 13 115800.622000 13 110125.198430
1472439241 13 115465.707000 13 109752.275771
1472439544 13 115112.971000 13 109410.561949
1472439847 13 114714.883000 13 109035.205604
1472440150 13 114251.697000 13 108617.915055
1472440453 13 113462.826000 13 107872.243944
1472440756 13 113083.854000 13 107485.681222
1472441059 13 112772.194000 13 107225.906538
1472441362 13 112051.280000 13 106558.032612
1472441665 13 110878.335000 13 105406.287724
1472441968 13 111812.960000 13 106317.290576
1472442271 13 111404.916000 13 105924.708651
1472442574 13 110927.319000 13 105456.393999
1472442877 13 110439.711000 13 105010.954916
1472443180 13 110024.167000 13 104624.836805
1472443484 13 109558.541000 13 104170.396223
1472443787 13 109067.865000 13 103696.543384
1472444090 13 108586.381000 13 103233.085691
1472444393 13 108213.780000 13 102904.315108
1472444696 13 107816.316000 13 102504.408744
1472444999 13 107399.103000 13 102144.603517
1472445302 13 106962.075000 13 101681.840052
1472445605 13 106552.104000 13 101305.043263
1472445908 13 106114.625000 13 100895.844184
1472446211 13 105684.378000 13 100529.003125
1472446514 13 105266.432000 13 100153.381567
1472446817 13 104800.195000 13 99696.491697
1472447120 13 104284.868000 13 99214.079377
1472447423 13 103842.144000 13 98789.773800
1472447726 13 103403.781000 13 98352.987801
1472448029 13 102932.522000 13 97892.483809
1472448332 13 102528.046000 13 97522.808656
1472448635 13 102157.018000 13 97169.685655
1472448938 13 101702.366000 13 96732.644845
1472449241 13 101128.404000 13 96256.592338
1472449544 13 100698.964000 13 95806.831910
1472449847 13 100129.727000 13 95282.204576
1472450151 13 99878.922000 13 95035.061113
1472450454 13 99611.849000 13 94810.153599
1472450757 13 99200.630000 13 94422.171230
1472451060 13 98811.374000 13 94050.686413
1472451363 13 98015.400000 13 93303.377242
1472451666 13 97441.074000 13 92774.704173
1472451969 13 98319.030000 13 93570.894979
1472452272 13 97977.053000 13 93229.989788
1472452575 13 97603.391000 13 92898.286302
1472452878 13 97231.270000 13 92542.381209
1472453181 13 96879.785000 13 92239.042064
1472453484 13 96525.587000 13 91888.758364
1472453787 13 94605.580000 13 90094.511198
1472454090 13 92649.844000 13 88281.730612
1472454393 13 92347.085000 13 87995.892665
1472454696 13 92066.039000 13 87699.126541
1472454999 13 91819.498000 13 87483.675539
1472455302 13 91556.144000 13 87245.499786
1472455605 13 91222.440000 13 86941.406627
1472455908 13 90912.121000 13 86651.556735
1472456211 13 90603.337000 13 86349.998654
1472456514 13 90307.597000 13 86061.069203
1472456818 13 90222.501000 13 85846.421625
1472457121 13 91160.493000 13 85522.648406
1472457424 13 89480.238000 13 85285.676489
1472457727 13 87999.636000 13 83917.107747
1472458030 13 88946.878000 13 84788.087459
1472458333 13 88643.044000 13 84513.297274
1472458636 13 88358.181000 13 84265.451790
1472458939 13 88090.245000 13 83999.535703
1472459242 13 87824.803000 13 83770.111836
1472459545 13 87537.567000 13 83494.138611
1472459848 13 87239.253000 13 83190.869676
1472460151 13 87015.463000 13 82998.975462
1472460454 13 86734.312000 13 82736.642292
1472460757 13 86458.252000 13 82475.580574
1472461060 13 86167.797000 13 82201.281807
1472461363 13 85889.900000 13 81932.443221
1472461666 13 85659.551000 13 81757.106361
1472461969 13 85375.822000 13 81457.069330
1472462272 13 85093.554000 13 81217.234719
1472462575 13 84795.286000 13 80921.810250
1472462878 13 84513.634000 13 80678.137904
1472463181 13 84290.831000 13 80464.548559
1472463484 13 84032.314000 13 80216.461276
1472463787 13 83775.289000 13 79978.914733
1472464090 13 83499.106000 13 79700.302422
1472464393 13 83252.653000 13 79501.497174
1472464697 13 82999.070000 13 79238.409981
1472465000 13 82718.575000 13 79008.642905
1472465303 13 82474.343000 13 78790.329207
1472465606 13 82235.631000 13 78593.081419
1472465909 13 81992.330000 13 78322.053555
1472466212 13 81715.771000 13 78079.085841
1472466515 13 81458.456000 13 77808.180185
1472466818 13 80541.454000 13 77002.179249
1472467121 13 80588.004000 13 77008.362254
1472467424 13 80773.068000 13 77229.718054
1472467727 13 80517.771000 13 76956.883143
1472468030 13 80309.600000 13 76764.409103
1472468333 13 80054.691000 13 76524.805893
1472468636 13 79783.985000 13 76292.568734
1472468939 13 79549.541000 13 76088.862322
1472469242 13 79318.145000 13 75828.856233
1472469545 13 79070.416000 13 75609.226888
1472469848 13 78844.215000 13 75399.345278
1472470151 13 78618.240000 13 75184.739308
1472470454 13 78365.905000 13 74958.131342
1472470757 13 78069.367000 13 74707.376357
1472471060 13 77770.122000 13 74398.140214
1472471364 13 77501.453000 13 74172.988292
1472471667 13 77233.389000 13 73911.903172
1472471970 13 77035.410000 13 73710.214427
1472472273 13 76769.428000 13 73479.615323
1472472576 13 76531.232000 13 73241.670970
1472472879 13 76404.932000 13 73114.092506
1472473182 13 76190.942000 13 72947.190334
1472473485 13 75965.546000 13 72726.741963
1472473788 13 75712.610000 13 72488.306186
1472474091 13 54366.186000 13 52315.987027
1472474394 13 64170.786000 13 61480.900725
1472474697 13 75216.305000 13 72027.055979
1472475000 13 74999.904000 13 71830.062993
1472475303 13 74728.744000 13 71576.889933
1472475606 5 26988.989000 5 25036.101516
