2320
1472421647 9966.345 9793.002
1472421671 7901.901 5906.551
1472421694 9074.226 1501.044
1472421717 9470.672 4665.695
1472421741 10243.424 10042.27
1472421764 11610.021 9724.182
1472421787 11604.726 11274.909
1472421811 11576.738 11238.701
1472421834 11594.359 10945.751
1472421857 11600.224 11053.243
1472421881 5170.817 5038.13
1472421904 5671.316 5539.692
1472421927 10284.633 10057.044
1472421950 10643.12 10398.411
1472421974 6734.151 6648.59
1472421997 4122.855 4090.183
1472422020 2649.556 2632.685
1472422044 2740.559 2729.296
1472422067 8781.397 8650.639
1472422090 9099.877 8944.966
1472422114 2868.295 2851.501
1472422137 3356.036 3334.75
1472422160 11516.819 11196.537
1472422184 11504.927 11228.526
1472422207 11498.501 11168.932
1472422230 11490.25 11002.473
1472422254 11474.984 10748.816
1472422277 11469.804 10575.344
1472422300 11457.774 11161.198
1472422323 11450.966 11182.415
1472422347 11440.252 11145.993
1472422370 11430.236 11166.405
1472422393 11419.75 11156.633
1472422417 11409.497 11131.038
1472422440 11400.373 11122.665
1472422463 11390.892 11130.191
1472422487 11378.874 11134.073
1472422510 11371.98 11127.999
1472422533 11356.263 11098.373
1472422557 11348.346 11059.369
1472422580 11335.908 11080.759
1472422603 11323.81 10875.788
1472422626 11308.169 11070.838
1472422650 11292.923 10885.31
1472422673 11277.753 11011.968
1472422696 11275.337 10882.929
1472422720 11262.292 10997.013
1472422743 11253.342 10849.871
1472422766 11242.75 11010.073
1472422790 11227.977 10924.7
1472422813 11219.01 10940.317
1472422836 11210.981 10952.358
1472422860 11177.162 10919.322
1472422883 11206.584 10932.728
1472422906 11200.572 10927.009
1472422930 11181.719 10910.28
1472422953 11165.222 10893.759
1472422976 11147.926 10893.521
1472422999 11146.18 10893.91
1472423023 11149.531 10887.849
1472423046 11145.268 10905.632
1472423069 11137.02 6581.486
1472423093 11141.081 10888.105
1472423116 11123.425 10885.739
1472423139 11121.354 10882.308
1472423163 11117.911 10893.819
1472423186 11081.058 10845.867
1472423209 11105.427 10882.964
1472423233 11108.57 10857.051
1472423256 11097.872 10821.545
1472423279 11095.827 10680.5
1472423303 11083.803 10836.352
1472423326 11083.564 10615.591
1472423349 11082.426 10820.474
1472423372 11069.167 10820.246
1472423396 11070.516 10807.111
1472423419 11063.693 10818.768
1472423442 11042.744 10798.217
1472423466 11063.154 10818.028
1472423489 11050.61 10791.143
1472423512 11043.497 10800.792
1472423536 11025.775 10785.365
1472423559 11001.626 10746.355
1472423582 11008.328 10757.671
1472423606 11009.733 10771.975
1472423629 11003.063 10747.491
1472423652 10991.783 10725.483
1472423676 10985.173 10743.775
1472423699 10986.294 10597.446
1472423722 10989.96 10737.769
1472423745 10985.085 10583.354
1472423769 10987.962 10752.729
1472423792 10976.241 10728.568
1472423815 10964.462 10731.139
1472423839 10947.182 10717.336
1472423862 10931.564 10698.371
1472423885 10882.271 10628.486
1472423909 10904.685 10661.915
1472423932 10908.418 10678.658
1472423955 10919.5 10686.587
1472423978 10880.793 10652.495
1472424002 10858.434 10634.285
1472424025 10863.153 10645.652
1472424048 10859.45 10642.106
1472424072 10847.057 10644.186
1472424095 10835.787 10633.3
1472424118 10799.031 10585.343
1472424142 10834.366 10618.938
1472424165 10846.643 10495.819
1472424188 10827.604 10602.725
1472424212 10815.103 10575.73
1472424235 10768.619 10560.277
1472424258 10793.18 10577.371
1472424282 10825.569 10608.951
1472424305 10801.674 10585.385
1472424328 10797.904 7261.313
1472424352 10795.302 10559.972
1472424375 10780.029 10560.91
1472424398 10768.287 10550.745
1472424421 10731.427 10516.462
1472424445 10726.909 10352.307
1472424468 10722.132 10467.311
1472424491 10728.833 10515.819
1472424515 10741.66 10526.73
1472424538 10715.619 10357.087
1472424561 10694.822 10336.804
1472424585 10692.962 10270.056
1472424608 10646.285 10410.118
1472424631 10663.369 10363.26
1472424655 10670.686 10196.423
1472424678 10675.503 10373.391
1472424701 10708.355 10376.971
1472424724 10679.219 10308.866
1472424748 10674.073 10348.995
1472424771 10669.983 10378.337
1472424794 10666.619 10395.024
1472424818 10671.074 10399.017
1472424841 10660.224 10388.995
1472424864 10656.054 10401.336
1472424888 10662.073 10216.801
1472424911 10676.169 10398.974
1472424934 10650.613 10392.742
1472424958 10634.396 10363.54
1472424981 10591.067 10326.339
1472425004 10610.004 10186.955
1472425028 10607.261 10354.158
1472425051 10596.701 10344.631
1472425074 10604.62 10325.137
1472425097 10590.73 10181.198
1472425121 10572.726 10309.778
1472425144 10537.15 10278.138
1472425167 10542.898 10269.542
1472425191 10533.224 10288.245
1472425214 10521.397 10264.162
1472425237 10507.246 10263.171
1472425261 10496.45 10254.486
1472425284 10494.505 10240.174
1472425307 10496.318 10243.102
1472425331 10523.718 10253.834
1472425354 10509.246 10267.596
1472425377 10449.254 10172.044
1472425401 10473.792 10196.666
1472425424 10483.706 10244.036
1472425447 10465.496 10226.389
1472425470 10321.999 10080.355
1472425494 10158.677 9943.273
1472425517 9075.799 8749.297
1472425540 10431.218 10159.76
1472425564 10478.508 10045.522
1472425587 10485.793 4953.154
1472425610 10484.474 10206.941
1472425634 10491.698 10212.514
1472425657 10483.436 10181.63
1472425680 10472.117 10197.901
1472425704 10478.497 10044.053
1472425727 10482.648 10152.414
1472425750 10471.152 10196.887
1472425773 10479.448 10076.502
1472425797 10460.357 10208.353
1472425820 10419.967 10160.175
1472425843 10430.589 10197.26
1472425867 10437.138 10188.861
1472425890 10429.746 10182.578
1472425913 10426.441 10167.212
1472425937 10453.127 10203.543
1472425960 10433.655 10199.827
1472425983 10430.721 10144.811
1472426007 10417.989 10137.258
1472426030 10426.25 10160.161
1472426053 10423.326 10156.589
1472426076 10416.076 10123.476
1472426100 10422.204 10152.776
1472426123 10408.876 10115.091
1472426147 10370.049 9922.894
1472426170 10386.563 10093.995
1472426193 10394.245 10130.535
1472426216 10385.157 10111.151
1472426240 10376.883 10101.791
1472426263 10373.342 10086.998
1472426286 10345.693 10084.083
1472426310 10320.751 10063.291
1472426333 10334.799 10050.746
1472426356 10325.421 10069.009
1472426380 10326.047 10054.111
1472426403 10326.504 9219.36
1472426426 10341.088 10084.082
1472426450 10319.242 10050.437
1472426473 10268.202 5003.36
1472426496 10292.043 7365.548
1472426519 10281.152 9065.684
1472426543 10284.126 10017.596
1472426566 10279.252 10017.023
1472426589 10235.419 9967.599
1472426613 10249.334 9988.781
1472426636 10253.81 9991.841
1472426659 10240.208 9967.811
1472426683 10224.026 9937.124
1472426706 10220.874 9963.469
1472426729 10240.817 9979.531
1472426753 10222.395 9953.833
1472426776 10167.583 9946.939
1472426799 10206.899 6310.199
1472426822 10199.417 6375.432
1472426846 10211.242 9970.28
1472426869 10202.498 9960.969
1472426892 10155.033 9919.675
1472426916 10169.721 6876.831
1472426939 10168.483 6492.96
1472426962 10164.584 9940.168
1472426986 10166.023 9940.172
1472427009 10171.524 9959.121
1472427032 10185.308 9949.152
1472427056 10175.727 9922.078
1472427079 10141.734 9890.834
1472427102 10183.451 9929.295
1472427126 10180.445 9940.633
1472427149 10179.96 9935.959
1472427172 10192.387 9950.241
1472427196 10158.542 9894.108
1472427219 10152.44 9914.758
1472427242 10146.423 9898.308
1472427265 10138.199 9902.628
1472427289 10143.202 9880.179
1472427312 10156.859 9904.893
1472427335 10184.256 9913.176
1472427359 10390.314 10125.572
1472427382 10396.697 9975.211
1472427405 10396.46 9974.564
1472427429 10393.858 10131.402
1472427452 10197.739 9949.919
1472427475 10083.597 9855.982
1472427499 10257.881 7031.039
1472427522 9535.92 9208.65
1472427545 9969.265 9744.828
1472427569 10121.259 9906.855
1472427592 10393.003 10123.319
1472427615 10390.038 10135.276
1472427638 10390.02 10134.137
1472427662 10378.056 10148.923
1472427685 10355.924 10130.731
1472427708 10373.751 10145.665
1472427732 10366.195 10112.727
1472427755 10368.651 10126.393
1472427778 10363.059 10097.209
1472427802 10346.198 10120.2
1472427825 10332.419 10081.878
1472427848 10339.513 10114.75
1472427871 10342.354 10117.699
1472427895 10335.414 9959.306
1472427918 10341.086 10101.414
1472427941 10328.219 10104.035
1472427965 10317.982 10094.066
1472427988 10289.27 10043.99
1472428011 10305.577 10057.608
1472428035 10302.76 10067.482
1472428058 10316.373 10093.308
1472428081 10294.358 10047.742
1472428105 10291.826 10071.094
1472428128 10269.598 10036.286
1472428151 10281.496 10060.912
1472428174 10275.025 10055.878
1472428198 10276.854 10044.814
1472428221 10272.194 10039.715
1472428245 10257.87 10013.368
1472428268 10253.876 9997.157
1472428291 10248.372 9998.164
1472428314 10237.34 9991.874
1472428338 10232.364 9985.236
1472428361 10225.636 9945.916
1472428384 10239.952 9982.335
1472428408 10227.035 9980.237
1472428431 10220.258 9964.211
1472428454 10219.12 9961.476
1472428478 10212.334 9951.885
1472428501 10207.854 9964.582
1472428524 10206.733 9810.756
1472428547 10203.376 9977.47
1472428571 10200.455 9988.14
1472428594 10199.442 9962.542
1472428617 10194.826 9956.298
1472428641 10186.328 9948.42
1472428664 10183.569 9973.023
1472428687 10180.846 9969.089
1472428711 10177.139 9939.898
1472428734 10172.341 9950.047
1472428757 10168.987 9919.256
1472428781 10151.776 9904.923
1472428804 10164.047 9902.49
1472428827 10167.232 9916.367
1472428851 10150.823 9915.9
1472428874 10142.617 9909.14
1472428897 10144.735 9741.106
1472428921 10140.395 9903.174
1472428944 10134.162 9899.046
1472428967 10129.232 9898.974
1472428990 10123.297 9890.006
1472429014 10118.323 9883.68
1472429037 10113.253 9868.018
1472429060 10106.364 9873.59
1472429084 10099.682 9830.443
1472429107 10098.049 9868.623
1472429130 10097.984 9713.352
1472429154 10092.58 9837.395
1472429177 10087.457 9703.085
1472429200 10081.776 9848.029
1472429224 10083.427 9854.854
1472429247 10074.917 9819.272
1472429270 10066.574 9800.722
1472429293 10063.302 9831.768
1472429317 10060.449 9693.719
1472429340 10054.4 9814.253
1472429363 10051.358 9823.855
1472429387 10046.239 9680.25
1472429410 10042.342 9802.661
1472429433 10039.21 9787.141
1472429457 10035.438 9783.617
1472429480 10031.678 9653.454
1472429503 10027.961 9765.776
1472429527 10025.614 9812.374
1472429550 10024.725 9797.164
1472429573 10018.808 9817.583
1472429596 10013.759 9813.601
1472429620 10009.425 9795.76
1472429643 10004.779 9804.204
1472429666 9999.066 9787.371
1472429690 9994.977 9782.484
1472429713 9991.676 9766.743
1472429736 9987.385 9770.817
1472429760 9983.084 9761.957
1472429783 9979.074 9745.0
1472429806 9975.835 9752.856
1472429830 9974.365 9729.358
1472429853 9970.811 9724.406
1472429876 9961.967 9739.51
1472429900 9946.312 9715.38
1472429923 9969.501 9734.978
1472429946 9954.477 9737.522
1472429970 9945.603 9728.101
1472429993 9940.657 9722.363
1472430016 9939.806 9711.032
1472430039 9936.324 9705.636
1472430063 9931.117 9716.734
1472430086 9928.321 9711.756
1472430109 9922.969 9706.028
1472430133 9906.95 9689.425
1472430156 9914.998 9699.432
1472430179 9908.298 9544.964
1472430203 9906.999 9666.143
1472430226 9902.37 9662.598
1472430249 9897.911 9683.573
1472430273 9903.173 9700.177
1472430296 9895.409 8694.01
1472430319 9893.311 9689.246
1472430342 9884.748 9691.882
1472430366 9883.827 9691.95
1472430389 9879.834 9664.01
1472430412 9878.194 9550.565
1472430436 9872.102 9679.839
1472430459 9871.354 9680.811
1472430482 9870.663 9666.796
1472430506 9867.851 9663.239
1472430529 9862.739 9660.112
1472430552 9859.438 9656.056
1472430576 9854.71 9665.046
1472430599 9852.543 9662.199
1472430622 9850.774 9661.32
1472430645 9846.419 9656.901
1472430669 9846.17 9656.767
1472430692 9841.005 9640.336
1472430715 9835.525 9633.641
1472430739 9833.813 9644.427
1472430762 9828.993 9628.363
1472430785 9821.42 9632.115
1472430809 9821.256 9633.451
1472430832 9816.411 9627.726
1472430855 9810.713 9624.203
1472430879 9809.187 9621.102
1472430902 9801.409 9601.123
1472430925 9787.757 9455.178
1472430949 9786.263 9575.721
1472430972 9773.166 9564.84
1472430995 9792.729 9446.849
1472431018 9788.896 9583.111
1472431042 9778.861 9573.881
1472431065 9772.56 9570.558
1472431088 9767.737 9430.464
1472431112 9764.955 9561.557
1472431135 9761.676 9558.559
1472431158 9758.162 9555.485
1472431182 9756.728 9551.704
1472431205 9753.769 9551.516
1472431228 9740.664 9538.549
1472431252 9746.544 9530.003
1472431275 9743.322 9523.247
1472431298 9741.036 9546.734
1472431322 9736.078 9528.739
1472431345 9720.084 9390.994
1472431368 9727.211 9543.794
1472431392 9726.269 9543.069
1472431415 9718.275 9511.685
1472431438 9710.743 9517.003
1472431461 9706.18 9499.875
1472431485 9703.073 9493.891
1472431508 9698.64 9500.026
1472431531 9694.931 9499.04
1472431555 9695.486 9486.252
1472431578 9686.242 9488.608
1472431601 9679.508 9480.926
1472431625 9675.336 9477.083
1472431648 9674.604 9465.28
1472431671 9665.278 9458.347
1472431695 9669.496 9459.792
1472431718 9664.55 9467.923
1472431741 9659.808 9452.332
1472431764 9652.606 9444.926
1472431788 9648.738 9441.725
1472431811 9649.302 9455.713
1472431834 9643.66 9438.527
1472431858 9638.762 9430.402
1472431881 9635.323 9439.091
1472431904 9630.487 9422.537
1472431928 9629.638 9425.049
1472431951 9625.946 9431.063
1472431974 9623.809 9420.187
1472431998 9592.699 9388.194
1472432021 9624.093 9431.223
1472432044 9608.901 9418.795
1472432067 9606.968 9379.032
1472432091 9600.005 9397.088
1472432114 9596.892 9394.261
1472432137 9594.728 9391.41
1472432161 9591.14 9399.685
1472432184 9586.818 9396.989
1472432207 9581.896 9380.402
1472432231 9578.296 9388.739
1472432254 9574.439 9399.859
1472432277 9571.413 9397.054
1472432301 9567.629 9381.546
1472432324 9563.131 9388.904
1472432347 9558.75 9373.981
1472432371 9552.466 9379.897
1472432394 9546.922 9374.744
1472432417 9544.626 9307.258
1472432440 9533.591 9295.232
1472432464 9539.989 9254.254
1472432487 9541.825 9280.582
1472432510 9531.552 9260.034
1472432534 9527.035 9243.887
1472432557 9524.158 9263.241
1472432580 9508.818 9224.867
1472432604 9517.608 9095.673
1472432627 9516.393 9261.696
1472432650 9512.801 9250.807
1472432674 9510.631 9245.401
1472432697 9506.567 9231.856
1472432720 9496.291 9233.269
1472432744 9503.932 9239.362
1472432767 9488.322 9217.536
1472432790 9495.602 9102.232
1472432813 9491.794 9227.57
1472432837 9498.385 9220.961
1472432860 9488.353 9222.254
1472432883 9481.384 7378.046
1472432907 9470.382 9216.725
1472432930 9470.417 9215.903
1472432953 9470.596 9206.549
1472432977 9469.433 9213.816
1472433000 9466.649 9222.939
1472433023 9462.601 9208.481
1472433047 9458.952 9240.41
1472433070 9455.947 9162.404
1472433093 9453.845 9161.109
1472433116 9447.929 9221.014
1472433140 9444.442 9230.446
1472433163 9443.715 9204.897
1472433186 9440.626 2287.727
1472433210 9433.641 2839.169
1472433233 9429.589 9214.735
1472433256 9424.385 9198.666
1472433280 9420.437 9181.594
1472433303 9417.365 9203.331
1472433326 9412.447 8903.654
1472433350 9404.392 9167.045
1472433373 9413.181 9176.745
1472433396 9407.787 9182.436
1472433420 9401.341 9152.519
1472433443 9397.06 9183.456
1472433466 9390.878 9178.717
1472433490 9386.096 9126.552
1472433513 9376.506 9155.88
1472433536 9373.948 9163.432
1472433559 9376.316 9154.394
1472433583 9372.182 9161.894
1472433606 9368.234 9158.281
1472433629 9364.745 9156.293
1472433653 9362.329 9107.115
1472433676 9359.217 9127.199
1472433699 9355.262 9147.592
1472433723 9349.776 9141.717
1472433746 9347.292 9112.317
1472433769 9341.731 9104.323
1472433792 9337.581 9100.475
1472433816 9337.057 9092.603
1472433839 9334.768 9087.901
1472433862 9327.114 8950.475
1472433886 9313.088 9078.753
1472433909 9317.522 9061.48
1472433932 9315.658 9068.783
1472433956 9311.932 7262.292
1472433979 9311.712 9054.461
1472434002 9306.584 9082.088
1472434026 9301.133 9060.166
1472434049 9296.953 9069.757
1472434072 9295.077 9079.0
1472434096 9294.588 9090.961
1472434119 9297.121 9082.281
1472434142 9286.962 9084.224
1472434165 9280.761 9077.746
1472434189 9277.086 9050.636
1472434212 9272.122 9033.664
1472434235 9270.085 9042.772
1472434259 9265.755 9036.63
1472434282 9260.729 9031.245
1472434305 9258.817 9030.139
1472434329 9255.93 9025.244
1472434352 9251.47 8996.088
1472434375 9249.381 8996.477
1472434399 9226.433 8998.597
1472434422 8994.192 8777.402
1472434445 9027.316 8809.248
1472434468 8614.741 8422.342
1472434492 8892.621 8694.341
1472434515 8973.379 8769.845
1472434538 9249.825 9009.681
1472434562 9244.778 9007.022
1472434585 9242.523 8991.98
1472434608 9237.333 8882.013
1472434632 9229.456 8873.222
1472434655 9216.213 8980.436
1472434678 9225.138 7312.989
1472434702 9221.669 8972.443
1472434725 9213.274 8965.679
1472434748 9209.432 8972.025
1472434772 9204.011 8967.853
1472434795 9202.363 8123.188
1472434818 9201.089 8955.84
1472434842 9197.81 8977.598
1472434865 9193.599 8960.464
1472434888 9190.728 8842.115
1472434911 9187.781 8966.37
1472434935 9189.371 8955.691
1472434958 9184.383 8965.631
1472434981 9182.942 8974.111
1472435005 9178.713 6303.486
1472435028 9175.753 8968.624
1472435051 9172.059 8954.743
1472435075 9159.119 8965.672
1472435098 9167.607 8962.45
1472435121 9165.079 8960.118
1472435145 9160.837 8828.517
1472435168 9154.455 8938.748
1472435191 9150.026 8956.786
1472435214 9148.532 8926.769
1472435238 9144.741 8929.427
1472435261 9141.432 8922.816
1472435284 9133.265 8906.195
1472435308 9130.418 8900.062
1472435331 9130.942 8913.7
1472435354 9133.786 8917.057
1472435378 9125.039 8908.857
1472435401 9122.467 8895.405
1472435424 9117.66 8902.844
1472435448 9114.122 8852.711
1472435471 9112.613 8886.62
1472435494 9110.895 8871.563
1472435518 9100.943 8864.077
1472435541 9104.828 8891.71
1472435564 9100.586 8886.987
1472435587 9102.177 8887.759
1472435611 9091.775 8855.093
1472435634 9086.397 8870.973
1472435657 9081.382 8845.103
1472435681 9080.959 8844.623
1472435704 9079.628 8856.477
1472435727 9068.053 8834.325
1472435751 9076.288 8875.868
1472435774 9075.162 8887.557
1472435797 9065.837 8856.367
1472435821 9063.501 8876.096
1472435844 9060.639 7200.539
1472435867 9055.649 6143.603
1472435890 9050.171 8864.806
1472435914 9055.053 8856.702
1472435937 9051.087 8864.83
1472435960 9050.113 8863.868
1472435984 9040.531 7175.181
1472436007 9036.291 6827.842
1472436030 9036.28 8828.157
1472436054 9027.923 8842.481
1472436077 9023.024 8838.738
1472436100 9027.445 8820.493
1472436124 9030.021 7489.65
1472436147 9018.183 6673.061
1472436170 9013.198 3212.82
1472436194 9011.53 0.0
1472436217 8998.558 0.0
1472436240 9014.262 0.0
1472436263 9005.128 0.0
1472436287 9004.308 0.0
1472436310 8998.89 0.0
1472436333 8992.124 0.0
1472436357 8979.456 0.0
1472436380 8990.787 0.0
1472436403 8988.426 0.0
1472436427 8983.689 0.0
1472436450 8976.237 0.0
1472436473 8973.952 0.0
1472436497 8963.077 0.0
1472436520 8972.43 0.0
1472436543 8965.554 0.0
1472436566 8965.835 0.0
1472436590 8961.791 0.0
1472436613 8954.783 0.0
1472436636 8946.919 0.0
1472436660 8937.177 0.0
1472436683 8947.39 0.0
1472436706 8946.431 0.0
1472436730 8946.798 0.0
1472436753 8940.584 0.0
1472436776 8933.98 0.0
1472436800 8934.454 0.0
1472436823 8920.851 0.0
1472436846 8925.651 0.0
1472436870 8921.006 0.0
1472436893 8918.966 0.0
1472436916 8919.468 0.0
1472436939 8903.934 0.0
1472436963 8884.83 0.0
1472436986 8882.508 0.0
1472437009 8875.022 0.0
1472437026 8891.758 7979.404
1472437050 8883.542 8676.69
1472437073 8879.326 8686.773
1472437096 8864.824 8658.639
1472437120 8869.877 8664.644
1472437143 8862.441 7058.406
1472437166 8866.16 8661.092
1472437190 8852.299 8658.701
1472437213 8846.188 8642.513
1472437236 8844.123 8629.505
1472437260 8834.574 8524.164
1472437283 8827.679 8655.557
1472437306 8820.929 8648.553
1472437329 8817.285 8646.161
1472437353 8818.021 8636.002
1472437376 8813.357 8619.997
1472437399 8805.652 8600.628
1472437423 8793.934 8623.902
1472437446 8791.488 8609.429
1472437469 8789.151 8619.586
1472437493 8785.201 8603.952
1472437516 8782.98 8475.389
1472437539 8781.875 8573.403
1472437563 8781.743 8585.121
1472437586 8779.579 8459.773
1472437609 8771.887 8583.63
1472437632 8767.281 8578.18
1472437656 8764.249 8565.941
1472437679 8764.269 8579.429
1472437702 8773.525 8522.427
1472437726 8768.234 8514.962
1472437749 8762.097 8498.958
1472437772 8758.246 8519.64
1472437796 8757.293 8528.374
1472437819 8753.696 8514.436
1472437842 8749.744 8500.555
1472437866 8743.113 8512.744
1472437889 8733.932 8503.896
1472437912 8729.206 8490.988
1472437936 8725.754 8489.053
1472437959 8722.608 8464.957
1472437982 8723.885 8489.985
1472438006 8715.893 8489.012
1472438029 8705.295 8347.968
1472438052 8703.925 8481.187
1472438075 8690.106 8455.385
1472438099 8697.678 8473.904
1472438122 8695.221 8438.209
1472438145 8692.573 8446.143
1472438169 8689.159 8455.01
1472438192 8686.333 8461.156
1472438215 8675.938 8442.785
1472438239 8683.775 8470.297
1472438262 8692.087 8497.512
1472438285 8681.628 8464.923
1472438308 8677.988 8483.383
1472438332 8677.616 8484.201
1472438355 8677.893 8473.179
1472438378 8674.207 8459.573
1472438402 8679.308 8474.966
1472438425 8674.06 8470.195
1472438448 8667.045 8474.51
1472438472 8663.066 8445.473
1472438495 8666.349 8447.54
1472438518 8664.637 8424.034
1472438542 8662.574 8441.379
1472438565 8657.2 8427.626
1472438588 8652.077 8433.296
1472438612 8655.833 8425.268
1472438635 8662.547 8444.58
1472438658 8655.012 8428.007
1472438681 8648.352 8421.999
1472438705 8643.829 8427.395
1472438728 8639.987 8412.255
1472438751 8637.208 8421.614
1472438775 8634.383 8407.266
1472438798 8630.716 8298.559
1472438821 8623.901 8269.32
1472438845 8617.029 8391.325
1472438868 8608.75 8383.99
1472438891 8601.604 8388.903
1472438915 8596.124 8372.909
1472438938 8591.356 8368.47
1472438961 8584.534 8352.516
1472438985 8577.945 8244.98
1472439008 8584.479 8397.783
1472439031 8570.314 8374.458
1472439054 8567.914 8362.1
1472439078 8571.976 8376.635
1472439101 8564.697 8379.482
1472439124 8559.041 8354.28
1472439148 8548.087 8365.373
1472439171 8543.04 8350.142
1472439194 8551.629 8356.826
1472439218 8550.494 8367.509
1472439241 8546.748 8363.453
1472439264 8546.047 8363.329
1472439288 8542.402 8290.33
1472439311 8539.309 7805.592
1472439334 8538.911 8240.324
1472439357 8543.978 8361.211
1472439381 8541.499 8339.703
1472439404 8548.057 7694.931
1472439427 8543.881 8350.262
1472439451 8542.673 8348.787
1472439474 8535.62 8342.633
1472439497 8533.845 8351.892
1472439521 8530.798 8348.033
1472439544 8526.598 8334.811
1472439567 8526.494 8334.468
1472439591 8522.936 8341.493
1472439614 8518.735 8327.897
1472439637 8518.386 8336.764
1472439661 8517.28 8294.598
1472439684 8514.042 8311.648
1472439707 8511.729 8319.073
1472439730 8508.955 8299.795
1472439754 8509.328 8304.003
1472439777 8505.929 8282.082
1472439800 8505.04 8184.388
1472439824 8502.594 8284.575
1472439847 8498.521 8293.649
1472439870 8499.339 8295.545
1472439894 8495.673 8281.769
1472439917 8492.831 8280.003
1472439940 8488.998 8275.762
1472439964 8486.684 8286.1
1472439987 8485.445 8306.521
1472440010 8484.379 8305.268
1472440033 8480.463 8302.087
1472440057 8478.782 8299.863
1472440080 8473.903 8295.815
1472440103 8471.841 8293.427
1472440127 8470.161 8291.269
1472440150 8466.776 8172.018
1472440173 8464.396 8255.148
1472440197 8462.815 8259.515
1472440220 8459.335 8226.864
1472440243 8456.002 8245.672
1472440267 8451.529 8254.68
1472440290 8449.118 8240.693
1472440313 8446.465 8234.52
1472440337 8446.256 8247.093
1472440360 8440.67 8241.489
1472440383 8440.561 8244.188
1472440406 8436.268 8229.881
1472440430 8428.668 8221.138
1472440453 8422.703 8226.73
1472440476 8418.84 8190.753
1472440500 8404.483 8210.137
1472440523 8403.409 8210.075
1472440546 8393.843 8191.322
1472440570 8389.712 8194.919
1472440593 8384.784 8191.39
1472440616 8379.17 8048.398
1472440640 8376.031 8183.904
1472440663 8375.66 8150.675
1472440686 8373.2 8172.322
1472440709 8370.458 8180.3
1472440733 8366.191 8164.3
1472440756 8369.491 8169.758
1472440779 8367.132 8154.112
1472440803 8371.18 8169.38
1472440826 8366.883 8175.464
1472440849 8366.11 8164.318
1472440873 8361.69 8150.799
1472440896 8360.317 8170.673
1472440919 8357.979 8167.323
1472440943 8359.415 8174.782
1472440966 8355.689 8185.62
1472440989 8354.373 8068.273
1472441013 8351.246 8159.802
1472441036 8350.292 8180.632
1472441059 8345.03 8153.406
1472441082 8346.769 8176.928
1472441106 8346.437 8176.23
1472441129 8347.813 8166.591
1472441152 8344.142 8163.859
1472441176 8339.373 8039.891
1472441199 8338.278 8129.843
1472441222 8333.735 8146.145
1472441246 8333.632 8146.758
1472441269 8331.591 8144.877
1472441292 8327.614 8139.241
1472441316 8326.107 8127.248
1472441339 8328.295 8139.693
1472441362 8325.447 8139.06
1472441386 8329.913 8143.933
1472441409 8318.372 8131.334
1472441432 8309.094 8124.54
1472441455 8305.45 8120.672
1472441479 8305.692 8110.66
1472441502 8301.276 8117.748
1472441525 8300.942 8107.383
1472441549 8298.022 8112.393
1472441572 8300.832 8116.015
1472441595 8297.996 8102.535
1472441619 8292.616 8109.157
1472441642 8010.751 7845.403
1472441665 8157.747 7975.258
1472441689 8236.605 8060.496
1472441712 7694.681 7550.538
1472441735 7769.49 7631.206
1472441759 8285.413 8119.834
1472441782 8309.0 8132.49
1472441805 8302.855 8115.286
1472441828 8301.148 8104.292
1472441852 8300.799 8134.535
1472441875 8304.465 8128.621
1472441898 8296.251 8109.673
1472441922 8290.024 8124.594
1472441945 8284.519 7983.966
1472441968 8271.082 8106.609
1472441992 8284.386 8098.314
1472442015 8280.801 8115.72
1472442038 8272.167 8106.575
1472442062 8269.734 8094.391
1472442085 8269.224 8104.813
1472442108 8265.855 8090.387
1472442131 8263.673 8089.603
1472442155 8259.192 8084.382
1472442178 8260.243 8085.158
1472442201 8257.826 8093.57
1472442225 8258.664 8093.739
1472442248 8252.331 8076.889
1472442271 8250.074 8085.9
1472442295 8247.288 8083.219
1472442318 8243.349 8079.903
1472442341 8239.207 8055.877
1472442365 8244.393 8069.464
1472442388 8244.949 8081.602
1472442411 8237.088 8063.705
1472442434 8233.536 7947.234
1472442458 8232.794 8042.249
1472442481 8222.011 8043.599
1472442504 8228.847 8050.055
1472442528 8222.092 8042.683
1472442551 8223.23 8033.749
1472442574 8225.484 8026.901
1472442598 8214.407 8035.457
1472442621 8195.021 8005.151
1472442644 8213.874 8033.448
1472442668 8213.737 8025.17
1472442691 8205.308 8043.035
1472442714 8200.715 8039.9
1472442738 8196.823 8027.05
1472442761 8188.43 8028.787
1472442784 8193.565 8023.576
1472442807 8189.079 8028.225
1472442831 8190.323 8019.382
1472442854 8188.807 7436.036
1472442877 8180.438 8021.435
1472442901 8176.218 8007.484
1472442924 8158.747 7984.245
1472442947 8177.977 8002.534
1472442971 8172.234 7874.928
1472442994 8171.951 7985.762
1472443017 8162.485 7988.49
1472443041 8159.634 7963.789
1472443064 8149.635 7975.531
1472443087 8161.826 7986.152
1472443111 8155.531 7982.233
1472443134 8154.506 7981.741
1472443157 8153.874 7980.491
1472443180 8147.135 7963.299
1472443204 8131.618 7837.262
1472443227 8150.945 7966.999
1472443250 8146.992 7973.915
1472443274 8137.949 7964.088
1472443297 8133.871 7961.274
1472443320 8132.287 7957.771
1472443344 8124.849 7944.103
1472443367 8132.315 7960.889
1472443390 8119.982 7940.332
1472443414 8126.49 7954.771
1472443437 8119.401 7936.319
1472443460 8119.588 7948.544
1472443484 8112.002 7920.932
1472443507 8104.193 7933.915
1472443530 8109.596 7939.505
1472443553 8108.281 7929.061
1472443577 8106.7 7916.135
1472443600 8102.568 7930.612
1472443623 8092.179 7921.927
1472443647 8093.698 7927.087
1472443670 8091.416 7936.942
1472443693 8079.306 7926.11
1472443717 8085.44 7930.808
1472443740 8081.087 7927.598
1472443763 8078.526 7893.459
1472443787 8081.667 7927.443
1472443810 8071.793 7918.663
1472443833 8070.654 7916.782
1472443856 8056.669 7894.724
1472443880 8061.734 7885.615
1472443903 8070.651 7892.467
1472443926 8061.177 7893.843
1472443950 8058.123 7889.615
1472443973 8055.152 7888.558
1472443996 8047.786 7870.265
1472444020 8043.215 7865.908
1472444043 8043.591 7876.493
1472444066 8041.303 7876.022
1472444090 8029.061 7856.935
1472444113 8038.07 7870.607
1472444136 8036.26 7739.464
1472444160 8034.591 7858.929
1472444183 8027.445 7862.942
1472444206 8022.163 7838.675
1472444230 8022.473 7745.909
1472444253 8004.877 7841.478
1472444276 8026.864 7832.292
1472444299 8018.852 7733.123
1472444323 8011.662 7847.798
1472444346 8007.72 7843.91
1472444369 8010.192 7837.234
1472444393 8004.148 7830.329
1472444416 8003.879 7853.758
1472444439 8003.465 7843.747
1472444463 8002.361 7852.004
1472444486 8000.651 7840.37
1472444509 7996.025 7846.629
1472444533 7995.728 7836.681
1472444556 7993.029 7844.293
1472444579 7991.415 7832.106
1472444602 7987.98 7837.577
1472444626 7985.688 7836.91
1472444649 7986.605 7827.378
1472444672 7981.716 7822.82
1472444696 7976.467 7827.916
1472444719 7980.07 7832.202
1472444742 7969.107 7821.702
1472444766 7978.42 7829.864
1472444789 7967.497 7819.438
1472444812 7975.793 7806.841
1472444836 7969.53 7821.706
1472444859 7961.826 7805.081
1472444882 7955.901 7807.87
1472444906 7958.202 7790.141
1472444929 7954.445 6715.856
1472444952 7951.468 6849.406
1472444975 7950.508 7804.208
1472444999 7948.311 7791.187
1472445022 7946.165 7790.495
1472445045 7943.606 7787.428
1472445069 7939.969 7793.456
1472445092 7938.0 7791.119
1472445115 7937.607 7790.343
1472445139 7933.747 7783.989
1472445162 7931.747 7772.375
1472445185 7930.005 7772.148
1472445209 7928.553 7751.034
1472445232 7926.073 7696.997
1472445255 7923.719 7701.313
1472445278 7919.663 7699.476
1472445302 7916.775 7696.158
1472445325 7915.425 7703.872
1472445348 7912.8 7702.105
1472445372 7910.436 7693.515
1472445395 7906.842 7705.154
1472445418 7905.288 7722.763
1472445442 7902.394 7703.002
1472445465 7899.396 7718.42
1472445488 7895.19 7715.144
1472445512 7892.565 7691.984
1472445535 7890.907 7690.283
1472445558 7888.762 7708.876
1472445582 7886.85 7706.353
1472445605 7881.612 7685.649
1472445628 7882.171 7665.685
1472445651 7880.309 7674.184
1472445675 7879.521 7673.082
1472445698 7876.617 7553.794
1472445721 7875.342 7650.419
1472445745 7873.748 7667.896
1472445768 7870.511 7664.901
1472445791 7857.018 7642.893
1472445815 7874.481 7671.16
1472445838 7864.926 7658.64
1472445861 7857.729 7644.2
1472445885 7856.063 7651.586
1472445908 7854.492 7619.914
1472445931 7852.314 7638.462
1472445955 7850.686 7639.137
1472445978 7849.332 7646.646
1472446001 7844.602 7631.044
1472446024 7840.617 7529.098
1472446048 7839.141 7627.712
1472446071 7829.373 7627.85
1472446094 7834.742 7624.928
1472446118 7829.915 7600.332
1472446141 7827.259 7617.201
1472446164 7825.192 7605.841
1472446188 7823.224 7627.101
1472446211 7820.465 7602.136
1472446234 7816.802 7615.812
1472446258 7816.139 7615.073
1472446281 7814.05 7603.944
1472446304 7812.433 7612.567
1472446327 7810.3 7601.34
1472446351 7807.789 7492.156
1472446374 7804.54 7617.725
1472446397 7801.62 7608.86
1472446421 7803.834 7629.684
1472446444 7798.261 7624.15
1472446467 7789.803 7617.562
1472446491 7805.087 7631.33
1472446514 7784.954 7612.358
1472446537 7789.921 7607.41
1472446561 7789.548 7617.019
1472446584 7781.579 7565.058
1472446607 7781.178 7535.688
1472446631 7783.779 7588.456
1472446654 7778.193 7477.637
1472446677 7774.988 7581.176
1472446700 7771.667 7575.916
1472446724 7767.354 7561.996
1472446747 7768.359 7565.626
1472446770 7766.081 7563.097
1472446794 7759.843 7568.479
1472446817 7758.649 7565.856
1472446840 7755.15 7564.308
1472446864 7752.662 7552.621
1472446887 7757.353 7565.526
1472446910 7755.364 7544.927
1472446934 7748.908 6046.337
1472446957 7742.142 7541.035
1472446980 7739.102 7546.486
1472447004 7725.671 7523.686
1472447027 7731.802 7534.42
1472447050 7728.249 7538.947
1472447073 7724.645 7535.101
1472447097 7722.815 7514.165
1472447120 7720.052 7538.464
1472447143 7717.1 7550.48
1472447167 7708.206 7542.408
1472447190 7715.391 7537.599
1472447213 7711.713 7534.903
1472447237 7709.308 7542.54
1472447260 7704.54 7538.074
1472447283 7700.826 7524.459
1472447307 7699.771 7514.52
1472447330 7695.308 7518.877
1472447353 7693.671 7527.291
1472447377 7685.581 7521.207
1472447400 7687.193 7522.847
1472447423 7678.294 7494.106
1472447446 7690.488 7516.411
1472447470 7680.648 7515.73
1472447493 7677.628 7512.985
1472447516 7674.737 7500.054
1472447540 7673.446 7508.676
1472447563 7667.852 7494.777
1472447586 7672.725 7498.454
1472447610 7660.516 7496.699
1472447633 7662.695 7499.493
1472447656 7662.08 7499.057
1472447680 7659.322 7476.207
1472447703 7648.383 7467.317
1472447726 7652.526 7489.514
1472447749 7651.751 7488.811
1472447773 7653.323 7470.99
1472447796 7647.381 7484.596
1472447819 7641.634 7479.919
1472447843 7636.158 7359.252
1472447866 7634.833 7445.146
1472447889 7630.558 7429.66
1472447913 7634.893 7382.599
1472447936 7630.161 7449.641
1472447959 7630.922 7333.885
1472447983 7626.041 6994.83
1472448006 7622.171 7321.816
1472448029 7616.011 7424.306
1472448052 7613.942 7433.178
1472448076 7608.509 7418.484
1472448099 7607.211 7429.24
1472448122 7605.509 7435.797
1472448146 7600.216 7335.983
1472448169 7608.702 7439.875
1472448192 7606.886 7437.14
1472448216 7604.772 7435.755
1472448239 7596.178 7418.65
1472448262 7591.387 7432.26
1472448286 7589.15 7402.258
1472448309 7586.189 7427.809
1472448332 7580.932 7399.455
1472448356 7585.217 7388.572
1472448379 7579.738 7391.984
1472448402 7581.774 7403.949
1472448425 7580.512 7402.494
1472448449 7580.24 7401.969
1472448472 7573.383 7386.991
1472448495 7567.275 7389.661
1472448519 7563.059 7283.395
1472448542 7568.441 7385.247
1472448565 7562.857 7386.024
1472448589 7557.883 7384.406
1472448612 7558.823 7382.884
1472448635 7560.628 7107.815
1472448659 7561.379 6478.294
1472448682 7552.534 6824.935
1472448705 7545.448 7344.763
1472448729 7547.473 7373.472
1472448752 7549.143 7366.262
1472448775 7544.646 7364.714
1472448798 7550.74 7377.384
1472448822 7548.078 7375.295
1472448845 7541.362 7366.881
1472448868 7534.633 7352.008
1472448892 7529.432 5158.359
1472448915 7526.844 7355.689
1472448938 7525.639 7343.983
1472448962 7524.018 7349.713
1472448985 7525.345 5907.667
1472449008 7521.82 7349.503
1472449032 7518.945 7346.742
1472449055 7512.505 7340.047
1472449078 7509.983 7320.09
1472449102 7506.042 7348.634
1472449125 7502.98 7350.011
1472449148 7507.224 7353.886
1472449171 7499.904 7346.462
1472449195 7501.982 7349.266
1472449218 7493.629 7332.505
1472449241 7485.795 7230.141
1472449265 7474.016 7321.867
1472449288 7471.84 7319.372
1472449311 7472.592 7303.076
1472449335 7481.048 7302.072
1472449358 7476.83 7299.841
1472449381 7466.356 7287.617
1472449405 7464.061 7287.108
1472449428 7464.332 7295.064
1472449451 7460.641 7291.741
1472449475 7466.957 7289.853
1472449498 7460.335 3853.755
1472449521 7457.054 6605.255
1472449544 7452.197 7285.756
1472449568 7448.766 7272.166
1472449591 7448.441 7282.309
1472449614 7440.931 7265.968
1472449638 7444.104 7259.696
1472449661 7443.827 7175.366
1472449684 7440.81 7255.204
1472449708 7431.32 7254.044
1472449731 7428.268 7260.76
1472449754 7423.554 7248.426
1472449778 7426.896 7251.842
1472449801 7427.601 7260.138
1472449824 7424.595 7240.641
1472449847 7414.55 7232.738
1472449871 7401.421 7243.368
1472449894 7398.275 7249.555
1472449917 7396.384 7247.737
1472449941 7408.088 7250.983
1472449964 7393.351 7245.27
1472449987 7388.766 7002.216
1472450011 7386.864 5338.738
1472450034 7386.326 7239.343
1472450057 7386.466 7239.435
1472450081 7386.063 7229.726
1472450104 7385.792 7238.806
1472450127 7387.043 7240.258
1472450151 7380.504 7225.599
1472450174 7376.307 7212.527
1472450197 7374.654 7228.843
1472450220 7378.075 7222.337
1472450244 7375.218 7229.191
1472450267 7377.302 7222.123
1472450290 7380.109 7224.436
1472450314 7375.199 7220.195
1472450337 7369.7 7213.997
1472450360 7369.603 7224.693
1472450384 7368.12 7221.924
1472450407 7368.422 7222.562
1472450430 7367.36 7212.975
1472450454 7368.556 7214.706
1472450477 7369.151 7223.839
1472450500 7365.402 7201.704
1472450524 7359.815 7214.69
1472450547 7354.758 7210.04
1472450570 7356.532 7212.408
1472450593 7356.12 7201.339
1472450617 7355.916 7193.481
1472450640 7353.64 7185.043
1472450663 7349.83 7191.272
1472450687 7346.29 7187.388
1472450710 7344.779 7167.574
1472450733 7340.76 7181.802
1472450757 7341.115 7161.61
1472450780 7334.669 7175.853
1472450803 7339.229 7179.999
1472450827 7334.848 7176.472
1472450850 7326.592 7183.916
1472450873 7326.286 7183.506
1472450897 7324.728 7163.553
1472450920 7323.095 7179.594
1472450943 7319.975 7167.77
1472450966 7318.694 7166.655
1472450990 7317.755 7166.059
1472451013 7312.75 7170.549
1472451036 7308.008 7166.104
1472451060 7306.795 7146.679
1472451083 7305.672 7150.242
1472451106 7304.286 7048.099
1472451130 7301.628 7127.335
1472451153 7302.204 7146.601
1472451176 7298.615 7132.922
1472451200 7297.642 7123.039
1472451223 7295.341 7139.005
1472451246 7294.348 7121.867
1472451269 7290.557 7135.603
1472451293 7287.93 7133.28
1472451316 7284.992 7130.558
1472451339 7282.375 7127.626
1472451363 7279.384 7124.899
1472451386 7283.447 7129.341
1472451409 7282.374 7028.033
1472451433 7276.092 7011.539
1472451456 7271.313 6938.207
1472451479 7267.657 7114.053
1472451503 7263.407 7083.128
1472451526 7259.423 7098.13
1472451549 7260.461 7108.532
1472451573 7254.444 7091.882
1472451596 7252.589 7098.824
1472451619 7234.0 7074.557
1472451642 6898.431 6768.523
1472451666 7196.369 5656.75
1472451689 6946.129 6612.669
1472451712 6941.399 6571.605
1472451736 6945.73 6802.055
1472451759 7249.836 7095.258
1472451782 7293.765 7136.478
1472451806 7279.486 7118.266
1472451829 7286.007 7143.995
1472451852 7291.047 7149.242
1472451876 7281.379 7031.019
1472451899 7280.389 7130.983
1472451922 7276.737 7134.826
1472451946 7275.034 7133.468
1472451969 7272.635 7114.163
1472451992 7271.798 7094.126
1472452015 7267.575 7127.539
1472452039 7264.982 7111.23
1472452062 7262.962 7109.714
1472452085 7260.447 7097.691
1472452109 7258.595 7103.906
1472452132 7256.487 7101.83
1472452155 7253.625 7090.997
1472452179 7252.325 7087.778
1472452202 7252.211 7098.718
1472452225 7250.265 7087.426
1472452249 7246.921 7093.765
1472452272 7246.021 7083.098
1472452295 7243.464 7091.303
1472452319 7242.444 7079.926
1472452342 7239.335 7061.984
1472452365 7236.581 7085.104
1472452388 7235.391 7064.734
1472452412 7233.845 7080.901
1472452435 7233.824 7072.968
1472452458 7231.099 7078.491
1472452482 7228.138 7075.792
1472452505 7225.426 4429.011
1472452528 7224.156 5015.221
1472452552 7221.033 7070.193
1472452575 7213.854 7069.731
1472452598 7213.333 7075.896
1472452622 7220.751 7073.864
1472452645 7219.473 7081.406
1472452668 7212.002 7065.558
1472452691 7207.204 7069.977
1472452715 7206.152 7050.413
1472452738 7202.885 7064.948
1472452761 7205.527 7058.321
1472452785 7197.786 7043.203
1472452808 7187.069 7033.29
1472452831 7199.113 7052.865
1472452855 7201.52 7054.908
1472452878 7192.007 7046.447
1472452901 7190.543 7045.511
1472452925 7183.719 7019.834
1472452948 7186.047 7040.902
1472452971 7185.496 7040.261
1472452995 7182.884 7038.143
1472453018 7179.301 7043.027
1472453041 7176.749 7041.96
1472453064 7175.735 7040.373
1472453088 7173.42 7037.557
1472453111 7171.077 7035.673
1472453134 7169.345 7033.455
1472453158 7166.297 7021.477
1472453181 7165.655 7029.977
1472453204 7163.116 7027.98
1472453228 7161.66 7026.688
1472453251 7158.399 7022.9
1472453274 7155.742 7012.229
1472453298 7154.83 6920.011
1472453321 7153.604 7006.13
1472453344 7152.474 7005.426
1472453367 7148.779 6993.795
1472453391 7146.417 6990.943
1472453414 7144.579 6981.595
1472453437 7147.049 7000.608
1472453461 7142.162 6995.625
1472453484 7142.353 6995.916
1472453507 7139.515 6984.464
1472453531 7131.564 6967.739
1472453554 7135.696 6995.062
1472453577 7133.315 6999.724
1472453601 7127.423 6985.661
1472453624 7131.63 6997.815
1472453647 7125.745 6984.225
1472453671 7111.625 6978.443
1472453694 7120.363 6987.393
1472453717 7125.308 6991.443
1472453740 7116.738 6984.361
1472453764 7108.476 6974.226
1472453787 7109.406 6965.072
1472453810 7111.178 6968.608
1472453834 7107.357 6964.776
1472453857 7105.971 6856.715
1472453880 7087.593 6935.599
1472453904 6978.348 6832.45
1472453927 6960.959 6817.24
1472453950 6950.977 6809.436
1472453974 6937.318 6796.907
1472453997 6937.999 6804.516
1472454020 6841.329 6713.98
1472454044 6840.929 6713.917
1472454067 6842.943 6714.973
1472454090 6835.402 6708.241
1472454113 6850.617 6722.482
1472454137 6849.52 6721.362
1472454160 6839.641 6711.047
1472454183 6832.53 6697.0
1472454207 6850.644 6722.506
1472454230 6854.452 6725.449
1472454253 6844.608 6706.32
1472454277 6836.97 6709.528
1472454300 6837.652 6709.306
1472454323 6835.949 6707.314
1472454347 6833.51 6707.074
1472454370 6836.496 6700.907
1472454393 6832.641 6705.378
1472454417 6828.74 6701.056
1472454440 6825.121 6696.966
1472454463 6823.215 6694.972
1472454486 6813.908 6592.282
1472454510 6816.429 6689.78
1472454533 6818.404 6697.505
1472454556 6823.596 6695.45
1472454580 6819.182 6691.597
1472454603 6815.62 6697.102
1472454626 6811.796 6693.291
1472454650 6809.619 6597.003
1472454673 6808.686 6681.892
1472454696 6797.141 6678.828
1472454720 6803.831 6685.431
1472454743 6806.089 6684.165
1472454766 6812.543 6687.418
1472454789 6802.306 6668.109
1472454813 6800.722 6674.664
1472454836 6798.645 6673.239
1472454859 6795.636 6670.911
1472454883 6794.899 6668.983
1472454906 6782.506 6657.533
1472454929 6793.052 6667.388
1472454953 6791.945 6666.939
1472454976 6797.291 6663.245
1472454999 6790.332 6665.933
1472455023 6787.021 6662.465
1472455046 6784.495 6659.881
1472455069 6780.185 6655.981
1472455092 6780.355 6553.942
1472455116 6784.153 6658.905
1472455139 6789.176 6653.427
1472455162 6780.427 6654.668
1472455186 6780.12 6655.497
1472455209 6777.689 6653.227
1472455232 6768.506 6637.146
1472455256 6772.141 6639.572
1472455279 6768.166 6641.399
1472455302 6771.248 6645.49
1472455326 6774.991 6657.683
1472455349 6771.533 6654.935
1472455372 6768.305 6651.304
1472455396 6761.977 6645.009
1472455419 6747.875 6631.855
1472455442 6762.691 6645.762
1472455465 6763.439 6646.619
1472455489 6760.088 6643.431
1472455512 6755.601 6639.789
1472455535 6755.824 6546.282
1472455559 6744.858 6620.824
1472455582 6748.048 6631.522
1472455605 6747.262 6631.207
1472455629 6746.043 6630.996
1472455652 6751.918 6635.926
1472455675 6745.004 6620.439
1472455699 6741.007 6625.392
1472455722 6731.985 6617.098
1472455745 6728.814 6613.795
1472455769 6733.51 6618.205
1472455792 6737.886 6622.668
1472455815 6732.478 6607.932
1472455838 6727.614 6613.143
1472455862 6725.673 6517.662
1472455885 6714.373 6599.551
1472455908 6721.35 6606.771
1472455932 6719.965 6605.188
1472455955 6720.082 6605.386
1472455978 6724.389 6600.699
1472456002 6718.556 6599.115
1472456025 6714.471 6575.512
1472456048 6708.366 6587.429
1472456072 6698.368 6579.106
1472456095 6708.459 6578.415
1472456118 6711.042 6590.79
1472456141 6707.238 6585.973
1472456165 6705.89 6576.577
1472456188 6704.464 6583.627
1472456211 6691.807 6563.507
1472456235 6698.189 6562.964
1472456258 6695.441 6556.527
1472456281 6695.045 6463.507
1472456305 6701.507 6587.6
1472456328 6692.681 6570.941
1472456351 6690.962 6569.068
1472456375 6689.833 6576.593
1472456398 6674.49 6562.271
1472456421 6685.236 6571.443
1472456445 6687.227 6556.635
1472456468 6686.353 6569.297
1472456491 6680.35 6561.907
1472456514 6678.528 6477.958
1472456538 6676.505 6557.352
1472456561 6670.791 6552.631
1472456584 6668.262 6550.064
1472456608 6670.945 6552.866
1472456631 6673.922 6545.396
1472456654 6673.212 6554.073
1472456678 6667.648 6548.527
1472456701 6665.075 6547.348
1472456724 6664.862 6546.604
1472456748 6663.065 6545.74
1472456771 6652.43 6526.62
1472456794 6659.487 6541.742
1472456818 6663.711 6545.366
1472456841 6662.7 6543.996
1472456864 6655.755 6537.048
1472456887 6654.677 6436.082
1472456911 6651.432 6533.024
1472456934 6650.518 6531.696
1472456957 6648.19 6438.525
1472456981 6645.128 6527.266
1472457004 6646.103 6527.329
1472457027 6643.448 6501.258
1472457051 6634.042 6516.826
1472457074 6639.151 6246.309
1472457097 6643.944 6502.208
1472457121 6640.422 6523.613
1472457144 6634.16 6516.534
1472457167 6630.86 6505.048
1472457191 6630.508 6513.618
1472457214 6627.987 6513.989
1472457237 6625.891 6507.123
1472457260 6625.804 6515.372
1472457284 6624.357 6514.125
1472457307 6623.526 6513.54
1472457330 6621.345 6502.27
1472457354 6621.406 6502.415
1472457377 6619.331 6508.988
1472457400 6617.75 6506.827
1472457424 6618.297 6508.057
1472457447 6613.483 6499.007
1472457470 6604.406 6489.798
1472457494 6616.281 6493.013
1472457517 6613.984 6497.131
1472457540 6608.037 6491.369
1472457564 6606.392 6482.022
1472457587 6606.202 6490.446
1472457610 6606.485 6491.417
1472457633 6604.896 6482.177
1472457657 6603.701 6489.039
1472457680 6601.183 6485.739
1472457703 6600.043 6468.341
1472457727 6598.216 6483.056
1472457750 6595.874 6479.947
1472457773 6591.984 6477.274
1472457797 6591.867 6469.666
1472457820 6506.213 6394.677
1472457843 6494.928 6384.105
1472457866 6425.225 6302.205
1472457890 6128.572 6034.494
1472457913 6376.268 6270.448
1472457936 6437.47 6329.895
1472457960 6576.498 6454.372
1472457983 6575.477 6466.594
1472458006 6578.114 6389.272
1472458030 6576.467 6468.392
1472458053 6576.672 6468.298
1472458076 6573.979 6465.83
1472458100 6572.485 6455.425
1472458123 6564.521 6455.792
1472458146 6568.439 6459.803
1472458170 6572.856 6464.113
1472458193 6569.762 6461.741
1472458216 6564.016 6447.652
1472458239 6561.822 6437.406
1472458263 6560.974 6453.339
1472458286 6558.508 6450.709
1472458309 6556.986 6449.217
1472458333 6551.788 6444.237
1472458356 6552.024 6444.133
1472458379 6552.084 6436.28
1472458403 6516.745 6410.019
1472458426 6550.982 6443.765
1472458449 6549.165 6425.231
1472458473 6546.649 6257.87
1472458496 6543.744 6436.511
1472458519 6539.454 6432.692
1472458543 6541.734 6434.531
1472458566 6547.529 6440.267
1472458589 6538.947 6415.426
1472458612 6537.134 6430.045
1472458636 6535.803 6428.095
1472458659 6534.281 6427.701
1472458682 6532.286 6425.179
1472458706 6529.767 6057.53
1472458729 6529.058 6416.929
1472458752 6528.48 6377.3
1472458776 6525.884 6406.693
1472458799 6519.644 6399.314
1472458822 6519.251 6407.49
1472458846 6520.664 6409.121
1472458869 6518.959 6399.24
1472458892 6517.465 6406.961
1472458916 6515.031 6403.9
1472458939 6513.132 6402.471
1472458962 6512.936 6407.45
1472458985 6510.683 6396.41
1472459009 6509.569 6403.426
1472459032 6507.429 6385.094
1472459055 6507.927 6394.27
1472459079 6507.026 6400.775
1472459102 6503.151 6380.95
1472459125 6502.394 6389.212
1472459149 6501.483 6388.15
1472459172 6500.818 6384.097
1472459195 6499.201 6389.144
1472459219 6496.195 6386.321
1472459242 6492.455 6374.913
1472459265 6492.474 6382.261
1472459288 6492.08 6381.763
1472459312 6491.029 6380.207
1472459335 6488.106 6378.472
1472459358 6485.336 6359.315
1472459382 6484.515 6375.784
1472459405 6487.273 6377.564
1472459428 6485.507 6359.607
1472459452 6481.96 6372.775
1472459475 6482.027 6364.42
1472459498 6481.223 6371.779
1472459522 6477.541 6270.674
1472459545 6476.153 6365.85
1472459568 6465.797 6356.725
1472459591 6476.294 6367.575
1472459615 6478.251 6360.383
1472459638 6469.989 6360.29
1472459661 6466.495 6349.999
1472459685 6463.083 6353.553
1472459708 6458.773 6350.079
1472459731 6464.2 6355.706
1472459755 6458.909 6350.251
1472459778 6457.932 6349.687
1472459801 6456.025 6347.255
1472459825 6453.837 6344.771
1472459848 6452.281 6327.298
1472459871 6449.948 6341.42
1472459895 6445.12 6336.672
1472459918 6450.527 6334.975
1472459941 6446.318 6334.479
1472459964 6439.877 6336.795
1472459988 6444.936 6251.909
1472460011 6447.033 6342.999
1472460034 6440.403 6337.231
1472460058 6437.305 6334.552
1472460081 6433.226 6321.96
1472460104 6436.717 6333.307
1472460128 6436.508 6317.634
1472460151 6434.656 6319.185
1472460174 6432.726 6325.907
1472460198 6434.363 6326.987
1472460221 6429.979 6322.678
1472460244 6429.267 6321.679
1472460268 6430.382 6322.907
1472460291 6426.968 6294.705
1472460314 6426.514 6318.871
1472460337 6423.854 6316.7
1472460361 6422.294 6315.174
1472460384 6422.004 6314.418
1472460407 6418.766 6311.313
1472460431 6416.08 6309.968
1472460454 6417.338 6310.611
1472460477 6409.043 6118.563
1472460501 6415.955 6220.392
1472460524 6415.235 6218.632
1472460547 6411.013 6304.055
1472460571 6407.545 6293.599
1472460594 6404.757 6282.83
1472460617 6404.301 6298.683
1472460640 6402.13 6296.75
1472460664 6399.664 6279.35
1472460687 6390.59 6282.022
1472460710 6403.907 6302.202
1472460734 6401.028 6298.819
1472460757 6393.263 6291.893
1472460780 6392.593 6291.493
1472460804 6390.638 6289.377
1472460827 6391.916 6290.625
1472460850 6389.362 6272.169
1472460874 6386.884 6285.862
1472460897 6385.48 3790.259
1472460920 6378.383 6277.608
1472460943 6383.946 6282.597
1472460967 6380.699 6279.494
1472460990 6382.362 6281.201
1472461013 6375.007 6266.871
1472461037 6375.203 6274.701
1472461060 6372.53 6263.996
1472461083 6372.502 6271.518
1472461107 6363.683 6247.475
1472461130 6370.498 6269.842
1472461153 6372.631 6271.878
1472461177 6370.63 6270.012
1472461200 6363.353 6263.134
1472461223 6361.695 6173.44
1472461247 6359.019 6258.567
1472461270 6356.203 6256.185
1472461293 6349.128 6249.443
1472461317 6356.741 6179.049
1472461340 6352.791 6244.947
1472461363 6352.881 6253.099
1472461386 6349.062 6232.884
1472461410 6346.154 6244.275
1472461433 6343.799 6240.229
1472461456 6338.384 6227.348
1472461480 6349.71 6237.272
1472461503 6346.591 6234.829
1472461526 6340.333 6236.813
1472461550 6337.475 6234.258
1472461573 6337.872 6235.154
1472461596 6331.403 6228.565
1472461620 6339.41 6236.243
1472461643 6335.244 6231.981
1472461666 6335.328 6236.027
1472461690 6334.527 6234.944
1472461713 6330.547 6055.466
1472461736 6329.534 6222.509
1472461759 6325.929 6226.678
1472461783 6320.077 6220.752
1472461806 6327.39 6212.142
1472461829 6327.575 6228.852
1472461853 6328.288 6229.687
1472461876 6321.835 6213.385
1472461899 6320.341 6202.161
1472461923 6316.266 6214.302
1472461946 6317.019 6215.489
1472461969 6316.493 6214.245
1472461992 6314.791 6212.298
1472462016 6315.428 6212.574
1472462039 6313.705 6210.525
1472462062 6308.924 6207.192
1472462086 6297.427 6195.693
1472462109 6308.879 6198.874
1472462132 6308.835 6206.396
1472462156 6301.603 6199.858
1472462179 6299.079 6197.904
1472462202 6299.389 6198.25
1472462226 6287.866 6186.752
1472462249 6295.542 6194.158
1472462272 6298.345 6188.06
1472462296 6296.019 6019.432
1472462319 6290.051 6101.561
1472462342 6286.582 6185.254
1472462365 6282.669 6181.919
1472462389 6278.912 6177.463
1472462412 6283.494 6160.309
1472462435 6283.52 6182.995
1472462459 6288.033 6187.001
1472462482 6280.839 6171.943
1472462505 6277.148 6176.406
1472462529 6272.251 6155.701
1472462552 6273.083 6165.136
1472462575 6273.198 6173.272
1472462599 6272.152 6172.142
1472462622 6272.68 6174.262
1472462645 6265.765 6168.963
1472462669 6266.066 6169.269
1472462692 6263.658 6159.611
1472462715 6251.971 6155.451
1472462738 6264.819 6160.528
1472462762 6260.584 6163.73
1472462785 6260.729 6164.583
1472462808 6252.633 6156.463
1472462832 6249.711 6144.75
1472462855 6248.935 6140.715
1472462878 6243.41 6143.996
1472462902 6249.973 6150.647
1472462925 6245.528 6146.394
1472462948 6247.742 6140.604
1472462972 6243.941 6136.711
1472462995 6241.884 6134.689
1472463018 6236.304 6137.557
1472463041 6239.258 6140.45
1472463065 6244.274 6145.569
1472463088 6242.705 6057.494
1472463111 6236.241 6130.08
1472463135 6233.185 6119.584
1472463158 6231.717 6125.73
1472463181 6233.187 6134.915
1472463205 6227.595 6042.763
1472463228 6230.991 6132.43
1472463251 6229.745 6130.64
1472463275 6231.484 6133.319
1472463298 6228.331 6130.379
1472463321 6221.564 6123.644
1472463345 6222.621 6124.912
1472463368 6221.85 6125.462
1472463391 6221.494 6126.849
1472463414 6219.958 6117.456
1472463438 6218.08 6123.536
1472463461 6217.821 6122.985
1472463484 6216.481 6121.587
1472463508 6209.257 6114.439
1472463531 6210.703 6115.796
1472463554 6214.195 6119.317
1472463578 6210.314 6115.586
1472463601 6207.443 6112.943
1472463624 6205.621 6111.179
1472463648 6203.703 6100.832
1472463671 6201.509 6107.068
1472463694 6200.589 6091.261
1472463717 6200.057 6105.583
1472463741 6197.824 6095.858
1472463764 6196.479 6102.438
1472463787 6195.719 6093.983
1472463811 6195.664 6101.834
1472463834 6193.699 6091.296
1472463857 6191.461 6097.843
1472463881 6189.016 6095.065
1472463904 6187.383 6093.446
1472463927 6186.29 6092.476
1472463951 6185.563 6092.198
1472463974 6179.576 6078.487
1472463997 6182.779 6089.55
1472464021 6183.506 6090.243
1472464044 6179.696 5992.07
1472464067 6177.554 6083.763
1472464090 6175.65 5909.874
1472464114 6174.271 5992.2
1472464137 6171.401 6074.676
1472464160 6172.092 6075.64
1472464184 6171.408 6074.8
1472464207 6168.948 6065.178
1472464230 6168.013 6071.797
1472464254 6166.401 6068.852
1472464277 6163.993 6067.739
1472464300 6160.874 6064.301
1472464324 6154.025 6058.343
1472464347 6158.163 6056.204
1472464370 6159.245 5973.202
1472464393 6156.553 6063.33
1472464417 6154.68 6062.138
1472464440 6152.779 6060.344
1472464463 6150.948 6058.296
1472464487 6151.132 6058.348
1472464510 6149.702 6056.696
1472464533 6149.376 6057.296
1472464557 6147.299 6045.783
1472464580 6144.818 6041.86
1472464603 6144.069 6048.486
1472464627 6143.563 6048.357
1472464650 6143.314 6048.065
1472464673 6141.653 6046.092
1472464697 6141.274 6046.206
1472464720 6139.411 6043.925
1472464743 6138.419 5958.184
1472464766 6134.885 6039.768
1472464790 6132.071 6037.59
1472464813 6130.144 2668.366
1472464836 6129.9 2222.465
1472464860 6127.396 3516.922
1472464883 6125.694 5673.278
1472464906 6124.848 6030.72
1472464930 6124.599 6029.96
1472464953 6123.539 6029.631
1472464976 6120.645 6026.155
1472465000 6117.657 6023.177
1472465023 6116.798 6023.473
1472465046 6116.828 6022.06
1472465069 6115.87 6022.083
1472465093 6112.405 6018.904
1472465116 6110.191 6016.474
1472465139 6109.929 6016.367
1472465163 6108.193 6014.883
1472465186 6106.522 6012.991
1472465209 6104.548 6010.709
1472465233 6103.165 6009.857
1472465256 6102.136 6008.673
1472465279 6098.616 6004.788
1472465303 6100.924 6006.878
1472465326 6098.941 6005.881
1472465349 6097.406 5982.89
1472465373 6091.231 6000.219
1472465396 6094.702 6003.818
1472465419 6098.729 6007.792
1472465442 6095.755 6005.185
1472465466 6088.956 5997.995
1472465489 6088.442 5998.161
1472465512 6084.489 5994.669
1472465536 6085.411 5995.778
1472465559 6084.77 5993.66
1472465582 6083.908 5991.527
1472465606 6085.051 5985.294
1472465629 6082.132 5982.282
1472465652 6079.016 5986.361
1472465676 6077.499 5976.956
1472465699 6077.275 5984.33
1472465722 6076.202 5983.012
1472465745 6074.382 5981.924
1472465769 6072.65 5980.402
1472465792 6071.656 5971.486
1472465815 6071.244 5978.796
1472465839 6070.33 5977.801
1472465862 6065.683 5973.966
1472465885 6066.853 5975.024
1472465909 6064.932 5965.538
1472465932 6063.98 5719.891
1472465955 6063.839 5972.307
1472465979 6060.975 5969.17
1472466002 6058.524 5966.344
1472466025 6057.204 5949.635
1472466049 6056.228 5964.37
1472466072 6054.518 5963.617
1472466095 6055.117 5957.3
1472466118 6046.625 5957.462
1472466142 6050.126 5960.741
1472466165 6055.021 5965.929
1472466188 6047.315 5958.666
1472466212 6046.11 5957.079
1472466235 6043.652 5954.695
1472466258 6042.969 5954.378
1472466282 6041.66 5945.173
1472466305 6038.832 5949.869
1472466328 6037.651 5941.725
1472466352 6035.451 5946.793
1472466375 6034.188 5937.765
1472466398 6030.894 5935.083
1472466422 6032.106 5935.553
1472466445 6032.09 5936.185
1472466468 6032.962 5944.067
1472466491 6027.224 5931.759
1472466515 6025.116 5937.088
1472466538 6023.141 5935.005
1472466561 6022.11 5933.826
1472466585 6021.199 5925.767
1472466608 6019.829 5931.811
1472466631 6019.774 5887.876
1472466655 6018.341 5886.405
1472466678 6017.004 5878.375
1472466701 6015.445 5883.69
1472466725 6013.055 5880.516
1472466748 6008.73 5877.011
1472466771 6012.421 5879.944
1472466794 6014.928 5859.762
1472466818 6008.847 5874.701
1472466841 6006.769 5849.018
1472466864 6003.474 5839.658
1472466888 6005.621 5857.145
1472466911 6001.113 5770.178
1472466934 6001.553 5846.109
1472466958 5998.822 5850.208
1472466981 5995.915 5848.128
1472467004 5993.28 5837.431
1472467028 5955.335 5809.749
1472467051 5787.601 5656.334
1472467074 5902.527 5762.039
1472467097 5697.306 5503.039
1472467121 5776.75 5628.099
1472467144 5753.89 5636.116
1472467167 5989.214 5851.151
1472467191 5998.373 5866.802
1472467214 5991.426 5853.102
1472467237 5988.209 5850.158
1472467261 5989.083 5858.469
1472467284 5988.114 5855.748
1472467307 5985.586 5839.839
1472467331 5982.957 5836.817
1472467354 5981.39 5820.55
1472467377 5980.897 5826.018
1472467401 5975.742 5823.288
1472467424 5973.816 5826.632
1472467447 5973.478 5827.276
1472467471 5975.159 5827.893
1472467494 5976.96 5830.093
1472467517 5971.632 5824.671
1472467540 5968.281 5822.32
1472467564 5966.841 5820.908
1472467587 5965.252 5818.358
1472467610 5965.414 5656.381
1472467634 5956.61 5730.904
1472467657 5958.492 5815.014
1472467680 5956.607 5804.714
1472467704 5957.921 5812.854
1472467727 5964.448 5654.977
1472467750 5954.609 5802.122
1472467774 5958.971 5813.742
1472467797 5953.853 5801.295
1472467820 5949.899 5797.617
1472467843 5946.415 5794.159
1472467867 5942.718 5791.424
1472467890 5946.295 5794.277
1472467913 5946.223 5801.102
1472467937 5952.055 5807.227
1472467960 5945.148 5639.736
1472467983 5935.772 5777.21
1472468007 5928.212 5785.22
1472468030 5938.72 5795.173
1472468053 5945.8 5803.362
1472468077 5940.567 5805.433
1472468100 5935.22 5807.702
1472468123 5932.291 5790.691
1472468147 5929.805 5802.558
1472468170 5932.224 5804.906
1472468193 5933.674 5806.43
1472468216 5931.055 5802.576
1472468240 5932.701 5805.096
1472468263 5928.162 5797.626
1472468286 5925.889 5782.561
1472468310 5916.705 5774.082
1472468333 5920.524 5697.454
1472468356 5920.039 5770.776
1472468380 5922.044 5778.72
1472468403 5922.954 5781.072
1472468426 5917.671 5767.472
1472468450 5917.352 5767.591
1472468473 5908.138 5768.474
1472468496 5911.688 5769.892
1472468519 5913.254 5771.203
1472468543 5911.75 5770.241
1472468566 5911.673 5762.268
1472468589 5908.549 5767.592
1472468613 5899.963 5759.9
1472468636 5899.165 5750.367
1472468659 5905.883 5763.583
1472468683 5905.957 5756.583
1472468706 5899.529 5759.238
1472468729 5898.385 5758.201
1472468753 5893.475 5752.89
1472468776 5891.97 5744.142
1472468799 5892.742 5763.581
1472468823 5892.682 5767.713
1472468846 5895.871 5771.445
1472468869 5888.082 5756.504
1472468892 5886.321 5761.11
1472468916 5874.48 5749.974
1472468939 5885.774 5761.074
1472468962 5884.495 5759.632
1472468986 5886.843 5762.189
1472469009 5880.028 5756.03
1472469032 5880.632 5756.149
1472469056 5870.819 5746.584
1472469079 5880.812 5675.057
1472469102 5875.759 5751.83
1472469126 5874.838 5750.449
1472469149 5878.255 5746.289
1472469172 5872.158 5734.398
1472469196 5870.624 5746.563
1472469219 5865.709 5742.024
1472469242 5862.411 5738.819
1472469265 5867.785 5743.453
1472469289 5872.586 5749.029
1472469312 5864.83 5741.257
1472469335 5861.354 5724.652
1472469359 5860.705 5723.364
1472469382 5854.376 5716.192
1472469405 5858.855 5721.528
1472469429 5856.273 5644.718
1472469452 5857.692 5727.831
1472469475 5857.282 5632.46
1472469499 5853.729 5313.071
1472469522 5853.355 5714.24
1472469545 5849.342 5631.321
1472469569 5841.91 5697.952
1472469592 5854.334 5717.409
1472469615 5849.775 5704.995
1472469638 5844.578 5700.325
1472469662 5844.624 5700.356
1472469685 5842.101 5698.1
1472469708 5840.63 5696.45
1472469732 5833.129 5276.389
1472469755 5836.048 5700.823
1472469778 5830.455 5679.871
1472469802 5837.273 5708.2
1472469825 5836.935 5707.79
1472469848 5832.963 5697.08
1472469872 5829.159 5707.815
1472469895 5828.458 5619.112
1472469918 5826.496 5697.883
1472469942 5827.977 5698.72
1472469965 5826.426 5698.25
1472469988 5823.789 5688.348
1472470011 5816.669 5668.527
1472470035 5825.299 5683.199
1472470058 5826.097 5691.201
1472470081 5820.468 5685.576
1472470105 5817.669 5681.912
1472470128 5815.48 5680.507
1472470151 5816.851 5674.915
1472470175 5816.485 5674.253
1472470198 5813.465 5673.048
1472470221 5811.966 5670.835
1472470245 5810.089 5655.297
1472470268 5809.552 5669.584
1472470291 5809.07 5667.155
1472470314 5807.7 5667.625
1472470338 5805.459 5658.08
1472470361 5803.185 5662.101
1472470384 5800.893 5652.128
1472470408 5801.986 5668.024
1472470431 5800.066 5660.515
1472470454 5799.91 5659.841
1472470478 5798.515 5636.561
1472470501 5796.805 5663.685
1472470524 5789.356 5649.62
1472470548 5793.962 5654.473
1472470571 5794.963 5582.176
1472470594 5791.019 5658.525
1472470617 5788.783 5641.86
1472470641 5787.352 5654.482
1472470664 5785.054 5636.942
1472470687 5781.334 5648.28
1472470711 5779.025 5638.741
1472470734 5778.988 5632.729
1472470757 5777.302 5647.888
1472470781 5776.74 5651.258
1472470804 5774.638 5641.999
1472470827 5773.656 5655.076
1472470851 5773.392 5648.036
1472470874 5769.361 5636.31
1472470897 5768.12 5642.94
1472470921 5774.369 5655.975
1472470944 5756.586 5639.451
1472470967 5757.337 5634.327
1472470990 5758.807 5607.121
1472471014 5758.878 5621.109
1472471037 5758.519 5628.02
1472471060 5758.469 5628.599
1472471084 5755.138 5617.935
1472471107 5751.591 5613.479
1472471130 5749.329 5598.157
1472471154 5748.422 5612.276
1472471177 5746.624 5604.598
1472471200 5745.948 5615.309
1472471224 5741.245 5525.564
1472471247 5743.335 5608.493
1472471270 5740.147 5525.902
1472471294 5740.257 5597.758
1472471317 5738.214 4935.654
1472471340 5736.611 5522.265
1472471364 5733.76 5598.3
1472471387 5732.875 5596.996
1472471410 5728.742 5600.682
1472471433 5729.738 5595.063
1472471457 5728.391 5586.096
1472471480 5727.685 5600.153
1472471503 5725.904 5595.628
1472471527 5724.585 5608.299
1472471550 5721.846 5513.187
1472471573 5724.853 5530.177
1472471597 5720.708 5597.984
1472471620 5722.474 5606.243
1472471643 5716.838 5574.188
1472471667 5713.128 2132.579
1472471690 5710.943 5595.203
1472471713 5710.505 5595.49
1472471736 5711.17 5596.17
1472471760 5709.489 5594.456
1472471783 5705.37 5590.278
1472471806 5707.495 5585.829
1472471830 5705.545 5590.502
1472471853 5701.645 5586.982
1472471876 5699.702 5584.76
1472471900 5701.625 5586.648
1472471923 5700.227 5585.564
1472471946 5699.432 5584.33
1472471970 5697.868 5583.192
1472471993 5697.007 5575.333
1472472016 5695.436 5566.805
1472472039 5695.716 5581.294
1472472063 5693.097 5579.016
1472472086 5692.095 5563.384
1472472109 5691.381 5570.532
1472472133 5689.624 5575.814
1472472156 5688.484 5574.351
1472472179 5687.788 5573.216
1472472203 5690.77 5569.098
1472472226 5685.19 5571.363
1472472249 5682.318 5562.609
1472472273 5681.434 5548.538
1472472296 5680.692 5556.594
1472472319 5680.179 5549.378
1472472343 5679.466 5554.053
1472472366 5678.813 5547.301
1472472389 5677.008 5545.215
1472472412 5672.808 5547.358
1472472436 5668.711 5543.295
1472472459 5665.728 5540.325
1472472482 5664.253 5455.927
1472472506 5661.956 5526.307
1472472529 5660.077 5547.538
1472472552 5656.981 5544.598
1472472576 5655.608 5543.483
1472472599 5656.131 5543.926
1472472622 5656.285 5529.658
1472472646 5656.564 5544.299
1472472669 5654.518 5542.46
1472472692 5656.503 5544.534
1472472716 5654.926 5537.378
1472472739 5655.6 5532.436
1472472762 5652.022 5522.054
1472472785 5650.073 5527.155
1472472809 5649.1 5525.481
1472472832 5650.153 5527.067
1472472855 5650.088 5520.134
1472472879 5651.862 5527.742
1472472902 5650.556 5519.98
1472472925 5649.7 5527.181
1472472949 5647.209 5510.032
1472472972 5644.672 5521.471
1472472995 5645.326 5436.583
1472473019 5642.387 5435.514
1472473042 5643.524 5443.049
1472473065 5643.129 5514.571
1472473089 5640.954 5517.675
1472473112 5636.001 5512.432
1472473135 5640.176 5516.951
1472473158 5638.947 5431.706
1472473182 5636.07 5507.47
1472473205 5632.517 5511.272
1472473228 5632.064 5511.307
1472473252 5630.805 5510.131
1472473275 5628.139 5501.705
1472473298 5632.304 5512.859
1472473322 5629.632 5508.713
1472473345 5628.762 5508.804
1472473368 5629.143 3407.061
1472473392 5627.249 5505.326
1472473415 5625.869 5503.423
1472473438 5618.044 5497.005
1472473462 5626.966 5506.774
1472473485 5625.915 5505.815
1472473508 5623.593 5506.308
1472473531 5619.847 5509.461
1472473555 5617.438 5500.189
1472473578 5617.123 5506.924
1472473601 5617.099 5506.608
1472473625 5614.454 5496.485
1472473648 5611.591 5502.204
1472473671 5608.45 5491.818
1472473695 5605.417 5489.683
1472473718 5600.885 5481.531
1472473741 5599.329 5470.607
1472473765 5601.343 5475.368
1472473788 5599.643 5478.784
1472473811 5597.635 5477.458
1472473835 5597.992 5478.191
1472473858 5594.996 5474.707
1472473881 5593.554 5467.266
1472473904 5593.651 5475.16
1472473928 5595.976 5468.93
1472473951 5593.807 5474.009
1472473974 5593.836 5474.918
1472473998 5592.018 5465.677
1472474021 5592.338 5473.231
1472474044 5587.074 5461.409
1472474068 5585.055 5465.878
1472474091 5590.155 5463.004
1472474114 5590.639 5316.229
1472474138 5589.494 5470.486
1472474161 5588.86 5469.218
1472474184 5584.118 5458.169
1472474207 3285.01 3243.555
1472474231 2253.892 2237.925
1472474254 4595.609 4527.256
1472474277 5340.44 5228.044
1472474301 3797.225 3745.037
1472474324 1722.846 1712.904
1472474347 2451.929 2429.55
1472474371 940.438 936.997
1472474394 3965.248 3915.769
1472474417 4907.01 4824.519
1472474441 2160.892 2144.969
1472474464 497.613 496.335
1472474487 5519.716 5414.997
1472474511 5574.946 5459.4
1472474534 5572.647 5464.481
1472474557 5571.539 5386.28
1472474581 5573.045 5464.615
1472474604 5569.782 5461.447
1472474627 5567.862 5459.647
1472474650 5567.558 5459.131
1472474674 5569.498 5460.899
1472474697 5564.674 5442.059
1472474720 5556.852 5449.062
1472474744 5563.571 5456.129
1472474767 5562.772 5454.956
1472474790 5564.067 5456.178
1472474814 5560.123 5438.923
1472474837 5555.556 5447.665
1472474860 5556.102 5448.642
1472474884 5556.581 5365.497
1472474907 5556.031 5448.445
1472474930 5554.396 5446.654
1472474953 5553.218 5440.703
1472474977 5555.607 5284.79
1472475000 5550.654 5426.754
1472475023 5543.924 5428.463
1472475047 5548.99 5349.057
1472475070 5547.073 5430.208
1472475093 5549.058 5355.802
1472475117 5544.356 5426.937
1472475140 5541.722 5417.789
1472475163 5540.522 5416.008
1472475187 5537.117 5420.598
1472475210 5538.976 5430.229
1472475233 5537.066 5416.565
1472475257 5536.987 5430.223
1472475280 5532.219 5419.636
1472475303 5525.63 5412.869
1472475326 5530.081 5416.807
1472475350 5528.923 5422.883
1472475373 5525.578 5419.435
1472475396 5523.468 5417.585
1472475420 5520.318 5410.734
1472475443 5519.019 5403.838
1472475466 5521.501 5406.521
1472475490 5520.454 5404.812
1472475513 5519.829 5404.219
1472475536 5518.416 5394.848
1472475560 5519.442 5397.174
1472475583 5515.781 2077.406
1472475606 5512.332 853.565
1472475630 5515.622 5403.114
1472475653 5513.474 3229.154
1472475676 5516.728 0.0
1472475699 3173.796 0.0
