700
1470567365 8737.48 8525.307
1470567388 8437.762 2439.876
1470567412 8539.457 683.376
1470567435 8991.149 8727.545
1470567458 11014.488 10164.283
1470567482 11005.301 10308.916
1470567505 10985.722 5749.203
1470567528 10959.356 9708.863
1470567552 10961.197 10271.748
1470567575 8532.463 8118.653
1470567598 4191.355 4127.852
1470567622 8469.957 8170.246
1470567645 10579.054 10106.753
1470567668 7526.742 7350.606
1470567691 3343.633 3292.483
1470567715 4954.289 4834.724
1470567738 1033.587 1022.435
1470567761 5181.773 5095.96
1470567785 10127.509 9780.843
1470567808 5044.259 4957.583
1470567831 981.688 971.03
1470567855 9049.053 8770.768
1470567878 10817.435 10427.097
1470567901 10816.895 10414.62
1470567925 10821.656 10389.43
1470567948 10820.563 10402.873
1470567971 10833.71 7558.606
1470567994 10801.452 8361.992
1470568018 10786.763 10325.108
1470568041 10767.606 10158.028
1470568064 10759.576 9824.768
1470568088 10760.841 10029.043
1470568111 10756.989 3930.93
1470568134 10761.587 7294.019
1470568158 10776.989 4630.976
1470568181 10753.714 9333.952
1470568204 10732.53 10212.114
1470568228 10713.495 10349.3
1470568251 10701.709 10076.389
1470568274 10706.036 10315.566
1470568297 10694.458 10188.105
1470568321 10710.255 10283.69
1470568344 10697.632 10235.189
1470568367 10688.558 10206.731
1470568391 10683.55 10240.572
1470568414 10654.723 10052.773
1470568437 10659.253 10146.463
1470568461 10648.792 10206.398
1470568484 10639.441 4122.838
1470568507 10645.328 10195.701
1470568531 10644.244 10158.75
1470568554 10628.395 9984.862
1470568577 10631.554 10246.991
1470568601 10596.994 10167.396
1470568624 10602.726 10111.498
1470568647 10612.043 10120.678
1470568670 10601.83 4042.552
1470568694 10597.975 10136.079
1470568717 10595.458 9914.436
1470568740 10568.345 10124.912
1470568764 10575.889 10186.674
1470568787 10573.636 10177.201
1470568810 10576.321 10158.881
1470568834 10571.935 10193.753
1470568857 10551.328 9892.785
1470568880 10552.14 10049.784
1470568904 10536.998 10115.128
1470568927 10523.678 10193.521
1470568950 10551.607 5045.479
1470568974 10531.229 7688.043
1470568997 10543.456 10150.81
1470569020 10506.273 9915.142
1470569043 10511.349 4899.68
1470569067 10502.455 8089.453
1470569090 10495.711 6547.739
1470569113 10481.777 10139.997
1470569137 10494.636 9885.236
1470569160 10491.978 9942.696
1470569183 10480.135 10086.525
1470569207 10494.014 10035.757
1470569230 10472.787 10120.666
1470569253 10474.359 10109.315
1470569277 10471.868 9964.53
1470569300 10460.343 10096.184
1470569323 10455.944 9302.013
1470569346 10451.124 10044.396
1470569370 10451.52 10098.604
1470569393 10417.927 10002.94
1470569416 10437.042 9984.82
1470569440 10455.807 8880.096
1470569463 10427.603 9723.342
1470569486 10424.651 9908.075
1470569510 10412.524 9978.014
1470569533 10403.584 9628.82
1470569556 10404.973 9776.299
1470569580 10401.011 10037.897
1470569603 10392.104 9921.408
1470569626 10376.393 9863.998
1470569650 10366.073 9963.919
1470569673 10361.249 9956.089
1470569696 10370.958 9576.284
1470569719 10370.145 9862.49
1470569743 10364.178 10021.451
1470569766 10350.684 9932.191
1470569789 10340.833 10000.826
1470569813 10322.384 9753.763
1470569836 10323.724 9947.666
1470569859 10340.585 9757.359
1470569883 10335.937 9970.163
1470569906 10315.087 9839.518
1470569929 10308.753 5151.834
1470569953 10308.928 6765.726
1470569976 10310.19 9912.26
1470569999 10305.684 9734.337
1470570022 10303.105 9941.049
1470570046 10299.131 9764.624
1470570069 10290.962 9883.707
1470570092 10277.029 9906.396
1470570116 10279.907 9868.078
1470570139 10281.176 9823.314
1470570162 10277.762 9902.622
1470570186 10276.75 9916.829
1470570209 10294.234 9891.839
1470570232 10278.71 5071.379
1470570256 10273.448 9738.126
1470570279 10257.566 5594.416
1470570302 10254.372 9901.094
1470570325 10249.76 9692.774
1470570349 10248.177 7326.27
1470570372 10244.401 8471.375
1470570395 10234.49 9867.786
1470570419 10223.605 8386.158
1470570442 10219.388 9839.478
1470570465 10209.046 9785.203
1470570489 10220.19 9867.685
1470570512 10214.229 9746.516
1470570535 10216.729 9876.808
1470570559 10194.337 9805.606
1470570582 10193.324 9792.229
1470570605 10206.234 9794.936
1470570629 10174.749 9804.6
1470570652 10177.441 9793.337
1470570675 10165.659 9816.563
1470570699 10167.478 9758.56
1470570722 10164.874 9708.184
1470570745 10157.934 7969.765
1470570768 10159.633 7044.616
1470570792 10149.578 9839.624
1470570815 10130.177 9658.619
1470570838 10132.144 9773.776
1470570862 10134.193 9636.911
1470570885 10131.883 9645.649
1470570908 10135.741 9741.507
1470570932 10121.121 9805.268
1470570955 10115.713 9821.806
1470570978 10112.662 8604.726
1470571002 10108.736 9742.46
1470571025 10104.462 9752.23
1470571048 10097.894 9744.028
1470571071 10086.878 9757.915
1470571095 10055.408 9401.107
1470571118 10050.689 9048.345
1470571141 10092.349 9516.133
1470571165 10065.151 9546.366
1470571188 10085.438 9537.511
1470571211 10072.097 9297.094
1470571235 10064.445 9562.921
1470571258 10047.058 9638.555
1470571281 10045.666 9479.588
1470571305 10048.195 9491.142
1470571328 10041.158 5160.307
1470571351 10055.76 7468.19
1470571375 10056.336 9548.349
1470571398 10029.451 9474.183
1470571421 10017.018 9182.722
1470571444 10012.157 9382.402
1470571468 10009.211 9362.925
1470571491 10021.24 9517.429
1470571514 10026.211 9437.147
1470571538 10011.643 9369.897
1470571561 10009.357 3678.01
1470571584 10008.567 7970.549
1470571608 9997.211 8846.61
1470571631 9971.298 3453.796
1470571654 9988.727 9403.303
1470571678 10000.408 9421.448
1470571701 9975.573 8296.666
1470571724 9969.458 6518.288
1470571748 9963.301 9581.667
1470571771 9959.125 9496.576
1470571794 9955.9 9393.503
1470571817 9949.604 9453.912
1470571841 9941.888 4707.015
1470571864 9940.627 8560.911
1470571887 9941.836 9454.514
1470571911 9941.257 9421.964
1470571934 9718.998 9333.575
1470571957 9771.81 9320.916
1470571981 9748.08 9305.952
1470572004 8702.62 8421.881
1470572027 9731.428 9253.265
1470572050 9914.382 9444.48
1470572074 10045.004 9549.184
1470572097 10039.17 9507.353
1470572120 10034.543 9455.685
1470572144 10031.318 9552.213
1470572167 10028.79 9331.561
1470572190 10028.46 9555.136
1470572214 10021.643 9333.65
1470572237 10016.214 9494.078
1470572260 10012.599 9508.04
1470572284 10005.653 9487.734
1470572307 10001.188 9516.461
1470572330 9998.844 7103.254
1470572354 9994.01 7548.789
1470572377 9989.813 9500.593
1470572400 9986.396 9441.886
1470572423 9969.521 9466.233
1470572447 9983.671 9613.016
1470572470 9979.453 9307.277
1470572493 9968.692 9504.923
1470572517 9962.669 9475.501
1470572540 9957.266 9521.009
1470572563 9953.171 9471.925
1470572587 9946.983 9296.006
1470572610 9947.536 9558.669
1470572633 9945.139 9451.545
1470572657 9937.793 9590.389
1470572680 9926.358 9418.076
1470572703 9932.156 9403.591
1470572727 9933.884 9406.037
1470572750 9919.091 9450.343
1470572773 9912.311 9421.391
1470572796 9899.14 9492.303
1470572820 9908.476 9489.587
1470572843 9903.731 9511.196
1470572866 9892.756 9478.45
1470572890 9894.16 9441.715
1470572913 9890.086 9000.838
1470572936 9890.165 9502.412
1470572960 9887.482 9357.823
1470572983 9876.409 9396.872
1470573006 9860.919 9288.175
1470573030 9864.09 8284.242
1470573053 9875.27 9338.416
1470573076 9865.08 9291.959
1470573099 9859.574 9270.858
1470573123 9851.321 9430.558
1470573146 9839.89 5614.944
1470573169 9847.096 9423.72
1470573193 9843.233 9308.795
1470573216 9830.947 8143.977
1470573239 9843.596 7466.52
1470573263 9833.71 9303.744
1470573286 9815.553 9303.126
1470573309 9808.754 9417.532
1470573333 9817.357 9403.092
1470573356 9819.934 9264.466
1470573379 9812.991 9382.315
1470573403 9795.641 9333.494
1470573426 9790.253 7413.446
1470573449 9793.961 7474.577
1470573473 9791.041 9250.954
1470573496 9786.259 9310.463
1470573519 9791.423 9313.032
1470573542 9782.376 9397.323
1470573566 9759.667 9415.406
1470573589 9764.724 9406.574
1470573612 9764.891 4430.157
1470573636 9763.097 9281.554
1470573659 9763.123 9367.848
1470573682 9739.991 9404.35
1470573706 9740.194 9241.535
1470573729 9745.805 9401.072
1470573752 9741.911 8582.344
1470573776 9737.835 9355.042
1470573799 9738.486 2527.706
1470573822 9737.753 8941.388
1470573845 9711.517 9253.167
1470573869 9712.043 9276.33
1470573892 9714.68 9294.463
1470573915 9717.961 9262.466
1470573939 9721.621 8378.362
1470573962 9697.694 9312.073
1470573985 9692.105 9303.082
1470574009 9692.937 9339.959
1470574032 9689.751 3208.899
1470574055 9686.676 7079.941
1470574079 9681.966 9067.924
1470574102 9687.623 9287.581
1470574125 9685.574 9241.723
1470574149 9652.599 9184.389
1470574172 9664.843 9284.275
1470574195 9667.029 9339.988
1470574218 9665.094 9235.619
1470574242 9665.668 9326.317
1470574265 9637.296 9245.29
1470574288 9632.801 9227.743
1470574312 9636.816 9324.174
1470574335 9644.226 5637.444
1470574358 9635.944 8801.772
1470574382 9634.253 9324.352
1470574405 9637.692 9146.424
1470574428 9631.863 8407.672
1470574452 9602.545 9224.676
1470574475 9617.968 9262.514
1470574498 9619.057 9183.414
1470574521 9615.92 9263.937
1470574545 9622.28 9188.653
1470574568 9601.034 9220.705
1470574591 9595.692 5060.553
1470574615 9602.824 9205.972
1470574638 9592.693 9217.429
1470574661 9588.759 9242.579
1470574685 9585.348 9079.609
1470574708 9586.794 8969.247
1470574731 9583.843 8781.505
1470574755 9551.469 8537.39
1470574778 9566.753 699.561
1470574801 9564.025 5285.081
1470574825 9564.919 9107.895
1470574848 9570.764 9163.959
1470574871 9546.624 9096.121
1470574894 9544.609 9181.46
1470574918 9541.284 9156.197
1470574941 9536.723 9119.326
1470574964 9532.569 9145.775
1470574988 9523.294 9082.609
1470575011 9518.308 9057.488
1470575034 9529.34 9093.606
1470575058 9522.856 9083.641
1470575081 9490.221 9179.974
1470575104 9497.696 8981.068
1470575128 9495.474 9177.005
1470575151 9495.715 9047.305
1470575174 9495.571 9140.042
1470575198 9505.308 6419.816
1470575221 9487.2 7583.966
1470575244 9475.298 8890.059
1470575267 9475.412 9007.962
1470575291 9468.679 9019.198
1470575314 9459.311 9130.763
1470575337 9459.825 9101.487
1470575361 9460.454 9108.318
1470575384 9460.422 9099.949
1470575407 9453.515 9146.555
1470575431 9460.594 9035.051
1470575454 9453.628 9027.407
1470575477 9427.502 9057.07
1470575501 9440.987 8737.019
1470575524 9440.023 9132.878
1470575547 9438.652 9098.693
1470575571 9438.395 8988.119
1470575594 9447.603 9039.98
1470575617 9433.05 9129.055
1470575640 9417.833 4681.227
1470575664 9418.627 9094.041
1470575687 9415.2 8980.874
1470575710 9371.286 9014.403
1470575734 9366.549 8999.148
1470575757 9369.219 8803.724
1470575780 9367.639 8866.257
1470575804 9365.692 8908.939
1470575827 9352.833 9043.079
1470575850 9342.204 7919.705
1470575874 9344.104 4270.753
1470575897 9344.285 7835.841
1470575920 9343.622 8973.276
1470575943 9339.654 9033.768
1470575967 9337.147 8953.815
1470575990 9328.866 8996.99
1470576013 9322.712 8932.229
1470576037 9318.751 7768.414
1470576060 9313.14 8846.186
1470576083 9310.053 8962.29
1470576107 9311.956 8983.583
1470576130 9310.495 8872.262
1470576153 9301.739 8849.834
1470576177 9291.287 8890.023
1470576200 9285.508 8974.414
1470576223 9284.243 9004.325
1470576246 9279.499 8910.989
1470576270 9282.353 8921.268
1470576293 9280.16 8064.234
1470576316 9279.714 8875.924
1470576340 9272.173 8941.858
1470576363 9262.215 8919.674
1470576386 9254.598 4479.602
1470576410 9248.864 8835.053
1470576433 9244.9 8971.712
1470576456 9247.309 8940.244
1470576480 9249.476 8881.641
1470576503 9242.685 8657.072
1470576526 9233.444 8342.153
1470576550 9228.887 8842.887
1470576573 9231.589 8841.345
1470576596 9228.426 8810.279
1470576619 9222.684 8882.77
1470576643 9217.894 8921.381
1470576666 9213.29 8884.753
1470576689 9185.697 8837.612
1470576713 9176.922 8838.855
1470576736 9192.788 8857.922
1470576759 9188.415 8908.769
1470576783 9180.511 8845.603
1470576806 9172.076 8837.006
1470576829 9162.157 8806.775
1470576853 9156.328 8799.113
1470576876 9144.125 8855.048
1470576899 9136.646 8743.142
1470576923 9126.996 8758.674
1470576946 9117.339 8853.711
1470576969 9109.349 8603.578
1470576992 9111.527 8734.039
1470577016 9106.23 8766.414
1470577039 9105.95 8784.439
1470577062 9106.15 8750.295
1470577086 9105.17 8677.14
1470577109 9104.651 8569.625
1470577132 9102.827 8779.549
1470577156 9092.172 8668.666
1470577179 9086.443 8754.423
1470577202 9086.073 8714.626
1470577226 9089.613 8614.854
1470577249 9094.039 3841.169
1470577272 9096.347 8690.685
1470577296 9093.429 8625.927
1470577319 9086.734 8676.829
1470577342 9080.737 8714.495
1470577365 9082.638 8645.084
1470577389 9080.608 8768.675
1470577412 9071.904 8751.308
1470577435 9061.045 8675.955
1470577459 9059.674 8709.318
1470577482 9054.753 8641.046
1470577505 9047.455 8522.629
1470577529 9040.194 8711.411
1470577552 9036.739 8677.168
1470577575 9035.354 8611.31
1470577599 9038.67 8636.286
1470577622 9040.15 8628.258
1470577645 9043.982 8571.874
1470577668 9037.743 8633.996
1470577692 9026.458 8627.981
1470577715 9020.015 8628.365
1470577738 9019.387 5600.304
1470577762 9024.528 8246.848
1470577785 9025.215 8678.002
1470577808 9026.57 8607.22
1470577832 9020.513 8652.927
1470577855 9021.524 8684.597
1470577878 9019.718 8607.163
1470577902 9012.695 8613.406
1470577925 9012.775 8670.085
1470577948 9007.937 8651.697
1470577972 9008.287 8642.162
1470577995 9002.562 8202.901
1470578018 8996.052 8643.551
1470578041 8990.972 8659.084
1470578065 8987.042 8614.821
1470578088 8983.562 8534.608
1470578111 8980.649 8608.672
1470578135 8976.757 8570.291
1470578158 8969.833 8593.641
1470578181 8959.524 8492.439
1470578205 8952.736 8659.599
1470578228 8947.87 8592.424
1470578251 8935.11 8229.157
1470578275 8925.083 8474.206
1470578298 8919.974 8235.375
1470578321 8914.777 8239.704
1470578345 8910.182 8522.612
1470578368 8898.799 8530.632
1470578391 8904.412 8488.516
1470578414 8905.191 6865.093
1470578438 8905.251 8518.903
1470578461 8899.478 8534.727
1470578484 8894.285 8514.508
1470578508 8890.301 8536.903
1470578531 8886.465 8598.317
1470578554 8889.875 8557.328
1470578578 8896.755 8555.813
1470578601 8897.022 8500.587
1470578624 8887.352 8586.453
1470578648 8883.136 8520.8
1470578671 8882.835 3807.632
1470578694 8879.662 8391.31
1470578717 8877.05 8280.381
1470578741 8877.875 3932.806
1470578764 8869.586 7644.4
1470578787 8865.369 8437.94
1470578811 8858.61 8478.238
1470578834 8853.061 3161.988
1470578857 8838.495 7671.864
1470578881 8841.395 8555.728
1470578904 8838.288 8553.095
1470578927 8830.542 8459.375
1470578951 8823.21 8538.842
1470578974 8821.955 8529.115
1470578997 8820.92 8444.03
1470579021 8823.281 8424.244
1470579044 8823.01 8466.737
1470579067 8822.38 8365.889
1470579090 8823.95 8517.465
1470579114 8820.551 7546.312
1470579137 8807.588 8359.849
1470579160 8808.74 8474.344
1470579184 8806.964 8496.1
1470579207 8809.282 8445.055
1470579230 8817.046 8279.264
1470579254 8814.401 8494.816
1470579277 8807.439 8505.287
1470579300 8810.076 8507.728
1470579324 8811.244 8513.116
1470579347 8809.047 8528.809
1470579370 8802.366 6481.758
1470579393 8799.863 4785.294
1470579417 8801.604 8460.217
1470579440 8799.887 8311.564
1470579464 8799.498 8459.114
1470579487 8800.983 8489.608
1470579510 8803.989 8493.055
1470579533 8802.517 8447.921
1470579557 8796.238 8323.423
1470579580 8786.386 8363.366
1470579603 8777.679 8395.52
1470579627 8771.023 8437.093
1470579650 8766.277 8436.095
1470579673 8760.427 8359.785
1470579697 8753.906 8395.15
1470579720 8738.978 8433.295
1470579743 8730.666 8360.511
1470579766 8722.519 8377.867
1470579790 8720.289 8326.636
1470579813 8710.717 7321.187
1470579836 8704.677 8382.554
1470579860 8702.967 8372.686
1470579883 8701.046 8411.207
1470579906 8701.493 8382.128
1470579930 8695.214 8360.724
1470579953 8695.737 8267.653
1470579976 8698.08 8367.907
1470580000 8707.701 8317.486
1470580023 8698.575 8415.845
1470580046 8691.961 8297.104
1470580070 8690.312 8310.569
1470580093 8692.266 8342.441
1470580116 8690.399 8420.011
1470580139 8692.215 8421.481
1470580163 8694.335 8421.791
1470580186 8682.819 7886.727
1470580209 8678.572 8230.74
1470580233 8669.946 8402.02
1470580256 8664.566 8326.038
1470580279 8666.914 8369.52
1470580303 8661.79 8261.853
1470580326 8665.57 8325.822
1470580349 8657.468 8308.614
1470580373 8654.307 8387.309
1470580396 8647.376 8298.261
1470580419 8644.621 8251.424
1470580443 8645.727 8366.71
1470580466 8643.625 8310.485
1470580489 8643.302 7310.579
1470580512 8632.828 8326.028
1470580536 8636.637 8284.672
1470580559 8634.137 8336.039
1470580582 8626.184 8308.141
1470580606 8626.05 8340.586
1470580629 8623.993 8328.476
1470580652 8626.724 8328.925
1470580676 8624.965 7961.335
1470580699 8627.316 8286.147
1470580722 8626.328 8256.297
1470580746 8621.338 8336.533
1470580769 8617.719 8336.263
1470580792 8612.918 8268.507
1470580816 8606.352 8204.558
1470580839 8601.034 8308.019
1470580862 8599.781 8253.802
1470580885 8595.412 6329.323
1470580909 8593.323 8174.643
1470580932 8591.761 8152.322
1470580955 8592.684 8287.426
1470580979 8589.859 8327.339
1470581002 8584.7 8211.337
1470581025 8583.167 8283.923
1470581049 8583.23 8239.517
1470581072 8585.643 8204.927
1470581095 8584.259 8282.845
1470581119 8581.012 8258.416
1470581142 8579.636 8032.358
1470581165 8578.488 8008.372
1470581189 8577.608 8275.571
1470581212 8571.996 8291.677
1470581235 8565.969 8241.096
1470581259 8564.487 8293.607
1470581282 8565.069 8271.541
1470581305 8562.388 7617.83
1470581328 8560.37 8121.369
1470581352 8558.477 8223.962
1470581375 8555.589 8151.259
1470581398 8553.94 8275.338
1470581422 8553.977 6533.475
1470581445 8553.309 8225.023
1470581468 8550.566 8202.368
1470581492 8544.189 8212.28
1470581515 8543.623 8234.058
1470581538 8535.884 8238.761
1470581562 8541.207 8151.316
1470581585 8532.295 8045.355
1470581608 8529.383 8182.054
1470581631 8527.223 8198.509
1470581655 8525.575 8222.275
1470581678 8522.966 8187.806
1470581701 8517.031 8192.455
1470581725 8514.726 8221.632
1470581748 8512.501 8196.537
1470581771 8509.368 8185.636
1470581795 8507.511 8176.205
1470581818 8505.911 8232.835
1470581841 8503.028 8211.341
1470581865 8504.324 8231.72
1470581888 8499.501 8185.603
1470581911 8490.89 8237.833
1470581934 8485.263 7791.906
1470581958 8484.751 8202.373
1470581981 8484.752 8232.525
1470582004 8482.793 8198.676
1470582028 8481.424 8010.225
1470582051 8477.265 8188.842
1470582074 8473.637 8202.403
1470582098 8470.911 8149.992
1470582121 8466.225 8025.184
1470582144 8460.77 8177.56
1470582168 8457.494 8144.643
1470582191 8454.138 8134.259
1470582214 8449.018 8169.73
1470582238 8447.564 8038.861
1470582261 8444.207 8176.597
1470582284 8442.186 8119.891
1470582307 8439.322 7885.336
1470582331 8429.462 6932.491
1470582354 8420.088 8142.432
1470582377 8407.714 8110.694
1470582401 8402.587 8093.791
1470582424 8393.155 8117.479
1470582447 8388.579 7981.537
1470582471 8380.07 8056.502
1470582494 8368.212 7997.807
1470582517 8369.389 8124.212
1470582541 8366.303 8121.193
1470582564 8366.67 8070.501
1470582587 8366.186 8013.149
1470582611 8362.198 8119.205
1470582634 8361.874 8090.634
1470582657 8359.739 8017.683
1470582680 8355.363 8052.388
1470582704 8349.079 8023.567
1470582727 8353.142 7947.469
1470582750 8359.013 8116.556
1470582774 8362.014 8008.458
1470582797 8355.068 8093.832
1470582820 8352.503 8068.629
1470582844 8353.516 8110.094
1470582867 8352.652 8070.966
1470582890 8352.763 8057.921
1470582914 8350.71 7904.697
1470582937 8343.653 8079.537
1470582960 8348.559 8086.042
1470582983 8349.554 8106.217
1470583007 8345.766 7991.168
1470583030 8348.224 8054.373
1470583053 8347.85 8037.954
1470583077 8347.889 8094.356
1470583100 8346.092 8084.885
1470583123 8346.132 8075.312
1470583147 8334.037 8091.974
1470583170 8333.152 8052.243
1470583193 8342.607 8063.426
1470583217 8343.161 8065.267
1470583240 8337.807 8006.308
1470583263 8327.78 8027.886
1470583287 8330.612 8070.916
1470583310 8330.524 8071.359
1470583333 8334.513 8014.92
1470583356 8330.142 8048.192
1470583380 8312.469 7907.436
1470583403 8319.542 7903.333
1470583426 8331.936 8031.246
1470583450 8333.967 8091.829
1470583473 8329.486 8069.598
1470583496 8323.043 8013.214
1470583520 8320.363 7098.117
1470583543 8315.542 7952.13
1470583566 8310.716 8022.035
1470583590 8306.189 8023.004
1470583613 6288.108 6092.051
1470583636 0.0 0.0
1470583660 0.0 0.0
