2201
1475416130 13341.08556 13132.66086
1475416154 13329.43722 9391.49244
1475416177 13320.38961 1307.43459
1475416200 13284.38232 6405.23169
1475416224 13277.12958 13053.79647
1475416247 13259.91348 13020.38991
1475416270 13241.04903 12593.57715
1475416294 13214.38239 12765.62826
1475416317 13197.86226 12933.94311
1475416340 13188.04542 12548.63214
1475416364 13177.6425 12898.04571
1475416387 13155.73776 12898.26549
1475416410 13127.27625 12856.25088
1475416433 13140.13338 12702.36825
1475416457 13140.71946 12872.5146
1475416480 13106.36052 12821.56227
1475416503 13089.58398 12840.93954
1475416527 13075.59132 12829.47435
1475416550 13038.04557 12792.73446
1475416573 13047.16644 12786.83703
1475416597 13028.30199 12751.89201
1475416620 13022.47782 12714.71256
1475416643 13013.68662 12344.34663
1475416667 12976.36065 12477.56994
1475416690 12966.72696 12678.81516
1475416713 12935.26179 12617.82621
1475416736 12913.79661 12633.87015
1475416760 12930.31674 12632.03865
1475416783 12949.76727 12458.85201
1475416806 12905.95779 12539.80431
1475416830 12877.02009 12580.72002
1475416853 12856.83696 12231.08667
1475416876 12835.66482 12565.66509
1475416900 12840.93954 12360.64698
1475416923 12834.63918 12565.04238
1475416946 12822.51465 12552.33177
1475416970 12817.45971 12533.46732
1475416993 12795.99453 12512.91789
1475417016 12780.75645 12483.39411
1475417040 12764.38284 12471.23295
1475417063 12766.25097 12443.28426
1475417086 12754.34622 12457.4967
1475417109 12730.24368 12403.76049
1475417133 12722.07519 12400.64694
1475417156 12696.36093 9377.60967
1475417179 12710.2437 12403.61397
1475417203 12682.91772 12378.81546
1475417226 12689.21808 12389.10849
1475417249 12707.13015 12404.67624
1475417273 12680.9397 12401.04987
1475417296 12656.94705 12344.60304
1475417319 12618.00936 12342.69828
1475417343 12642.66135 12363.7239
1475417366 12625.88481 12335.8851
1475417389 12617.97273 12156.72777
1475417412 12604.49289 12332.44188
1475417436 12580.72002 12307.49685
1475417459 12554.23653 12269.76795
1475417482 12554.78598 12285.22581
1475417506 12548.92518 12095.66556
1475417529 12537.38673 12253.8339
1475417552 12531.30615 5807.06379
1475417576 12531.123 12081.3066
1475417599 12511.74573 12231.30645
1475417622 12501.23292 12225.48228
1475417646 12460.35384 12206.06838
1475417669 12489.95088 12214.96947
1475417692 12493.10106 12000.13452
1475417716 12495.70179 12236.87421
1475417739 12476.21463 12014.53011
1475417762 12440.20734 9969.07428
1475417785 12419.65791 9076.80411
1475417809 12434.34654 11996.83782
1475417832 12421.04985 12174.20028
1475417855 12405.95829 12147.64353
1475417879 12408.00957 12181.41639
1475417902 12385.99494 12146.10507
1475417925 12373.21107 12134.52999
1475417949 12345.99498 12124.93293
1475417972 12373.02792 6031.64232
1475417995 12367.05723 12126.83769
1475418019 12358.04625 12133.87065
1475418042 12335.40891 12085.81209
1475418065 12316.98402 12061.19673
1475418088 12318.33933 12031.56306
1475418112 12312.22212 12058.11981
1475418135 12307.02066 12053.61432
1475418158 12302.36865 11893.90752
1475418182 12289.07196 12051.23337
1475418205 12276.14157 12020.64732
1475418228 12268.4859 12032.69859
1475418252 12253.1013 12004.53012
1475418275 12253.61412 10548.56088
1475418298 12252.14892 12021.05025
1475418322 12244.41999 12011.30667
1475418345 12237.89985 11992.40559
1475418368 12218.37606 11987.1675
1475418392 12207.71673 11808.55962
1475418415 12182.36877 11955.51918
1475418438 12193.24788 11963.10159
1475418462 12181.89258 11922.3324
1475418485 12185.51895 11925.18954
1475418508 12178.96218 11936.14191
1475418531 12157.09407 11931.67305
1475418555 12146.17833 11905.66575
1475418578 12135.04281 11914.2738
1475418601 12117.09411 11895.66576
1475418625 12131.30655 11910.17124
1475418648 2928.60513 2912.59782
1475418671 6399.37089 6355.37826
1475418695 11336.21577 11155.70313
1475418718 8338.34331 8246.21886
1475418741 2892.01176 2881.53558
1475418765 4540.83795 4511.13102
1475418788 1730.36457 1726.07886
1475418811 8652.62871 8565.52257
1475418834 10169.2206 9871.74837
1475418858 2995.89444 2984.13621
1475418881 5505.04944 5457.21066
1475418904 12036.03192 11834.64018
1475418928 12039.69492 11837.57058
1475418951 12032.55207 11829.87828
1475418974 12031.70958 11662.66233
1475418998 12028.88907 11829.43872
1475419021 12018.63267 11805.73911
1475419044 12005.37261 11806.5816
1475419068 11993.68764 11781.89298
1475419091 11985.81219 11789.7318
1475419114 11979.1089 11783.43144
1475419138 11972.84517 11763.28494
1475419161 11958.26643 11747.09448
1475419184 11951.34336 11755.95894
1475419207 11965.44591 11769.36552
1475419231 11948.04666 11556.17892
1475419254 11926.39833 11725.81245
1475419277 11922.77196 11723.28498
1475419301 11916.50823 11731.89303
1475419324 11909.40201 11726.28864
1475419347 11906.61813 11379.21939
1475419371 11891.9295 11695.88574
1475419394 11890.31778 11695.07988
1475419417 11887.42401 11692.296
1475419441 11877.75369 11696.14215
1475419464 11871.85626 11690.90406
1475419487 11864.01744 11682.55242
1475419511 11856.94785 11677.57074
1475419534 11848.30317 11487.60756
1475419557 11839.73175 11652.91875
1475419580 11827.71711 11641.49019
1475419604 11817.49734 11474.75043
1475419627 11812.99185 11634.4206
1475419650 11816.50833 11457.4977
1475419674 11807.05779 11627.68068
1475419697 11791.85634 11614.75029
1475419720 11783.90763 11607.64407
1475419744 11778.59628 11601.8199
1475419767 11767.68054 11576.94813
1475419790 11757.64392 11567.68074
1475419814 11749.69521 11270.94111
1475419837 11743.87104 9711.30897
1475419860 11741.3802 11457.60759
1475419883 11735.18973 11436.80175
1475419907 11720.35458 11385.51975
1475419930 11715.26301 11389.65894
1475419953 11706.50844 11416.43547
1475419977 11691.78318 10536.94917
1475420000 11689.18245 11387.31462
1475420023 11671.89309 11384.86041
1475420047 11666.69163 11396.98494
1475420070 11662.03962 11349.73224
1475420093 11671.34364 11382.80913
1475420117 11660.75757 11376.14247
1475420140 11640.09825 11344.71393
1475420163 11623.28508 11359.91538
1475420187 11625.59277 11362.11318
1475420210 11626.21548 11360.0619
1475420233 11621.19717 11341.96668
1475420256 11609.29242 11316.98502
1475420280 11598.66972 9760.13676
1475420303 11596.21551 11337.49782
1475420326 11587.68072 11328.9264
1475420350 11575.26315 11270.86785
1475420373 11564.20089 11307.09492
1475420396 11562.80895 11306.91177
1475420420 11559.07269 11275.22682
1475420443 11553.68808 11282.04
1475420466 11535.44634 11281.82022
1475420490 11524.01778 10958.78025
1475420513 11530.3914 11235.81294
1475420536 11514.45735 11235.08034
1475420559 11505.29985 11227.75434
1475420583 11498.45004 11269.18287
1475420606 11490.4647 11254.89717
1475420629 11481.74676 11246.61879
1475420653 11478.41343 11254.12794
1475420676 11473.57827 11223.87156
1475420699 11465.81271 11245.84956
1475420723 11452.58928 11219.65911
1475420746 11446.5087 11229.43932
1475420769 11437.7175 11205.92286
1475420793 11422.3329 11193.72507
1475420816 11428.99956 11177.20494
1475420839 11409.32925 11159.36613
1475420862 11406.32559 11156.0328
1475420886 11402.40618 11151.85698
1475420909 11394.82377 11159.29287
1475420932 11381.60034 10034.27568
1475420956 11375.22672 11143.65186
1475420979 11371.74687 11126.83869
1475421002 11373.10218 10788.01119
1475421026 11367.82746 10236.83958
1475421049 11346.1425 8228.96613
1475421072 11336.72859 11109.69585
1475421096 11325.08025 10928.01105
1475421119 11326.21578 11087.05851
1475421142 11321.56377 11081.85705
1475421166 11311.49052 11070.97794
1475421189 11301.23412 11072.58966
1475421212 11303.83485 11044.97064
1475421235 11300.64804 11055.81312
1475421259 11284.2378 11059.6959
1475421282 11281.78359 10888.6338
1475421305 11276.98506 11054.2014
1475421329 11268.96309 10890.13563
1475421352 11262.51621 9274.45959
1475421375 11254.34772 11034.09153
1475421399 11245.30011 10870.42869
1475421422 11234.75067 10999.14651
1475421445 11234.09133 10845.95985
1475421469 11223.83493 10976.65569
1475421492 11214.67743 10950.46524
1475421515 11196.94851 10963.57878
1475421539 11203.50528 10996.47252
1475421562 11207.75436 9832.73742
1475421585 11162.66283 10969.18317
1475421608 11177.46135 10954.23813
1475421632 11173.90824 10965.99636
1475421655 11172.5163 10979.58609
1475421678 11158.92657 10967.49819
1475421702 11146.03281 10941.96708
1475421725 11128.45041 10939.07331
1475421748 11119.7691 10930.64841
1475421772 11136.28923 10933.13925
1475421795 11114.60427 10925.66673
1475421818 11112.51636 10923.066
1475421842 11096.10612 10908.45063
1475421865 11095.66656 10905.41034
1475421888 11096.83872 10876.03308
1475421912 11089.03653 10730.35557
1475421935 11067.93765 10875.92319
1475421958 11073.54204 10882.773
1475421981 11075.11713 10854.86094
1475422005 11070.53838 10880.75835
1475422028 11062.40652 10854.2016
1475422051 11063.02923 10869.87924
1475422075 11059.91568 10838.56059
1475422098 11052.55305 10860.75837
1475422121 11039.07321 10850.20893
1475422145 11028.70692 5968.1259
1475422168 11010.50181 10355.63067
1475422191 10983.8718 10787.20533
1475422215 10993.06593 9494.09307
1475422238 10989.25641 10807.05879
1475422261 10980.13554 10798.48737
1475422284 10973.10258 10776.98556
1475422308 10960.39197 10748.26764
1475422331 10956.06963 10757.71818
1475422354 10967.16852 10783.10277
1475422378 10952.18685 10755.19071
1475422401 10947.71799 10763.13942
1475422424 10939.58613 10744.05519
1475422448 10929.76929 10721.63763
1475422471 10918.15758 10725.08085
1475422494 10910.02572 10705.1175
1475422518 10884.78765 10691.27136
1475422541 10897.20522 10716.14313
1475422564 10891.52757 10700.75853
1475422588 10905.59349 10709.95266
1475422611 10885.59351 10700.13582
1475422634 10862.07705 10679.00031
1475422657 10871.08803 10673.21277
1475422681 10876.5459 10689.0003
1475422704 10853.72541 10670.39226
1475422727 10850.64849 10666.69263
1475422751 10833.10272 10623.87216
1475422774 10842.15033 10659.91608
1475422797 10836.10638 10476.25326
1475422821 10829.07342 10633.61574
1475422844 10818.92691 10632.48021
1475422867 10812.4434 10466.36316
1475422891 10808.70714 10615.55715
1475422914 10802.44341 10623.32271
1475422937 10790.24562 10600.722
1475422961 10780.39215 10605.66705
1475422984 10775.37384 10572.84657
1475423007 10760.31891 10583.83557
1475423030 10755.6669 10582.29711
1475423054 10750.61196 10551.60117
1475423077 10754.86104 10564.34841
1475423100 10747.86471 10397.4255
1475423124 10732.73652 10542.07737
1475423147 10724.71455 10399.14711
1475423170 10720.64862 10533.06639
1475423194 10720.57536 10544.01876
1475423217 10721.38122 10544.97114
1475423240 10711.01493 10534.71474
1475423264 10697.7915 10525.9968
1475423287 10688.85378 10356.0336
1475423310 10681.308 10497.97485
1475423333 10676.14317 10498.85397
1475423357 10656.7659 10491.96753
1475423380 10631.4912 10470.50235
1475423403 10670.6853 10506.32649
1475423427 10663.02963 10473.87231
1475423450 10638.96372 10462.88331
1475423473 10632.37032 10442.4804
1475423497 10628.78058 10465.59393
1475423520 10626.65604 10437.02253
1475423543 10614.60477 10448.15805
1475423567 10603.76229 10410.9786
1475423590 10605.52053 10290.64905
1475423613 10605.04434 10439.62326
1475423637 10606.65606 10189.51362
1475423660 10601.41797 9727.68258
1475423683 10575.04437 10383.02991
1475423706 10595.52054 10417.71852
1475423730 10594.64142 10415.85039
1475423753 10570.24584 10403.6526
1475423776 10559.18358 10394.78814
1475423800 10548.19458 10370.83212
1475423823 10547.71839 10383.98229
1475423846 10537.75503 10374.93468
1475423870 10538.67078 9174.97251
1475423893 10535.59386 10371.63798
1475423916 10529.87958 10363.90905
1475423940 10528.15797 10352.51712
1475423963 10525.41072 10348.08489
1475423986 10519.36677 10356.69294
1475424009 10519.33014 10357.68195
1475424033 10506.91257 10282.15089
1475424056 10482.66351 10238.34141
1475424079 10508.0481 10277.05932
1475424103 10504.34847 10251.16191
1475424126 10493.54262 10255.70403
1475424149 10475.99685 10239.5502
1475424173 10466.69283 10242.59049
1475424196 10469.03715 10246.76631
1475424219 10466.80272 10242.70038
1475424243 10456.10676 10194.129
1475424266 10434.38517 10227.75534
1475424289 10447.57197 10103.68953
1475424313 10452.77343 9183.58056
1475424336 10435.85037 10207.79199
1475424359 10416.39984 10206.10701
1475424383 10416.32658 10218.26817
1475424406 10412.84673 9132.88464
1475424429 10414.42182 10216.43667
1475424452 10419.11046 10182.88359
1475424476 10389.22038 10194.82497
1475424499 10393.83576 10185.99714
1475424522 10396.54638 10188.41472
1475424546 10396.50975 10202.26086
1475424569 10377.35226 10184.64183
1475424592 10372.55373 10167.35247
1475424616 10370.13615 9891.01575
1475424639 10368.78084 9887.24286
1475424662 10349.87976 10142.40744
1475424686 10366.83945 10172.59056
1475424709 10363.32297 10169.36712
1475424732 10338.67098 10147.35249
1475424755 10323.68931 10120.46607
1475424779 10330.86879 10114.38549
1475424802 10331.41824 10127.93859
1475424825 10312.55379 9966.54681
1475424849 10326.21678 10121.78475
1475424872 10317.31569 10127.27925
1475424895 10326.54645 10134.49536
1475424919 10305.52083 10103.10345
1475424942 10298.59776 9700.21008
1475424965 10290.57579 9392.84775
1475424989 10274.49522 10084.86171
1475425012 10295.11791 10095.30126
1475425035 10292.51718 10075.33791
1475425058 10270.57581 10079.62362
1475425082 10263.98241 10064.60532
1475425105 10258.89084 9917.2062
1475425128 10235.66742 10037.64564
1475425152 10255.81392 10056.94965
1475425175 10244.20221 10058.12181
1475425198 10241.63811 10042.33428
1475425222 10236.65643 10023.72624
1475425245 10222.44399 10036.21707
1475425268 10213.98246 10022.15115
1475425292 10190.53926 9976.03398
1475425315 10201.67478 9991.05228
1475425338 10219.00077 10021.968
1475425362 10221.30846 10022.73723
1475425385 10214.93484 9987.38928
1475425408 10193.57955 9994.01931
1475425431 10184.56857 9989.33067
1475425455 10129.25727 9939.40398
1475425478 10171.16199 9967.31604
1475425501 10167.64551 9910.57617
1475425525 10171.71144 8514.79002
1475425548 10174.09239 9928.48824
1475425571 10151.45505 9958.70799
1475425595 10160.4294 9955.08162
1475425618 10136.43675 9933.6897
1475425641 10112.29758 9921.6018
1475425665 10143.17667 9945.59445
1475425688 10146.07044 9954.86184
1475425711 10135.74078 9930.0267
1475425735 9876.98646 9663.3603
1475425758 10120.61259 9931.41864
1475425781 10117.16937 9915.66774
1475425804 10105.55766 9915.70437
1475425828 10122.26094 9934.01937
1475425851 10109.58696 9922.29777
1475425874 10122.18768 9931.4919
1475425898 10112.62725 9922.88385
1475425921 10104.09246 9915.96078
1475425944 10092.48075 9905.63112
1475425968 10074.27564 9873.21357
1475425991 10052.99361 9853.47
1475426014 10075.96062 9885.92418
1475426038 10093.24998 9587.06001
1475426061 10069.51374 9895.92417
1475426084 10055.96064 9856.51029
1475426107 10050.97896 9876.98646
1475426131 10050.57603 9866.51028
1475426154 10013.9094 9820.1367
1475426177 10025.22807 9855.26487
1475426201 10022.84712 9852.59088
1475426224 10034.16579 9838.52496
1475426247 10023.14016 9846.43704
1475426271 10015.41123 9835.04511
1475426294 10003.50648 9826.03413
1475426317 9969.66036 9780.83271
1475426341 9989.62371 9810.86931
1475426364 10011.49182 9818.26857
1475426387 9988.08525 9807.93891
1475426411 9967.64571 9626.21748
1475426434 9977.79222 9594.23949
1475426457 10010.13651 8705.1195
1475426480 9966.98637 9763.54335
1475426504 9961.63839 9784.01952
1475426527 9949.69701 4717.46781
1475426550 9942.33438 9436.47408
1475426574 9929.47725 8570.65077
1475426597 9931.4919 9747.75582
1475426620 9931.63842 9758.56167
1475426644 9939.03768 9751.56534
1475426667 9924.45894 9750.28329
1475426690 9923.36004 9749.11113
1475426714 9904.3857 9597.02337
1475426737 9892.99377 9721.38222
1475426760 9896.29047 9589.0014
1475426783 9903.61647 9594.31275
1475426807 9894.45897 9722.00493
1475426830 9862.51761 9670.06359
1475426853 9885.7044 9715.52142
1475426877 9893.25018 9721.19907
1475426900 9864.01944 9691.38225
1475426923 9858.85461 9686.51046
1475426947 9856.51029 9683.72658
1475426970 9863.50662 9691.05258
1475426993 9865.11834 9681.38226
1475427017 9867.09636 9706.98663
1475427040 9859.80699 9687.1698
1475427063 9854.49564 5914.90251
1475427087 9859.66047 9629.47755
1475427110 9855.00846 9694.45917
1475427133 9847.71909 9675.59472
1475427156 9845.66781 9660.02697
1475427180 9848.12202 9687.79251
1475427203 9854.71542 9694.09287
1475427226 9828.67149 9656.21745
1475427250 9844.16598 9683.58006
1475427273 9846.62019 9686.10753
1475427296 9831.56526 9660.35664
1475427320 9817.02315 9646.5105
1475427343 9808.56162 9649.51416
1475427366 9796.51035 9627.60942
1475427390 9801.78507 9643.47021
1475427413 9798.08544 9639.33102
1475427436 9794.31255 9587.13327
1475427460 9782.7741 9566.25417
1475427483 9745.88769 9578.41533
1475427506 9757.53603 9600.68637
1475427529 9777.68253 9620.46657
1475427553 9766.80342 9600.10029
1475427576 9752.51772 9598.04901
1475427599 9745.48476 9579.00141
1475427623 9744.34923 9589.99041
1475427646 9738.56169 9583.28712
1475427669 9731.1258 8411.01723
1475427693 9726.25401 9559.11132
1475427716 9714.45915 9560.28348
1475427739 9708.37857 9531.05274
1475427763 9702.59103 9545.92452
1475427786 9697.27968 9540.97947
1475427809 9687.20643 9534.64248
1475427832 9675.41157 9524.20293
1475427856 9675.48483 9523.4337
1475427879 9678.26871 9513.28719
1475427902 9665.81451 9503.83665
1475427926 9650.57643 9498.48867
1475427949 9642.88413 9505.55826
1475427972 9641.34567 9468.01251
1475427996 9635.85117 9164.23992
1475428019 9624.60576 8641.27341
1475428042 9613.83654 9424.82574
1475428066 9607.97574 9407.79279
1475428089 9600.24681 9412.62795
1475428112 9590.90616 9387.49977
1475428136 9564.93549 9359.66097
1475428159 9586.25415 9254.2032
1475428182 9601.0893 9412.15176
1475428205 9576.65709 7973.9847
1475428229 9569.00142 9360.50346
1475428252 9577.93914 9379.44117
1475428275 9585.59481 9399.58767
1475428299 9582.07833 9263.06766
1475428322 9572.81094 9385.66827
1475428345 9558.48861 9374.12982
1475428369 9544.78899 4731.42384
1475428392 9546.32745 9365.74155
1475428415 9541.30914 9359.14815
1475428439 9526.62051 9330.65001
1475428462 9512.04177 9328.04928
1475428485 9505.41174 9306.76725
1475428509 9506.65716 9297.82953
1475428532 9506.47401 9264.49623
1475428555 9489.95388 8128.70982
1475428578 9480.83301 4683.69495
1475428602 9484.49601 9129.07512
1475428625 9482.26158 9101.49273
1475428648 9472.48137 9245.0457
1475428672 9470.86965 9243.43398
1475428695 9465.22863 9193.65381
1475428718 9458.19567 9222.04206
1475428742 9429.58764 9208.01277
1475428765 9458.12241 7404.13179
1475428788 9449.0748 7626.29274
1475428812 9426.47409 9197.28018
1475428835 9433.3239 9229.62447
1475428858 9428.78178 9237.24351
1475428881 9418.78179 9226.18125
1475428905 9412.29828 9087.82974
1475428928 9413.06751 9103.69053
1475428951 9413.10414 9195.66846
1475428975 9410.10048 9204.23988
1475428998 9396.14445 9201.71241
1475429021 9384.42285 9191.78568
1475429045 9387.31662 8546.62149
1475429068 9390.50343 8824.167
1475429091 9380.24703 9167.24358
1475429115 9372.44484 9149.40477
1475429138 9363.76353 9140.2839
1475429161 9373.17744 9156.21795
1475429185 9378.19575 9160.24725
1475429208 9384.2397 8898.59916
1475429231 9381.12615 8969.69799
1475429254 9383.61699 9155.41209
1475429278 9389.58768 9172.33515
1475429301 9391.1994 9162.73809
1475429324 9383.83677 9142.99452
1475429348 9374.27634 9099.40482
1475429371 9267.46326 9060.72354
1475429394 9146.32785 8951.08995
1475429418 8958.48921 8763.03153
1475429441 8464.49703 8300.76093
1475429464 8868.92886 8673.17814
1475429488 9139.25826 8911.82259
1475429511 9627.57279 9374.20308
1475429534 9621.45558 9369.88074
1475429557 9616.98672 9370.79649
1475429581 9614.16621 9349.29468
1475429604 9609.80724 9358.85511
1475429627 9603.36036 9338.4522
1475429651 9598.26879 9340.43022
1475429674 9588.59847 9340.32033
1475429697 9595.52154 9341.89542
1475429721 9579.22119 9329.62437
1475429744 9575.85123 9329.00166
1475429767 9580.9428 9359.3313
1475429791 9573.39702 9366.73056
1475429814 9565.15527 9349.62435
1475429837 9560.10033 9355.74156
1475429861 9554.23953 9349.55109
1475429884 9551.08935 9347.57307
1475429907 9546.98679 9319.55112
1475429931 9545.37507 9330.17382
1475429954 9521.2359 9316.65735
1475429977 9538.92819 9333.10422
1475430000 9531.56556 9179.99082
1475430024 9526.84029 9305.44857
1475430047 9520.35678 8523.03177
1475430070 9516.21759 9192.2985
1475430094 9514.67913 9182.62818
1475430117 9510.43005 9174.45969
1475430140 9507.02346 9278.67204
1475430164 9500.86962 9262.29843
1475430187 9490.02714 9287.42661
1475430210 9480.72312 9259.22151
1475430233 9489.51432 9289.47789
1475430257 9492.04179 9289.84419
1475430280 9483.28722 7784.9739
1475430303 9474.53265 9257.8662
1475430327 9471.08943 9247.20687
1475430350 9464.67918 9267.42663
1475430373 9458.12241 9261.23616
1475430397 9458.63523 9107.02386
1475430420 9448.30557 9226.32777
1475430443 9445.22865 9236.21787
1475430467 9439.77078 8494.93656
1475430490 9435.74148 9238.89186
1475430513 9430.32024 9225.22887
1475430537 9424.64259 9206.07138
1475430560 9419.25798 9184.27653
1475430583 9421.05285 9223.61715
1475430607 9414.97227 9216.8406
1475430630 9410.21037 9191.52927
1475430653 9402.73785 9197.17029
1475430676 9398.12247 9194.09337
1475430700 9392.73786 9184.31316
1475430723 9387.71955 9182.92122
1475430746 9379.55106 9179.99082
1475430770 9376.65729 9177.17031
1475430793 9382.11516 9158.2326
1475430816 9381.23604 9117.17037
1475430840 9368.26902 9146.95056
1475430863 9362.92104 9147.06045
1475430886 9357.17013 9136.2546
1475430910 9352.48149 9134.02017
1475430933 9343.80018 9107.20701
1475430956 9337.90275 9120.68685
1475430979 9327.02364 9111.7125
1475431003 9321.05295 9099.84438
1475431026 9315.88812 9109.00188
1475431049 9307.75626 9091.82241
1475431073 9305.63172 9102.04218
1475431096 9295.85151 9091.16307
1475431119 9292.11525 9086.21802
1475431143 9288.15921 9084.05685
1475431166 9285.63174 9080.2107
1475431189 9281.56581 8933.47092
1475431213 9281.96874 9059.88105
1475431236 9269.99073 9065.85174
1475431259 9281.71233 9044.34993
1475431283 9267.20685 8317.53747
1475431306 9273.36069 9058.41585
1475431329 9268.01271 9061.38288
1475431352 9271.67571 9046.21806
1475431376 9269.07498 9043.47081
1475431399 9265.41198 9065.30229
1475431422 9244.82592 9042.73821
1475431446 9252.81126 8364.16746
1475431469 9252.51822 9025.11918
1475431492 9251.89551 9049.55139
1475431516 9237.20688 9036.51111
1475431539 9247.57317 7820.65152
1475431562 9246.36438 9063.39753
1475431586 9233.58051 9055.08252
1475431609 9228.37905 9049.47813
1475431632 9224.02008 9042.55506
1475431655 9222.11532 8994.4965
1475431679 9212.62815 9032.84811
1475431702 9207.13365 9026.21808
1475431725 9207.35343 9023.0679
1475431749 9204.16662 9010.6137
1475431772 9208.81863 9006.98733
1475431795 9196.40106 8854.42338
1475431819 9188.59887 7232.70339
1475431842 9180.9432 8856.36477
1475431865 9172.152 8945.7786
1475431889 9183.58056 8977.13388
1475431912 9177.79302 8971.60275
1475431935 9165.48534 8959.84452
1475431959 9159.91758 8840.13768
1475431982 9156.98718 8910.10098
1475432005 9149.29488 8858.01312
1475432028 9149.55129 8944.60644
1475432052 9145.48536 8929.36836
1475432075 9138.04947 8940.46725
1475432098 9140.79672 8939.95443
1475432122 9127.97622 8800.61391
1475432145 9129.58794 8931.63942
1475432168 9124.31322 8927.68338
1475432192 9109.29492 8391.933
1475432215 9120.02751 8223.61815
1475432238 9115.77843 8909.33175
1475432262 9111.82239 8889.88122
1475432285 9108.23265 8910.76032
1475432308 9100.65024 8890.68708
1475432332 9090.54036 8899.91784
1475432355 9085.74183 8887.1706
1475432378 9087.46344 8887.97646
1475432401 9085.41216 8895.5955
1475432425 9087.97626 8884.42335
1475432448 9074.02023 8882.55522
1475432471 9067.28031 8875.85193
1475432495 9061.1631 8857.39041
1475432518 9060.28398 8876.69442
1475432541 9066.84075 8888.23287
1475432565 9044.53308 8878.59918
1475432588 9017.86644 8853.54426
1475432611 9018.6723 8843.69079
1475432635 9012.70161 8838.67248
1475432658 9006.5844 7768.41714
1475432681 8997.20712 8708.56272
1475432705 8987.28039 8812.33551
1475432728 8973.58077 8799.66153
1475432751 8964.53316 8800.90695
1475432774 8962.04232 8799.40512
1475432798 8957.71998 8784.09378
1475432821 8958.30606 6557.75901
1475432844 8966.03499 8792.40879
1475432868 8951.60277 8788.30623
1475432891 8945.33904 8770.57731
1475432914 8946.62109 8773.06815
1475432938 8942.4819 8781.34653
1475432961 8940.72366 8780.39415
1475432984 8940.83355 8769.07548
1475433008 8947.50021 8776.40148
1475433031 8943.91047 8323.98435
1475433054 8935.96176 8712.48213
1475433077 8934.89949 8702.00595
1475433101 8929.25847 8685.88875
1475433124 8923.98375 8692.00596
1475433147 8922.29877 8377.42752
1475433171 8921.05335 7292.11725
1475433194 8924.09364 8693.3979
1475433217 8925.04602 8702.81181
1475433241 8923.65408 8713.21473
1475433264 8916.14493 8684.49681
1475433287 8907.02406 8667.35397
1475433311 8907.61014 8668.34298
1475433334 8906.84091 8700.83379
1475433357 8903.03139 8687.1708
1475433381 8898.19623 8575.48593
1475433404 8894.02041 8679.91806
1475433427 8892.04239 8678.59938
1475433450 8884.13031 8668.89243
1475433474 8892.6651 8653.39794
1475433497 8885.99844 8682.88509
1475433520 8873.72739 8665.41258
1475433544 8870.02776 8595.81558
1475433567 8867.61018 8622.99504
1475433590 8864.46 8617.2075
1475433614 8862.81165 8497.4274
1475433637 8856.47466 8609.8815
1475433660 8854.64316 6886.0737
1475433684 8851.85928 5857.39341
1475433707 8847.64683 6739.51707
1475433730 8838.48933 7201.78767
1475433753 8848.89225 8581.23684
1475433777 8833.39776 8589.735
1475433800 8825.15601 8592.73866
1475433823 8823.10473 8549.22222
1475433847 8819.47836 8580.46761
1475433870 8815.81536 8589.22218
1475433893 8812.84833 8565.59583
1475433917 8809.95456 8584.2405
1475433940 8807.35383 8569.62513
1475433963 8799.66153 8549.442
1475433987 8795.26593 8549.8083
1475434010 8793.0315 8557.31745
1475434033 8790.43077 8436.36519
1475434057 8669.00232 8445.15639
1475434080 8469.66186 8269.77195
1475434103 8645.59575 8441.34687
1475434126 8270.57781 8085.99924
1475434150 8344.24074 8165.63286
1475434173 8770.94361 8553.21489
1475434196 8796.21831 8573.65443
1475434220 8791.52967 8556.43833
1475434243 8776.32822 8541.56655
1475434266 8788.74579 8551.09035
1475434290 8785.52235 8562.00609
1475434313 8776.51137 8568.41634
1475434336 8773.58097 8578.70937
1475434360 8769.18537 8562.81195
1475434383 8765.48574 7867.46466
1475434406 8761.96926 8567.72037
1475434430 8758.19637 8554.42368
1475434453 8757.39051 8399.55204
1475434476 8752.66524 8565.33942
1475434499 8747.31726 8548.78266
1475434523 8745.00957 8417.50074
1475434546 8742.07917 8528.01345
1475434569 8738.34291 8523.94752
1475434593 8718.96564 8495.48601
1475434616 8732.55537 8516.62152
1475434639 8733.3246 8494.60689
1475434663 8721.34659 8496.47502
1475434686 8718.45282 8506.73142
1475434709 8712.70191 8491.12704
1475434733 8709.55173 8498.26989
1475434756 8705.4858 8496.98784
1475434779 8701.85943 8493.10506
1475434802 8699.66163 8469.99153
1475434826 8692.62867 8473.21497
1475434849 8689.84479 8478.0135
1475434872 8686.4382 8479.77174
1475434896 8682.29901 8474.97321
1475434919 8679.44187 8472.8853
1475434942 8673.72759 8465.96223
1475434966 8670.98034 8461.63989
1475434989 8669.2221 8448.92928
1475435012 8663.91075 8412.88536
1475435036 8659.51515 5023.47483
1475435059 8655.85215 8421.82308
1475435082 8652.51882 8411.16375
1475435106 8648.81919 8430.94395
1475435129 8646.69465 8400.90735
1475435152 8640.02799 8424.5337
1475435175 8637.42726 8424.27729
1475435199 8634.35034 8422.81209
1475435222 8631.34668 8422.04286
1475435245 8615.70567 8407.42749
1475435269 8629.25877 8437.68387
1475435292 8625.74229 8434.20402
1475435315 8616.32838 8437.06116
1475435339 8612.51886 8423.21502
1475435362 8608.92912 8396.10882
1475435385 8604.16722 8419.18572
1475435409 8601.8229 8291.82321
1475435432 8599.2588 8420.32125
1475435455 8596.10862 8418.26997
1475435478 8590.98042 8402.33592
1475435502 8587.83024 8408.37987
1475435525 8585.77896 8407.79379
1475435548 8582.33574 8406.07218
1475435572 8579.07567 8272.99539
1475435595 8575.85223 8364.97332
1475435618 8573.06835 8385.26634
1475435642 8569.51524 8393.91102
1475435665 8565.74235 8391.96963
1475435688 8545.92552 8374.09419
1475435712 8559.00243 8384.86341
1475435735 8558.30646 8381.05389
1475435758 8557.28082 8365.77918
1475435782 8544.93651 8366.98797
1475435805 8542.29915 8359.3323
1475435828 8536.10868 8351.74989
1475435852 8532.48231 8124.46074
1475435875 8531.63982 8347.68396
1475435898 8527.35411 8356.14549
1475435921 8522.51895 8338.67298
1475435945 8518.45302 8345.92572
1475435968 8516.03544 8332.92207
1475435991 8513.69112 8342.07957
1475436015 8508.81933 8298.85617
1475436038 8504.97318 8296.65837
1475436061 8502.33582 8320.32135
1475436085 8498.5263 8297.57412
1475436108 8496.54828 8327.94039
1475436131 8491.89627 8322.04296
1475436155 8488.92924 8320.10157
1475436178 8486.40177 8307.75726
1475436201 8483.69115 8198.1603
1475436224 8477.83035 8310.9807
1475436248 8474.3505 8307.53748
1475436271 8471.74977 8293.65471
1475436294 8467.90362 8272.70235
1475436318 8464.24062 8268.05034
1475436341 8460.10143 8275.55949
1475436364 8456.32854 4915.48959
1475436388 8450.32122 8261.12727
1475436411 8447.2443 8258.89284
1475436434 8442.51903 8255.11995
1475436458 8439.9183 8254.13094
1475436481 8436.03552 8232.92217
1475436504 8433.28827 8240.61447
1475436527 8431.71318 8246.8782
1475436551 8428.23333 8234.64378
1475436574 8426.51172 8244.38736
1475436597 8418.81942 8111.09079
1475436621 8426.25531 8244.35073
1475436644 8414.49708 8232.99543
1475436667 8418.26997 7234.90119
1475436691 8407.20771 8214.09435
1475436714 8405.66925 8212.62915
1475436737 8393.7645 8088.52671
1475436761 8401.0905 8187.09804
1475436784 8401.67658 8219.11266
1475436807 8402.922 8220.39471
1475436831 8391.31029 8211.78666
1475436854 8388.48978 8211.93318
1475436877 8379.33228 8189.3691
1475436901 8379.14913 8198.74638
1475436924 8376.87807 8198.23356
1475436947 8358.48981 8180.39475
1475436970 8374.16745 8184.71709
1475436994 8374.68027 8197.35444
1475437017 8365.33962 8186.21892
1475437040 8359.40556 8180.02845
1475437064 8356.58505 8182.51929
1475437087 8354.82681 8192.22624
1475437110 8349.88176 8190.02844
1475437134 8345.81583 7365.12084
1475437157 8341.09056 8168.92956
1475437180 8336.54844 8165.48634
1475437203 8331.78654 8173.76472
1475437227 8329.51548 7932.2265
1475437250 8321.45688 8046.76851
1475437273 8323.61805 8150.32152
1475437297 8319.58875 7156.98918
1475437320 8315.81586 8142.92226
1475437343 8311.96971 8025.33996
1475437367 8308.59975 8137.24461
1475437390 8304.60708 8129.99187
1475437413 8301.53016 8133.10542
1475437437 8293.7646 8125.22997
1475437460 8296.80489 8130.57795
1475437483 8292.92211 8126.84169
1475437507 8288.70966 8121.01752
1475437530 8284.57047 8119.11276
1475437553 8277.50088 7996.76856
1475437576 8264.02104 8096.73183
1475437600 8273.58147 6753.54636
1475437623 8276.10894 8109.44244
1475437646 8265.44961 7974.57078
1475437670 8257.24449 8076.36555
1475437693 8254.71702 8085.92598
1475437716 8252.33607 8085.99924
1475437740 8239.62546 8071.16409
1475437763 8241.16392 8074.27764
1475437786 8251.49358 8070.65127
1475437810 8238.52656 8070.02856
1475437833 8239.51557 8063.7282
1475437856 8232.18957 8066.51208
1475437880 8227.57419 8061.38388
1475437903 8224.60716 8048.7099
1475437926 8221.6035 7942.66605
1475437950 8218.38006 8043.14214
1475437973 8215.26651 8039.47914
1475437996 8210.83428 8051.67693
1475438019 8207.39106 8046.40221
1475438043 8203.54491 8042.92236
1475438066 8200.13832 8048.81979
1475438089 8199.18594 8038.23372
1475438113 8194.64382 8033.10552
1475438136 8181.75006 8030.90772
1475438159 8189.18595 8037.79416
1475438183 8189.99181 8040.10185
1475438206 8181.27387 8030.50479
1475438229 8171.85996 8020.79784
1475438253 8170.76106 7806.47571
1475438276 8168.05044 8018.74656
1475438299 8163.21528 8014.644
1475438322 8161.67682 8014.16781
1475438346 8158.41675 5903.2908
1475438369 8138.34351 2558.38572
1475438392 8153.14203 8004.82716
1475438416 8154.53397 8006.98833
1475438439 8145.37647 7998.08724
1475438462 8137.50102 7969.51584
1475438486 8135.08344 7987.5378
1475438509 8133.94791 7986.40227
1475438532 8129.84535 7983.10557
1475438556 8126.29224 7969.11291
1475438579 8112.33621 7956.07263
1475438602 8124.13107 7864.60752
1475438625 8118.01386 7969.69899
1475438649 8121.89664 7972.11657
1475438672 8112.11643 7955.08362
1475438695 8106.80508 7960.90779
1475438719 8103.6549 7958.01402
1475438742 8097.13476 7951.12758
1475438765 8078.19705 7913.03238
1475438789 8095.41315 7940.94444
1475438812 8097.53769 7951.2741
1475438835 7818.56361 7677.09855
1475438859 7852.92255 7717.86774
1475438882 7559.58951 5997.0636
1475438905 7749.8091 7619.29641
1475438929 8066.14578 7917.97743
1475438952 8081.82342 7923.87486
1475438975 8077.35456 7931.09097
1475438998 8078.63661 7932.18987
1475439022 8075.77947 7923.28878
1475439045 8069.55237 7566.40269
1475439068 8064.13113 7835.23026
1475439092 8051.09085 7829.33283
1475439115 8065.04688 7806.29256
1475439138 8065.926 7837.09839
1475439162 8053.43517 6039.81081
1475439185 8050.76118 7474.42476
1475439208 8047.72089 7843.69179
1475439232 8035.1568 7823.4354
1475439255 8038.38024 7835.55993
1475439278 8032.37292 7717.64796
1475439302 8033.65497 7715.56005
1475439325 8038.8198 7805.92626
1475439348 8028.96633 7798.74678
1475439371 8022.29967 7783.94826
1475439395 8018.56341 7804.60758
1475439418 8000.10189 7777.24497
1475439441 8012.40957 7795.52334
1475439465 8008.30701 7693.69194
1475439488 8015.23008 7800.94458
1475439511 8003.03229 7784.93727
1475439535 7999.6257 7775.77977
1475439558 7998.27039 7772.00688
1475439581 7986.76857 7761.23766
1475439605 7984.35099 7769.11311
1475439628 7983.25209 7777.24497
1475439651 7980.65136 7765.77978
1475439675 7987.97736 6442.55766
1475439698 7979.1129 7728.1974
1475439721 7973.87481 7770.54168
1475439744 7970.54148 7766.47575
1475439768 7946.80524 7730.61498
1475439791 7964.75394 7767.09846
1475439814 7959.47922 7774.68087
1475439838 7964.68068 7788.78342
1475439861 7955.48655 7781.38416
1475439884 7953.69168 7780.5783
1475439908 7950.1752 7775.74314
1475439931 7945.4133 7761.31092
1475439954 7934.46093 7752.55635
1475439978 7929.03969 7758.08748
1475440001 7933.10562 7753.58199
1475440024 7937.42796 7742.19006
1475440047 7934.46093 7738.27065
1475440071 7925.52321 7721.42085
1475440094 7923.069 7728.34392
1475440117 7922.18988 7724.35125
1475440141 7919.25948 7723.39887
1475440164 7908.7833 7689.55275
1475440187 7902.70272 7705.4868
1475440211 7905.15693 7690.4685
1475440234 7906.07268 7713.03258
1475440257 7900.83459 7708.74687
1475440281 7898.05071 7688.78352
1475440304 7891.12764 7700.68827
1475440327 7892.08002 7701.23772
1475440350 7893.14229 7696.43919
1475440374 7885.81629 7698.93003
1475440397 7875.48663 7656.58575
1475440420 7878.34377 7658.38062
1475440444 7877.72106 7687.83114
1475440467 7882.44633 7683.28902
1475440490 7868.34378 7649.91909
1475440514 7862.40972 7666.2927
1475440537 7864.86393 7647.42825
1475440560 7862.95917 7675.8165
1475440584 7858.30716 7662.996
1475440607 7855.04709 7670.61504
1475440630 7852.11669 7648.05096
1475440654 7852.95918 7665.26706
1475440677 7848.16065 7662.19014
1475440700 7842.92256 7658.16084
1475440723 7840.21194 7647.94107
1475440747 7836.54894 7668.30735
1475440770 7834.68081 7672.62969
1475440793 7836.51231 7664.24142
1475440817 7825.48668 7664.42457
1475440840 7827.13503 7655.19381
1475440863 7816.4757 7655.99967
1475440887 7819.22295 7658.34399
1475440910 7825.01049 7546.84227
1475440933 7814.35116 7008.96735
1475440957 7812.55629 6481.34883
1475440980 7806.2193 7617.86784
1475441003 7807.50135 7635.74328
1475441027 7801.53066 7622.30007
1475441050 7799.73579 7629.25977
1475441073 7795.9629 7634.68101
1475441096 7793.61858 7624.02168
1475441120 7790.90796 7632.04365
1475441143 7787.50137 7628.67369
1475441166 7783.65522 7521.16464
1475441190 7781.42079 7608.52719
1475441213 7776.40248 7606.87884
1475441236 7778.82006 7600.10229
1475441260 7775.92629 7495.74342
1475441283 7770.06549 7596.65907
1475441306 7767.53802 7598.12427
1475441330 7765.48674 7595.08398
1475441353 7761.897 7603.61877
1475441376 7757.35488 6650.87247
1475441400 7746.69555 7479.51633
1475441423 7750.94463 7590.87153
1475441446 7746.43914 7577.20854
1475441469 7745.01057 7575.19389
1475441493 7741.78713 7479.00351
1475441516 7743.17907 7556.18292
1475441539 7738.01424 6989.95638
1475441563 7734.64428 7575.37704
1475441586 7720.35858 7561.97046
1475441609 7726.43916 7462.19034
1475441633 7729.44282 6641.56845
1475441656 7712.55639 7537.13532
1475441679 7695.77985 7539.95583
1475441703 7695.963 7521.49431
1475441726 7695.5967 7541.56755
1475441749 7694.4978 7530.35877
1475441772 7687.13517 7485.15735
1475441796 7679.18646 7506.14634
1475441819 7678.12419 7494.68115
1475441842 7674.57108 7503.6555
1475441866 7674.46119 7502.37345
1475441889 7670.50515 7491.16467
1475441912 7663.58208 7484.31486
1475441936 7661.09124 7488.45405
1475441959 7654.97403 7474.60791
1475441982 7651.75059 7135.96356
1475442006 7650.50517 5919.99408
1475442029 7646.32935 7476.95223
1475442052 7643.87514 7465.15737
1475442075 7639.47954 7473.83868
1475442099 7635.30372 7461.71415
1475442122 7627.61142 7110.79875
1475442145 7620.35868 6740.83575
1475442169 7619.80923 7445.67021
1475442192 7618.63707 7449.4431
1475442215 7613.83854 7438.93029
1475442239 7606.40265 7441.34787
1475442262 7601.38434 7437.13542
1475442285 7594.60779 7433.47242
1475442309 7593.06933 4610.17854
1475442332 7589.33307 7429.69953
1475442355 7584.6078 7416.51273
1475442379 7581.38436 7411.93398
1475442402 7578.19755 7418.08782
1475442425 7574.13162 7403.6556
1475442448 7570.28547 7398.27099
1475442472 7566.03639 7404.82776
1475442495 7561.5309 7391.23803
1475442518 7559.95581 7399.66293
1475442542 7556.73237 7396.18308
1475442565 7552.70307 7407.06219
1475442588 7547.64813 7402.08051
1475442612 7540.68843 7377.57504
1475442635 7538.74704 7395.63363
1475442658 7535.63349 7392.52008
1475442682 7533.65547 7389.55305
1475442705 7528.85694 7064.60832
1475442728 7525.37709 7381.89738
1475442752 7522.00713 7375.56039
1475442775 7518.16098 6989.91975
1475442798 7519.84596 7362.59337
1475442821 7514.35146 7347.50181
1475442845 7507.24524 7349.22342
1475442868 7504.0218 7344.97434
1475442891 7499.77272 7236.21987
1475442915 7499.73609 7234.90119
1475442938 7493.47236 7324.05861
1475442961 7488.60057 7327.97802
1475442985 7489.62621 7319.0403
1475443008 7494.90093 7334.49816
1475443031 7474.82769 7310.13921
1475443055 7466.98887 7310.06595
1475443078 7468.16103 7209.1503
1475443101 7464.20499 7298.56413
1475443124 7462.19034 7309.11357
1475443148 7458.27093 7294.46157
1475443171 7452.84969 7251.09165
1475443194 7444.09512 6805.854
1475443218 7437.42846 6864.38874
1475443241 7435.41381 6946.40331
1475443264 7432.88634 7279.62642
1475443288 7428.30759 7266.91581
1475443311 7432.55667 7278.96708
1475443334 7437.97791 7284.53484
1475443358 7431.1281 7277.2821
1475443381 7418.19771 7266.14658
1475443404 7412.88636 7261.78761
1475443428 7412.00724 6531.93486
1475443451 7412.19039 7262.52021
1475443474 7409.5164 5666.11155
1475443498 7403.6556 2939.74065
1475443521 7401.12813 7260.94512
1475443544 7400.61531 7262.11728
1475443567 7397.90469 7261.12827
1475443591 7394.71788 7248.96711
1475443614 7393.83876 7258.01472
1475443637 7394.4981 7258.30776
1475443661 7390.4688 7251.01839
1475443684 7387.9047 7250.72535
1475443707 7385.78016 7249.40667
1475443731 7384.57137 7240.32243
1475443754 7382.4102 7144.64487
1475443777 7380.79848 7245.01107
1475443800 7378.71057 7243.32609
1475443824 7376.07321 7240.46895
1475443847 7373.69226 7237.94148
1475443870 7373.72889 7229.84625
1475443894 7368.78384 7223.65578
1475443917 7371.86076 7235.63379
1475443940 7370.35893 7234.82793
1475443964 7365.5604 7230.762
1475443987 7362.63 7228.08801
1475444010 7359.04026 7224.86457
1475444034 7358.82048 7224.86457
1475444057 7356.36627 7222.63014
1475444080 7359.3333 7223.91219
1475444104 7358.19777 7214.53491
1475444127 7352.84979 7218.34443
1475444150 7345.59705 7202.26386
1475444174 7340.68863 7207.02576
1475444197 7338.85713 7196.6961
1475444220 7339.9194 7188.78402
1475444243 7338.30768 7201.01844
1475444267 7335.5238 7190.54226
1475444290 7332.00732 7190.68878
1475444313 7329.84615 7186.54959
1475444337 7329.07692 7195.26753
1475444360 7323.72894 7191.09171
1475444383 7315.3773 7173.9855
1475444407 7313.5458 6952.55715
1475444430 7311.49452 7161.12837
1475444453 7309.26009 7177.24557
1475444477 7310.65203 7168.93056
1475444500 7312.52016 7170.83532
1475444523 7304.64471 7162.6302
1475444546 7296.84252 7157.09907
1475444570 7291.31139 7140.13938
1475444593 7289.22348 7136.2566
1475444616 7288.08795 7146.65952
1475444640 7286.03667 7033.25304
1475444663 7281.89748 7141.60458
1475444686 7281.56781 7141.49469
1475444710 7277.53851 7140.17601
1475444733 7273.06965 7134.90129
1475444756 7267.06233 7128.5643
1475444780 7262.37369 7023.72924
1475444803 7260.28578 7122.11742
1475444826 7257.90483 7119.58995
1475444849 7256.65941 7120.17603
1475444873 7260.46893 7122.08079
1475444896 7265.15757 7017.39225
1475444919 7255.52388 7107.28227
1475444943 7246.91583 7109.55333
1475444966 7242.4836 7088.23467
1475444989 7241.27481 7086.0735
1475445013 7240.57884 7085.56068
1475445036 7240.6521 7104.16872
1475445059 7236.58617 7090.87203
1475445083 7236.58617 7092.19071
1475445106 7238.96712 7084.242
1475445129 7235.48727 7099.51671
1475445153 7230.46896 7094.05884
1475445176 7220.72538 7085.74383
1475445199 7218.52758 7084.35189
1475445223 7217.53857 7065.34092
1475445246 7212.15396 7077.79512
1475445269 7211.82429 6658.2351
1475445292 7210.35909 7075.01124
1475445316 7209.37008 7066.07352
1475445339 7209.84627 7084.68156
1475445362 7205.96349 7080.9453
1475445386 7197.90489 7064.27865
1475445409 7194.79134 6210.79965
1475445432 7191.2016 7065.74385
1475445456 7189.47999 7055.70723
1475445479 7186.806 7062.66693
1475445502 7189.95618 7049.59002
1475445526 7194.68145 7062.9966
1475445549 7187.61186 7056.0369
1475445572 7170.72543 7039.73655
1475445595 7167.42873 7037.97831
1475445619 7163.14302 7024.49847
1475445642 7159.44339 7028.45451
1475445665 7151.67783 7020.39591
1475445689 7161.23826 7031.31165
1475445712 7094.60829 6949.4436
1475445735 6795.37782 6683.61969
1475445759 6861.20193 6743.583
1475445782 6859.62684 6744.79179
1475445805 6857.5023 6742.52073
1475445829 6854.2056 6732.11781
1475445852 7155.6705 7026.76953
1475445875 7148.85732 7020.28602
1475445898 7146.62289 7017.35562
1475445922 7139.80971 6992.00766
1475445945 7143.83901 7014.16881
1475445968 7143.10641 7014.24207
1475445992 7148.78406 7010.94537
1475446015 7152.7401 7021.86111
1475446038 7154.42508 7024.24206
1475446062 7183.58256 7051.93434
1475446085 7173.76572 7042.55706
1475446108 7170.3225 7019.26038
1475446132 7168.1247 7037.42886
1475446155 7159.73643 7009.99299
1475446178 7140.24927 7010.2494
1475446202 7151.2749 7011.89775
1475446225 7161.20163 6934.46193
1475446248 7149.11373 7016.69628
1475446271 7145.01117 7022.96001
1475446295 7140.68883 7019.62668
1475446318 7123.4361 7002.85014
1475446341 7131.23829 7010.32266
1475446365 7128.41778 7007.28237
1475446388 7130.87199 7008.56442
1475446411 7127.13573 7004.90142
1475446435 7117.72182 6995.26773
1475446458 7117.42878 6996.29337
1475446481 7102.74015 6414.79212
1475446505 7099.18704 6969.55347
1475446528 7113.21633 6992.19081
1475446551 7114.31523 6993.3996
1475446574 7105.01121 6983.28972
1475446598 7100.98191 6971.49486
1475446621 7096.80609 6976.43991
1475446645 7095.19437 6966.2934
1475446668 7077.02589 6957.31905
1475446691 7095.34089 6877.42902
1475446714 7089.55335 6969.15054
1475446738 7095.63393 6974.60841
1475446761 7087.50207 6968.01501
1475446784 7079.69988 6960.57912
1475446808 7082.15409 6963.7293
1475446831 7080.43248 6961.75128
1475446854 7072.92333 6944.71833
1475446878 7052.11749 6933.36303
1475446901 7070.06619 6951.34836
1475446924 7077.20904 6948.82089
1475446947 7062.66693 6943.28976
1475446971 7060.35924 6936.73299
1475446994 7057.42884 6934.4253
1475447017 7058.38122 6930.32274
1475447041 7052.26401 6931.97109
1475447064 7043.61933 6925.78062
1475447087 7049.51676 6931.60479
1475447111 7056.51309 6938.71101
1475447134 7057.28232 6938.74764
1475447157 7051.12848 6915.744
1475447181 7049.04057 6931.20186
1475447204 7031.42154 6905.34108
1475447227 7034.20542 6911.49492
1475447251 7057.31895 6932.37402
1475447274 7043.28966 6919.11396
1475447297 7039.69992 6355.92771
1475447321 7035.26769 6912.33741
1475447344 7035.45084 6072.44814
1475447367 7031.60469 6907.06269
1475447390 7029.48015 6902.85024
1475447414 7026.7329 6892.48395
1475447437 7023.39957 6897.31911
1475447460 7020.46917 6892.04439
1475447484 7020.76221 6894.38871
1475447507 7011.56808 6887.68542
1475447530 7002.66699 6878.16162
1475447554 7011.23841 6881.75136
1475447577 7015.26771 6869.62683
1475447600 7007.86845 6877.94184
1475447624 7002.1908 6873.10668
1475447647 6997.31901 6862.81365
1475447670 6997.50216 6870.21291
1475447693 6993.94905 6866.84295
1475447717 6990.13953 6865.12134
1475447740 6984.64503 6835.01148
1475447763 6981.3117 6846.18363
1475447787 6981.27507 6858.6012
1475447810 6980.54247 6859.26054
1475447833 6968.78424 6846.33015
1475447857 6960.94542 6742.15443
1475447880 6969.11391 6745.56102
1475447903 6973.43625 6847.75872
1475447927 6963.91245 6839.33382
1475447950 6961.38498 6829.18731
1475447973 6959.40696 6830.61588
1475447996 6956.037 6838.23492
1475448020 6953.94909 6827.94189
1475448043 6952.52052 6836.14701
1475448066 6951.53151 6834.82833
1475448090 6945.15789 6829.00416
1475448113 6944.16888 6819.62688
1475448136 6942.4839 6729.73686
1475448160 6942.37401 6824.05911
1475448183 6936.29343 6818.19831
1475448206 6932.9601 6599.84688
1475448230 6930.46926 6808.0518
1475448253 6928.78428 6789.40713
1475448276 6926.47659 6805.23129
1475448300 6920.61579 6800.02983
1475448323 6917.61213 6795.45108
1475448346 6916.29345 6788.45475
1475448369 6915.26781 6786.00054
1475448393 6910.02972 6779.15073
1475448416 6896.84292 6775.70751
1475448439 6890.98212 6771.12876
1475448463 6899.51691 6771.56832
1475448486 6903.03339 6783.28992
1475448509 6886.65978 6671.38527
1475448533 6886.91619 6767.90532
1475448556 6885.19458 6755.89068
1475448579 6884.64513 6764.86503
1475448603 6881.16528 6749.66358
1475448626 6874.82829 6754.82841
1475448649 6870.6891 6753.25332
1475448673 6869.80998 6751.56834
1475448696 6867.79533 6750.65259
1475448719 6864.49863 6738.34491
1475448743 6860.21292 6743.54637
1475448766 6857.28252 6740.87238
1475448789 6846.33015 6728.08851
1475448812 6837.50232 6626.29374
1475448836 6839.88327 6722.88705
1475448859 6855.52428 6712.74054
1475448882 6841.27521 4732.33959
1475448906 6840.94554 6398.63829
1475448929 6838.71111 6716.36691
1475448952 6834.86496 6724.49877
1475448976 6831.53163 6712.30098
1475448999 6830.43273 6081.34923
1475449022 6829.88328 6186.88026
1475449046 6825.67083 6714.82845
1475449069 6820.28622 6709.62699
1475449092 6817.9419 6697.20942
1475449115 6817.2093 6707.02626
1475449139 6814.02249 6697.0629
1475449162 6810.2496 6693.07023
1475449185 6807.64887 6690.79917
1475449209 6806.11041 6696.95301
1475449232 6803.69283 6686.62335
1475449255 6796.91628 6663.14352
1475449279 6792.22764 6683.47317
1475449302 6788.45475 6681.23874
1475449325 6788.08845 6587.02638
1475449349 6787.75878 6662.00799
1475449372 6780.98223 6673.32666
1475449395 6776.98956 6670.50615
1475449418 6774.93828 6666.55011
1475449442 6772.11777 6662.37429
1475449465 6770.43279 6659.59041
1475449488 6767.31924 6658.08858
1475449512 6766.25697 6657.20946
1475449535 6763.07016 6647.35599
1475449558 6759.15075 6643.03365
1475449582 6756.44013 6640.39629
1475449605 6771.45843 6663.94938
1475449628 6781.82472 6674.16915
1475449652 6787.68552 6679.26072
1475449675 6789.59028 6678.3816
1475449698 6787.20933 6665.30469
1475449722 6784.46208 6674.38893
1475449745 6782.88699 6674.82849
1475449768 6782.48406 6674.31567
1475449791 6769.04085 6661.82484
1475449815 6775.19469 6666.76989
1475449838 6780.90897 6673.76622
1475449861 6775.15806 6667.42923
1475449885 6772.63059 6665.23143
1475449908 6770.94561 6663.50982
1475449931 6768.56466 6550.39638
1475449955 6764.24232 6653.80287
1475449978 6763.76613 6651.45855
1475450001 6762.74049 6642.22779
1475450025 6757.97859 6541.64181
1475450048 6753.1068 6640.35966
1475450071 6753.94929 6643.18017
1475450095 6753.65625 6632.48421
1475450118 6751.82475 6622.30107
1475450141 6748.82109 6636.40362
1475450164 6745.67091 6624.35235
1475450188 6744.13245 6632.37432
1475450211 6742.92366 6629.62707
1475450234 6740.43282 3453.54966
1475450258 6736.87971 6626.07396
1475450281 6735.01158 6531.97149
1475450304 6732.99693 6531.05574
1475450328 6731.78814 6605.81757
1475450351 6728.23503 6615.96408
1475450374 6723.83943 6613.32672
1475450398 6708.82113 6598.67472
1475450421 6721.75152 6516.87993
1475450444 6717.97863 6606.76995
1475450468 6700.17645 6589.84689
1475450491 6709.1508 6597.17289
1475450514 6713.58303 6578.30844
1475450537 6709.37058 6590.57949
1475450561 6707.53908 6590.98242
1475450584 6704.09586 6588.71136
1475450607 6700.06656 6592.77729
1475450631 6698.41821 6590.35971
1475450654 6698.34495 6588.12528
1475450677 6696.95301 6585.48792
1475450701 6693.32664 6586.29378
1475450724 6689.40723 6584.86521
1475450747 6687.50247 6583.5099
1475450771 6683.07024 6580.06668
1475450794 6682.11786 6579.29745
1475450817 6679.92006 6568.08867
1475450840 6675.52446 6563.61981
1475450864 6674.38893 6571.89819
1475450887 6673.03362 6570.17658
1475450910 6671.56842 6569.37072
1475450934 6663.94938 6558.2352
1475450957 6662.59407 6557.8689
1475450980 6662.41092 6556.07403
1475451004 6662.48418 5345.0496
1475451027 6661.31202 6555.70773
1475451050 6656.69664 6533.76636
1475451074 6654.02265 6547.79565
1475451097 6652.44756 6545.81763
1475451120 6651.49518 6546.33045
1475451143 6648.16185 6543.2169
1475451167 6644.38896 6538.96782
1475451190 6639.99336 6526.66014
1475451213 6639.33402 6533.72973
1475451237 6639.70032 6534.90189
1475451260 6631.64172 6446.1474
1475451283 6633.91278 6529.37076
1475451307 6636.51351 6532.37442
1475451330 6630.10326 6525.81765
1475451353 6627.42927 6523.91289
1475451377 6623.50986 6520.35978
1475451400 6620.06664 6515.41473
1475451423 6620.35968 6517.68579
1475451447 6620.35968 6509.22426
1475451470 6617.50254 6513.43671
1475451493 6615.63441 6504.27921
1475451516 6613.80291 6511.05576
1475451540 6611.05566 6509.07774
1475451563 6609.40731 6507.64917
1475451586 6604.49889 6503.21694
1475451610 6604.09596 6502.15467
1475451633 6595.70769 6494.75541
1475451656 6600.46959 6392.37456
1475451680 6598.85787 6400.25001
1475451703 6597.61245 6499.18764
1475451726 6590.32308 6491.82501
1475451750 6589.48059 6490.57959
1475451773 6589.29744 6490.24992
1475451796 6586.69671 6487.97886
1475451820 6581.42199 6482.00817
1475451843 6578.30844 6480.03015
1475451866 6576.5502 6478.52832
1475451889 6573.36339 6475.12173
1475451913 6568.19856 6470.6895
1475451936 6563.03373 6373.58337
1475451959 6560.03007 6362.92404
1475451983 6557.24619 6361.05591
1475452006 6553.03374 6456.11076
1475452029 6551.05572 6445.7811
1475452053 6552.48429 6454.82871
1475452076 6550.13997 6444.09612
1475452099 6548.16195 6450.28659
1475452123 6545.56122 6356.95335
1475452146 6544.24254 6447.42945
1475452169 6541.78833 6444.86535
1475452193 6538.56489 6441.97158
1475452216 6538.56489 6441.05583
1475452239 6533.6931 6436.58697
1475452262 6538.52826 6440.98257
1475452286 6535.78101 6438.89466
1475452309 6530.35977 6433.40016
1475452332 6529.73706 6424.82874
1475452356 6527.97882 6423.69321
1475452379 6525.6345 6420.21336
1475452402 6523.21692 6416.80677
1475452426 6521.34879 6422.04486
1475452449 6516.80667 6420.10347
1475452472 6522.26454 6335.34165
1475452496 6516.80667 6412.52106
1475452519 6513.40008 6408.23535
1475452542 6509.77371 6413.51007
1475452565 6508.16199 6404.60898
1475452589 6506.36712 6410.9826
1475452612 6502.99716 6407.64927
1475452635 6497.72244 6386.8068
1475452659 6503.61987 6406.84341
1475452682 6502.70412 6404.71887
1475452705 6494.57226 6389.33427
1475452729 6492.08142 6394.31595
1475452752 6486.87996 6374.82879
1475452775 6489.92025 6384.71889
1475452799 6483.91293 6387.57603
1475452822 6487.09974 6390.94599
1475452845 6485.96421 6380.14014
1475452869 6483.32685 5814.86598
1475452892 6479.66385 5064.0975
1475452915 6475.52466 6377.61267
1475452938 6464.16936 6367.17312
1475452962 6474.64554 6369.40755
1475452985 6476.80671 6380.17677
1475453008 6470.90928 6374.38923
1475453032 6467.50269 6362.41122
1475453055 6463.7298 6358.30866
1475453078 6456.87999 6360.39657
1475453102 6462.55764 5921.16624
1475453125 6459.40746 6275.70801
1475453148 6457.68585 6361.05591
1475453172 6456.00087 6358.71159
1475453195 6451.16571 6353.14383
1475453218 6449.73714 6353.8398
1475453241 6449.51736 6345.92772
1475453265 6436.6236 6340.43322
1475453288 6444.3159 6347.35629
1475453311 6441.86169 6345.52479
1475453335 6445.08513 6348.63834
1475453358 6438.78477 6342.70428
1475453381 6435.63459 6331.20246
1475453405 6425.92764 6331.1292
1475453428 6434.82873 6332.81418
1475453451 6429.04119 6328.52847
1475453475 6430.54302 6240.90951
1475453498 6426.95328 6326.62371
1475453521 6422.30127 6329.95704
1475453545 6420.65292 6230.46996
1475453568 6344.09622 6254.2062
1475453591 6263.94978 6176.44071
1475453614 6231.60549 6145.74477
1475453638 6143.40045 6059.22471
1475453661 6058.30896 5968.74861
1475453684 6404.68224 6221.56887
1475453708 6399.81045 6305.45157
1475453731 6394.24269 6210.9828
1475453754 6399.15111 6296.84352
1475453778 6397.50276 6295.15854
1475453801 6398.12547 6303.58344
1475453824 6391.34892 6296.73363
1475453848 6387.06321 6292.3014
1475453871 6383.43684 6288.89481
1475453894 6376.95333 6275.19519
1475453917 6379.92036 6197.75937
1475453941 6378.93135 6285.23181
1475453964 6383.54673 6290.4699
1475453987 6375.59802 6274.24281
1475454011 6372.48447 6271.20252
1475454034 6362.11818 5507.6868
1475454057 6366.58704 6273.47358
1475454081 6364.02294 6270.43329
1475454104 6366.03759 6273.18054
1475454127 6365.04858 6271.75197
1475454151 6358.85811 6265.45161
1475454174 6354.38925 6261.01938
1475454197 6347.02662 5346.40491
1475454221 6341.23908 5100.98391
1475454244 6344.60904 6253.36371
1475454267 6344.49915 6252.44796
1475454290 6347.72259 6166.47735
1475454314 6341.34897 6247.28313
1475454337 6340.57974 6247.50291
1475454360 6334.64568 6241.71537
1475454384 6322.26474 6230.57985
1475454407 6330.35997 6232.04505
1475454430 6327.50283 6237.86922
1475454454 6331.93506 6234.75567
1475454477 6327.06327 6238.05237
1475454500 6321.09258 6232.30146
1475454524 6305.34168 6216.66045
1475454547 6311.09259 6222.37473
1475454570 6321.05595 6231.78864
1475454593 6309.37098 6212.85093
1475454617 6305.04864 6216.80697
1475454640 6304.79223 6215.89122
1475454663 6304.60908 6215.63481
1475454687 6302.96073 6206.47731
1475454710 6297.72264 6208.93152
1475454733 6285.48822 6197.20992
1475454757 6292.44792 6195.15864
1475454780 6294.38931 6197.35644
1475454803 6295.85451 6199.33446
1475454827 6290.21349 6186.88026
1475454850 6287.06331 6191.01945
1475454873 6285.41496 6196.99014
1475454897 6281.93511 6177.97917
1475454920 6278.41863 6189.7374
1475454943 6276.07431 6180.43338
1475454967 6274.24281 6185.78136
1475454990 6273.43695 6185.15865
1475455013 6260.17689 6171.60555
1475455036 6262.55784 6166.51398
1475455060 6266.62377 6177.35646
1475455083 6271.056 6182.52129
1475455106 6263.54685 6175.96452
1475455130 6258.30876 6169.62753
1475455153 6253.8399 6163.40043
1475455176 6252.85089 6164.24292
1475455200 6253.76664 6157.97919
1475455223 6252.11829 6163.29054
1475455246 6249.51756 6065.67159
1475455270 6246.66042 6157.83267
1475455293 6244.57251 6156.95355
1475455316 6242.77764 6154.42608
1475455339 6240.17691 6151.71546
1475455363 6235.96446 6140.06712
1475455386 6235.01208 6145.59825
1475455409 6232.70439 6144.24294
1475455433 6231.67875 6048.60201
1475455456 6228.34542 6139.73745
1475455479 6224.1696 6135.67152
1475455503 6220.65312 6124.86567
1475455526 6219.18792 6044.16978
1475455549 6204.46266 6108.89499
1475455573 6211.3491 6123.40047
1475455596 6215.45166 6127.20999
1475455619 6210.87291 6115.59828
1475455643 6208.01577 6097.28328
1475455666 6206.11101 6118.60194
1475455689 6204.31614 6116.25762
1475455712 6200.03043 6112.85103
1475455736 6200.3601 6018.96834
1475455759 6199.40772 6112.15506
1475455782 6197.86926 6111.56898
1475455806 6194.4993 6100.61661
1475455829 6192.52128 6105.59829
1475455852 6192.37476 6105.37851
1475455876 6190.21359 6103.94994
1475455899 6186.807 6091.82541
1475455922 6180.79968 6084.64593
1475455946 6179.1147 6092.04519
1475455969 6178.45536 6084.13311
1475455992 6175.63485 6081.82542
1475456016 6173.6202 6079.44447
1475456039 6170.61654 6083.5104
1475456062 6168.93156 6073.51041
1475456085 6167.46636 5299.6284
1475456109 6166.51398 6080.14044
1475456132 6165.48834 6071.53239
1475456155 6163.98651 6079.00491
1475456179 6164.38944 5901.34941
1475456202 6165.63486 6073.03422
1475456225 6147.57627 6063.18075
1475456249 6161.166 6076.917
1475456272 6166.69713 6073.94997
1475456295 6157.72278 6072.92433
1475456319 6155.89128 6070.79979
1475456342 6153.65685 6069.591
1475456365 6152.41143 5713.21773
1475456388 6149.22462 6064.24302
1475456412 6148.7118 6063.80346
1475456435 6147.50301 5977.35666
1475456458 6144.3162 6060.0672
1475456482 6142.33818 6056.84376
1475456505 6139.07811 6054.31629
1475456528 6137.61291 6052.7412
1475456552 6137.13672 6052.30164
1475456575 6134.97555 6042.08187
1475456598 6131.05614 6046.11117
1475456622 6129.70083 6037.50312
1475456645 6129.40779 6037.21008
1475456668 6127.06347 6042.52143
1475456692 6124.05981 6039.29799
1475456715 6120.90963 6035.92803
1475456738 6119.95725 6034.4262
1475456761 6119.7741 6035.08554
1475456785 6117.83271 6032.88774
1475456808 6113.87667 6030.25038
1475456831 6110.79975 5946.00138
1475456855 6109.77411 5951.49588
1475456878 6108.71184 5951.05632
1475456901 6107.42979 5950.72665
1475456925 6105.30525 5931.01971
1475456948 6102.66789 5939.40798
1475456971 6100.83639 5942.99772
1475456995 6099.55434 5935.5252
1475457018 6096.14775 5686.47783
1475457041 6093.51039 5936.03802
1475457064 6092.11845 5928.1992
1475457088 6090.98292 5936.88051
1475457111 6089.59098 5950.06731
1475457134 6087.28329 5933.76696
1475457158 6085.12212 5944.3164
1475457181 6084.09648 5928.78528
1475457204 6081.49575 5941.42263
1475457228 6077.86938 5857.5033
1475457251 6074.79246 5939.11494
1475457274 6066.80712 5924.49957
1475457298 6078.19905 5944.13325
1475457321 6079.40784 5936.95377
1475457344 6072.19173 5928.60213
1475457368 6068.67525 5934.13326
1475457391 6067.06353 5925.6351
1475457414 6064.68258 5915.23218
1475457438 6063.58368 5923.32741
1475457461 6060.25035 5905.70838
1475457484 6058.08918 5926.25781
1475457507 6057.46647 5924.57283
1475457531 6054.86574 5832.63153
1475457554 6052.7412 5918.3091
1475457577 6050.14047 5894.1333
1475457601 6049.04157 5914.93914
1475457624 6047.68626 5914.6461
1475457647 6044.79249 5913.10764
1475457671 6039.15147 5893.36407
1475457694 6026.18445 5896.18458
1475457717 6038.60202 5906.33109
1475457741 6041.64231 5907.35673
1475457764 6030.54342 5897.86956
1475457787 6027.75954 5895.5985
1475457810 6026.51412 5895.15894
1475457834 6024.49947 5864.86593
1475457857 6023.18079 5872.48497
1475457880 6021.34929 5884.49961
1475457904 6019.26138 4748.89635
1475457927 6015.70827 5884.57287
1475457950 6013.98666 5883.36408
1475457974 6011.86212 5875.12233
1475457997 6007.79619 5870.98314
1475458020 6005.45187 5867.43003
1475458044 6003.40059 5866.69743
1475458067 6002.08191 5871.4227
1475458090 6000.90975 5867.61318
1475458114 5999.07825 5853.474
1475458137 5994.68265 5846.18463
1475458160 5992.26507 5842.26522
1475458183 5990.98302 5833.25424
1475458207 5987.5398 5840.50698
1475458230 5985.81819 5823.03447
1475458253 5985.23211 5830.54362
1475458277 5985.48852 3605.52753
1475458300 5985.342 5839.51797
1475458323 5982.96105 5836.44105
1475458347 5984.02332 5821.27623
1475458370 5980.43358 5827.79637
1475458393 5980.79988 5835.96486
1475458417 5977.86948 5827.1004
1475458440 5975.8182 5817.64986
1475458463 5973.51051 5822.85132
1475458487 5972.37498 5821.20297
1475458510 5970.76326 5814.06012
1475458533 5969.29806 5817.10041
1475458556 5966.84385 5815.59858
1475458580 5964.4629 5812.96122
1475458603 5964.20649 5812.96122
1475458626 5963.18085 5818.78539
1475458650 5959.92078 5816.62422
1475458673 5956.91712 5806.33119
1475458696 5955.6717 5810.90994
1475458720 5948.56548 5803.07112
1475458743 5947.86951 5802.66819
1475458766 5950.1772 5805.01251
1475458790 5948.78526 5794.09677
1475458813 5944.13325 5787.06381
1475458836 5942.92446 5795.70849
1475458859 5942.04534 5801.20299
1475458883 5938.89516 5801.86233
1475458906 5936.33106 5719.15179
1475458929 5925.41532 5798.23596
1475458953 5942.55816 5569.37172
1475458976 5936.03802 5809.33485
1475458999 5931.60579 5798.30922
1475459023 5930.10396 5803.03449
1475459046 5928.52887 5794.57296
1475459069 5926.77063 5800.61691
1475459093 5923.62045 5784.90264
1475459116 5922.11862 5770.76346
1475459139 5919.73767 5777.54001
1475459163 5915.45196 5774.24331
1475459186 5911.42266 5769.48141
1475459209 5908.85856 5765.9283
1475459232 5908.63878 5766.62427
1475459256 5906.29446 5767.35687
1475459279 5903.6571 5765.23233
1475459302 5898.60216 5760.0675
1475459326 5894.90253 5755.85505
1475459349 5888.74869 5670.91008
1475459372 5893.0344 5755.04919
1475459396 5887.50327 5750.28729
1475459419 5886.00144 5071.71654
1475459442 5885.78166 5749.66458
1475459466 5884.57287 5746.03821
1475459489 5881.71573 5744.24334
1475459512 5877.21024 5733.36423
1475459535 5875.23222 5739.66459
1475459559 5873.69376 5736.9906
1475459582 5873.91354 5739.81111
1475459605 5871.4227 5727.13713
1475459629 5860.65348 5726.58768
1475459652 5865.1956 5731.89903
1475459675 5866.73406 5732.595
1475459699 5864.49963 5729.62797
1475459722 5862.41172 5728.05288
1475459745 5858.82198 5716.95399
1475459769 5844.02346 5711.7159
1475459792 5855.92821 5714.86608
1475459815 5857.90623 5727.24702
1475459839 5857.79634 5730.25068
1475459862 5849.95752 5729.37156
1475459885 5850.83664 5723.4375
1475459908 5853.21759 5732.595
1475459932 5850.5436 5723.29098
1475459955 5846.5143 5719.59135
1475459978 5844.35313 5717.06388
1475460002 5841.31284 5722.26534
1475460025 5839.44471 5712.59502
1475460048 5839.44471 5720.91003
1475460072 5838.05277 5711.78916
1475460095 5830.32384 5711.67927
1475460118 5828.52897 5702.33862
1475460142 5829.84765 5703.73056
1475460165 5837.46669 5718.78549
1475460188 5827.4667 5708.27268
1475460211 5828.27256 5702.37525
1475460235 5828.34582 5000.54445
1475460258 5828.08941 5709.5181
1475460281 5825.19564 5706.69759
1475460305 5821.78905 5615.52552
1475460328 5819.33484 5701.05657
1475460351 5818.85865 5693.29101
1475460375 5817.10041 5699.40822
1475460398 5814.86598 5690.43387
1475460421 5812.37514 5694.97599
1475460445 5811.31287 5693.80383
1475460468 5810.21397 5678.23608
1475460491 5809.66452 5692.26537
1475460515 5800.21398 5683.21776
1475460538 5799.66453 5674.79286
1475460561 5800.32387 5677.72326
1475460584 5809.29822 5674.17015
1475460608 5805.4887 5682.11886
1475460631 5802.77808 5685.63534
1475460654 5799.9942 5682.55842
1475460678 5798.67552 5673.84048
1475460701 5796.84402 5679.44487
1475460724 5796.77076 5679.81117
1475460748 5792.88798 2530.94985
1475460771 5784.13341 4071.20472
1475460794 5788.93194 5665.26906
1475460818 5792.92461 5669.99433
1475460841 5790.72681 5590.76364
1475460864 5785.04916 5655.45222
1475460888 5782.63158 5646.73428
1475460911 5780.28726 5650.80021
1475460934 5779.22499 5650.9101
1475460957 5776.51437 5632.55847
1475460981 5773.36419 5635.74528
1475461004 5765.26896 5636.36799
1475461027 5774.3532 5645.01267
1475461051 5774.13342 5644.71963
1475461074 5771.93562 5635.12257
1475461097 5767.57665 5624.68302
1475461121 5768.30925 5639.51817
1475461144 5765.562 5630.21415
1475461167 5763.40083 5548.52925
1475461191 5759.3349 5624.28009
1475461214 5750.61696 5615.30574
1475461237 5759.3349 5629.00536
1475461260 5756.22135 5618.82222
1475461284 5756.47776 5627.54016
1475461307 5749.84773 5620.28742
1475461330 5748.38253 5619.26178
1475461354 5746.47777 5617.79658
1475461377 5745.4155 5616.18486
1475461400 5738.67558 5612.33871
1475461424 5738.60232 5611.64274
1475461447 5737.64994 5611.49622
1475461470 5738.56569 5530.87359
1475461494 5738.60232 5601.97242
1475461517 5733.84042 5598.8955
1475461540 5731.45947 5603.40099
1475461564 5729.70123 5602.15557
1475461587 5722.59501 5591.67939
1475461610 5728.38255 5603.47425
1475461633 5724.35325 5610.06765
1475461657 5726.14812 5612.59512
1475461680 5721.38622 5513.84064
1475461703 5721.9723 5607.50355
1475461727 5719.29831 5212.52226
1475461750 5712.96132 5350.14117
1475461773 5715.7452 5595.63543
1475461797 5714.68293 5602.11894
1475461820 5714.02359 5599.00539
1475461843 5713.80381 5590.06767
1475461867 5707.86975 5584.35339
1475461890 5705.8551 5582.55852
1475461913 5697.61335 5573.73069
1475461936 5704.28001 5580.06768
1475461960 5704.90272 5580.36072
1475461983 5699.00529 5575.23252
1475462006 5532.92487 5419.18872
1475462030 5558.34609 5437.79676
1475462053 5515.41573 5395.37922
1475462076 5480.25093 5369.81148
1475462100 5493.73077 5383.10817
1475462123 5686.62435 5556.36807
1475462146 5689.0053 5565.45231
1475462170 5682.22875 5544.57321
1475462193 5679.77454 5555.92851
1475462216 5678.08956 5555.15928
1475462240 5673.95037 5543.25453
1475462263 5670.47052 5541.23988
1475462286 5672.26539 5549.73804
1475462310 5674.53645 5537.94318
1475462333 5671.53279 5549.8113
1475462356 5667.24708 5537.13732
1475462379 5665.41558 5543.47431
1475462403 5663.25441 5535.67212
1475462426 5654.42658 5533.07139
1475462449 5658.6024 5536.88091
1475462473 5658.6024 5536.95417
1475462496 5661.49617 5540.39739
1475462519 5657.5035 5528.67579
1475462543 5652.70497 5530.80033
1475462566 5651.89911 5537.50362
1475462589 5649.55479 5227.43067
1475462613 5640.47055 5216.25852
1475462636 5639.84784 5529.88458
1475462659 5643.25443 5532.63183
1475462682 5647.6134 5537.21058
1475462706 5640.03099 5523.40107
1475462729 5637.57678 5527.1007
1475462752 5635.37898 5524.49997
1475462776 5632.77825 5523.18129
1475462799 5632.04565 5523.18129
1475462822 5627.90646 5518.49265
1475462846 5620.36068 5511.75273
1475462869 5624.9028 5516.07507
1475462892 5628.49254 5434.4268
1475462916 5624.46324 5514.82965
1475462939 5619.4083 5510.28753
1475462962 5617.50354 5430.83706
1475462985 5615.379 5506.9542
1475463009 5613.95043 5505.45237
1475463032 5612.85153 5504.49999
1475463055 5597.83323 5489.81136
1475463079 5604.31674 5496.95421
1475463102 5612.37534 5489.84799
1475463125 5603.54751 5494.71978
1475463149 5602.85154 5494.93956
1475463172 5598.23616 5490.36081
1475463195 5597.17389 5489.44506
1475463219 5593.21785 5485.30587
1475463242 5590.50723 5476.33152
1475463265 5582.55852 5475.8187
1475463289 5586.47793 5478.19965
1475463312 5585.7087 5468.71248
1475463335 5585.63544 5470.43409
1475463358 5582.11896 5475.30588
1475463382 5579.1153 5472.66852
1475463405 5575.92849 5469.18867
1475463428 5574.86622 5468.34618
1475463452 5572.04571 5388.96897
1475463475 5569.15194 5462.30223
1475463498 5565.45231 5459.11542
1475463522 5561.45964 5455.52568
1475463545 5560.36074 5453.8407
1475463568 5559.07869 5445.08613
1475463592 5557.43034 5442.30225
1475463615 5555.41569 5439.88467
1475463638 5552.66844 5438.16306
1475463661 5549.04207 5350.14117
1475463685 5547.94317 5423.91399
1475463708 5544.13365 5421.82608
1475463731 5542.15563 5426.3682
1475463755 5541.49629 5419.4085
1475463778 5542.70508 5428.67589
1475463801 5543.18127 5427.94329
1475463825 5540.21424 5417.50374
1475463848 5538.8223 5416.66125
1475463871 5538.67578 5422.44879
1475463895 5540.98347 5425.85538
1475463918 5538.96882 5422.7052
1475463941 5535.30582 5413.87737
1475463965 5531.71608 5416.29495
1475463988 5531.67945 5417.06418
1475464011 5531.75271 5409.84807
1475464035 5530.14099 5414.50008
1475464058 5527.32048 5413.43781
1475464081 5523.98715 5409.59166
1475464104 5524.5366 5403.14478
1475464128 5523.58422 5404.20705
1475464151 5520.43404 5406.69789
1475464174 5519.4084 5405.41584
1475464198 5519.0421 5405.67225
1475464221 5516.91756 5404.82976
1475464244 5515.26921 5401.71621
1475464268 5515.7454 5402.81511
1475464291 5512.4487 5400.83709
1475464314 5508.4194 5399.59167
1475464338 5508.82233 5398.27299
1475464361 5507.83332 5404.79313
1475464384 5504.35347 5401.0935
1475464407 5500.94688 5314.97637
1475464431 5500.50732 5397.39387
1475464454 5500.28754 5389.81146
1475464477 5497.86996 5395.08618
1475464501 5494.79304 5391.86274
1475464524 5493.21795 5308.16319
1475464547 5491.9359 5382.99828
1475464571 5490.69048 5372.70525
1475464594 5490.65385 5379.00561
1475464617 5487.46704 5369.5917
1475464641 5485.3425 5374.53675
1475464664 5484.13371 5371.93602
1475464687 5482.88829 5371.93602
1475464711 5481.64287 5363.7309
1475464734 5480.10441 5370.76386
1475464757 5477.17401 5292.08262
1475464780 5476.51467 5366.07522
1475464804 5474.57328 5349.8115
1475464827 5471.75277 5362.11918
1475464850 5469.77475 5352.41223
1475464874 5469.66486 5346.07524
1475464897 5468.71248 5351.86278
1475464920 5466.40479 5280.80058
1475464944 5460.91029 5338.38294
1475464967 5461.05681 5350.83714
1475464990 5459.04216 5348.01663
1475465014 5459.3352 5349.55509
1475465037 5457.79674 5341.64301
1475465060 5456.88099 5346.91773
1475465084 5454.09711 5343.87744
1475465107 5451.97257 5342.37561
1475465130 5448.30957 5338.19979
1475465153 5446.07514 5329.2987
1475465177 5444.57331 5336.03862
1475465200 5443.18137 5320.03131
1475465223 5441.0202 5251.42332
1475465247 5438.34621 5323.84083
1475465270 5434.57332 5329.07892
1475465293 5435.63559 5335.34265
1475465317 5436.91764 5336.22177
1475465340 5431.31325 5330.72727
1475465363 5425.85538 5319.15219
1475465387 5425.23267 5325.41592
1475465410 5423.29128 5323.58442
1475465433 5424.79311 5324.1705
1475465456 5422.30227 5322.37563
1475465480 5418.3096 5316.77124
1475465503 5416.00191 5314.93974
1475465526 5414.20704 5313.36465
1475465550 5412.48543 5312.33901
1475465573 5409.77481 5303.47455
1475465596 5405.8554 5306.2218
1475465620 5405.23269 5305.1229
1475465643 5403.80412 5303.47455
1475465666 5401.38654 5301.49653
1475465690 5399.29863 5299.81155
1475465713 5398.05321 5298.93243
1475465736 5398.1631 5291.9361
1475465760 5396.66127 5297.54049
1475465783 5395.599 5296.47822
1475465806 5394.57336 5294.82987
1475465829 5391.02025 5291.45991
1475465853 5389.55505 5290.03134
1475465876 5388.273 5288.38299
1475465899 5385.45249 5286.55149
1475465923 5383.84077 5285.56248
1475465946 5382.74187 5284.71999
1475465969 5380.06788 5207.54058
1475465993 5378.71257 5280.83721
1475466016 5378.05323 5266.25847
1475466039 5375.19609 5122.08279
1475466063 5373.80415 5200.76403
1475466086 5371.7895 5274.13392
1475466109 5370.3243 5271.4233
1475466132 5366.99097 5268.89583
1475466156 5209.5186 5116.40514
1475466179 1030.73157 1026.40923
1475466202 3146.11407 3115.30824
1475466226 5114.20734 5020.94736
1475466249 3612.92679 3570.83892
1475466272 1370.6946 1362.15981
1475466296 1875.16296 1860.73074
1475466319 1639.04598 1630.10826
1475466342 4602.11994 4519.29951
1475466366 3824.42841 3773.69586
1475466389 825.23727 822.12372
1475466412 3200.65614 3163.44006
1475466436 5352.19245 5247.72369
1475466459 5349.95802 5246.69805
1475466482 5347.17414 5231.93616
1475466505 5346.47817 5243.2182
1475466529 5346.62469 5241.753
1475466552 5343.51114 5239.73835
1475466575 5341.78953 5163.76773
1475466599 5339.07891 5221.89954
1475466622 5339.15217 5234.46363
1475466645 5338.34631 5233.14495
1475466669 5338.19979 5233.95081
1475466692 5331.53313 5226.77133
1475466715 5334.28038 5230.36107
1475466739 5331.82617 5228.34642
1475466762 5328.27306 5225.12298
1475466785 5329.665 5225.01309
1475466808 5325.04962 5220.80064
1475466832 5321.64303 5146.07544
1475466855 5321.05695 5205.52593
1475466878 5318.63937 5215.63581
1475466902 5322.08259 5218.63947
1475466925 5319.4086 5216.55156
1475466948 5316.25842 5214.17061
1475466972 5316.1119 5206.47831
1475466995 5315.7456 5212.449
1475467018 5309.07894 5207.54058
1475467042 5312.48553 5135.74578
1475467065 5310.39762 5208.45633
1475467088 5305.96539 5204.93985
1475467112 5308.49286 1710.43785
1475467135 5305.52583 84.28563
1475467158 5304.06063 4337.17515
1475467181 5303.51118 5136.95457
1475467205 5300.94708 5207.61384
1475467228 5299.95807 5199.9948
1475467251 5296.40496 5203.40139
1475467275 5294.71998 5201.27685
1475467298 5292.3024 5187.79701
1475467321 5291.97273 5190.98382
1475467345 5286.0753 5186.14866
1475467368 5290.1046 5189.11569
1475467391 5287.79691 5187.24756
1475467415 5019.26238 4925.59947
