164 2208
1475416130 13 172114.333380 13 174380.654000
1475416433 13 169580.416500 13 171998.972000
1475416736 13 167161.664340 13 169742.465000
1475417040 13 165179.065590 13 167866.960000
1475417343 13 163342.474020 13 166121.575000
1475417646 13 161703.757710 13 164559.675000
1475417949 13 160170.169500 13 163092.277000
1475418252 13 158746.361400 13 161709.034000
1475418555 13 105517.220490 13 108352.281000
1475418858 13 140625.280620 13 143783.662000
1475419161 13 154952.226000 13 158071.312000
1475419464 13 153716.989140 13 156885.974000
1475419767 13 152357.137020 13 155581.374000
1475420070 13 151097.651100 13 154365.530000
1475420373 13 149798.458260 13 153105.256000
1475420676 13 148497.250770 13 151840.671000
1475420979 13 147269.852730 13 150640.770000
1475421282 13 146105.458290 13 149488.376000
1475421585 13 144794.910150 13 148219.770000
1475421888 13 143789.196870 13 147206.479000
1475422191 13 142490.480220 13 145922.711000
1475422494 13 141364.071090 13 144832.031000
1475422797 13 140275.171080 13 143767.927000
1475423100 13 139111.289460 13 142624.452000
1475423403 13 138072.535920 13 141630.545000
1475423706 13 137130.339060 13 140705.218000
1475424009 13 136231.438860 13 139795.793000
1475424313 13 135293.747490 13 138877.602000
1475424616 13 134426.239200 13 138030.254000
1475424919 13 133527.595410 13 137145.386000
1475425222 13 132566.753880 13 136113.620000
1475425525 13 131551.736580 13 135176.924000
1475425828 13 131136.169230 13 134337.855000
1475426131 13 130115.291130 13 133321.733000
1475426434 13 129292.434810 13 132484.787000
1475426737 13 128403.937530 13 131594.976000
1475427040 13 127993.241970 13 131208.633000
1475427343 13 127072.290510 13 130291.039000
1475427646 13 126051.412410 13 129254.210000
1475427949 13 124855.589430 13 128067.533000
1475428252 13 124066.542600 13 127278.983000
1475428555 13 123000.902640 13 126207.668000
1475428858 13 122170.976730 13 125370.247000
1475429161 13 120276.033570 13 123480.524000
1475429464 13 123638.997240 13 126879.860000
1475429767 13 124116.212880 13 127357.912000
1475430070 13 123395.114700 13 126618.775000
1475430373 13 122608.998270 13 125843.537000
1475430676 13 121820.684040 13 125058.692000
1475430979 13 120854.348010 13 124107.193000
1475431283 13 120347.938260 13 123581.783000
1475431586 13 119686.290570 13 122924.039000
1475431889 13 118948.818780 13 122186.945000
1475432192 13 118244.240730 13 121477.933000
1475432495 13 117173.289420 13 120387.337000
1475432798 13 116311.934970 13 119526.736000
1475433101 13 115908.235740 13 119132.415000
1475433404 13 115350.470730 13 118566.123000
1475433707 13 114677.064810 13 117890.395000
1475434010 13 112691.828700 13 115874.614000
1475434313 13 113806.699380 13 116973.456000
1475434616 13 113186.150550 13 116347.860000
1475434919 13 112532.488200 13 115686.809000
1475435222 13 111919.997970 13 115060.332000
1475435525 13 111339.119430 13 114447.654000
1475435828 13 110709.486360 13 113836.126000
1475436131 13 110120.988780 13 113245.263000
1475436434 13 109528.938090 13 112648.863000
1475436737 13 108987.290280 13 112098.741000
1475437040 13 108385.935570 13 111495.805000
1475437343 13 107774.690760 13 110878.818000
1475437646 13 107146.046700 13 110255.000000
1475437950 13 106563.446550 13 109657.617000
1475438253 13 105949.894050 13 109032.388000
1475438556 13 105112.092690 13 108184.747000
1475438859 13 103857.808230 13 106911.310000
1475439162 13 104412.642840 13 107473.840000
1475439465 13 103870.995030 13 106922.321000
1475439768 13 103308.980940 13 106351.808000
1475440071 13 102787.992450 13 105816.515000
1475440374 13 102276.820800 13 105288.543000
1475440677 13 101779.275510 13 104775.669000
1475440980 13 101279.202750 13 104243.654000
1475441283 13 100769.056740 13 103713.163000
1475441586 13 100064.112390 13 103001.110000
1475441889 13 99385.175340 13 102287.463000
1475442192 13 98671.915980 13 101558.012000
1475442495 13 98021.696850 13 100916.123000
1475442798 13 97421.550930 13 100306.303000
1475443101 13 96735.507660 13 99602.886000
1475443404 13 96211.332360 13 99070.577000
1475443707 13 95874.959070 13 98742.745000
1475444010 13 95515.508880 13 98379.991000
1475444313 13 95037.524010 13 97887.754000
1475444616 13 94518.110610 13 97350.358000
1475444919 13 94084.777710 13 96899.193000
1475445223 13 93627.195750 13 96411.457000
1475445526 13 91824.267150 13 94524.949000
1475445829 13 92715.731460 13 95460.295000
1475446132 13 92856.500550 13 95576.638000
1475446435 13 92324.523060 13 95024.384000
1475446738 13 91936.574730 13 94632.504000
1475447041 13 91600.567740 13 94281.316000
1475447344 13 91238.699970 13 93903.730000
1475447647 13 90742.876290 13 93408.189000
1475447950 13 90308.737530 13 92955.102000
1475448253 13 89799.031080 13 92424.698000
1475448556 13 89239.837500 13 91839.841000
1475448859 13 88798.299480 13 91373.851000
1475449162 13 88286.175450 13 90844.460000
1475449465 13 88067.787390 13 90630.256000
1475449768 13 87996.761820 13 90560.178000
1475450071 13 87646.322610 13 90190.375000
1475450374 13 87213.136230 13 89745.427000
1475450677 13 86833.356390 13 89348.995000
1475450980 13 86444.089380 13 88940.428000
1475451283 13 86079.657510 13 88575.712000
1475451586 13 85693.320900 13 88183.681000
1475451889 13 85208.339700 13 87695.938000
1475452193 13 84882.479220 13 87363.561000
1475452496 13 84525.007050 13 86993.951000
1475452799 13 84170.135610 13 86622.885000
1475453102 13 83828.377710 13 86263.087000
1475453708 13 83045.631240 13 85456.081000
1475454011 13 82634.642640 13 85023.499000
1475454314 13 82223.654040 13 84582.818000
1475454617 13 81827.940150 13 84181.704000
1475454920 13 81444.900240 13 83782.758000
1475455223 13 81084.351150 13 83408.898000
1475455526 13 80671.933980 13 82977.549000
1475455829 13 80323.069860 13 82611.071000
1475456132 13 80052.557310 13 82329.142000
1475456435 13 79745.158350 13 82017.704000
1475456738 13 79412.667840 13 81673.419000
1475457041 13 79081.276230 13 81333.267000
1475457344 13 78766.478010 13 81007.548000
1475457647 13 78379.189020 13 80608.895000
1475457950 13 77995.856070 13 80209.994000
1475458253 13 77723.914950 13 79930.007000
1475458556 13 77413.658850 13 79608.034000
1475458859 13 77103.769050 13 79280.926000
1475459163 13 76688.897670 13 78859.471000
1475459466 13 76316.077530 13 78463.964000
1475459769 13 76031.279280 13 78175.375000
1475460072 13 75761.572590 13 77902.425000
1475460375 13 75493.294470 13 77619.965000
1475460678 13 75245.602410 13 77363.877000
1475460981 13 74949.412230 13 77058.299000
1475461284 13 74633.698260 13 76740.097000
1475461587 13 74343.222360 13 76432.268000
1475461890 13 73150.183260 13 75188.101000
1475462193 13 73688.168070 13 75746.812000
1475462496 13 73390.109760 13 75429.397000
1475462799 13 73039.414140 13 75066.996000
1475463102 13 72699.524370 13 74718.349000
1475463405 13 72300.843450 13 74307.374000
1475463708 13 72010.037880 13 74010.917000
1475464011 13 71780.587560 13 73768.937000
1475464314 13 71490.331440 13 73461.672000
1475464617 13 71209.745640 13 73169.554000
1475464920 13 70909.636050 13 72859.711000
1475465223 13 70573.592430 13 72507.084000
1475465526 13 70235.094600 13 72167.285000
1475465829 13 69948.831150 13 71872.281000
