216 2208
1474970815 13 161118.241520 13 154344.288000
1474971118 13 159468.860740 13 152830.151000
1474971421 13 157978.720290 13 151461.101000
1474971724 13 156660.478000 13 150249.088000
1474972027 13 155437.393620 13 149123.756000
1474972330 13 151737.444380 13 145711.699000
1474972633 13 152774.179290 13 146670.767000
1474972936 13 151486.667590 13 145483.530000
1474973239 13 150127.796080 13 144229.683000
1474973542 13 148773.408270 13 142979.059000
1474973845 13 147524.594350 13 141825.069000
1474974148 13 146478.547140 13 140857.887000
1474974452 13 144997.236130 13 139487.256000
1474974755 13 143515.476750 13 138115.097000
1474975058 13 142127.564660 13 136828.968000
1474975361 13 140798.733940 13 135596.542000
1474975664 13 139316.319250 13 134220.789000
1474975967 13 138315.315980 13 133291.118000
1474976270 13 136701.356430 13 131788.323000
1474976573 13 138116.377660 13 133106.257000
1474976876 13 137666.317650 13 132688.046000
1474977179 13 136704.460530 13 131793.943000
1474977482 13 135701.767250 13 130861.384000
1474977785 13 134799.232930 13 130021.623000
1474978088 13 133837.375810 13 129126.100000
1474978391 13 132825.232270 13 128183.287000
1474978694 13 131850.268950 13 127274.627000
1474978997 13 130974.878260 13 126458.444000
1474979300 13 130085.864020 13 125629.039000
1474979603 13 129151.495430 13 124756.922000
1474979906 13 128252.651540 13 123917.618000
1474980209 13 127376.122680 13 123098.714000
1474980512 13 126485.487410 13 122266.245000
1474980815 13 125632.998080 13 121469.022000
1474981118 13 124637.306270 13 120537.479000
1474981421 13 123722.010650 13 119680.685000
1474981725 13 123051.525050 13 119052.752000
1474982028 13 122232.870410 13 118285.792000
1474982331 13 121346.546390 13 117455.101000
1474982634 13 120461.015640 13 116624.687000
1474982937 13 119653.949640 13 115867.578000
1474983240 13 118686.988000 13 114959.955000
1474983543 13 117676.155080 13 114010.795000
1474983846 13 116980.526270 13 113357.230000
1474984149 13 116127.243670 13 112555.123000
1474984452 13 115222.467500 13 111704.421000
1474984755 13 114782.582040 13 111290.653000
1474985058 13 114014.041370 13 110567.342000
1474985361 13 112934.124980 13 109550.754000
1474985664 13 112115.953200 13 108779.175000
1474985967 13 111692.174570 13 108377.887000
1474986270 13 113360.835260 13 109952.522000
1474986573 13 112716.596550 13 109345.919000
1474986876 13 112125.368970 13 108788.988000
1474987179 13 111443.501670 13 108146.500000
1474987482 13 110808.299340 13 107547.670000
1474987785 13 110183.237070 13 106958.297000
1474988088 13 109563.451770 13 106373.644000
1474988391 13 109033.443940 13 105873.623000
1474988694 13 108429.248120 13 105303.351000
1474988998 13 107837.572170 13 104744.730000
1474989301 13 107253.863410 13 104193.441000
1474989604 13 106688.227410 13 103659.057000
1474989907 13 106071.753150 13 103076.545000
1474990210 13 105513.049640 13 102548.340000
1474990513 13 104891.746780 13 101960.902000
1474990816 13 104297.380610 13 101398.705000
1474991119 13 103772.787710 13 100902.256000
1474991422 13 103236.019840 13 100394.280000
1474991725 13 102752.814940 13 99936.836000
1474992028 13 102137.892730 13 99354.522000
1474992331 13 100252.117490 13 97566.680000
1474992634 14 108973.500320 14 106029.691000
1474992948 13 100618.746190 13 97915.139000
1474993251 13 100008.721560 13 97336.763000
1474993554 13 99331.268980 13 96694.232000
1474993857 13 98799.881550 13 96190.096000
1474994160 13 98186.614860 13 95608.183000
1474994463 13 97875.342610 13 95312.691000
1474994766 13 97482.363550 13 94939.698000
1474995069 13 96989.777370 13 94471.883000
1474995372 13 96547.650060 13 94051.926000
1474995675 13 96106.902350 13 93633.235000
1474995978 13 95618.765380 13 93169.323000
1474996281 13 95235.443520 13 92805.064000
1474996584 13 94728.923380 13 92323.486000
1474996887 13 94318.768300 13 91933.414000
1474997190 13 93844.254880 13 91482.008000
1474997493 13 93365.016330 13 91026.147000
1474997796 13 92882.328780 13 90566.739000
1474998099 13 92347.354390 13 90057.523000
1474998402 13 91885.395330 13 89617.666000
1474998705 13 91300.789830 13 89060.917000
1474999008 13 90840.037920 13 88621.902000
1474999311 13 90329.172040 13 88135.082000
1474999614 14 96823.466590 14 94481.958000
1474999919 13 89300.093910 13 87154.054000
1475000222 13 88741.493870 13 86621.349000
1475000525 13 88205.036410 13 86109.507000
1475000828 13 87746.974720 13 85672.489000
1475001132 13 87554.382560 13 85488.630000
1475001435 13 87279.566240 13 85226.278000
1475001738 13 86881.241230 13 84845.974000
1475002041 13 86425.731800 13 84411.140000
1475002344 13 86004.988290 13 84009.191000
1475002647 13 85597.523430 13 83619.968000
1475002950 13 85087.312860 13 83132.428000
1475003253 13 83715.369640 13 81819.955000
1475003556 13 84870.025860 13 82924.851000
1475003859 13 84473.390860 13 82545.652000
1475004162 13 84066.960700 13 82156.991000
1475004465 13 83668.187320 13 81775.691000
1475004768 13 83221.886720 13 81348.771000
1475005071 13 82769.170980 13 80915.676000
1475005374 13 82450.310930 13 80610.575000
1475005677 13 82143.798300 13 80317.194000
1475005980 13 81733.401790 13 79924.361000
1475006283 13 81281.306870 13 79491.421000
1475006586 13 80802.240770 13 79032.637000
1475006889 13 80418.849930 13 78665.417000
1475007192 13 80150.379770 13 78408.216000
1475007495 13 79547.184160 13 77830.156000
1475007798 13 79051.769800 13 77355.254000
1475008102 13 78502.137160 13 76828.232000
1475008405 13 78225.596340 13 76562.996000
1475008708 13 76336.992920 13 74749.865000
1475009011 13 76127.017800 13 74547.960000
1475009314 13 77175.858700 13 75555.879000
1475009617 13 77594.049950 13 75957.166000
1475009920 13 77261.152470 13 75637.735000
1475010223 13 76837.304860 13 75230.970000
1475010526 13 76466.330420 13 74874.843000
1475010829 13 76089.872070 13 74513.431000
1475011132 13 75524.408520 13 73970.373000
1475011435 13 75339.059260 13 73792.385000
1475011738 13 75102.043980 13 73564.670000
1475012041 13 74707.547360 13 73185.675000
1475012344 13 74320.673030 13 72813.811000
1475012647 13 73969.599320 13 72476.341000
1475012950 13 73635.253260 13 72154.956000
1475013253 13 73322.084060 13 71853.907000
1475013556 13 73005.120960 13 71549.053000
1475013859 13 72611.659040 13 71170.620000
1475014162 13 72232.682920 13 70806.039000
1475014465 13 72123.660030 13 70701.179000
1475014768 13 71775.517970 13 70366.103000
1475015071 13 71439.171490 13 70042.426000
1475015375 13 71071.197680 13 69688.170000
1475015678 13 70648.764160 13 69281.434000
1475015981 13 70267.408230 13 68914.221000
1475016284 13 69584.471740 13 68255.982000
1475016587 13 69511.249470 13 68185.401000
1475016890 13 69921.025160 13 68580.503000
1475017193 13 69466.826350 13 68143.025000
1475017496 13 69207.013180 13 67892.596000
1475017799 13 69035.942780 13 67727.761000
1475018102 13 68760.574620 13 67462.370000
1475018405 13 68335.795780 13 67052.834000
1475018708 13 68054.012480 13 66781.271000
1475019011 13 67873.974680 13 66607.533000
1475019314 13 67584.672560 13 66328.598000
1475019617 13 67310.235630 13 66063.925000
1475019920 13 67047.318360 13 65810.185000
1475020223 13 66781.090050 13 65553.390000
1475020526 13 66420.428120 13 65205.368000
1475020829 13 66072.286060 13 64869.369000
1475021132 13 65826.613790 13 64632.202000
1475021435 13 65634.573470 13 64446.823000
1475021738 13 65402.076380 13 64222.336000
1475022041 13 65124.052490 13 63953.883000
1475022345 13 64895.452770 13 63733.144000
1475022648 13 64678.545160 13 63523.584000
1475022951 13 64369.652720 13 63225.240000
1475023254 13 64074.004440 13 62939.606000
1475023557 13 63841.507350 13 62714.890000
1475023860 13 63498.124910 13 62383.116000
1475024163 13 63290.495110 13 62182.416000
1475024466 13 63106.870350 13 62004.865000
1475024769 13 62897.757480 13 61802.742000
1475025072 13 62297.355560 13 61222.178000
1475025375 13 61635.216540 13 60581.691000
1475025678 13 61587.861770 13 60535.855000
1475025981 13 61480.046030 13 60431.556000
1475026284 13 60287.105910 13 59276.636000
1475026587 13 61315.045870 13 60271.883000
1475026890 13 61412.790530 13 60366.470000
1475027193 13 61180.707320 13 60141.943000
1475027496 13 60920.204350 13 59889.821000
1475027799 13 60709.401470 13 59685.764000
1475028102 13 60476.387030 13 59460.197000
1475028405 13 60268.964170 13 59259.413000
1475028708 13 60022.602100 13 59020.901000
1475029011 13 59772.549600 13 58778.785000
1475029315 13 59567.230630 13 58579.958000
1475029618 13 59346.218710 13 58365.787000
1475029921 13 59080.024890 13 58108.037000
1475030224 13 58860.806450 13 57895.627000
1475030527 13 58613.720090 13 57656.228000
1475030830 13 58365.702500 13 57415.872000
1475031133 13 58122.513510 13 57180.247000
1475031436 13 57909.675720 13 56973.912000
1475031739 13 57734.949380 13 56804.554000
1475032042 13 57534.390030 13 56610.123000
1475032345 13 57328.484730 13 56410.464000
1475032648 13 57118.164710 13 56206.539000
1475032951 13 56925.676020 13 56019.897000
1475033254 13 56733.946110 13 55833.919000
1475033557 13 56507.346810 13 55614.183000
1475033860 13 56277.091570 13 55390.752000
1475034163 13 56089.914340 13 55209.175000
1475034466 13 55895.080330 13 55020.088000
1475034769 13 55667.549800 13 54799.351000
1475035072 13 55449.228100 13 54587.484000
1475035375 13 55218.179590 13 54363.217000
1475035678 13 54954.503540 13 54107.242000
1475035981 13 54676.376180 13 53837.197000
