54 2064
1470567971 13 143258.501430 13 143276.373000
1470568274 13 142018.612560 13 142107.497000
1470568577 13 140944.987260 13 141098.223000
1470568880 13 139986.380160 13 140172.094000
1470569183 13 139192.095240 13 139432.105000
1470569486 13 138213.927720 13 138488.999000
1470569789 13 137295.906660 13 137616.560000
1470570092 13 136667.152710 13 137030.084000
1470570395 13 135800.010720 13 136175.877000
1470570699 13 134940.744180 13 135357.735000
1470571002 13 134081.001450 13 134498.789000
1470571305 13 133433.749350 13 133859.809000
1470571608 13 132620.856390 13 133102.783000
1470571911 13 130752.726390 13 131285.464000
1470572214 13 133003.713150 13 133466.647000
1470572517 13 132228.952020 13 132736.548000
1470572820 13 131504.447250 13 132022.906000
1470573123 13 130776.975450 13 131316.521000
1470573426 13 130028.111730 13 130613.100000
1470573729 13 129341.335860 13 129944.175000
1470574032 13 128613.571020 13 129231.210000
1470574335 13 128005.036830 13 128639.992000
1470574638 13 127313.425800 13 127963.917000
1470574941 13 126535.331340 13 127195.807000
1470575244 13 125821.998720 13 126509.232000
1470575547 13 125069.215590 13 125772.672000
1470575850 13 124108.483950 13 124849.313000
1470576153 13 123390.023130 13 124145.351000
1470576456 13 122675.115420 13 123487.291000
1470576759 13 121593.578040 13 122396.242000
1470577062 13 120984.531030 13 121798.925000
1470577365 13 120439.146960 13 121284.192000
1470577668 13 120009.916620 13 120882.443000
1470577972 13 119410.246890 13 120290.679000
1470578275 13 118438.233210 13 119339.702000
1470578578 13 118050.944220 13 118969.500000
1470578881 13 117372.410100 13 118303.860000
1470579184 13 117149.626440 13 118073.242000
1470579487 13 116659.883340 13 117592.800000
1470579790 13 115743.474000 13 116688.396000
1470580093 13 115386.661170 13 116334.045000
1470580396 13 114858.163530 13 115796.909000
1470580699 13 114467.797620 13 115422.448000
1470581002 13 114087.504960 13 115035.752000
1470581305 13 113718.640860 13 114663.949000
1470581608 13 113239.630350 13 114191.900000
1470581911 13 112717.506330 13 113675.376000
1470582214 13 111939.448500 13 112905.068000
1470582517 13 111194.394300 13 112183.555000
1470582820 13 111044.284560 13 112035.472000
1470583123 13 110821.317750 13 111820.935000
