54 2064
1470567971 13 143258.501430 13 136482.715000
1470568274 13 142018.612560 13 135465.731000
1470568577 13 140944.987260 13 134679.572000
1470568880 13 139986.380160 13 133863.648000
1470569183 13 139192.095240 13 133135.236000
1470569486 13 138213.927720 13 132244.024000
1470569789 13 137295.906660 13 131448.858000
1470570092 13 136667.152710 13 130952.713000
1470570395 13 135800.010720 13 130209.206000
1470570699 13 134940.744180 13 129452.386000
1470571002 13 134081.001450 13 128521.132000
1470571305 13 133433.749350 13 127727.876000
1470571608 13 132620.856390 13 127173.730000
1470571911 13 130752.726390 13 125436.135000
1470572214 13 133003.713150 13 127545.498000
1470572517 13 132228.952020 13 126926.476000
1470572820 13 131504.447250 13 126257.922000
1470573123 13 130776.975450 13 125490.557000
1470573426 13 130028.111730 13 124740.666000
1470573729 13 129341.335860 13 124164.869000
1470574032 13 128613.571020 13 123501.742000
1470574335 13 128005.036830 13 122890.765000
1470574638 13 127313.425800 13 122423.032000
1470574941 13 126535.331340 13 121575.072000
1470575244 13 125821.998720 13 121041.351000
1470575547 13 125069.215590 13 120225.006000
1470575850 13 124108.483950 13 119340.928000
1470576153 13 123390.023130 13 118785.779000
1470576456 13 122675.115420 13 118144.780000
1470576759 13 121593.578040 13 117218.417000
1470577062 13 120984.531030 13 116379.406000
1470577365 13 120439.146960 13 115887.190000
1470577668 13 120009.916620 13 115622.338000
1470577972 13 119410.246890 13 114991.897000
1470578275 13 118438.233210 13 114115.976000
1470578578 13 118050.944220 13 113825.418000
1470578881 13 117372.410100 13 113136.124000
1470579184 13 117149.626440 13 112976.197000
1470579487 13 116659.883340 13 112458.515000
1470579790 13 115743.474000 13 111734.320000
1470580093 13 115386.661170 13 111323.421000
1470580396 13 114858.163530 13 110904.948000
1470580699 13 114467.797620 13 110473.307000
1470581002 13 114087.504960 13 110166.297000
1470581305 13 113718.640860 13 109855.634000
1470581608 13 113239.630350 13 109277.459000
1470581911 13 112717.506330 13 108879.503000
1470582214 13 111939.448500 13 108108.880000
1470582517 13 111194.394300 13 107460.896000
1470582820 13 111044.284560 13 107344.901000
1470583123 13 110821.317750 13 107119.097000
