166 2208
1472422254 13 152003.401110 13 153321.497000
1472422557 13 150078.311460 13 151470.729000
1472422860 13 148500.254430 13 149975.109000
1472423163 13 147533.808510 13 149081.392000
1472423466 13 146548.937700 13 148113.998000
1472423769 13 145254.213720 13 146857.388000
1472424072 13 143922.383550 13 145328.826000
1472424375 13 142581.872070 13 143882.967000
1472424678 13 141966.781110 13 143278.937000
1472424981 13 140556.416220 13 141899.168000
1472425587 13 139288.761810 13 140700.338000
1472425890 13 138639.275280 13 140059.782000
1472426193 13 137604.331260 13 139049.105000
1472426496 13 136324.295910 13 137811.354000
1472426799 13 135427.923180 13 136952.301000
1472427102 13 135720.560250 13 137268.213000
1472427405 13 135987.592950 13 137558.526000
1472428314 13 135955.431810 13 137517.038000
1472428617 13 135291.366540 13 136857.302000
1472428921 13 134507.997360 13 136098.514000
1472429224 13 133742.796660 13 135328.958000
1472429527 13 133055.727750 13 134645.483000
1472429830 13 132351.332850 13 133954.394000
1472430133 13 131667.304230 13 133305.425000
1472430436 13 131128.403670 13 132760.656000
1472430739 13 130451.554530 13 132115.610000
1472431042 13 129784.302450 13 131472.501000
1472431345 13 129086.061390 13 130785.612000
1472431648 13 128388.186630 13 130091.528000
1472431951 13 127720.824660 13 129420.286000
1472432254 13 127044.598230 13 128782.656000
1472432557 13 126446.979780 13 128205.907000
1472432860 13 125902.584720 13 127651.633000
1472433163 13 125291.889360 13 127047.133000
1472433466 13 124611.120810 13 126385.422000
1472433769 13 123964.601310 13 125745.534000
1472434072 13 123362.807040 13 125156.028000
1472434375 13 121137.607800 13 122954.914000
1472434678 13 122392.002150 13 124199.938000
1472434981 13 121859.072280 13 123688.460000
1472435284 13 121280.574690 13 123111.819000
1472435587 13 120715.959870 13 122548.996000
1472435890 13 120173.982390 13 122004.467000
1472436194 13 119617.792470 13 121446.031000
1472436497 13 119069.184960 13 120895.253000
1472437120 13 117525.853170 13 119393.798000
1472437423 13 116754.864930 13 118635.504000
1472437726 13 116258.858100 13 118137.217000
1472438029 13 115569.334980 13 117455.101000
1472438332 13 115261.752870 13 117140.537000
1472438635 13 114777.028080 13 116651.323000
1472438938 13 113921.534430 13 115800.622000
1472439241 13 113581.205100 13 115465.707000
1472439544 13 113226.590070 13 115112.971000
1472439847 13 112835.638080 13 114714.883000
1472440150 13 112365.748440 13 114251.697000
1472440453 13 111554.906760 13 113462.826000
1472440756 13 111178.826550 13 113083.854000
1472441059 13 110868.094260 13 112772.194000
1472441362 13 110157.985080 13 112051.280000
1472441665 13 108964.762830 13 110878.335000
1472441968 13 109920.769200 13 111812.960000
1472442271 13 109514.212830 13 111404.916000
1472442574 13 109049.304870 13 110927.319000
1472442877 13 108556.484850 13 110439.711000
1472443180 13 108134.360730 13 110024.167000
1472443484 13 107643.628620 13 109558.541000
1472443787 13 107149.929480 13 109067.865000
1472444090 13 106664.545350 13 108586.381000
1472444393 13 106297.879050 13 108213.780000
1472444696 13 105904.692630 13 107816.316000
1472444999 13 105492.385350 13 107399.103000
1472445302 13 105058.063440 13 106962.075000
1472445605 13 104654.474100 13 106552.104000
1472445908 13 104214.401280 13 106114.625000
1472446211 13 103804.474950 13 105684.378000
1472446514 13 103390.629210 13 105266.432000
1472446817 13 102924.146160 13 104800.195000
1472447120 13 102417.846300 13 104284.868000
1472447423 13 101966.894370 13 103842.144000
1472447726 13 101539.825200 13 103403.781000
1472448029 13 101070.668160 13 102932.522000
1472448332 13 100666.199700 13 102528.046000
1472448635 13 100309.643280 13 102157.018000
1472448938 13 99856.200510 13 101702.366000
1472449241 13 99294.259680 13 101128.404000
1472449544 13 98863.087950 13 100698.964000
1472449847 13 98287.117830 13 100129.727000
1472450151 13 98021.806740 13 99878.922000
1472450454 13 97776.825300 13 99611.849000
1472450757 13 97373.052810 13 99200.630000
1472451060 13 96988.364550 13 98811.374000
1472451363 13 96199.867170 13 98015.400000
1472451666 13 95646.754170 13 97441.074000
1472451969 13 96494.848560 13 98319.030000
1472452272 13 96156.533880 13 97977.053000
1472452575 13 95793.567210 13 97603.391000
1472452878 13 95430.710430 13 97231.270000
1472453181 13 95084.080740 13 96879.785000
1472453484 13 94730.784390 13 96525.587000
1472453787 13 92847.782610 13 94605.580000
1472454090 13 90927.088560 13 92649.844000
1472454393 13 90628.737210 13 92347.085000
1472454696 13 90351.851040 13 92066.039000
1472454999 13 90112.217580 13 91819.498000
1472455302 13 89849.653740 13 91556.144000
1472455605 13 89518.738320 13 91222.440000
1472455908 13 89210.423610 13 90912.121000
1472456211 13 88909.654680 13 90603.337000
1472456514 13 88618.299660 13 90307.597000
1472456818 13 88366.321890 13 90222.501000
1472457424 13 87817.751010 13 89480.238000
1472457727 13 86356.250640 13 87999.636000
1472458030 13 87279.033600 13 88946.878000
1472458333 13 86961.927690 13 88643.044000
1472458636 13 86714.638560 13 88358.181000
1472458939 13 86453.759700 13 88090.245000
1472459242 13 86197.203180 13 87824.803000
1472459545 13 85914.639360 13 87537.567000
1472459848 13 85622.148810 13 87239.253000
1472460151 13 85404.639870 13 87015.463000
1472460454 13 85132.808640 13 86734.312000
1472460757 13 84849.255810 13 86458.252000
1472461060 13 84558.047310 13 86167.797000
1472461363 13 84278.267370 13 85889.900000
1472461666 13 84059.403120 13 85659.551000
1472461969 13 83786.179950 13 85375.822000
1472462272 13 83502.407340 13 85093.554000
1472462575 13 83207.462580 13 84795.286000
1472462878 13 82934.239410 13 84513.634000
1472463181 13 82717.609590 13 84290.831000
1472463484 13 82461.016440 13 84032.314000
1472463787 13 82208.782260 13 83775.289000
1472464090 13 81938.892420 13 83499.106000
1472464393 13 81698.672880 13 83252.653000
1472464697 13 81455.889240 13 82999.070000
1472465000 13 81179.332740 13 82718.575000
1472465303 13 80944.607700 13 82474.343000
1472465606 13 80715.523680 13 82235.631000
1472465909 13 80474.315130 13 81992.330000
1472466212 13 80209.370340 13 81715.771000
1472466515 13 79958.857770 13 81458.456000
1472466818 13 79064.939250 13 80541.454000
1472467121 13 79088.822010 13 80588.004000
1472467424 13 79278.235740 13 80773.068000
1472467727 13 79030.543680 13 80517.771000
1472468030 13 78823.803960 13 80309.600000
1472468333 13 78580.873800 13 80054.691000
1472468636 13 78313.621320 13 79783.985000
1472468939 13 78090.581250 13 79549.541000
1472469242 13 77859.629100 13 79318.145000
1472469545 13 77613.768540 13 79070.416000
1472469848 13 77384.171700 13 78844.215000
1472470151 13 77168.897190 13 78618.240000
1472470454 13 76921.534800 13 78365.905000
1472470757 13 76627.249380 13 78069.367000
1472471060 13 76337.982270 13 77770.122000
1472471364 13 76075.015500 13 77501.453000
1472471667 13 75806.590860 13 77233.389000
1472471970 13 75612.525120 13 77035.410000
1472472273 13 75347.726850 13 76769.428000
1472472576 13 75111.683130 13 76531.232000
1472472879 13 74985.566040 13 76404.932000
1472473182 13 74784.027780 13 76190.942000
1472473485 13 74563.808220 13 75965.546000
1472473788 13 74313.149130 13 75712.610000
