170 2208
1475416130 13 172114.333380 13 167774.553908
1475416433 13 169580.416500 13 165289.617054
1475416736 13 167161.664340 13 163030.489952
1475417040 13 165179.065590 13 161115.138543
1475417343 13 163342.474020 13 159336.172083
1475417646 13 161703.757710 13 157827.515864
1475417949 13 160170.169500 13 156370.310164
1475418252 13 158746.361400 13 154991.655689
1475418555 13 105517.220490 13 103507.584669
1475418858 13 140625.280620 13 137499.300687
1475419161 13 154952.226000 13 151440.090396
1475419464 13 153716.989140 13 150322.773255
1475419767 13 152357.137020 13 148958.146254
1475420070 13 151097.651100 13 147842.766172
1475420373 13 149798.458260 13 146557.629026
1475420676 13 148497.250770 13 145325.575244
1475420979 13 147269.852730 13 144137.982950
1475421282 13 146105.458290 13 143025.572180
1475421585 13 144794.910150 13 141787.686407
1475421888 13 143789.196870 13 140838.550684
1475422191 13 142490.480220 13 139574.201231
1475422494 13 141364.071090 13 138466.460215
1475422797 13 140275.171080 13 137465.723169
1475423100 13 139111.289460 13 136335.894406
1475423403 13 138072.535920 13 135339.980524
1475423706 13 137130.339060 13 134467.880173
1475424009 13 136231.438860 13 133602.272250
1475424313 13 135293.747490 13 132679.670414
1475424616 13 134426.239200 13 131863.042925
1475424919 13 133527.595410 13 131000.011680
1475425222 13 132566.753880 13 130010.964629
1475425525 13 131551.736580 13 129092.606128
1475425828 13 131136.169230 13 128313.048076
1475426131 13 130115.291130 13 127308.148297
1475426434 13 129292.434810 13 126505.878486
1475426737 13 128403.937530 13 125643.882073
1475427040 13 127993.241970 13 125305.888984
1475427343 13 127072.290510 13 124415.010811
1475427646 13 126051.412410 13 123405.932681
1475427949 13 124855.589430 13 122296.694010
1475428252 13 124066.542600 13 121515.518701
1475428555 13 123000.902640 13 120487.951360
1475428858 13 122170.976730 13 119684.534913
1475429161 13 120276.033570 13 117876.325278
1475429464 13 123638.997240 13 121147.801414
1475429767 13 124116.212880 13 121608.198798
1475430070 13 123395.114700 13 120873.455841
1475430373 13 122608.998270 13 120157.246305
1475430676 13 121820.684040 13 119423.917800
1475430979 13 120854.348010 13 118450.390669
1475431283 13 120347.938260 13 117982.798835
1475431586 13 119686.290570 13 117357.646947
1475431889 13 118948.818780 13 116642.942855
1475432192 13 118244.240730 13 115987.429750
1475432495 13 117173.289420 13 114894.332418
1475432798 13 116311.934970 13 114070.201076
1475433101 13 115908.235740 13 113696.113580
1475433404 13 115350.470730 13 113097.745181
1475433707 13 114677.064810 13 112525.429648
1475434010 13 112691.828700 13 110583.364944
1475434313 13 113806.699380 13 111622.515672
1475434616 13 113186.150550 13 111037.412923
1475434919 13 112532.488200 13 110472.031826
1475435222 13 111919.997970 13 109807.527617
1475435525 13 111339.119430 13 109208.061984
1475435828 13 110709.486360 13 108621.396575
1475436131 13 110120.988780 13 108086.067289
1475436434 13 109528.938090 13 107526.531185
1475436737 13 108987.290280 13 106961.958711
1475437040 13 108385.935570 13 106392.284877
1475437343 13 107774.690760 13 105802.923182
1475437646 13 107146.046700 13 105206.824661
1475437950 13 106563.446550 13 104653.819977
1475438253 13 105949.894050 13 104067.786389
1475438556 13 105112.092690 13 103250.503681
1475438859 13 103857.808230 13 102135.734623
1475439162 13 104412.642840 13 102613.336782
1475439465 13 103870.995030 13 102087.643408
1475439768 13 103308.980940 13 101534.615335
1475440071 13 102787.992450 13 101022.530817
1475440374 13 102276.820800 13 100519.713016
1475440677 13 101779.275510 13 100011.752238
1475440980 13 101279.202750 13 99551.937272
1475441283 13 100769.056740 13 99051.319141
1475441586 13 100064.112390 13 98419.199011
1475441889 13 99385.175340 13 97675.917373
1475442192 13 98671.915980 13 96994.536002
1475442495 13 98021.696850 13 96400.335546
1475442798 13 97421.550930 13 95876.080022
1475443101 13 96735.507660 13 95187.238999
1475443404 13 96211.332360 13 94663.792103
1475443707 13 95874.959070 13 94362.473231
1475444010 13 95515.508880 13 94016.263866
1475444313 13 95037.524010 13 93553.463999
1475444616 13 94518.110610 13 93029.780493
1475444919 13 94084.777710 13 92584.702818
1475445223 13 93627.195750 13 92140.839385
1475445526 13 91824.267150 13 90374.407955
1475445829 13 92715.731460 13 91192.275689
1475446132 13 92856.500550 13 91332.292964
1475446435 13 92324.523060 13 90837.205222
1475446738 13 91936.574730 13 90458.993979
1475447041 13 91600.567740 13 90154.261197
1475447344 13 91238.699970 13 89818.023160
1475447647 13 90742.876290 13 89356.910752
1475447950 13 90308.737530 13 88933.083582
1475448253 13 89799.031080 13 88421.607487
1475448556 13 89239.837500 13 87885.976589
1475448859 13 88798.299480 13 87430.901579
1475449162 13 88286.175450 13 86914.352720
1475449465 13 88067.787390 13 86754.374567
1475449768 13 87996.761820 13 86665.506205
1475450071 13 87646.322610 13 86329.286363
1475450374 13 87213.136230 13 85915.243328
1475450677 13 86833.356390 13 85545.765781
1475450980 13 86444.089380 13 85146.525035
1475451283 13 86079.657510 13 84781.145220
1475451586 13 85693.320900 13 84396.548168
1475451889 13 85208.339700 13 83942.606797
1475452193 13 84882.479220 13 83655.565009
1475452496 13 84525.007050 13 83289.059357
1475452799 13 84170.135610 13 82960.845188
1475453102 13 83828.377710 13 82618.923361
1475453405 13 82436.291190 13 81271.529734
1475453708 13 83045.631240 13 81886.109666
1475454011 13 82634.642640 13 81483.143004
1475454314 13 82223.654040 13 81070.717218
1475454617 13 81827.940150 13 80666.739119
1475454920 13 81444.900240 13 80314.539149
1475455223 13 81084.351150 13 79982.942265
1475455526 13 80671.933980 13 79533.005032
1475455829 13 80323.069860 13 79199.055068
1475456132 13 80052.557310 13 78951.453994
1475456435 13 79745.158350 13 78645.657774
1475456738 13 79412.667840 13 78338.746117
1475457041 13 79081.276230 13 78035.344574
1475457344 13 78766.478010 13 77695.391012
1475457647 13 78379.189020 13 77344.730297
1475457950 13 77995.856070 13 76935.567621
1475458253 13 77723.914950 13 76700.761576
1475458556 13 77413.658850 13 76414.598614
1475458859 13 77103.769050 13 76101.064530
1475459163 13 76688.897670 13 75696.816021
1475459466 13 76316.077530 13 75330.549583
1475459769 13 76031.279280 13 75017.915133
1475460072 13 75761.572590 13 74753.257488
1475460375 13 75493.294470 13 74513.227870
1475460678 13 75245.602410 13 74266.711028
1475460981 13 74949.412230 13 73966.887205
1475461284 13 74633.698260 13 73694.715312
1475461587 13 74343.222360 13 73411.914261
1475461890 13 73150.183260 13 72244.958859
1475462193 13 73688.168070 13 72780.191944
1475462496 13 73390.109760 13 72484.247462
1475462799 13 73039.414140 13 72486.688934
1475463102 13 72699.524370 13 71813.250831
1475463405 13 72300.843450 13 71428.281964
1475463708 13 72010.037880 13 71142.139801
1475464011 13 71780.587560 13 70927.892646
1475464314 13 71490.331440 13 70625.965355
1475464617 13 71209.745640 13 70354.862092
1475464920 13 70909.636050 13 70065.324215
1475465223 13 70573.592430 13 69723.108577
1475465526 13 70235.094600 13 69435.042347
1475465829 13 69948.831150 13 69162.652047
1475466436 13 69448.318830 13 68664.316794
1475466739 13 69174.839250 13 68393.704946
1475467042 13 68926.744260 13 68138.563620
