223
1474969603 13 167510.376690 11 141829.621000
1474969906 13 114206.564550 13 115790.852000
1474970209 13 142618.150420 13 144217.494000
1474970512 13 159870.151890 13 161656.323000
1474970815 13 161118.241520 13 162625.916000
1474971118 13 159468.860740 13 161527.765000
1474971421 13 157978.720290 13 160280.429000
1474971724 13 156660.478000 13 158284.110000
1474972027 13 155437.393620 13 156950.986000
1474972330 13 151737.444380 13 153438.477000
1474972633 13 152774.179290 13 154435.639000
1474972936 13 151486.667590 13 153210.120000
1474973239 13 150127.796080 13 152116.117000
1474973542 13 148773.408270 13 150841.160000
1474973845 13 147524.594350 13 149700.573000
1474974148 13 146478.547140 13 148891.936000
1474974452 13 144997.236130 13 147488.321000
1474974755 13 143515.476750 13 145694.978000
1474975058 13 142127.564660 13 144314.328000
1474975361 13 140798.733940 13 143094.709000
1474975664 13 139316.319250 13 141635.608000
1474975967 13 138315.315980 13 140755.441000
1474976270 13 136701.356430 13 146200.970000
1474976573 13 138116.377660 13 142311.179000
1474976876 13 137666.317650 13 140150.924000
1474977179 13 136704.460530 13 139203.199000
1474977482 13 135701.767250 13 138319.257000
1474977785 13 134799.232930 13 137433.787000
1474978088 13 133837.375810 13 136575.190000
1474978391 13 132825.232270 13 135113.188000
1474978694 13 131850.268950 13 134122.331000
1474978997 13 130974.878260 13 133458.241000
1474979300 13 130085.864020 13 132568.892000
1474979603 13 129151.495430 13 131780.521000
1474979906 13 128252.651540 13 130886.957000
1474980209 13 127376.122680 13 130135.023000
1474980512 13 126485.487410 13 129165.658000
1474980815 13 125632.998080 13 128425.017000
1474981118 13 124637.306270 13 127412.214000
1474981421 13 123722.010650 13 126534.249000
1474981725 13 123051.525050 13 125802.006000
1474982028 13 122232.870410 13 125115.110000
1474982331 13 121346.546390 13 124337.710000
1474982634 13 120461.015640 13 123484.543000
1474982937 13 119653.949640 13 122655.234000
1474983240 13 118686.988000 13 121372.155000
1474983543 13 117676.155080 13 120430.315000
1474983846 13 116980.526270 13 119759.285000
1474984149 13 116127.243670 13 119123.288000
1474984452 13 115222.467500 13 118295.751000
1474984755 13 114782.582040 13 117852.065000
1474985058 13 114014.041370 13 117034.154000
1474985361 13 112934.124980 13 116098.938000
1474985664 13 112115.953200 13 115291.674000
1474985967 13 111692.174570 13 114625.882000
1474986270 13 113360.835260 13 116454.747000
1474986573 13 112716.596550 13 115781.897000
1474986876 13 112125.368970 13 115120.873000
1474987179 13 111443.501670 13 114573.774000
1474987482 13 110808.299340 13 113872.272000
1474987785 13 110183.237070 13 113110.759000
1474988088 13 109563.451770 13 112536.802000
1474988391 13 109033.443940 13 111926.710000
1474988694 13 108429.248120 13 111238.279000
1474988998 13 107837.572170 13 110658.968000
1474989301 13 107253.863410 13 110186.430000
1474989604 13 106688.227410 13 109672.499000
1474989907 13 106071.753150 13 109039.565000
1474990210 13 105513.049640 13 108484.456000
1474990513 13 104891.746780 13 107845.285000
1474990816 13 104297.380610 13 107306.038000
1474991119 13 103772.787710 13 106881.080000
1474991422 13 103236.019840 13 106218.520000
1474991725 13 102752.814940 13 105961.203000
1474992028 13 102137.892730 12 96894.654000
1474992331 13 100252.117490 3 21903.656000
1474992634 14 108973.500320 3 24011.427000
1474992948 13 100618.746190 13 103700.061000
1474993251 13 100008.721560 13 103202.840000
1474993554 13 99331.268980 13 102499.457000
1474993857 13 98799.881550 13 101871.352000
1474994160 13 98186.614860 13 101246.077000
1474994463 13 97875.342610 13 100968.430000
1474994766 13 97482.363550 13 100584.765000
1474995069 13 96989.777370 13 100115.021000
1474995372 13 96547.650060 13 99749.116000
1474995675 13 96106.902350 13 99309.821000
1474995978 13 95618.765380 13 98786.777000
1474996281 13 95235.443520 13 98422.031000
1474996584 13 94728.923380 13 97888.675000
1474996887 13 94318.768300 13 97498.525000
1474997190 13 93844.254880 13 97035.000000
1474997493 13 93365.016330 13 96521.710000
1474997796 13 92882.328780 13 96061.723000
1474998099 13 92347.354390 13 95442.674000
1474998402 13 91885.395330 13 95058.460000
1474998705 13 91300.789830 13 94524.836000
1474999008 13 90840.037920 13 94048.739000
1474999311 13 90329.172040 12 86313.001000
1474999614 14 96823.466590 5 35763.860000
1474999919 13 89300.093910 13 98316.782000
1475000222 13 88741.493870 13 91971.312000
1475000525 13 88205.036410 13 91451.095000
1475000828 13 87746.974720 13 90978.241000
1475001132 13 87554.382560 13 90785.874000
1475001435 13 87279.566240 13 90532.892000
1475001738 13 86881.241230 13 90157.011000
1475002041 13 86425.731800 13 89757.537000
1475002344 13 86004.988290 13 89293.127000
1475002647 13 85597.523430 13 88838.047000
1475002950 13 85087.312860 13 88295.007000
1475003253 13 83715.369640 13 86928.510000
1475003556 13 84870.025860 13 88086.219000
1475003859 13 84473.390860 13 87685.428000
1475004162 13 84066.960700 13 87390.748000
1475004465 13 83668.187320 13 86958.680000
1475004768 13 83221.886720 13 86537.875000
1475005071 13 82769.170980 13 86082.736000
1475005374 13 82450.310930 13 85717.431000
1475005677 13 82143.798300 13 85407.564000
1475005980 13 81733.401790 13 84967.943000
1475006283 13 81281.306870 13 84489.058000
1475006586 13 80802.240770 13 84053.375000
1475006889 13 80418.849930 13 83683.284000
1475007192 13 80150.379770 13 83437.478000
1475007495 13 79547.184160 13 82716.107000
1475007798 13 79051.769800 13 82269.808000
1475008102 13 78502.137160 13 81720.497000
1475008405 13 78225.596340 13 81501.051000
1475008708 13 76336.992920 13 79689.445000
1475009011 13 76127.017800 13 79364.204000
1475009314 13 77175.858700 13 80416.555000
1475009617 13 77594.049950 13 80881.543000
1475009920 13 77261.152470 13 80458.469000
1475010223 13 76837.304860 13 80084.187000
1475010526 13 76466.330420 13 79669.777000
1475010829 13 76089.872070 13 79264.775000
1475011132 13 75524.408520 13 78679.984000
1475011435 13 75339.059260 13 78505.887000
1475011738 13 75102.043980 13 78290.165000
1475012041 13 74707.547360 13 77736.759000
1475012344 13 74320.673030 13 77341.759000
1475012647 13 73969.599320 13 77012.449000
1475012950 13 73635.253260 13 76644.898000
1475013253 13 73322.084060 13 76333.621000
1475013556 13 73005.120960 13 75997.671000
1475013859 13 72611.659040 13 75585.672000
1475014162 13 72232.682920 13 75193.806000
1475014465 13 72123.660030 13 75082.260000
1475014768 13 71775.517970 13 74727.016000
1475015071 13 71439.171490 13 74461.143000
1475015375 13 71071.197680 13 74020.031000
1475015678 13 70648.764160 13 73637.579000
1475015981 13 70267.408230 13 73223.338000
1475016284 13 69584.471740 13 72536.906000
1475016587 13 69511.249470 13 72445.811000
1475016890 13 69921.025160 13 72858.915000
1475017193 13 69466.826350 13 72423.693000
1475017496 13 69207.013180 13 72136.107000
1475017799 13 69035.942780 13 71944.020000
1475018102 13 68760.574620 13 71674.074000
1475018405 13 68335.795780 13 71268.164000
1475018708 13 68054.012480 13 70932.740000
1475019011 13 67873.974680 13 70796.171000
1475019314 13 67584.672560 13 70498.936000
1475019617 13 67310.235630 13 70270.053000
1475019920 13 67047.318360 13 69984.470000
1475020223 13 66781.090050 13 69770.728000
1475020526 13 66420.428120 13 69359.247000
1475020829 13 66072.286060 13 69023.970000
1475021132 13 65826.613790 13 68801.115000
1475021435 13 65634.573470 13 68543.003000
1475021738 13 65402.076380 13 68253.229000
1475022041 13 65124.052490 13 68013.490000
1475022345 13 64895.452770 13 67810.523000
1475022648 13 64678.545160 13 67528.475000
1475022951 13 64369.652720 13 67234.759000
1475023254 13 64074.004440 13 66923.528000
1475023557 13 63841.507350 13 66690.244000
1475023860 13 63498.124910 13 66315.665000
1475024163 13 63290.495110 13 66098.444000
1475024466 13 63106.870350 13 65973.551000
1475024769 13 62897.757480 13 65727.909000
1475025072 13 62297.355560 13 65081.076000
1475025375 13 61635.216540 13 64443.578000
1475025678 13 61587.861770 13 64379.014000
1475025981 13 61480.046030 13 64258.374000
1475026284 13 60287.105910 13 63056.251000
1475026587 13 61315.045870 13 64097.645000
1475026890 13 61412.790530 13 64267.134000
1475027193 13 61180.707320 13 64030.451000
1475027496 13 60920.204350 13 63786.396000
1475027799 13 60709.401470 13 63518.832000
1475028102 13 60476.387030 13 63282.963000
1475028405 13 60268.964170 13 63106.362000
1475028708 13 60022.602100 13 62843.014000
1475029011 13 59772.549600 13 62563.409000
1475029315 13 59567.230630 13 62332.965000
1475029618 13 59346.218710 13 62102.187000
1475029921 13 59080.024890 13 61827.321000
1475030224 13 58860.806450 13 61588.944000
1475030527 13 58613.720090 13 61326.480000
1475030830 13 58365.702500 13 61126.645000
1475031133 13 58122.513510 13 60844.234000
1475031436 13 57909.675720 13 60667.523000
1475031739 13 57734.949380 13 60475.235000
1475032042 13 57534.390030 13 60226.347000
1475032345 13 57328.484730 13 60003.018000
1475032648 13 57118.164710 13 59759.470000
1475032951 13 56925.676020 13 59620.256000
1475033254 13 56733.946110 13 59395.179000
1475033557 13 56507.346810 13 59154.827000
1475033860 13 56277.091570 13 58909.230000
1475034163 13 56089.914340 13 58767.730000
1475034466 13 55895.080330 13 58569.760000
1475034769 13 55667.549800 13 58288.315000
1475035072 13 55449.228100 13 58079.363000
1475035375 13 55218.179590 13 57835.118000
1475035678 13 54954.503540 13 57581.162000
1475035981 13 54676.376180 13 57157.497000
1475036284 13 54379.762180 13 57031.933000
1475036588 13 43329.235160 13 45458.005000
1475036891 13 42492.749190 13 44537.116000
