239 2208
1472503249 13 148923.198340 13 142653.735000
1472503552 13 148001.177170 13 141807.587000
1472503855 13 146813.858920 13 140717.351000
1472504158 13 145871.592120 13 139851.545000
1472504461 13 144695.793530 13 138770.540000
1472504764 13 143729.590670 13 137881.580000
1472505067 13 142649.639790 13 136887.447000
1472505371 13 141880.581770 13 136179.132000
1472505674 13 141147.151920 13 135503.217000
1472505977 13 140015.914410 13 134459.949000
1472506280 13 138274.238390 13 132849.894000
1472506583 13 139262.549340 13 133765.258000
1472506886 13 138542.018750 13 133100.420000
1472507189 13 137712.810170 13 132334.795000
1472507492 13 136863.838820 13 131550.545000
1472507795 13 136089.848730 13 130835.165000
1472508098 13 135243.084740 13 130052.285000
1472508401 13 134320.925610 13 129199.184000
1472508704 13 133649.922660 13 128578.078000
1472509007 13 132915.147700 13 127897.718000
1472509310 13 132141.571490 13 127181.137000
1472509613 13 131217.584390 13 126324.816000
1472509916 13 130333.916100 13 125505.314000
1472510219 13 129873.543580 13 125078.234000
1472510522 13 129184.433380 13 124438.768000
1472510825 13 128272.828190 13 123592.464000
1472511128 13 127193.084250 13 122589.411000
1472511432 13 126941.100310 13 122355.283000
1472511735 13 126457.791940 13 121906.029000
1472512038 13 125638.999340 13 121144.615000
1472512341 13 122684.413490 13 118392.012000
1472512644 13 123977.029710 13 119598.136000
1472512947 13 123108.640490 13 118789.418000
1472513250 13 122279.776810 13 118017.255000
1472513553 13 121813.299560 13 117582.401000
1472513856 13 121142.434570 13 116956.849000
1472514159 13 119941.561750 13 115836.633000
1472514462 13 119674.988540 13 115587.641000
1472514765 13 120905.177860 13 116735.698000
1472515068 13 120251.178480 13 116125.565000
1472515371 13 119807.671570 13 115711.733000
1472515674 13 119003.951100 13 114961.449000
1472515977 13 118345.812920 13 114346.898000
1472516280 13 117789.109830 13 113826.760000
1472516583 13 116918.306310 13 113012.906000
1472516886 13 116271.170440 13 112407.821000
1472517189 13 116208.329660 13 112349.105000
1472517492 13 115639.968950 13 111817.483000
1472517795 13 114835.662150 13 111064.790000
1472518099 13 113994.864930 13 110277.689000
1472518402 13 113685.765550 13 109988.211000
1472518705 13 113379.218430 13 109701.041000
1472519008 13 112852.245720 13 109207.352000
1472519311 14 120799.155600 14 116920.012000
1472519619 13 111525.484400 13 107963.610000
1472519922 13 110201.654730 13 106721.732000
1472520225 13 109635.432400 13 106190.224000
1472520528 13 109583.042090 13 106141.070000
1472520831 13 108799.222350 13 105405.043000
1472521134 13 108019.058550 13 104672.048000
1472521437 13 107150.634840 13 103855.912000
1472521740 13 106328.013850 13 103081.935000
1472522043 13 107155.325480 13 103858.470000
1472522346 13 108288.632390 13 104925.435000
1472522649 13 107814.739790 13 104480.177000
1472522952 13 107376.164950 13 104067.935000
1472523256 13 106930.002310 13 103648.512000
1472523559 13 106474.320430 13 103219.968000
1472523862 13 105935.034790 13 102712.694000
1472524165 13 105558.197050 13 102358.137000
1472524468 13 105146.420940 13 101970.548000
1472524771 13 104690.256200 13 101541.148000
1472525074 13 104231.435730 13 101109.170000
1472525377 13 103759.784980 13 100664.891000
1472525680 13 103330.177540 13 100260.174000
1472525983 13 102896.431300 13 99851.449000
1472526286 13 102414.088650 13 99396.771000
1472526589 13 102003.450710 13 99009.635000
1472526892 13 101568.359360 13 98599.285000
1472527195 13 101127.542670 13 98183.513000
1472527498 13 100749.394310 13 97826.698000
1472527801 13 100329.133660 13 97430.092000
1472528104 13 99901.906030 13 97026.796000
1472528407 13 99426.633830 13 96578.073000
1472528710 13 98998.474970 13 96173.661000
1472529013 13 98514.821700 13 95716.798000
1472529316 13 98246.523990 13 95463.249000
1472529619 13 97978.709140 13 95210.164000
1472529922 13 97191.061010 13 94465.525000
1472530225 13 94259.928360 13 91691.334000
1472530528 13 93437.445330 13 90911.427000
1472530831 13 93966.728870 13 91413.927000
1472531134 13 93640.832860 13 91105.211000
1472531437 13 93319.558510 13 90800.844000
1472531740 13 92998.456610 13 90496.472000
1472532043 13 92679.044720 13 90193.691000
1472532347 13 92374.601490 13 89905.091000
1472532650 13 92023.907170 13 89572.556000
1472532953 13 91718.843120 13 89283.160000
1472533256 13 91355.835870 13 88938.846000
1472533559 13 91013.695070 13 88614.204000
1472533862 13 90663.276670 13 88281.680000
1472534165 13 90314.134400 13 87950.212000
1472534468 13 90082.396090 13 87730.192000
1472534771 13 89754.154760 13 87418.593000
1472535074 13 89525.348100 13 87201.301000
1472535377 13 89282.607480 13 86970.772000
1472535680 13 88976.577710 13 86680.006000
1472535983 13 88679.135950 13 86397.412000
1472536286 13 88393.041400 13 86125.553000
1472536589 13 88082.872830 13 85830.785000
1472536892 13 87823.266600 13 85584.028000
1472537195 13 87504.820430 13 85281.265000
1472537498 13 87241.420300 13 85030.760000
1472537801 13 86919.456150 13 84724.592000
1472538105 13 86685.751910 13 84502.284000
1472538407 13 86462.394670 13 84289.880000
1472538711 13 85137.771730 13 83028.335000
1472539014 13 85879.168770 13 83734.873000
1472539317 13 85594.074430 13 83463.507000
1472539620 13 85312.394600 13 83195.358000
1472539923 13 85077.034840 13 82971.310000
1472540226 13 84786.801490 13 82695.001000
1472540529 13 84514.882330 13 82435.980000
1472540832 13 84249.412800 13 82183.065000
1472541135 13 83967.388070 13 81914.438000
1472541438 13 83725.544190 13 81683.980000
1472541741 13 83432.724090 13 81404.994000
1472542044 13 83140.835220 13 81126.725000
1472542347 13 82875.434670 13 80873.768000
1472542650 13 82605.481440 13 80616.406000
1472542953 13 82347.013380 13 80369.895000
1472543256 13 82093.166980 13 80127.845000
1472543559 13 81829.387460 13 79876.215000
1472543862 13 81492.282200 13 79554.613000
1472544165 13 81179.181980 13 79255.912000
1472544468 13 80837.730980 13 78930.014000
1472544771 13 80594.610970 13 78697.958000
1472545074 13 80356.043640 13 78470.250000
1472545377 13 80128.926990 13 78253.366000
1472545681 13 79899.706450 13 78034.516000
1472545984 13 79692.421550 13 77836.533000
1472546287 13 79462.925090 13 77617.333000
1472546590 13 79226.047770 13 77391.055000
1472546893 13 78984.859200 13 77160.660000
1472547196 13 78756.224990 13 76942.125000
1472547499 13 78524.072800 13 76720.394000
1472547802 13 78259.913890 13 76467.870000
1472548105 13 78043.316690 13 76260.816000
1472548408 13 76811.195930 13 75081.934000
1472548711 13 77465.126330 13 75708.057000
1472549014 13 77186.964480 13 75441.932000
1472549317 13 77080.252420 13 75339.928000
1472549620 13 76827.475210 13 75098.091000
1472549923 13 76539.552690 13 74822.660000
1472550832 13 75816.228410 13 74130.454000
1472551135 13 75516.165410 13 73843.238000
1472551438 13 75240.935210 13 73579.665000
1472551741 13 74902.726270 13 73255.901000
1472552044 13 74650.811310 13 73014.539000
1472552347 13 74409.657230 13 72783.587000
1472552650 13 74096.074150 13 72483.157000
1472552954 13 73760.658900 13 72161.789000
1472553257 13 73501.914920 13 71913.816000
1472553560 13 73118.524080 13 71546.339000
1472553863 13 72760.138490 13 71202.701000
1472554166 13 72349.810960 13 70809.287000
1472554469 13 71900.302790 13 70378.090000
1472554772 13 71971.179740 13 70446.071000
1472555075 13 72500.601240 13 70953.899000
1472555378 13 72344.913380 13 70804.637000
1472555681 13 72115.899780 13 70584.960000
1472555984 13 71904.717510 13 70382.312000
1472556287 13 70454.619950 13 68990.540000
1472556590 13 69778.064110 13 68341.052000
1472556893 13 69513.215400 13 68086.627000
1472557196 13 69276.407060 13 67859.198000
1472557499 13 69185.077540 13 67771.395000
1472557802 13 68992.209460 13 67586.121000
1472558105 13 68719.634990 13 67324.164000
1472558408 13 68192.075950 13 66816.925000
1472559023 13 68270.644170 13 66892.642000
1472559326 13 68264.573930 13 66886.786000
1472559629 13 68061.531300 13 66691.602000
1472559932 13 67896.772570 13 66533.167000
1472560235 13 67733.703850 13 66376.417000
1472560538 13 67554.631770 13 66204.146000
1472560841 13 67352.416900 13 66009.727000
1472561144 13 67162.342510 13 65826.907000
1472561448 13 66996.031730 13 65666.915000
1472561751 13 66800.025060 13 65478.434000
1472562054 13 66610.054140 13 65295.616000
1472562357 13 66405.873340 13 65099.070000
1472562660 13 66178.860160 13 64880.636000
1472562963 13 65966.332780 13 64676.137000
1472563266 13 65793.744820 13 64509.975000
1472563569 13 65569.490840 13 64294.152000
1472563872 13 65363.930440 13 64096.285000
1472564175 13 65185.789590 13 63924.736000
1472564478 13 65087.803500 13 63830.323000
1472564781 13 64987.058210 13 63733.275000
1472565084 13 64850.339850 13 63601.640000
1472565387 13 64681.097420 13 63438.602000
1472565690 13 64469.811680 13 63235.093000
1472565993 13 64322.918770 13 63093.612000
1472566296 13 64151.296530 13 62928.288000
1472566599 13 63946.115520 13 62730.518000
1472566902 13 63815.432910 13 62604.556000
1472567205 13 63688.026850 13 62481.821000
1472567509 13 63460.185910 13 62262.247000
1472567812 13 63321.087740 13 62128.132000
1472568115 13 63164.813550 13 61977.466000
1472568418 13 63035.682990 13 61852.944000
1472568721 13 62831.985050 13 61656.586000
1472569024 13 62689.851760 13 61519.535000
1472569327 13 62175.778310 13 61023.376000
1472569933 13 62149.221010 13 60998.058000
1472570236 13 62020.883720 13 60874.409000
1472570539 13 61868.368940 13 60727.169000
1472570842 13 61710.301270 13 60574.673000
1472571145 13 61539.368830 13 60409.715000
1472571448 13 61375.403370 13 60251.529000
1472571751 13 61218.956730 13 60100.596000
1472572054 13 61064.096630 13 59951.068000
1472572357 13 60893.026230 13 59786.003000
1472572660 13 60726.887900 13 59625.620000
1472572963 13 60294.279830 13 59207.912000
1472573266 13 60078.786310 13 58999.827000
1472573872 13 59335.492320 13 58281.870000
1472574175 13 59244.645660 13 58194.108000
1472574479 13 59082.266740 13 58037.209000
1472574782 13 58914.714320 13 57875.312000
1472575085 13 58768.994070 13 57734.469000
1472575388 13 58608.339650 13 57579.216000
