134 2208
1475425525 13 131551.736580 13 128421.467000
1475425828 13 131136.169230 13 127624.001000
1475426131 13 130115.291130 13 126779.969000
1475426434 13 129292.434810 13 125831.742000
1475426737 13 128403.937530 13 125021.125000
1475427040 13 127993.241970 13 124881.363000
1475427343 13 127072.290510 13 123972.245000
1475427646 13 126051.412410 13 122979.398000
1475427949 13 124855.589430 13 121910.601000
1475428252 13 124066.542600 13 121024.717000
1475428555 13 123000.902640 13 119905.689000
1475428858 13 122170.976730 13 119183.064000
1475429161 13 120276.033570 13 116820.074000
1475429464 13 123638.997240 13 121733.591000
1475429767 13 124116.212880 13 120990.306000
1475430070 13 123395.114700 13 120326.139000
1475430373 13 122608.998270 13 119591.885000
1475430676 13 121820.684040 13 118782.931000
1475430979 13 120854.348010 13 117965.594000
1475431283 13 120347.938260 13 117485.933000
1475431586 13 119686.290570 13 116824.887000
1475431889 13 118948.818780 13 116281.976000
1475432192 13 118244.240730 13 115500.056000
1475432495 13 117173.289420 13 114432.723000
1475432798 13 116311.934970 13 113658.163000
1475433101 13 115908.235740 13 113202.864000
1475433404 13 115350.470730 13 112722.315000
1475433707 13 114677.064810 13 112118.433000
1475434010 13 112691.828700 13 110448.143000
1475434313 13 113806.699380 13 111320.784000
1475434616 13 113186.150550 13 110791.043000
1475434919 13 112532.488200 13 110126.854000
1475435222 13 111919.997970 13 109691.224000
1475435525 13 111339.119430 13 109099.451000
1475435828 13 110709.486360 13 108504.051000
1475436131 13 110120.988780 13 107920.673000
1475436434 13 109528.938090 13 107439.695000
1475436737 13 108987.290280 13 106920.071000
1475437040 13 108385.935570 13 106389.968000
1475437343 13 107774.690760 13 105771.157000
1475437646 13 107146.046700 13 105256.224000
1475437950 13 106563.446550 13 104600.049000
1475438253 13 105949.894050 13 104025.569000
1475438556 13 105112.092690 13 102669.305000
1475438859 13 103857.808230 13 102798.998000
1475439162 13 104412.642840 13 102524.110000
1475439465 13 103870.995030 13 102028.695000
1475439768 13 103308.980940 13 101486.175000
1475440071 13 102787.992450 13 100966.093000
1475440374 13 102276.820800 13 100514.313000
1475440677 13 101779.275510 13 100094.522000
1475440980 13 101279.202750 13 99574.006000
1475441283 13 100769.056740 13 99060.179000
1475441586 13 100064.112390 13 98382.621000
1475441889 13 99385.175340 13 97705.978000
1475442192 13 98671.915980 13 97155.451000
1475442495 13 98021.696850 13 96624.575000
1475442798 13 97421.550930 13 95932.386000
1475443101 13 96735.507660 13 95372.529000
1475443404 13 96211.332360 13 94843.977000
1475443707 13 95874.959070 13 94587.666000
1475444010 13 95515.508880 13 94208.014000
1475444313 13 95037.524010 13 93774.402000
1475444616 13 94518.110610 13 93204.145000
1475444919 13 94084.777710 13 92891.449000
1475445223 13 93627.195750 13 92336.571000
1475445526 13 91824.267150 13 90346.771000
1475445829 13 92715.731460 13 91894.692000
1475446132 13 92856.500550 13 91581.713000
1475446435 13 92324.523060 13 91183.186000
1475446738 13 91936.574730 13 90744.303000
1475447041 13 91600.567740 13 90431.233000
1475447344 13 91238.699970 13 90098.936000
1475447647 13 90742.876290 13 89563.064000
1475447950 13 90308.737530 13 89203.797000
1475448253 13 89799.031080 13 88727.247000
1475448556 13 89239.837500 13 88097.573000
1475448859 13 88798.299480 13 87673.290000
1475449162 13 88286.175450 13 87190.869000
1475449465 13 88067.787390 13 87083.668000
1475449768 13 87996.761820 13 86959.487000
1475450071 13 87646.322610 13 86647.994000
1475450374 13 87213.136230 13 86318.302000
1475450677 13 86833.356390 13 85910.327000
1475450980 13 86444.089380 13 85521.368000
1475451283 13 86079.657510 13 85231.943000
1475451586 13 85693.320900 13 84799.325000
1475451889 13 85208.339700 13 84414.193000
1475452193 13 84882.479220 13 84101.543000
1475452496 13 84525.007050 13 83700.923000
1475452799 13 84170.135610 13 83386.783000
1475453102 13 83828.377710 13 83037.048000
1475453405 13 82436.291190 13 81708.976000
1475453708 13 83045.631240 13 82274.356000
1475454011 13 82634.642640 13 81873.089000
1475454314 13 82223.654040 13 81481.944000
1475454617 13 81827.940150 13 81191.634000
1475454920 13 81444.900240 13 80791.695000
1475455223 13 81084.351150 13 80406.847000
1475455526 13 80671.933980 13 80050.492000
1475455829 13 80323.069860 13 79637.673000
1475456132 13 80052.557310 13 79421.070000
1475456435 13 79745.158350 13 79072.325000
1475456738 13 79412.667840 13 78601.765000
1475457041 13 79081.276230 13 78252.460000
1475457344 13 78766.478010 13 77956.238000
1475457647 13 78379.189020 13 77601.670000
1475457950 13 77995.856070 13 77305.468000
1475458253 13 77723.914950 13 77027.041000
1475458556 13 77413.658850 13 76790.249000
1475458859 13 77103.769050 13 76418.894000
1475459163 13 76688.897670 13 76016.799000
1475459466 13 76316.077530 13 75641.270000
1475459769 13 76031.279280 13 75459.289000
1475460072 13 75761.572590 13 75125.677000
1475460375 13 75493.294470 13 74878.661000
1475460678 13 75245.602410 13 74665.364000
1475460981 13 74949.412230 13 74396.560000
1475461284 13 74633.698260 13 74151.878000
1475461587 13 74343.222360 13 73878.950000
1475461890 13 73150.183260 13 72619.320000
1475462193 13 73688.168070 13 73289.839000
1475462496 13 73390.109760 13 72936.428000
1475462799 13 73039.414140 13 72585.540000
1475463102 13 72699.524370 13 72204.785000
1475463405 13 72300.843450 13 71842.481000
1475463708 13 72010.037880 13 71595.448000
1475464011 13 71780.587560 13 71301.251000
1475464314 13 71490.331440 13 71113.902000
1475464617 13 71209.745640 13 70746.655000
1475464920 13 70909.636050 13 70495.713000
1475465223 13 70573.592430 13 70160.808000
1475465526 13 70235.094600 13 69884.023000
1475465829 13 69948.831150 13 69510.010000
