247
1472502037 13 139844.981970 13 122214.300000
1472502340 13 99546.314130 13 101334.718000
1472502643 13 151450.384110 13 153361.462000
1472502946 13 150073.025960 13 152259.368000
1472503249 13 148923.198340 13 151302.180000
1472503552 13 148001.177170 13 150552.735000
1472503855 13 146813.858920 13 149325.013000
1472504158 13 145871.592120 13 148430.834000
1472504461 13 144695.793530 13 147437.006000
1472504764 13 143729.590670 13 146433.527000
1472505067 13 142649.639790 13 145453.735000
1472505371 13 141880.581770 13 144560.359000
1472505674 13 141147.151920 13 143892.191000
1472505977 13 140015.914410 13 142842.422000
1472506280 13 138274.238390 13 141138.477000
1472506583 13 139262.549340 13 142137.348000
1472506886 13 138542.018750 13 141410.125000
1472507189 13 137712.810170 13 140567.916000
1472507492 13 136863.838820 13 139889.623000
1472507795 13 136089.848730 13 139100.687000
1472508098 13 135243.084740 13 138238.898000
1472508401 13 134320.925610 13 137473.392000
1472508704 13 133649.922660 13 136707.748000
1472509007 13 132915.147700 13 135954.480000
1472509310 13 132141.571490 13 134950.194000
1472509613 13 131217.584390 13 134301.939000
1472509916 13 130333.916100 13 133399.185000
1472510219 13 129873.543580 13 132934.680000
1472510522 13 129184.433380 13 132327.173000
1472510825 13 128272.828190 13 131484.901000
1472511128 13 127193.084250 13 130438.303000
1472511432 13 126941.100310 13 130117.400000
1472511735 13 126457.791940 13 129611.592000
1472512038 13 125638.999340 13 128905.681000
1472512341 13 122684.413490 13 126018.439000
1472512644 13 123977.029710 13 127214.795000
1472512947 13 123108.640490 13 126426.955000
1472513250 13 122279.776810 13 125477.467000
1472513553 13 121813.299560 13 125042.782000
1472513856 13 121142.434570 13 124511.718000
1472514159 13 119941.561750 13 123253.703000
1472514462 13 119674.988540 13 122967.871000
1472514765 13 120905.177860 13 124179.535000
1472515068 13 120251.178480 13 123427.087000
1472515371 13 119807.671570 13 122968.217000
1472515674 13 119003.951100 13 122266.499000
1472515977 13 118345.812920 13 121561.920000
1472516280 13 117789.109830 13 121116.705000
1472516583 13 116918.306310 13 120187.855000
1472516886 13 116271.170440 13 119489.832000
1472517189 13 116208.329660 13 119563.542000
1472517492 13 115639.968950 1 9166.276000
1472517795 13 114835.662150 1 8872.101000
1472518099 13 113994.864930 1 8863.064000
1472518402 13 113685.765550 1 8858.677000
1472518705 13 113379.218430 1 8874.565000
1472519008 13 112852.245720 1 8859.818000
1472519311 14 120799.155600 8 70900.440000
1472519619 13 111525.484400 13 114771.142000
1472519922 13 110201.654730 13 113561.052000
1472520225 13 109635.432400 13 113104.610000
1472520528 13 109583.042090 13 112994.933000
1472520831 13 108799.222350 13 112023.826000
1472521134 13 108019.058550 13 111455.141000
1472521437 13 107150.634840 13 110544.043000
1472521740 13 106328.013850 13 109727.330000
1472522043 13 107155.325480 13 110447.674000
1472522346 13 108288.632390 13 111712.451000
1472522649 13 107814.739790 13 111168.414000
1472522952 13 107376.164950 13 110826.742000
1472523256 13 106930.002310 13 110317.627000
1472523559 13 106474.320430 13 109944.826000
1472523862 13 105935.034790 13 109317.135000
1472524165 13 105558.197050 13 108913.901000
1472524468 13 105146.420940 13 108583.214000
1472524771 13 104690.256200 13 108203.040000
1472525074 13 104231.435730 13 107747.602000
1472525377 13 103759.784980 13 107298.816000
1472525680 13 103330.177540 13 106884.213000
1472525983 13 102896.431300 13 106516.111000
1472526286 13 102414.088650 13 106121.756000
1472526589 13 102003.450710 13 105682.568000
1472526892 13 101568.359360 13 105257.505000
1472527195 13 101127.542670 13 104671.976000
1472527498 13 100749.394310 13 104446.088000
1472527801 13 100329.133660 13 104045.550000
1472528104 13 99901.906030 13 103522.787000
1472528407 13 99426.633830 13 103038.669000
1472528710 13 98998.474970 13 102584.524000
1472529013 13 98514.821700 13 102028.321000
1472529316 13 98246.523990 13 101750.138000
1472529619 13 97978.709140 13 101400.697000
1472529922 13 97191.061010 13 100651.519000
1472530225 13 94259.928360 13 97728.166000
1472530528 13 93437.445330 13 96863.525000
1472530831 13 93966.728870 13 97431.418000
1472531134 13 93640.832860 13 97113.947000
1472531437 13 93319.558510 13 96798.030000
1472531740 13 92998.456610 13 96498.323000
1472532043 13 92679.044720 13 96359.074000
1472532347 13 92374.601490 13 95976.456000
1472532650 13 92023.907170 13 95596.651000
1472532953 13 91718.843120 13 95359.935000
1472533256 13 91355.835870 13 95005.308000
1472533559 13 91013.695070 13 94613.539000
1472533862 13 90663.276670 13 94324.254000
1472534165 13 90314.134400 13 93890.983000
1472534468 13 90082.396090 13 93716.738000
1472534771 13 89754.154760 13 93340.368000
1472535074 13 89525.348100 13 93129.901000
1472535377 13 89282.607480 13 92877.732000
1472535680 13 88976.577710 13 92570.849000
1472535983 13 88679.135950 13 92281.703000
1472536286 13 88393.041400 13 92006.192000
1472536589 13 88082.872830 13 91736.887000
1472536892 13 87823.266600 13 91424.056000
1472537195 13 87504.820430 13 91149.452000
1472537498 13 87241.420300 13 90835.984000
1472537801 13 86919.456150 13 90495.419000
1472538105 13 86685.751910 13 90281.825000
1472538407 13 86462.394670 13 89997.627000
1472538711 13 85137.771730 13 88686.220000
1472539014 13 85879.168770 13 89567.194000
1472539317 13 85594.074430 13 89213.278000
1472539620 13 85312.394600 13 88971.882000
1472539923 13 85077.034840 13 88666.087000
1472540226 13 84786.801490 13 88462.831000
1472540529 13 84514.882330 13 88161.327000
1472540832 13 84249.412800 13 87826.446000
1472541135 13 83967.388070 13 87561.564000
1472541438 13 83725.544190 13 87355.031000
1472541741 13 83432.724090 13 87034.019000
1472542044 13 83140.835220 13 86765.992000
1472542347 13 82875.434670 13 86426.502000
1472542650 13 82605.481440 13 86187.813000
1472542953 13 82347.013380 13 85950.215000
1472543256 13 82093.166980 13 85651.002000
1472543559 13 81829.387460 13 85384.291000
1472543862 13 81492.282200 13 85121.394000
1472544165 13 81179.181980 13 84801.072000
1472544468 13 80837.730980 13 84401.282000
1472544771 13 80594.610970 13 84169.869000
1472545074 13 80356.043640 13 84021.578000
1472545377 13 80128.926990 13 83756.999000
1472545681 13 79899.706450 13 83506.517000
1472545984 13 79692.421550 13 83263.876000
1472546287 13 79462.925090 13 82942.077000
1472546590 13 79226.047770 13 82851.595000
1472546893 13 78984.859200 13 82623.253000
1472547196 13 78756.224990 13 82385.833000
1472547499 13 78524.072800 13 82074.024000
1472547802 13 78259.913890 13 81854.897000
1472548105 13 78043.316690 13 81654.531000
1472548408 13 76811.195930 13 80407.314000
1472548711 13 77465.126330 13 81001.749000
1472549014 13 77186.964480 13 80710.574000
1472549317 13 77080.252420 13 80600.302000
1472549620 13 76827.475210 13 80403.648000
1472549923 13 76539.552690 13 80056.956000
1472550226 13 57359.870630 13 60171.287000
1472550529 13 65062.418860 13 68622.485000
1472550832 13 75816.228410 13 79360.589000
1472551135 13 75516.165410 13 79012.416000
1472551438 13 75240.935210 13 78882.322000
1472551741 13 74902.726270 13 78339.725000
1472552044 13 74650.811310 13 78033.158000
1472552347 13 74409.657230 13 77832.737000
1472552650 13 74096.074150 13 77540.769000
1472552954 13 73760.658900 13 77131.590000
1472553257 13 73501.914920 13 76949.035000
1472553560 13 73118.524080 13 76565.612000
1472553863 13 72760.138490 13 76177.093000
1472554166 13 72349.810960 13 75743.633000
1472554469 13 71900.302790 13 75259.137000
1472554772 13 71971.179740 13 75355.871000
1472555075 13 72500.601240 13 75869.378000
1472555378 13 72344.913380 13 75739.475000
1472555681 13 72115.899780 13 75503.488000
1472555984 13 71904.717510 13 75283.576000
1472556287 13 70454.619950 13 73830.377000
1472556590 13 69778.064110 13 73148.795000
1472556893 13 69513.215400 13 72900.856000
1472557196 13 69276.407060 13 72602.901000
1472557499 13 69185.077540 13 72494.188000
1472557802 13 68992.209460 13 72274.981000
1472558105 13 68719.634990 13 72000.824000
1472558408 13 68192.075950 12 67225.862000
1472558711 14 72949.212670 6 33041.021000
1472559023 13 68270.644170 13 71574.344000
1472559326 13 68264.573930 13 71593.337000
1472559629 13 68061.531300 13 71421.801000
1472559932 13 67896.772570 13 71221.996000
1472560235 13 67733.703850 13 71068.664000
1472560538 13 67554.631770 13 70851.639000
1472560841 13 67352.416900 13 70693.207000
1472561144 13 67162.342510 13 70351.791000
1472561448 13 66996.031730 13 70262.120000
1472561751 13 66800.025060 13 70180.780000
1472562054 13 66610.054140 13 69957.999000
1472562357 13 66405.873340 13 69715.891000
1472562660 13 66178.860160 13 69541.971000
1472562963 13 65966.332780 13 69311.420000
1472563266 13 65793.744820 13 69111.413000
1472563569 13 65569.490840 13 68909.950000
1472563872 13 65363.930440 13 68630.130000
1472564175 13 65185.789590 13 68468.764000
1472564478 13 65087.803500 13 68370.304000
1472564781 13 64987.058210 13 68243.730000
1472565084 13 64850.339850 13 68157.921000
1472565387 13 64681.097420 13 67964.900000
1472565690 13 64469.811680 13 67750.577000
1472565993 13 64322.918770 13 67544.630000
1472566296 13 64151.296530 13 67442.089000
1472566599 13 63946.115520 13 67192.338000
1472566902 13 63815.432910 13 67161.583000
1472567205 13 63688.026850 13 66984.620000
1472567509 13 63460.185910 13 66728.072000
1472567812 13 63321.087740 13 66601.278000
1472568115 13 63164.813550 13 66383.030000
1472568418 13 63035.682990 13 66240.218000
1472568721 13 62831.985050 13 66055.267000
1472569024 13 62689.851760 13 65949.485000
1472569327 13 62175.778310 13 65735.384000
1472569630 13 62309.840940 13 65606.581000
1472569933 13 62149.221010 13 65387.188000
1472570236 13 62020.883720 13 65257.262000
1472570539 13 61868.368940 13 65096.751000
1472570842 13 61710.301270 13 65031.103000
1472571145 13 61539.368830 13 64819.207000
1472571448 13 61375.403370 13 64613.414000
1472571751 13 61218.956730 13 64543.643000
1472572054 13 61064.096630 13 64329.474000
1472572357 13 60893.026230 13 64200.935000
1472572660 13 60726.887900 13 64008.214000
1472572963 13 60294.279830 13 63516.293000
1472573266 13 60078.786310 13 63324.119000
1472573569 13 58317.899360 13 61535.111000
1472573872 13 59335.492320 13 62571.454000
1472574175 13 59244.645660 13 62417.941000
1472574479 13 59082.266740 13 62260.337000
1472574782 13 58914.714320 13 62050.105000
1472575085 13 58768.994070 13 61888.143000
1472575388 13 58608.339650 13 61813.014000
1472575691 13 42466.709240 13 44858.883000
1472575994 13 51802.324480 13 54583.485000
1472576297 13 58206.807070 13 61409.062000
1472576600 13 58106.751580 13 61228.213000
