112
1477333904 13 188861.606010 13 184278.750000
1477334207 13 187159.043610 13 182625.109000
1477334510 13 133524.665010 13 130375.734000
1477334813 13 152559.481140 13 148933.756000
1477335117 13 182993.736420 13 178579.415000
1477335420 13 181245.789450 13 176881.309000
1477335723 13 179678.538270 13 175358.783000
1477336026 13 178177.147830 13 173899.972000
1477336329 13 176637.149370 13 172403.663000
1477336632 13 174990.667500 13 170803.562000
1477336935 13 173762.903160 13 169610.392000
1477337238 13 172958.105430 13 168828.316000
1477337541 14 184856.371920 14 180448.330000
1477337851 13 167617.597950 13 163636.706000
1477338154 13 169517.815830 13 165484.284000
1477338457 13 168397.487280 13 164395.266000
1477338760 13 167173.825500 13 163205.726000
1477339064 13 165999.504330 13 162063.967000
1477339367 13 164877.344280 13 160972.960000
1477339670 13 163718.883900 13 159846.525000
1477339973 13 162579.544380 13 158738.685000
1477340276 13 161454.563820 13 157644.728000
1477340579 13 160367.788350 13 156587.880000
1477340882 13 159350.499990 13 155598.506000
1477341185 13 158304.164040 13 154580.782000
1477341488 13 157182.883110 13 153490.320000
1477341791 13 156136.327380 13 152472.206000
1477342094 13 155125.009710 13 151488.511000
1477342397 13 154208.637000 13 150597.115000
1477342700 13 151078.273830 13 147551.368000
1477343003 13 152135.195850 13 148579.873000
1477343306 13 151073.878230 13 147547.223000
1477343609 13 150127.432290 13 146626.396000
1477343912 13 149200.436880 13 145724.359000
1477344215 13 148227.360930 13 144777.476000
1477344518 13 147298.534020 13 143873.743000
1477344821 13 146353.223610 13 142953.605000
1477345124 13 145446.045030 13 142070.799000
1477345427 13 144539.599050 13 141188.588000
1477345730 13 143693.702460 13 140365.262000
1477346034 13 142860.260070 13 139554.062000
1477346337 13 141961.762800 13 138679.428000
1477346640 13 140930.152110 13 137675.179000
1477346943 13 140116.013730 13 136882.689000
1477347246 13 139184.036640 13 135975.343000
1477347549 13 138332.755440 13 135146.556000
1477347852 13 137492.353350 13 134328.399000
1477348155 13 136341.218970 13 133207.529000
1477348458 13 135745.615170 13 132627.596000
1477348761 13 135196.128540 13 132092.482000
1477349064 13 134421.550560 13 131338.385000
1477349367 13 133602.870060 13 130541.026000
1477349670 13 132788.731680 13 129748.225000
1477349973 13 131986.534680 13 128966.948000
1477350276 13 129647.013210 13 126688.282000
1477350579 13 131329.209330 13 128326.784000
1477350882 13 130598.917020 13 127615.607000
1477351185 13 129864.558780 13 126900.323000
1477351488 13 129098.698740 13 126154.289000
1477351791 13 128495.695680 13 125566.970000
1477352094 13 127738.114020 13 124828.964000
1477352397 13 127053.902250 13 124162.490000
1477352700 13 126352.913940 13 123479.630000
1477353004 13 125631.998910 13 122777.357000
1477353307 13 124951.633290 13 122114.450000
1477353610 13 124178.410620 13 121361.145000
1477353913 13 123554.894760 13 120753.634000
1477354216 13 122874.565770 13 120090.798000
1477354519 13 122185.445580 13 119419.384000
1477354822 13 121573.980990 13 118823.574000
1477355125 13 120925.410210 13 118191.585000
1477355428 13 120347.498700 13 117628.429000
1477355731 13 119721.455370 13 117018.312000
1477356034 13 119091.749040 13 116404.723000
1477356337 13 118485.192870 13 115813.532000
1477356640 13 117868.856490 13 115212.907000
1477356943 13 117256.146480 13 114615.809000
1477357246 13 116592.374250 13 113968.824000
1477357549 13 116166.477240 13 113553.663000
1477357852 13 114201.570780 13 111638.431000
1477358155 13 112304.100150 13 109788.752000
1477358458 13 111730.401090 13 109229.554000
1477358761 13 111234.723930 13 108746.238000
1477359064 13 109345.018860 13 106903.697000
1477359367 13 110324.688210 13 107859.003000
1477359670 13 109780.036740 13 107328.034000
1477359973 13 109276.447500 13 106837.001000
1477360277 13 108766.741050 13 106340.075000
1477360580 13 108274.323960 13 105859.948000
1477360883 13 107811.284130 13 105408.389000
1477361186 13 107312.237010 13 104921.840000
1477361489 13 106725.790710 13 104349.967000
1477361792 13 106136.267490 13 103775.113000
1477362095 13 105693.447420 13 103343.279000
1477362398 13 105188.722650 13 102851.101000
1477362701 13 104711.580270 13 102385.736000
1477363004 13 104171.910480 13 101859.446000
1477363307 13 103814.584830 13 101510.899000
1477363610 13 103412.900250 13 101119.208000
1477363913 13 102958.358580 13 100675.921000
1477364216 13 102566.783880 13 100293.953000
1477364519 13 102100.081050 13 99838.838000
1477364822 13 101667.663900 13 99416.951000
1477365125 13 101334.623940 13 99092.153000
1477365428 13 100930.814820 13 98698.271000
1477365731 13 100443.232890 13 98222.705000
1477366034 13 100007.995230 13 97798.162000
1477366337 13 99630.852750 13 97430.196000
1477366640 13 99183.453930 13 96993.747000
1477366944 13 98761.989150 13 96582.653000
1477367247 13 97067.302200 13 94929.273000
1477367550 8 50189.656770 8 49087.071000
