194 2208
1474970815 13 171115.140240 13 163610.827000
1474971118 13 169363.420380 13 162506.029000
1474971421 13 167780.821230 13 161251.140000
1474971724 13 166380.786000 13 159242.729000
1474972027 13 165081.812940 13 157901.532000
1474972330 13 161152.293060 13 154367.748000
1474972633 13 162253.354230 13 155370.948000
1474972936 13 160885.956330 13 154138.010000
1474973239 13 159442.770960 13 153037.381000
1474973542 13 158004.347490 13 151754.702000
1474973845 13 156678.048450 13 150607.208000
1474974148 13 155567.097180 13 149793.673000
1474974452 13 153993.875310 13 148381.557000
1474974755 13 152420.177250 13 146577.355000
1474977179 13 145186.558110 13 140046.258000
1474977482 13 144121.650750 13 139156.962000
1474978088 13 142141.579470 13 137402.331000
1474978391 13 141066.635490 13 135931.475000
1474978694 13 140031.178650 13 134934.620000
1474978997 13 139101.472620 13 134266.506000
1474979300 13 138157.297740 13 133371.770000
1474979603 13 137164.954410 13 132578.625000
1474979906 13 136210.339980 13 131679.650000
1474980209 13 135279.425160 13 130923.163000
1474980512 13 134333.528670 13 129947.927000
1474980815 13 133428.144960 13 129202.801000
1474981118 13 132370.673490 13 128183.861000
1474981421 13 131398.586550 13 127300.577000
1474981725 13 130686.499350 13 126563.904000
1474982028 13 129817.049670 13 125872.846000
1474982331 13 128875.731930 13 125090.737000
1474982634 13 127935.256680 13 124232.406000
1474982937 13 127078.114680 13 123398.072000
1474983240 13 126051.156000 13 122107.224000
1474983543 13 124977.603960 13 121159.678000
1474983846 13 124238.813490 13 120484.582000
1474984149 13 123332.587290 13 119844.736000
1474984452 13 122371.672500 13 119012.186000
1474984755 13 121904.493480 13 118565.816000
1474985058 13 121088.267190 13 117742.950000
1474986270 13 120394.531620 13 117160.032000
1474986573 13 119710.319850 13 116483.108000
1474986876 13 119082.408390 13 115818.081000
1474987179 13 118358.233290 13 115267.667000
1474987482 13 117683.618580 13 114561.918000
1474987785 13 117019.773090 13 113795.794000
1474988088 13 116361.531990 13 113218.361000
1474988391 13 115798.638780 13 112604.571000
1474988694 13 115156.954440 13 111911.972000
1474988998 13 114528.566790 13 111329.153000
1474989301 13 113908.640670 13 110853.753000
1474989604 13 113307.908670 13 110336.710000
1474989907 13 112653.184050 13 109699.944000
1474990210 13 112059.814680 13 109141.469000
1474990513 13 111399.961860 13 108498.430000
1474990816 13 110768.717070 13 107955.915000
1474991119 13 110211.574770 13 107528.384000
1474991422 13 109641.502080 13 106861.813000
1474991725 13 109128.315780 13 106602.937000
1474993251 13 106213.959720 13 103827.868000
1474993554 13 105494.473260 13 103120.227000
1474993857 13 104930.114850 13 102488.316000
1474994160 13 104278.796820 13 101859.257000
1474994463 13 103948.211070 13 101579.926000
1474994766 13 103530.848850 13 101193.936000
1474995069 13 103007.699190 13 100721.349000
1474995372 13 102538.139220 13 100353.226000
1474995675 13 102070.044450 13 99911.271000
1474995978 13 101551.620060 13 99385.059000
1474996281 13 101144.514240 13 99018.105000
1474996584 13 100606.566060 13 98481.520000
1474996887 13 100170.962100 13 98089.006000
1474997190 13 99667.006560 13 97622.675000
1474997493 13 99158.032710 13 97106.274000
1474997796 13 98645.395860 13 96643.503000
1474998099 13 98077.227930 13 96020.707000
1474998402 13 97586.605710 13 95634.162000
1474998705 13 96965.727210 13 95097.310000
1474999008 13 96476.387040 13 94618.329000
1474999919 13 94840.894170 13 98912.219000
1475000222 13 94247.634690 13 92528.319000
1475000525 13 93677.891670 13 92004.950000
1475000828 13 93191.408640 13 91529.232000
1475001132 13 92986.866720 13 91335.704000
1475001435 13 92694.998880 13 91081.185000
1475001738 13 92271.959010 13 90703.029000
1475002041 13 91788.186600 13 90301.137000
1475002344 13 91341.337230 13 89833.916000
1475002647 13 90908.590410 13 89376.077000
1475002950 13 90366.722820 13 88829.750000
1475003253 13 88909.654680 13 87454.975000
1475003556 13 90135.953820 13 88619.695000
1475003859 13 89714.708820 13 88216.478000
1475004162 13 89283.060900 13 87920.013000
1475004465 13 88859.544840 13 87485.330000
1475004768 13 88385.552640 13 87061.975000
1475005071 13 87904.747260 13 86604.079000
1475005374 13 87566.102910 13 86236.562000
1475005677 13 87240.572100 13 85924.821000
1475005980 13 86804.711730 13 85482.534000
1475006283 13 86324.565690 13 85000.751000
1475006586 13 85815.774990 13 84562.431000
1475006889 13 85408.595910 13 84190.099000
1475007192 13 85123.467990 13 83942.804000
1475007495 13 84482.845920 13 83217.064000
1475007798 13 83956.692600 13 82768.057000
1475008102 13 83372.956920 13 82215.421000
1475008405 13 83079.257580 13 81994.644000
1475009617 13 82408.525650 13 81371.386000
1475009920 13 82054.972890 13 80945.749000
1475010223 13 81604.826820 13 80569.203000
1475010526 13 81210.834540 13 80152.285000
1475010829 13 80811.018090 13 79744.828000
1475011132 13 80210.469240 13 79156.493000
1475011435 13 80013.619620 13 78981.345000
1475011738 13 79761.898260 13 78764.314000
1475012041 13 79342.924320 13 78207.559000
1475012344 13 78932.045610 13 77810.165000
1475012647 13 78559.188840 13 77478.861000
1475012950 13 78204.097620 13 77109.082000
1475013253 13 77871.497220 13 76795.922000
1475013556 13 77534.867520 13 76457.939000
1475013859 13 77116.992480 13 76043.443000
1475014162 13 76714.502040 13 75649.205000
1475014465 13 76598.714610 13 75536.983000
1475014768 13 76228.971390 13 75179.583000
1475015071 13 75871.755630 13 74912.102000
1475015375 13 75480.950160 13 74468.320000
1475015678 13 75032.305920 13 74083.550000
1475015981 13 74627.288010 13 73666.799000
1475016284 13 73901.977380 13 72976.211000
1475016587 13 73824.211890 13 72884.565000
1475016890 13 74259.412920 13 73300.172000
1475017193 13 73777.032450 13 72862.314000
1475017496 13 73501.098660 13 72572.986000
1475017799 13 73319.413860 13 72379.736000
1475018102 13 73026.959940 13 72108.154000
1475018405 13 72575.824860 13 71699.787000
1475018708 13 72276.557760 13 71362.331000
1475019011 13 72085.349160 13 71224.933000
1475019314 13 71778.096720 13 70925.900000
1475019617 13 71486.631810 13 70695.630000
1475019920 13 71207.401320 13 70408.319000
1475020223 13 70924.654350 13 70193.281000
1475020526 13 70541.614440 13 69779.308000
1475020829 13 70171.871220 13 69442.004000
1475021132 13 69910.955730 13 69217.797000
1475021435 13 69706.999890 13 68958.121000
1475021738 13 69460.077060 13 68666.590000
1475022041 13 69164.802630 13 68425.400000
1475022345 13 68922.018990 13 68221.206000
1475022648 13 68691.652920 13 67937.450000
1475022951 13 68363.594640 13 67641.952000
1475023254 13 68049.602280 13 67328.839000
1475023557 13 67802.679450 13 67094.142000
1475023860 13 67437.991170 13 66717.293000
1475024163 13 67217.478570 13 66498.755000
1475024466 13 67022.460450 13 66373.106000
1475024769 13 66800.372760 13 66125.979000
1475025072 13 66162.717720 13 65475.225000
1475025375 13 65459.494980 13 64833.870000
1475025678 13 65409.201990 13 64768.914000
1475025981 13 65294.696610 13 64647.543000
1475026890 13 65223.268110 13 64656.357000
1475027193 13 64976.784840 13 64418.240000
1475027496 13 64700.118450 13 64172.708000
1475027799 13 64476.235890 13 63903.520000
1475028102 13 64228.763610 13 63666.225000
1475028405 13 64008.470790 13 63488.553000
1475028708 13 63746.822700 13 63223.610000
1475029011 13 63481.255200 13 62942.309000
1475029315 13 63263.196810 13 62710.474000
1475029618 13 63028.471770 13 62478.296000
1475029921 13 62745.761430 13 62201.767000
1475030224 13 62512.941150 13 61961.946000
1475030527 13 62250.523830 13 61697.893000
1475030830 13 61987.117500 13 61496.847000
1475031133 13 61728.839370 13 61212.727000
1475031436 13 61502.795640 13 61034.945000
1475031739 13 61317.228060 13 60841.494000
1475032042 13 61104.224610 13 60591.100000
1475032345 13 60885.543510 13 60366.416000
1475032648 13 60662.173770 13 60121.394000
1475032951 13 60457.741740 13 59981.335000
1475033254 13 60254.115570 13 59754.896000
1475033557 13 60013.456470 13 59513.090000
1475033860 13 59768.914590 13 59266.003000
1475034163 13 59570.123580 13 59123.647000
1475034466 13 59363.200710 13 58924.477000
1475034769 13 59121.552600 13 58641.331000
1475035072 13 58889.684700 13 58431.111000
1475035375 13 58644.300330 13 58185.387000
1475035678 13 58364.263980 13 57929.894000
1475035981 13 58068.879660 13 57503.663000
