54 2064
1470567971 13 143258.501430 13 135558.237014
1470568274 13 142018.612560 13 134369.797099
1470568577 13 140944.987260 13 133384.244562
1470568880 13 139986.380160 13 132500.919639
1470569183 13 139192.095240 13 131740.846637
1470569486 13 138213.927720 13 130845.059501
1470569789 13 137295.906660 13 130000.374470
1470570092 13 136667.152710 13 129467.096650
1470570395 13 135800.010720 13 128662.304755
1470570699 13 134940.744180 13 127834.689294
1470571002 13 134081.001450 13 127046.059535
1470571305 13 133433.749350 13 126434.760910
1470571608 13 132620.856390 13 125741.042123
1470571911 13 130752.726390 13 123969.038700
1470572214 13 133003.713150 13 126054.279785
1470572517 13 132228.952020 13 125377.882789
1470572820 13 131504.447250 13 124678.644017
1470573123 13 130776.975450 13 124003.105039
1470573426 13 130028.111730 13 123309.849070
1470573729 13 129341.335860 13 122711.368868
1470574032 13 128613.571020 13 122038.097168
1470574335 13 128005.036830 13 121441.307021
1470574638 13 127313.425800 13 120804.267529
1470574941 13 126535.331340 13 120068.112733
1470575244 13 125821.998720 13 120043.856517
1470575547 13 125069.215590 13 118739.049718
1470575850 13 124108.483950 13 117814.643422
1470576153 13 123390.023130 13 117141.096103
1470576456 13 122675.115420 13 116566.710915
1470576759 13 121593.578040 13 115532.944964
1470577062 13 120984.531030 13 114972.738044
1470577365 13 120439.146960 13 114432.468584
1470577668 13 120009.916620 13 114086.116212
1470577972 13 119410.246890 13 113515.966551
1470578275 13 118438.233210 13 112601.456191
1470578578 13 118050.944220 13 112243.837641
1470578881 13 117372.410100 13 111643.862385
1470579184 13 117149.626440 13 111437.496092
1470579487 13 116659.883340 13 110973.994201
1470579790 13 115743.474000 13 110106.415409
1470580093 13 115386.661170 13 109812.899401
1470580396 13 114858.163530 13 109260.937354
1470580699 13 114467.797620 13 108931.181333
1470581002 13 114087.504960 13 108573.825386
1470581305 13 113718.640860 13 108212.397706
1470581608 13 113239.630350 13 107735.666574
1470581911 13 112717.506330 13 107283.534862
1470582214 13 111939.448500 13 106556.906778
1470582517 13 111194.394300 13 105908.213700
1470582820 13 111044.284560 13 105730.333953
1470583123 13 110821.317750 13 105557.186371
