170
1475416130 13 172114.333380 13 168008.221000
1475416433 13 169580.416500 13 165545.147000
1475416736 13 167161.664340 13 163193.847000
1475417040 13 165179.065590 13 161266.269000
1475417343 13 163342.474020 13 159480.497000
1475417646 13 161703.757710 13 157887.054000
1475417949 13 160170.169500 13 156395.663000
1475418252 13 158746.361400 13 155010.916000
1475418555 13 105517.220490 13 103111.082000
1475418858 13 140625.280620 13 137345.054000
1475419161 13 154952.226000 13 151320.409000
1475419464 13 153716.989140 13 150118.761000
1475419767 13 152357.137020 13 148795.731000
1475420070 13 151097.651100 13 147570.368000
1475420373 13 149798.458260 13 146306.326000
1475420676 13 148497.250770 13 145040.105000
1475420979 13 147269.852730 13 143845.725000
1475421282 13 146105.458290 13 142712.528000
1475421585 13 144794.910150 13 141437.128000
1475421888 13 143789.196870 13 140458.199000
1475422191 13 142490.480220 13 139194.102000
1475422494 13 141364.071090 13 138097.641000
1475422797 13 140275.171080 13 137037.639000
1475423100 13 139111.289460 13 135904.531000
1475423403 13 138072.535920 13 134893.194000
1475423706 13 137130.339060 13 133975.825000
1475424009 13 136231.438860 13 133100.643000
1475424313 13 135293.747490 13 132187.633000
1475424616 13 134426.239200 13 131342.867000
1475424919 13 133527.595410 13 130467.765000
1475425222 13 132566.753880 13 129532.035000
1475425525 13 131551.736580 13 128543.505000
1475425828 13 131136.169230 13 128138.805000
1475426131 13 130115.291130 13 127144.495000
1475426434 13 129292.434810 13 126343.059000
1475426737 13 128403.937530 13 125477.529000
1475427040 13 127993.241970 13 125077.519000
1475427343 13 127072.290510 13 124180.421000
1475427646 13 126051.412410 13 123185.961000
1475427949 13 124855.589430 13 122020.931000
1475428252 13 124066.542600 13 121252.183000
1475428555 13 123000.902640 13 120213.941000
1475428858 13 122170.976730 13 119405.191000
1475429161 13 120276.033570 13 117558.517000
1475429464 13 123638.997240 13 120835.422000
1475429767 13 124116.212880 13 121300.486000
1475430070 13 123395.114700 13 120598.007000
1475430373 13 122608.998270 13 119832.036000
1475430676 13 121820.684040 13 119063.921000
1475430979 13 120854.348010 13 118122.334000
1475431283 13 120347.938260 13 117628.858000
1475431586 13 119686.290570 13 116984.143000
1475431889 13 118948.818780 13 116265.405000
1475432192 13 118244.240730 13 115578.784000
1475432495 13 117173.289420 13 114534.962000
1475432798 13 116311.934970 13 113695.499000
1475433101 13 115908.235740 13 113302.037000
1475433404 13 115350.470730 13 112758.338000
1475433707 13 114677.064810 13 112101.929000
1475434010 13 112691.828700 13 110166.609000
1475434313 13 113806.699380 13 111253.582000
1475434616 13 113186.150550 13 110648.608000
1475434919 13 112532.488200 13 110011.488000
1475435222 13 111919.997970 13 109414.342000
1475435525 13 111339.119430 13 108848.040000
1475435828 13 110709.486360 13 108234.179000
1475436131 13 110120.988780 13 107660.429000
1475436434 13 109528.938090 13 107083.207000
1475436737 13 108987.290280 13 106555.041000
1475437040 13 108385.935570 13 105968.770000
1475437343 13 107774.690760 13 105372.779000
1475437646 13 107146.046700 13 104759.776000
1475437950 13 106563.446550 13 104191.683000
1475438253 13 105949.894050 13 103593.243000
1475438556 13 105112.092690 13 102776.239000
1475438859 13 103857.808230 13 101552.989000
1475439162 13 104412.642840 13 102094.168000
1475439465 13 103870.995030 13 101565.975000
1475439768 13 103308.980940 13 101017.803000
1475440071 13 102787.992450 13 100509.667000
1475440374 13 102276.820800 13 100011.119000
1475440677 13 101779.275510 13 99525.835000
1475440980 13 101279.202750 13 99038.068000
1475441283 13 100769.056740 13 98540.466000
1475441586 13 100064.112390 13 97852.830000
1475441889 13 99385.175340 13 97190.554000
1475442192 13 98671.915980 13 96494.773000
1475442495 13 98021.696850 13 95860.345000
1475442798 13 97421.550930 13 95274.929000
1475443101 13 96735.507660 13 94605.609000
1475443404 13 96211.332360 13 94094.235000
1475443707 13 95874.959070 13 93766.041000
1475444010 13 95515.508880 13 93415.438000
1475444313 13 95037.524010 13 92949.005000
1475444616 13 94518.110610 13 92442.205000
1475444919 13 94084.777710 13 92019.325000
1475445223 13 93627.195750 13 91572.884000
1475445526 13 91824.267150 13 89813.523000
1475445829 13 92715.731460 13 90683.527000
1475446132 13 92856.500550 13 90820.862000
1475446435 13 92324.523060 13 90301.675000
1475446738 13 91936.574730 13 89923.125000
1475447041 13 91600.567740 13 89595.260000
1475447344 13 91238.699970 13 89242.109000
1475447647 13 90742.876290 13 88758.171000
1475447950 13 90308.737530 13 88334.527000
1475448253 13 89799.031080 13 87837.078000
1475448556 13 89239.837500 13 87291.354000
1475448859 13 88798.299480 13 86860.372000
1475449162 13 88286.175450 13 86360.532000
1475449465 13 88067.787390 13 86147.351000
1475449768 13 87996.761820 13 86078.066000
1475450071 13 87646.322610 13 85736.022000
1475450374 13 87213.136230 13 85313.183000
1475450677 13 86833.356390 13 84942.439000
1475450980 13 86444.089380 13 84562.539000
1475451283 13 86079.657510 13 84206.810000
1475451586 13 85693.320900 13 83829.629000
1475451889 13 85208.339700 13 83356.263000
1475452193 13 84882.479220 13 83038.209000
1475452496 13 84525.007050 13 82689.190000
1475452799 13 84170.135610 13 82342.782000
1475453102 13 83828.377710 13 82009.104000
1475453405 13 82436.291190 13 80650.014000
1475453708 13 83045.631240 13 81245.006000
1475454011 13 82634.642640 13 80843.721000
1475454314 13 82223.654040 13 80442.454000
1475454617 13 81827.940150 13 80056.030000
1475454920 13 81444.900240 13 79682.128000
1475455223 13 81084.351150 13 79330.026000
1475455526 13 80671.933980 13 78927.379000
1475455829 13 80323.069860 13 78586.720000
1475456132 13 80052.557310 13 78322.635000
1475456435 13 79745.158350 13 78022.445000
1475456738 13 79412.667840 13 77697.861000
1475457041 13 79081.276230 13 77374.217000
1475457344 13 78766.478010 13 77066.819000
1475457647 13 78379.189020 13 76688.723000
1475457950 13 77995.856070 13 76314.246000
1475458253 13 77723.914950 13 76048.658000
1475458556 13 77413.658850 13 75745.687000
1475458859 13 77103.769050 13 75443.026000
1475459163 13 76688.897670 13 75038.011000
1475459466 13 76316.077530 13 74673.816000
1475459769 13 76031.279280 13 74395.719000
1475460072 13 75761.572590 13 74132.290000
1475460375 13 75493.294470 13 73870.344000
1475460678 13 75245.602410 13 73628.401000
1475460981 13 74949.412230 13 73339.058000
1475461284 13 74633.698260 13 73030.720000
1475461587 13 74343.222360 13 72747.069000
1475461890 13 73150.183260 13 71581.639000
1475462193 13 73688.168070 13 72107.221000
1475462496 13 73390.109760 13 71816.064000
1475462799 13 73039.414140 13 71473.455000
1475463102 13 72699.524370 13 71141.499000
1475463405 13 72300.843450 13 70752.070000
1475463708 13 72010.037880 13 70467.992000
1475464011 13 71780.587560 13 70243.918000
1475464314 13 71490.331440 13 69960.414000
1475464617 13 71209.745640 13 69686.240000
1475464920 13 70909.636050 13 69393.097000
1475465223 13 70573.592430 13 69064.842000
1475465526 13 70235.094600 13 68734.197000
1475465829 13 69948.831150 13 68454.505000
1475466132 13 40817.834640 13 39964.410000
1475466436 13 69448.318830 13 67965.542000
1475466739 13 69174.839250 13 67698.308000
1475467042 13 68926.744260 13 67455.935000
1475467345 4 20883.239190 4 20438.149000
