170 2208
1472422254 13 152003.401110 13 146275.236182
1472422557 13 150078.311460 13 144454.356332
1472422860 13 148500.254430 13 142981.266696
1472423163 13 147533.808510 13 142108.971347
1472423466 13 146548.937700 13 141116.328369
1472423769 13 145254.213720 13 139925.998194
1472424072 13 143922.383550 13 138430.368404
1472424375 13 142581.872070 13 137009.449522
1472424678 13 141966.781110 13 136406.442565
1472424981 13 140556.416220 13 135060.005764
1472425284 13 137527.811190 13 132283.976191
1472425587 13 139288.761810 13 133943.908064
1472425890 13 138639.275280 13 133339.619270
1472426193 13 137604.331260 13 132358.351681
1472426496 13 136324.295910 13 131147.337799
1472426799 13 135427.923180 13 130366.474511
1472427102 13 135720.560250 13 131141.609807
1472427405 13 135987.592950 13 131011.225857
1472427708 13 137611.181070 13 132422.917032
1472428011 13 136791.694710 13 131653.028702
1472428314 13 135955.431810 13 130854.139008
1472428617 13 135291.366540 13 130250.149216
1472428921 13 134507.997360 13 129538.882450
1472429224 13 133742.796660 13 128800.694373
1472429527 13 133055.727750 13 128135.391943
1472429830 13 132351.332850 13 127468.560653
1472430133 13 131667.304230 13 126797.249420
1472430436 13 131128.403670 13 126306.431017
1472430739 13 130451.554530 13 125692.971716
1472431042 13 129784.302450 13 125083.578953
1472431345 13 129086.061390 13 124424.376318
1472431648 13 128388.186630 13 123807.048089
1472431951 13 127720.824660 13 123125.463908
1472432254 13 127044.598230 13 122481.710996
1472432557 13 126446.979780 13 121943.389009
1472432860 13 125902.584720 13 121441.065221
1472433163 13 125291.889360 13 120818.185795
1472433466 13 124611.120810 13 120241.304516
1472433769 13 123964.601310 13 119620.663773
1472434072 13 123362.807040 13 119057.898370
1472434375 13 121137.607800 13 116934.631005
1472434678 13 122392.002150 13 118152.069698
1472434981 13 121859.072280 13 117660.484266
1472435284 13 121280.574690 13 117099.156704
1472435587 13 120715.959870 13 116585.688944
1472435890 13 120173.982390 13 116081.987112
1472436194 13 119617.792470 13 115531.208101
1472436497 13 119069.184960 13 114997.516871
1472437120 13 117525.853170 13 113463.944017
1472437423 13 116754.864930 13 112723.655075
1472437726 13 116258.858100 13 112298.041651
1472438029 13 115569.334980 13 111635.250906
1472438332 13 115261.752870 13 111363.606825
1472438635 13 114777.028080 13 110894.376939
1472438938 13 113921.534430 13 110125.198430
1472439241 13 113581.205100 13 109752.275771
1472439544 13 113226.590070 13 109410.561949
1472439847 13 112835.638080 13 109035.205604
1472440150 13 112365.748440 13 108617.915055
1472440453 13 111554.906760 13 107872.243944
1472440756 13 111178.826550 13 107485.681222
1472441059 13 110868.094260 13 107225.906538
1472441362 13 110157.985080 13 106558.032612
1472441665 13 108964.762830 13 105406.287724
1472441968 13 109920.769200 13 106317.290576
1472442271 13 109514.212830 13 105924.708651
1472442574 13 109049.304870 13 105456.393999
1472442877 13 108556.484850 13 105010.954916
1472443180 13 108134.360730 13 104624.836805
1472443484 13 107643.628620 13 104170.396223
1472443787 13 107149.929480 13 103696.543384
1472444090 13 106664.545350 13 103233.085691
1472444393 13 106297.879050 13 102904.315108
1472444696 13 105904.692630 13 102504.408744
1472444999 13 105492.385350 13 102144.603517
1472445302 13 105058.063440 13 101681.840052
1472445605 13 104654.474100 13 101305.043263
1472445908 13 104214.401280 13 100895.844184
1472446211 13 103804.474950 13 100529.003125
1472446514 13 103390.629210 13 100153.381567
1472446817 13 102924.146160 13 99696.491697
1472447120 13 102417.846300 13 99214.079377
1472447423 13 101966.894370 13 98789.773800
1472447726 13 101539.825200 13 98352.987801
1472448029 13 101070.668160 13 97892.483809
1472448332 13 100666.199700 13 97522.808656
1472448635 13 100309.643280 13 97169.685655
1472448938 13 99856.200510 13 96732.644845
1472449241 13 99294.259680 13 96256.592338
1472449544 13 98863.087950 13 95806.831910
1472449847 13 98287.117830 13 95282.204576
1472450151 13 98021.806740 13 95035.061113
1472450454 13 97776.825300 13 94810.153599
1472450757 13 97373.052810 13 94422.171230
1472451060 13 96988.364550 13 94050.686413
1472451363 13 96199.867170 13 93303.377242
1472451666 13 95646.754170 13 92774.704173
1472451969 13 96494.848560 13 93570.894979
1472452272 13 96156.533880 13 93229.989788
1472452575 13 95793.567210 13 92898.286302
1472452878 13 95430.710430 13 92542.381209
1472453181 13 95084.080740 13 92239.042064
1472453484 13 94730.784390 13 91888.758364
1472453787 13 92847.782610 13 90094.511198
1472454090 13 90927.088560 13 88281.730612
1472454393 13 90628.737210 13 87995.892665
1472454696 13 90351.851040 13 87699.126541
1472454999 13 90112.217580 13 87483.675539
1472455302 13 89849.653740 13 87245.499786
1472455605 13 89518.738320 13 86941.406627
1472455908 13 89210.423610 13 86651.556735
1472456211 13 88909.654680 13 86349.998654
1472456514 13 88618.299660 13 86061.069203
1472456818 13 88366.321890 13 85846.421625
1472457121 13 88063.648200 13 85522.648406
1472457424 13 87817.751010 13 85285.676489
1472457727 13 86356.250640 13 83917.107747
1472458030 13 87279.033600 13 84788.087459
1472458333 13 86961.927690 13 84513.297274
1472458636 13 86714.638560 13 84265.451790
1472458939 13 86453.759700 13 83999.535703
1472459242 13 86197.203180 13 83770.111836
1472459545 13 85914.639360 13 83494.138611
1472459848 13 85622.148810 13 83190.869676
1472460151 13 85404.639870 13 82998.975462
1472460454 13 85132.808640 13 82736.642292
1472460757 13 84849.255810 13 82475.580574
1472461060 13 84558.047310 13 82201.281807
1472461363 13 84278.267370 13 81932.443221
1472461666 13 84059.403120 13 81757.106361
1472461969 13 83786.179950 13 81457.069330
1472462272 13 83502.407340 13 81217.234719
1472462575 13 83207.462580 13 80921.810250
1472462878 13 82934.239410 13 80678.137904
1472463181 13 82717.609590 13 80464.548559
1472463484 13 82461.016440 13 80216.461276
1472463787 13 82208.782260 13 79978.914733
1472464090 13 81938.892420 13 79700.302422
1472464393 13 81698.672880 13 79501.497174
1472464697 13 81455.889240 13 79238.409981
1472465000 13 81179.332740 13 79008.642905
1472465303 13 80944.607700 13 78790.329207
1472465606 13 80715.523680 13 78593.081419
1472465909 13 80474.315130 13 78322.053555
1472466212 13 80209.370340 13 78079.085841
1472466515 13 79958.857770 13 77808.180185
1472466818 13 79064.939250 13 77002.179249
1472467121 13 79088.822010 13 77008.362254
1472467424 13 79278.235740 13 77229.718054
1472467727 13 79030.543680 13 76956.883143
1472468030 13 78823.803960 13 76764.409103
1472468333 13 78580.873800 13 76524.805893
1472468636 13 78313.621320 13 76292.568734
1472468939 13 78090.581250 13 76088.862322
1472469242 13 77859.629100 13 75828.856233
1472469545 13 77613.768540 13 75609.226888
1472469848 13 77384.171700 13 75399.345278
1472470151 13 77168.897190 13 75184.739308
1472470454 13 76921.534800 13 74958.131342
1472470757 13 76627.249380 13 74707.376357
1472471060 13 76337.982270 13 74398.140214
1472471364 13 76075.015500 13 74172.988292
1472471667 13 75806.590860 13 73911.903172
1472471970 13 75612.525120 13 73710.214427
1472472273 13 75347.726850 13 73479.615323
1472472576 13 75111.683130 13 73241.670970
1472472879 13 74985.566040 13 73114.092506
1472473182 13 74784.027780 13 72947.190334
1472473485 13 74563.808220 13 72726.741963
1472473788 13 74313.149130 13 72488.306186
