105 2208
1477333904 13 188861.606010 13 177741.935010
1477334207 13 187159.043610 13 176184.683168
1477335117 13 182993.736420 13 172533.971360
1477335420 13 181245.789450 13 170946.732718
1477335723 13 179678.538270 13 169593.530488
1477336026 13 178177.147830 13 168204.925486
1477336329 13 176637.149370 13 166861.288976
1477336935 13 173762.903160 13 164342.720004
1477338154 13 169517.815830 13 160430.374455
1477338457 13 168397.487280 13 159380.391760
1477338760 13 167173.825500 13 158386.500753
1477339064 13 165999.504330 13 157263.390612
1477339367 13 164877.344280 13 156264.959846
1477339670 13 163718.883900 13 155272.602878
1477339973 13 162579.544380 13 154241.663228
1477340276 13 161454.563820 13 153221.711534
1477340579 13 160367.788350 13 152250.615481
1477340882 13 159350.499990 13 151356.351994
1477341185 13 158304.164040 13 150345.191204
1477341488 13 157182.883110 13 149379.880341
1477341791 13 156136.327380 13 148413.716654
1477342094 13 155125.009710 13 147515.745442
1477342397 13 154208.637000 13 146661.320486
1477342700 13 151078.273830 13 143906.642828
1477343003 13 152135.195850 13 144820.414762
1477343306 13 151073.878230 13 143914.853901
1477343609 13 150127.432290 13 143122.953236
1477343912 13 149200.436880 13 142331.819594
1477344215 13 148227.360930 13 141376.716673
1477344518 13 147298.534020 13 140565.622168
1477344821 13 146353.223610 13 139680.159973
1477345124 13 145446.045030 13 138898.701258
1477345427 13 144539.599050 13 138072.760254
1477345730 13 143693.702460 13 137286.639578
1477346034 13 142860.260070 13 136524.340909
1477346337 13 141961.762800 13 135599.651197
1477346640 13 140930.152110 13 134850.298354
1477346943 13 140116.013730 13 134060.976977
1477347246 13 139184.036640 13 133283.917603
1477347549 13 138332.755440 13 132497.526528
1477347852 13 137492.353350 13 131789.967481
1477348155 13 136341.218970 13 130685.858781
1477348458 13 135745.615170 13 130159.403587
1477348761 13 135196.128540 13 129590.780181
1477349064 13 134421.550560 13 128922.331645
1477349367 13 133602.870060 13 128146.270704
1477349670 13 132788.731680 13 127420.461644
1477349973 13 131986.534680 13 126738.799470
1477350276 13 129647.013210 13 124651.085699
1477350579 13 131329.209330 13 126040.426530
1477350882 13 130598.917020 13 125421.031226
1477351185 13 129864.558780 13 124724.025938
1477351488 13 129098.698740 13 124064.875306
1477351791 13 128495.695680 13 123550.825128
1477352094 13 127738.114020 13 122840.494384
1477352397 13 127053.902250 13 122251.956913
1477352700 13 126352.913940 13 121572.434607
1477353004 13 125631.998910 13 120901.918998
1477353307 13 124951.633290 13 120229.110110
1477353610 13 124178.410620 13 119542.104750
1477353913 13 123554.894760 13 118966.978530
1477354216 13 122874.565770 13 118363.896175
1477354519 13 122185.445580 13 117737.116627
1477354822 13 121573.980990 13 117216.360825
1477355125 13 120925.410210 13 116636.471240
1477355428 13 120347.498700 13 116044.730464
1477355731 13 119721.455370 13 115515.277368
1477356034 13 119091.749040 13 114919.698871
1477356337 13 118485.192870 13 114346.943927
1477356640 13 117868.856490 13 113795.803508
1477356943 13 117256.146480 13 113269.756525
1477357246 13 116592.374250 13 112622.103480
1477357549 13 116166.477240 13 112237.223015
1477357852 13 114201.570780 13 110059.143225
1477358155 13 112304.100150 13 108686.632756
1477358458 13 111730.401090 13 108142.008151
1477358761 13 111234.723930 13 107673.961314
1477359064 13 109345.018860 13 105955.592480
1477359367 13 110324.688210 13 106861.153350
1477359670 13 109780.036740 13 106383.280775
1477359973 13 109276.447500 13 105888.484239
1477360277 13 108766.741050 13 105417.512304
1477360580 13 108274.323960 13 104949.592865
1477360883 13 107811.284130 13 104537.798901
1477361186 13 107312.237010 13 104049.889993
1477361489 13 106725.790710 13 103505.273193
1477361792 13 106136.267490 13 102943.953432
1477362095 13 105693.447420 13 102554.400611
1477362398 13 105188.722650 13 102143.319078
1477362701 13 104711.580270 13 101630.074918
1477363004 13 104171.910480 13 101134.981977
1477363307 13 103814.584830 13 100839.679710
1477363610 13 103412.900250 13 100468.007684
1477363913 13 102958.358580 13 100003.015947
1477364216 13 102566.783880 13 99631.874339
1477364519 13 102100.081050 13 99178.541392
1477364822 13 101667.663900 13 98863.868475
1477365125 13 101334.623940 13 98552.133654
1477365428 13 100930.814820 13 98143.407796
1477365731 13 100443.232890 13 97676.203383
1477366034 13 100007.995230 13 97265.332450
1477366337 13 99630.852750 13 96922.157381
1477366640 13 99183.453930 13 96516.229212
1477366944 13 98761.989150 13 96088.683930
1477367247 13 97067.302200 13 94536.096637
