220 2208
1472502946 13 159384.602520 13 153181.499000
1472503249 13 158163.431580 13 152218.513000
1472503552 13 157184.201790 13 151464.532000
1472503855 13 155923.214040 13 150229.372000
1472504158 13 154922.482440 13 149329.775000
1472504461 13 153673.729110 13 148329.929000
1472504764 13 152647.576290 13 147320.376000
1472505067 13 151500.617730 13 146334.650000
1472505371 13 150683.841990 13 145435.863000
1472505674 13 149904.905040 13 144763.648000
1472505977 13 148703.477670 13 143707.520000
1472506280 13 146853.735930 13 141993.256000
1472506583 13 147903.368580 13 142998.176000
1472506886 13 147138.131250 13 142266.549000
1472507189 13 146257.472790 13 141419.237000
1472507492 13 145355.825340 13 140736.840000
1472507795 13 144533.811510 13 139943.125000
1472508098 13 143634.508380 13 139076.115000
1472508401 13 142655.132070 13 138305.977000
1472508704 13 141942.495420 13 137535.693000
1472509007 13 141162.129900 13 136777.862000
1472509310 13 140340.555630 13 135767.495000
1472509613 13 139359.237930 13 135115.311000
1472509916 13 138420.740700 13 134207.094000
1472510219 13 137931.803460 13 133739.771000
1472510522 13 137199.936060 13 133128.588000
1472510825 13 136231.768530 13 132281.218000
1472511128 13 135085.029750 13 131228.276000
1472511432 13 134817.410970 13 130905.431000
1472511735 13 134304.114780 13 130396.561000
1472512038 13 133434.518580 13 129686.376000
1472512341 13 130296.609630 13 126781.647000
1472512644 13 131669.428770 13 127985.247000
1472512947 13 130747.158630 13 127192.637000
1472513250 13 129866.866470 13 126237.397000
1472513553 13 129371.445720 13 125800.081000
1472513856 13 128658.955590 13 125265.803000
1472514159 13 127383.572250 13 124000.166000
1472514462 13 127100.458980 13 123712.606000
1472514765 13 128406.977820 13 124931.605000
1472515068 13 127712.399760 13 124174.600000
1472515371 13 127241.374590 13 123712.950000
1472515674 13 126387.785700 13 123006.984000
1472515977 13 125688.812040 13 122298.136000
1472516280 13 125097.567210 13 121850.228000
1472516583 13 124172.732970 13 120915.750000
1472516886 13 123485.444280 13 120213.501000
1472519922 13 117039.333510 13 114248.814000
1472520225 13 116437.978800 13 113789.607000
1472520528 13 116382.337830 13 113679.267000
1472520831 13 115549.884450 13 112702.277000
1472521134 13 114721.313850 13 112130.147000
1472521437 13 113799.007080 13 111213.534000
1472521740 13 112925.344950 13 110391.876000
1472522043 13 113803.988760 13 111116.578000
1472522346 13 115007.613930 13 112389.014000
1472522649 13 114504.317730 13 111841.687000
1472522952 13 114038.530650 13 111497.943000
1472523256 13 113564.684970 13 110985.745000
1472523559 13 113080.729410 13 110610.686000
1472523862 13 112507.982730 13 109979.195000
1472524165 13 112107.763350 13 109573.518000
1472524468 13 111670.437780 13 109240.827000
1472524771 13 111185.969400 13 108858.351000
1472525074 13 110698.680510 13 108400.157000
1472525377 13 110197.765260 13 107948.653000
1472525680 13 109741.501980 13 107531.538000
1472525983 13 109280.843100 13 107161.206000
1472526286 13 108768.572550 13 106764.462000
1472526589 13 108332.455770 13 106322.614000
1472526892 13 107870.368320 13 105894.978000
1472527195 13 107402.200290 13 105305.902000
1472527498 13 107000.588970 13 105078.645000
1472527801 13 106554.252420 13 104675.681000
1472528104 13 106100.516610 13 104149.755000
1472528407 13 105595.755210 13 103662.702000
1472528710 13 105141.030390 13 103205.808000
1472529013 13 104627.367900 13 102646.236000
1472529316 13 104342.423130 13 102366.369000
1472529619 13 104057.991180 13 102014.813000
1472529922 13 103221.471870 13 101261.094000
1472530225 13 100108.471320 13 98320.038000
1472530528 13 99234.955710 13 97450.160000
1472530831 13 99797.079690 13 98021.496000
1472531134 13 99450.962820 13 97702.100000
1472531437 13 99109.754370 13 97384.270000
1472531740 13 98768.729070 13 97082.748000
1472532043 13 98429.498640 13 96942.654000
1472532347 13 98106.165630 13 96557.719000
1472532650 13 97733.711790 13 96175.617000
1472532953 13 97409.719440 13 95937.464000
1472533256 13 97024.188690 13 95580.687000
1472533559 13 96660.819090 13 95186.551000
1472533862 13 96288.658290 13 94895.511000
1472534165 13 95917.852800 13 94459.614000
1472534468 13 95671.735830 13 94284.317000
1472534771 13 95323.128120 13 93905.666000
1472535074 13 95080.124700 13 93693.923000
1472535377 13 94822.322760 13 93440.230000
1472535680 13 94497.304770 13 93131.487000
1472535983 13 94181.407650 13 92840.588000
1472536286 13 93877.561800 13 92563.411000
1472536589 13 93548.148210 13 92292.476000
1472536892 13 93272.434200 13 91977.748000
1472537195 13 92934.229410 13 91701.483000
1472537498 13 92654.486100 13 91386.115000
1472537801 13 92312.545050 13 91043.487000
1472538105 13 92064.340170 13 90828.599000
1472538407 13 91827.124290 13 90542.682000
1472538711 13 90420.312510 13 89223.329000
1472539014 13 91207.710990 13 90109.641000
1472539317 13 90904.927410 13 89753.578000
1472539620 13 90605.770200 13 89510.724000
1472539923 13 90355.807080 13 89203.078000
1472540226 13 90047.565630 13 88998.588000
1472540529 13 89758.774710 13 88695.258000
1472540832 13 89476.833600 13 88358.352000
1472541135 13 89177.310090 13 88091.863000
1472541438 13 88920.460530 13 87884.080000
1472541741 13 88609.471830 13 87561.125000
1472542044 13 88299.472140 13 87291.475000
1472542347 13 88017.604290 13 86949.929000
1472542650 13 87730.901280 13 86709.793000
1472542953 13 87456.396060 13 86470.756000
1472543256 13 87186.799260 13 86169.733000
1472543559 13 86906.653020 13 85901.406000
1472543862 13 86548.631400 13 85636.917000
1472544165 13 86216.104260 13 85314.655000
1472544468 13 85853.467260 13 84912.447000
1472544771 13 85595.262390 13 84679.630000
1472545074 13 85341.892680 13 84530.441000
1472545377 13 85100.684130 13 84264.257000
1472545681 13 84857.241150 13 84012.258000
1472545984 13 84637.094850 13 83768.148000
1472546287 13 84393.358830 13 83444.403000
1472546590 13 84141.783990 13 83353.372000
1472546893 13 83885.630400 13 83123.644000
1472547196 13 83642.810130 13 82884.788000
1472547499 13 83396.253600 13 82571.088000
1472547802 13 83115.704430 13 82350.636000
1472548105 13 82885.668030 13 82149.057000
1472548408 13 81577.097910 13 80894.287000
1472548711 13 82271.602710 13 81492.320000
1472549014 13 81976.181760 13 81199.383000
1472549317 13 81862.848540 13 81088.443000
1472549620 13 81594.387270 13 80890.598000
1472549923 13 81288.600030 13 80541.806000
1472550832 13 80520.395670 13 79841.222000
1472551135 13 80201.714670 13 79490.939000
1472551438 13 79909.407270 13 79360.059000
1472551741 13 79550.213490 13 78814.174000
1472552044 13 79282.667970 13 78505.750000
1472552347 13 79026.551010 13 78304.116000
1472552650 13 78693.511050 13 78010.381000
1472552954 13 78337.284300 13 77598.725000
1472553257 13 78062.486040 13 77415.063000
1472553560 13 77655.306960 13 77029.318000
1472553863 13 77274.684630 13 76638.447000
1472554166 13 76838.897520 13 76202.362000
1472554469 13 76361.498730 13 75714.930000
1472554772 13 76436.773380 13 75812.250000
1472555075 13 76999.043880 13 76328.868000
1472555378 13 76833.696060 13 76198.177000
1472555681 13 76590.472860 13 75960.761000
1472555984 13 76366.187370 13 75739.519000
1472556287 13 74826.115650 13 74277.517000
1472556590 13 74107.581570 13 73591.805000
1472556893 13 73826.299800 13 73342.371000
1472557196 13 73574.798220 13 73042.609000
1472557499 13 73477.801980 13 72933.236000
1472557802 13 73272.967020 13 72712.703000
1472558105 13 72983.480130 13 72436.883000
1472559023 13 72506.630790 13 72007.819000
1472559326 13 72500.183910 13 72026.928000
1472559629 13 72284.543100 13 71854.353000
1472559932 13 72109.561590 13 71653.340000
1472560235 13 71936.374950 13 71499.078000
1472560538 13 71746.191990 13 71280.738000
1472560841 13 71531.430300 13 71121.349000
1472561144 13 71329.562370 13 70777.861000
1472561448 13 71152.932510 13 70687.651000
1472561751 13 70944.764220 13 70605.818000
1472562054 13 70743.006180 13 70381.687000
1472562357 13 70526.156580 13 70138.110000
1472562660 13 70285.057920 13 69963.139000
1472562963 13 70059.343860 13 69731.192000
1472563266 13 69876.047340 13 69529.975000
1472563569 13 69637.879080 13 69327.289000
1472563872 13 69419.564280 13 69045.775000
1472564175 13 69230.370330 13 68883.434000
1472564478 13 69126.304500 13 68784.378000
1472564781 13 69019.308270 13 68657.035000
1472565084 13 68874.106950 13 68570.708000
1472565387 13 68694.363540 13 68376.515000
1472565690 13 68469.968160 13 68160.895000
1472565993 13 68313.960990 13 67953.701000
1472566296 13 68131.690110 13 67850.538000
1472566599 13 67913.778240 13 67599.275000
1472566902 13 67774.987170 13 67568.332000
1472567205 13 67639.675950 13 67390.299000
1472567509 13 67397.698170 13 67132.201000
1472567812 13 67249.969380 13 67004.635000
1472568115 13 67083.998850 13 66785.066000
1472568418 13 66946.856130 13 66641.388000
1472568721 13 66730.519350 13 66455.319000
1472569024 13 66579.567120 13 66348.898000
1472569327 13 66033.596970 13 66133.500000
1472569630 13 66175.977780 13 66003.916000
1472569933 13 66005.391870 13 65783.192000
1472570236 13 65869.091640 13 65652.478000
1472570539 13 65707.113780 13 65490.998000
1472570842 13 65539.238490 13 65424.951000
1472571145 13 65357.700210 13 65211.770000
1472571448 13 65183.561190 13 65004.733000
1472571751 13 65017.407510 13 64934.542000
1472572054 13 64852.938810 13 64719.074000
1472572357 13 64671.254010 13 64589.753000
1472572660 13 64494.807300 13 64395.868000
1472572963 13 64035.357210 13 63900.967000
1472573266 13 63806.492970 13 63707.630000
