50 2064
1470567971 13 134889.044890 13 136346.344000
1470568274 13 133721.592880 13 135332.641000
1470568577 13 132710.690980 13 134551.887000
1470568880 13 131808.087680 13 133740.096000
1470569183 13 131060.206520 13 133014.996000
1470569486 13 130139.185560 13 132123.512000
1470569789 13 129274.797180 13 131334.987000
1470570092 13 128682.776330 13 130846.908000
1470570395 13 127866.294560 13 130100.347000
1470570699 13 127057.228140 13 129350.159000
1470571002 13 126247.713350 13 128422.410000
1470571305 13 125638.275050 13 127614.780000
1470571608 13 124872.872970 13 127064.377000
1470572214 13 125233.362450 13 127437.593000
1470572517 13 124503.864460 13 126828.783000
1470572820 13 123821.686750 13 126161.589000
1470573123 13 123136.715350 13 125379.190000
1470573426 13 122431.601790 13 124624.287000
1470573729 13 121784.948780 13 124052.429000
1470574032 13 121099.701460 13 123391.026000
1470574335 13 120526.719090 13 122779.909000
1470574638 13 119875.513400 13 122310.180000
1470574941 13 119142.876820 13 121468.413000
1470575244 13 118471.218560 13 120935.855000
1470575547 13 117762.414570 13 120123.900000
1470575850 13 116857.810850 13 119252.266000
1470576153 13 116181.323990 13 118693.308000
1470576456 13 115508.182660 13 118052.087000
1470576759 13 114489.830920 13 117133.474000
1470577062 13 113916.365690 13 116289.204000
1470577365 13 113402.844080 13 115799.818000
1470577668 13 112998.690260 13 115532.699000
1470577972 13 112434.054470 13 114903.648000
1470578275 13 111518.827830 13 114034.803000
1470578578 13 111154.165060 13 113745.007000
1470578881 13 110515.272300 13 113059.633000
1470579184 13 110305.504120 13 112899.217000
1470579487 13 109844.372820 13 112373.204000
1470579790 13 108981.502000 13 111653.376000
1470580093 13 108645.534910 13 111240.448000
1470580396 13 108147.913190 13 110821.279000
1470580699 13 107780.353260 13 110400.086000
1470581002 13 107422.278080 13 110092.663000
1470581305 13 107074.963780 13 109781.446000
1470581608 13 106623.938050 13 109203.432000
1470581911 13 106132.317590 13 108810.311000
1470582214 13 105399.715500 13 108043.167000
1470582517 13 104698.188900 13 107394.688000
1470582820 13 104556.848880 13 107278.199000
1470583123 13 104346.908250 13 107048.526000
