5.879552 12687.886610 13231.009355 0.958951
5.835712 12570.486437 13104.627419 0.959240
5.795089 12465.182263 12991.310344 0.959502
5.754100 12364.266986 12882.755202 0.959753
5.711760 12260.719271 12771.408582 0.960013
5.662210 12149.969244 12652.362885 0.960293
5.508133 11781.516339 12256.658895 0.961234
5.474418 11706.028874 12175.655698 0.961429
5.433431 11623.553952 12087.181192 0.961643
5.405445 11544.379924 12002.274164 0.961849
5.372589 11468.699869 11921.138545 0.962047
5.334613 11390.548095 11837.378300 0.962253
5.303567 11313.662677 11755.000552 0.962455
5.270413 11237.723098 11673.661002 0.962656
5.243168 11164.340456 11595.083796 0.962851
5.210639 11095.630039 11521.530722 0.963034
5.182915 11024.937565 11445.877418 0.963223
5.150798 10949.158850 11364.805362 0.963427
5.117554 10878.408770 11289.136168 0.963617
5.086368 10810.021035 11216.014793 0.963802
5.056437 10748.036740 11149.758231 0.963970
4.957993 10536.172914 10923.423356 0.964549
5.000654 10607.727145 10999.842065 0.964353
4.969508 10535.875284 10923.105541 0.964549
4.941401 10471.781515 10854.674592 0.964726
4.898343 10408.987651 10787.649975 0.964899
4.869639 10343.053798 10717.293595 0.965081
4.844107 10280.100353 10650.136555 0.965255
4.813542 10216.011704 10581.787708 0.965433
4.787300 10154.491076 10516.195910 0.965605
4.763568 10093.003219 10450.657081 0.965777
4.736479 10035.607328 10389.496158 0.965938
4.713706 9979.041911 10329.235713 0.966097
4.684464 9918.044951 10264.271600 0.966269
4.654148 9847.990243 10189.682978 0.966467
4.622940 9792.687736 10130.818272 0.966624
4.587541 9729.363368 10063.433465 0.966804
4.564289 9671.505703 10001.883218 0.966968
4.542108 9614.372106 9941.119565 0.967132
4.505906 9536.088915 9857.889013 0.967356
4.488013 9495.573370 9814.825028 0.967473
4.473565 9458.188013 9775.095457 0.967580
4.450424 9405.476849 9719.091089 0.967732
4.423490 9349.750014 9659.897974 0.967893
4.399132 9294.317576 9601.033268 0.968054
4.376736 9239.683702 9543.031960 0.968213
4.354714 9194.905584 9495.505318 0.968343
4.336043 9145.145402 9442.702940 0.968488
4.312060 9095.095991 9389.606583 0.968634
4.289396 9042.886530 9334.232549 0.968787
4.271937 9001.769760 9290.633575 0.968908
4.247347 8950.100955 9235.858094 0.969060
4.229185 8903.424772 9186.387481 0.969198
4.206273 8855.592867 9135.703872 0.969339
4.184145 8806.389343 9083.579501 0.969484
4.168865 8759.942243 9034.386976 0.969622
4.140508 8707.142809 8978.480602 0.969779
4.118116 8664.555833 8933.398489 0.969906
4.092668 8618.077952 8884.208613 0.970045
4.073703 8570.988281 8834.383106 0.970185
4.053795 8529.195573 8790.172338 0.970310
4.033906 8484.856934 8743.278678 0.970443
4.014902 8445.340306 8701.493900 0.970562
3.996296 8402.523421 8656.229044 0.970691
3.979734 8359.446450 8610.699342 0.970821
3.961272 8317.944033 8566.843467 0.970946
3.943407 8275.763244 8522.280453 0.971074
3.924408 8233.821431 8477.979637 0.971201
3.894951 8188.373862 8429.986865 0.971339
3.882591 8159.207570 8399.193203 0.971428
3.819667 8024.588626 8257.124429 0.971838
3.763292 7894.498355 8119.931473 0.972237
3.746594 7855.147802 8078.451268 0.972358
3.728853 7821.142137 8042.612287 0.972463
3.701885 7758.693379 7976.813908 0.972656
3.685471 7721.308036 7937.433934 0.972771
3.670535 7686.734487 7901.022885 0.972878
3.653543 7651.734340 7864.169542 0.972987
3.637572 7617.915058 7828.566274 0.973092
3.623435 7586.107705 7795.087072 0.973191
3.609488 7551.820714 7759.004432 0.973298
3.591732 7511.520713 7716.602562 0.973423
3.573900 7471.000253 7673.978222 0.973550
3.556611 7440.557366 7641.960971 0.973645
3.539246 7405.852414 7605.467819 0.973754
3.524746 7373.037887 7570.968959 0.973857
3.506982 7335.915945 7531.949175 0.973973
3.495742 7311.332575 7506.113433 0.974050
3.482737 7283.693361 7477.070404 0.974137
3.470165 7252.411990 7444.205645 0.974236
3.456693 7225.459583 7415.893591 0.974321
3.443638 7193.330717 7382.149542 0.974422
3.426183 7163.556971 7350.884454 0.974516
3.417612 7140.622359 7326.804642 0.974589
3.405918 7112.810284 7297.608002 0.974677
3.392229 7079.222583 7262.354330 0.974783
3.378891 7049.235283 7230.885310 0.974879
3.367600 7023.246535 7203.616750 0.974961
3.350379 6992.411466 7171.268441 0.975059
3.341347 6963.358834 7140.795242 0.975152
