6.414797 9.238497
6.357993 9.110985
6.217048 8.994436
6.160171 8.958854
6.107926 8.921047
6.057034 8.868208
6.005302 8.895284
5.950489 8.795262
5.905984 8.760379
5.880940 8.709847
5.837860 8.727594
5.755923 8.611834
5.708358 8.571925
5.728483 8.593923
5.687939 8.561325
5.649735 8.505552
5.611436 8.493973
5.572923 8.507896
5.533705 8.366776
5.496018 8.379895
5.460263 8.354243
5.425042 8.328243
5.390442 8.260617
5.353491 8.298949
5.317052 8.165719
5.283311 8.133518
5.251208 8.153886
5.211446 8.036140
5.120796 7.965840
5.147596 8.020176
5.114969 8.016948
5.083634 7.979636
5.052222 8.004620
5.019227 7.882026
4.987715 7.882055
4.957310 7.856451
4.927219 7.866921
4.897931 7.818631
4.869383 7.763225
4.841320 7.742173
4.806754 7.648586
4.778824 7.679615
4.747303 7.633743
4.718696 7.628180
4.688902 7.562272
4.659171 7.576426
4.623297 7.599579
4.608455 7.513610
4.586817 7.488761
4.558731 7.437360
4.531597 7.419987
4.504038 7.458243
4.476904 7.316048
4.413178 7.261622
4.456667 7.320992
4.432365 7.321188
4.406095 7.271729
4.384073 7.290450
4.361578 7.191544
4.335900 7.235315
4.313922 7.153669
4.289543 7.119342
4.266365 7.130928
4.243055 7.070710
4.216928 7.075912
4.196347 7.038540
4.173857 7.007983
4.150578 6.971728
4.130378 7.021925
4.109042 6.920084
4.088252 6.961225
4.068744 6.923745
4.047562 6.897137
4.026124 6.878723
4.006204 6.895290
3.985025 6.850673
3.963398 6.839482
3.949854 6.812711
3.867021 6.698997
3.818520 6.711725
3.799224 6.660120
3.783223 6.594897
3.719136 6.529055
3.752001 6.574706
3.734212 6.528902
3.716846 6.568012
3.700229 6.544428
3.683397 6.442527
3.667910 6.488319
3.651476 6.463414
3.631063 6.407937
3.611591 6.369283
3.596742 6.461743
3.579742 6.345318
3.563724 6.390405
3.545600 6.304972
3.533439 6.351027
3.520159 6.314256
3.505085 6.252988
3.491118 6.289688
3.476235 6.314185
3.461133 6.199502
3.450328 6.146553
3.436181 6.221717
3.420448 6.185980
3.405610 6.190204
3.392965 6.166937
3.378014 6.140390
3.363850 6.131974
3.305278 6.058743
