5.210758 1.054949
5.164791 1.049413
5.126319 1.056903
5.091230 1.041990
5.062696 1.052423
5.028885 1.043405
4.994786 1.043182
4.971500 1.045630
4.942177 1.033767
4.910065 1.030478
4.879968 1.009724
4.854487 1.017956
4.827805 1.031067
4.744675 1.015835
4.840774 1.011917
4.814698 1.023241
4.785966 1.022720
4.761520 1.012742
4.735001 1.002733
4.709524 0.992601
4.683981 1.012539
4.659284 1.015576
4.636945 1.007742
4.608881 0.999582
4.583528 1.008837
4.559928 0.996675
4.521529 0.982910
4.496722 0.995986
4.471329 0.974621
4.437096 0.967891
4.403440 0.986863
4.389518 0.970858
4.369161 0.975862
4.354638 0.968075
4.319756 0.978855
4.300573 0.949433
4.277634 0.979265
4.264257 0.966029
4.255550 0.962562
4.220549 0.953109
4.204999 0.984004
4.185850 0.957090
4.171568 0.976531
4.155389 0.971621
4.143628 0.940386
4.128404 0.938112
4.110568 0.938895
4.090628 0.919926
4.055161 0.955417
4.041871 0.945769
4.037150 0.934550
4.028799 0.949539
4.002666 0.942387
