52 2064
39951970 40251970 978014 77203.843750 76641.695312 566254 489617.218750 76636.765625 206 2216604.545000
40251971 40551971 978045 76636.234375 76034.695312 566283 490253.312500 76029.695312 206 2197050.296000
40551972 40851972 977978 76165.921875 75579.000000 566230 490656.937500 75573.078125 206 2180684.691500
40851973 41151973 978012 75572.843750 75042.460938 566257 491219.687500 75037.304688 205 2155244.988000
41151974 41451974 978038 75240.304688 74679.921875 566264 491589.000000 74675.000000 206 2153620.044000
41451975 41751975 978016 74666.765625 74144.460938 566259 492120.312500 74138.695312 206 2139237.495000
41751976 42051976 978014 74122.304688 73512.539062 566245 492737.687500 73507.304688 206 2124731.977000
42051977 42351977 978042 73867.843750 73262.539062 566275 493017.937500 73257.078125 206 2114826.191000
42351978 42651978 977979 73517.539062 72960.617188 566232 493277.218750 72954.765625 206 2102352.695000
42651979 42951979 978039 73080.382812 72548.156250 566276 493733.156250 72542.843750 206 2088692.356500
42951980 43251980 978017 72677.921875 72142.617188 566248 494110.843750 72137.156250 206 2075889.745500
43251981 43551981 978018 72279.078125 71730.695312 566258 494533.375000 71724.617188 206 2065050.334500
43551982 43851982 978007 71897.156250 71386.382812 566251 494869.156250 71381.843750 206 2053699.907500
43851983 44151983 978007 70711.078125 70282.460938 566245 495966.687500 70278.304688 206 2018337.278000
44151984 44451984 978013 72155.539062 71334.617188 566260 494930.000000 71330.000000 205 2049220.712500
44451985 44751985 978037 71747.921875 70961.000000 566267 495312.937500 70954.078125 206 2048124.509000
44751986 45051986 978012 71280.539062 70525.539062 566253 495732.000000 70521.000000 206 2035901.991500
45051987 45351987 978011 71018.156250 70215.000000 566253 496043.531250 70209.460938 206 2025503.166000
45351988 45651988 978043 70553.304688 69895.539062 566272 496380.531250 69891.460938 206 2014222.167500
45651989 45951989 978013 70196.304688 69540.695312 566252 496715.531250 69536.460938 206 2003384.246000
45951990 46251990 978039 69794.078125 69165.000000 566273 497113.687500 69159.304688 206 1992518.885500
46251991 46551991 978019 69479.304688 68873.460938 566258 497389.218750 68868.765625 206 1982012.798500
46551992 46851992 978014 69225.617188 68602.000000 566253 497655.625000 68597.382812 206 1972510.057500
46851993 47151993 978035 68836.460938 68166.460938 566269 498107.218750 68161.765625 206 1960572.051000
47151994 47451994 978014 68426.078125 67767.765625 566251 498488.000000 67763.000000 206 1949786.907500
47451995 47751995 978015 68026.156250 67349.382812 566262 498917.625000 67344.382812 206 1939747.607500
47751996 48051996 978007 67632.765625 66977.382812 566248 499276.156250 66971.843750 205 1914076.149000
48051997 48351997 977985 67277.765625 66624.921875 566240 499620.000000 66620.000000 206 1912860.407000
48351998 48651998 978016 66787.304688 66152.078125 566255 500107.468750 66147.539062 206 1902058.507500
48651999 48951999 978044 66449.000000 65826.156250 566278 500475.937500 65802.078125 206 1887496.086000
48952000 49252000 978012 65951.000000 65308.617188 566252 500947.468750 65304.539062 207 1882272.439000
49252001 49552001 978038 65762.617188 65121.078125 566268 501150.625000 65117.382812 206 1867257.013000
49552002 49852002 978016 65512.078125 65220.152344 566255 501039.937500 65215.078125 206 1858597.436000
49852003 50152003 978014 65252.382812 64941.078125 566251 501314.843750 64936.152344 205 1843426.962000
50152004 50452004 978040 64746.000000 64471.769531 566273 501806.218750 64466.769531 206 1837581.006500
50452005 50752005 978018 64491.921875 64249.308594 566253 502008.625000 64244.382812 206 1829420.828000
50752006 51052006 978016 64169.000000 63888.921875 566257 502372.156250 63884.847656 206 1819662.800000
51052007 51352007 978041 64044.921875 63773.152344 566267 502498.312500 63768.691406 206 1813972.335000
51352008 51652008 978014 63836.078125 63540.230469 566257 502721.625000 63535.382812 206 1810268.529000
51652009 51952009 978004 63428.078125 63174.460938 566248 503076.781250 63171.230469 206 1795379.271000
51952010 52252010 978040 63007.847656 62726.691406 566272 503549.531250 62722.460938 206 1788764.404000
52252011 52552011 978016 62794.539062 62539.921875 566252 503716.625000 62535.382812 206 1780618.912500
52552012 52852012 978047 62592.078125 62311.078125 566270 503963.781250 62306.230469 206 1774543.225000
52852013 53152013 978015 62346.230469 62055.152344 566257 504206.843750 62050.152344 206 1767660.896000
53152014 53452014 978016 62388.460938 62126.078125 566249 504127.156250 62121.847656 205 1754101.374500
53452015 53752015 978041 61859.078125 61595.691406 566280 504688.375000 61591.617188 206 1756181.577500
53752016 54052016 978014 61701.000000 61460.152344 566247 504790.312500 61456.691406 206 1748594.694000
54052017 54352017 978012 61493.230469 61251.847656 566257 505009.312500 61247.691406 206 1740112.299000
54352018 54652018 978010 60972.152344 60712.921875 566255 505545.531250 60709.460938 206 1725025.138500
54652019 54952019 978007 60902.847656 60636.460938 566251 505618.843750 60632.152344 206 1719371.614500
54952020 55252020 978011 60802.617188 60543.000000 566254 505714.937500 60539.078125 206 1717363.185000
55252021 55552021 978045 60612.382812 60359.230469 566273 505917.156250 60355.847656 206 1713810.939500
