27 32
28993655 29022757 54030 115.538460 112.846153 54030 53917.152344 112.846153 133 115 97 99 124 93 95 73 94 141 137 131 135
29085431 29113142 51823 0.153846 0.000000 51823 51823.000000 0.000000 0 0 0 0 0 0 0 0 0 0 0 0 0
29124798 29153855 54347 0.230769 0.230769 54347 54346.769531 0.230769 1 0 0 0 0 1 0 0 0 0 0 1 0
29164077 29193219 54506 0.230769 0.230769 54506 54505.769531 0.230769 0 1 0 0 0 1 0 1 0 0 0 0 0
29204871 29232530 51741 0.846154 0.615385 51741 51740.382812 0.615385 2 1 0 0 1 1 0 0 1 0 1 1 0
29244189 29271909 51856 0.846154 0.846154 51856 51855.152344 0.846154 1 0 0 1 0 2 1 3 1 1 1 0 0
29283540 29312744 54620 5.000000 4.692307 54620 54615.308594 4.692307 9 2 5 4 4 4 6 7 4 2 2 5 7
29322884 29352006 54485 8.846154 8.692307 54485 54476.308594 8.692307 12 7 10 11 6 9 11 6 5 11 6 8 11
29363712 29391399 50446 18.461538 18.153847 50446 50427.847656 18.153847 20 18 18 7 15 17 17 12 16 26 23 27 20
29403052 29430658 50520 29.692308 29.153847 50520 50490.847656 29.153847 5 6 21 26 31 36 39 26 38 44 32 39 36
29443818 29471477 51705 54.384617 53.538460 51705 51651.460938 53.538460 80 65 65 68 68 65 78 68 41 46 51 0 1
29481691 29510893 54598 78.461540 77.153847 54598 54520.847656 77.153847 107 97 82 110 85 106 106 78 66 72 94 0 0
29523990 29553071 54387 96.076920 93.692307 54387 54293.308594 93.692307 122 92 119 97 120 136 160 102 79 96 94 1 0
29563249 29592421 54575 101.076920 99.000000 54575 54476.000000 99.000000 132 93 116 139 126 145 128 100 91 115 102 0 0
29604061 29631722 51745 95.692307 93.538460 51745 51651.460938 93.538460 109 100 124 105 110 128 148 101 92 105 93 0 1
29643371 29671070 51798 69.538460 68.384613 51798 51729.617188 68.384613 76 70 66 75 85 92 108 100 57 82 78 0 0
29682799 29711947 54515 53.076923 52.076923 54515 54462.921875 52.076923 62 68 57 70 67 81 72 60 37 63 38 1 1
29722081 29751224 54471 34.615383 33.923077 54471 54437.078125 33.923077 37 36 42 37 46 51 50 31 32 39 40 0 0
29762862 29790622 51878 18.384615 18.230770 51878 51859.769531 18.230770 27 13 20 23 25 23 23 30 15 22 16 0 0
29802216 29829947 51859 7.615385 7.461538 51859 51851.539062 7.461538 14 6 7 13 8 9 10 4 5 10 11 0 0
29841585 29870677 54411 3.384615 3.076923 54411 54407.921875 3.076923 5 4 3 1 5 4 3 5 3 2 5 0 0
29880897 29910007 54446 2.153846 2.000000 54446 54444.000000 2.000000 2 0 2 4 5 1 1 2 2 7 0 0 0
29921669 29949346 51775 0.769231 0.769231 51775 51774.230469 0.769231 1 1 1 1 2 1 0 1 1 0 1 0 0
29960993 29990197 54150 0.461538 0.230769 54150 54149.769531 0.230769 0 0 0 0 1 1 0 1 0 0 0 0 0
30000415 30029468 54351 0.076923 0.000000 54351 54351.000000 0.000000 0 0 0 0 0 0 0 0 0 0 0 0 0
30039676 30068823 54531 0.000000 0.000000 54531 54531.000000 0.000000 0 0 0 0 0 0 0 0 0 0 0 0 0
30131517 30159220 51825 75.384613 73.692307 51825 51751.308594 73.692307 0 0 108 109 108 98 109 82 120 103 120 1 0
