27 32
28993655 29022757 54017 90.153847 88.230766 54017 53928.769531 88.230766 82 76 92 81 86 94 106 111 58 60 74 117 110
29085431 29113142 51820 0.307692 0.153846 51820 51819.847656 0.153846 0 0 0 0 2 0 0 0 0 0 0 0 0
29124798 29153855 54342 0.153846 0.000000 54342 54342.000000 0.000000 0 0 0 0 0 0 0 0 0 0 0 0 0
29164077 29193219 54502 0.307692 0.076923 54502 54501.921875 0.076923 0 0 0 0 0 0 1 0 0 0 0 0 0
29204871 29232530 51739 0.538462 0.461538 51739 51738.539062 0.461538 0 0 1 1 0 0 2 2 0 0 0 0 0
29244189 29271909 51853 1.615385 1.461538 51853 51851.539062 1.461538 1 3 1 1 0 2 7 0 0 0 0 2 2
29283540 29312744 54617 3.384615 3.230769 54617 54613.769531 3.230769 8 4 3 3 5 3 3 4 0 0 0 4 5
29322884 29352006 54481 6.538462 6.230769 54481 54474.769531 6.230769 18 8 2 5 9 9 7 7 0 0 0 9 7
29363712 29391399 50430 15.076923 14.846154 50430 50415.152344 14.846154 19 22 11 14 12 15 22 21 3 4 7 24 19
29403052 29430658 50509 29.923077 29.384615 50509 50479.617188 29.384615 38 36 30 19 28 27 37 22 42 39 51 5 8
29443818 29471477 51701 51.923077 51.230770 51701 51649.769531 51.230770 0 1 56 56 66 69 61 50 50 64 60 68 65
29481691 29510893 54596 75.076920 73.538460 54596 54522.460938 73.538460 1 0 93 76 75 93 94 71 84 109 87 94 79
29523990 29553071 54385 95.769234 93.923080 54385 54291.078125 93.923080 0 0 121 94 101 113 150 124 92 113 119 125 69
29563249 29592421 54573 104.846153 102.538460 54573 54470.460938 102.538460 1 0 121 92 135 109 131 114 127 126 148 118 111
29604061 29631722 51742 90.846153 89.153847 51742 51652.847656 89.153847 0 0 97 101 91 132 131 90 77 118 116 103 103
29643371 29671070 51796 73.615387 72.153847 51796 51723.847656 72.153847 1 0 90 69 82 81 87 80 85 96 92 86 89
29682799 29711947 54514 54.692307 53.615383 54514 54460.382812 53.615383 0 0 51 62 72 87 50 55 51 70 76 62 61
29722081 29751224 54466 34.692307 34.230770 54466 54431.769531 34.230770 0 0 26 47 39 50 56 40 35 40 43 37 32
29762862 29790622 51871 18.461538 18.000000 51871 51853.000000 18.000000 0 0 18 11 16 25 19 24 18 30 22 27 24
29802216 29829947 51858 9.230769 8.692307 51858 51849.308594 8.692307 0 0 11 8 11 10 14 15 10 9 9 8 8
29841585 29870677 54409 3.538461 3.384615 54409 54405.617188 3.384615 0 0 3 6 2 6 3 5 0 6 7 2 4
29880897 29910007 54441 1.769231 1.615385 54441 54439.382812 1.615385 0 0 0 2 2 2 1 1 1 5 3 3 1
29921669 29949346 51773 1.000000 0.769231 51773 51772.230469 0.769231 0 0 0 0 1 1 2 0 0 1 1 2 2
29960993 29990197 54149 0.384615 0.307692 54149 54148.691406 0.307692 0 1 0 0 0 2 0 0 0 0 0 1 0
30000415 30029468 54349 0.230769 0.230769 54349 54348.769531 0.230769 0 0 0 0 0 0 0 1 1 0 1 0 0
30039676 30068823 54529 0.076923 0.000000 54529 54529.000000 0.000000 0 0 0 0 0 0 0 0 0 0 0 0 0
30131517 30159220 51822 121.769234 119.923080 51822 51702.078125 119.923080 132 128 105 113 97 120 133 117 111 143 140 102 118
