27 32
28993655 29022757 54020 92.000000 90.000000 54020 53930.000000 90.000000 127 125 45 34 58 114 139 98 81 109 108 77 55
29085431 29113142 51820 0.153846 0.076923 51820 51819.921875 0.076923 0 0 0 0 0 1 0 0 0 0 0 0 0
29124798 29153855 54342 0.153846 0.153846 54342 54341.847656 0.153846 1 0 0 0 0 0 0 1 0 0 0 0 0
29164077 29193219 54502 0.384615 0.307692 54502 54501.691406 0.307692 0 0 0 0 0 1 0 0 0 3 0 0 0
29204871 29232530 51739 0.384615 0.230769 51739 51738.769531 0.230769 1 0 0 0 0 0 1 0 0 1 0 0 0
29244189 29271909 51854 0.923077 0.923077 51854 51853.078125 0.923077 0 0 0 0 0 0 3 1 4 1 3 0 0
29283540 29312744 54617 3.000000 2.923077 54617 54614.078125 2.923077 5 4 0 0 0 4 5 5 7 4 4 0 0
29322884 29352006 54481 7.000000 6.846154 54481 54474.152344 6.846154 9 12 0 0 0 8 16 5 17 7 15 0 0
29363712 29391399 50433 12.692307 12.153846 50433 50420.847656 12.153846 23 18 7 8 4 10 21 15 10 16 17 2 7
29403052 29430658 50503 23.076923 22.461538 50503 50480.539062 22.461538 34 37 9 18 15 16 18 10 10 26 20 44 35
29443818 29471477 51700 58.538460 57.384617 51700 51642.617188 57.384617 57 58 50 40 59 58 84 54 56 63 66 48 53
29481691 29510893 54596 84.615387 83.000000 54596 54513.000000 83.000000 82 65 77 71 82 98 79 85 86 90 108 79 77
29523990 29553071 54386 112.000000 109.615387 54386 54276.382812 109.615387 131 103 110 87 103 121 132 101 115 118 114 102 88
29563249 29592421 54573 118.307693 115.769234 54573 54457.230469 115.769234 137 103 115 100 85 142 135 114 98 136 134 104 102
29604061 29631722 51743 104.615387 102.307693 51743 51640.691406 102.307693 107 84 98 91 123 105 112 99 76 123 141 91 80
29643371 29671070 51796 82.461540 81.461540 51796 51714.539062 81.461540 89 61 76 78 66 96 91 71 81 90 99 85 76
29682799 29711947 54514 64.538460 62.846153 54514 54451.152344 62.846153 70 58 63 50 58 83 56 52 60 78 87 57 45
29722081 29751224 54466 43.153847 41.923077 54466 54424.078125 41.923077 46 39 29 29 50 35 52 38 40 50 58 46 33
29762862 29790622 51871 20.923077 20.461538 51871 51850.539062 20.461538 19 30 19 10 19 18 20 22 19 15 29 22 24
29802216 29829947 51858 9.846154 9.692307 51858 51848.308594 9.692307 4 9 3 13 8 14 12 13 9 8 13 12 8
29841585 29870677 54409 4.076923 4.076923 54409 54404.921875 4.076923 1 3 3 2 3 4 3 6 7 5 2 6 8
29880897 29910007 54442 2.000000 1.846154 54442 54440.152344 1.846154 2 2 2 3 3 2 2 0 4 2 0 2 0
29921669 29949346 51774 0.538462 0.538462 51774 51773.460938 0.538462 1 1 1 1 0 0 0 0 0 2 1 0 0
29960993 29990197 54148 0.769231 0.461538 54148 54147.539062 0.461538 0 0 0 2 0 0 0 0 1 1 1 1 0
30000415 30029468 54350 0.230769 0.230769 54350 54349.769531 0.230769 0 0 0 0 0 0 1 0 1 1 0 0 0
30039676 30068823 54529 0.230769 0.000000 54529 54529.000000 0.000000 0 0 0 0 0 0 0 0 0 0 0 0 0
30131517 30159220 51822 117.615387 116.384613 51822 51705.617188 116.384613 133 123 101 98 109 115 137 101 117 123 134 126 96
