27 32
28993655 29022757 54015 113.461540 111.076920 54015 53903.921875 111.076920 123 108 71 77 84 128 141 111 91 134 133 136 107
29085431 29113142 51820 0.384615 0.230769 51820 51819.769531 0.230769 0 0 1 0 1 0 0 0 0 0 0 0 1
29124798 29153855 54342 0.153846 0.076923 54342 54341.921875 0.076923 0 1 0 0 0 0 0 0 0 0 0 0 0
29164077 29193219 54502 0.769231 0.615385 54502 54501.382812 0.615385 0 1 1 1 0 1 1 0 0 1 1 1 0
29204871 29232530 51738 0.538462 0.538462 51738 51737.460938 0.538462 0 2 0 0 1 0 0 0 0 1 1 0 2
29244189 29271909 51853 1.769231 1.615385 51853 51851.382812 1.615385 4 1 0 1 3 1 3 0 0 3 3 1 1
29283540 29312744 54617 5.615385 5.615385 54617 54611.382812 5.615385 7 2 4 4 2 6 8 7 6 4 13 10 0
29322884 29352006 54481 11.384615 10.846154 54481 54470.152344 10.846154 12 11 11 11 6 12 15 15 6 15 13 6 8
29363712 29391399 50427 20.153847 19.769230 50427 50407.230469 19.769230 18 19 14 22 16 19 25 18 22 20 17 22 25
29403052 29430658 50513 31.000000 30.538462 50513 50482.460938 30.538462 21 24 32 22 38 35 36 35 30 28 21 41 34
29443818 29471477 51701 51.230770 49.923077 51701 51651.078125 49.923077 57 41 44 55 54 75 70 48 57 73 75 0 0
29481691 29510893 54596 75.692307 73.923080 54596 54522.078125 73.923080 96 56 81 80 82 88 114 95 84 82 103 0 0
29523990 29553071 54385 96.923080 94.692307 54385 54290.308594 94.692307 93 84 92 97 115 109 120 113 128 133 146 0 1
29563249 29592421 54573 101.230766 98.846153 54573 54474.152344 98.846153 107 80 91 98 122 131 133 111 115 144 153 0 0
29604061 29631722 51742 85.615387 84.307693 51742 51657.691406 84.307693 91 75 95 117 107 87 101 94 93 133 103 0 0
29643371 29671070 51796 78.692307 76.923080 51796 51719.078125 76.923080 82 66 96 93 82 102 98 81 88 87 124 0 1
29682799 29711947 54514 57.615383 56.076923 54514 54457.921875 56.076923 57 60 63 71 48 73 71 58 71 77 79 1 0
29722081 29751224 54465 35.000000 34.692307 54465 54430.308594 34.692307 45 42 35 40 30 50 41 33 35 53 47 0 0
29762862 29790622 51872 18.923077 18.307692 51872 51853.691406 18.307692 27 18 22 18 19 21 23 19 20 37 14 0 0
29802216 29829947 51857 7.692307 7.230769 51857 51849.769531 7.230769 11 8 4 7 10 8 8 7 8 9 13 0 1
29841585 29870677 54409 3.692308 3.538461 54409 54405.460938 3.538461 7 6 4 1 5 4 4 2 5 3 5 0 0
29880897 29910007 54441 1.307692 1.153846 54441 54439.847656 1.153846 3 1 0 1 1 1 1 2 2 1 2 0 0
29921669 29949346 51771 0.384615 0.307692 51771 51770.691406 0.307692 1 0 0 1 0 0 1 0 0 0 1 0 0
29960993 29990197 54149 0.538462 0.384615 54149 54148.617188 0.384615 1 0 0 0 1 1 0 1 0 0 1 0 0
30000415 30029468 54349 0.230769 0.076923 54349 54348.921875 0.076923 0 0 0 0 0 1 0 0 0 0 0 0 0
30039676 30068823 54529 0.153846 0.153846 54529 54528.847656 0.153846 0 0 0 0 0 0 0 0 1 0 1 0 0
30131517 30159220 51821 91.076920 89.538460 51821 51731.460938 89.538460 91 81 89 78 98 120 122 107 111 128 138 0 1
