27 32
28993655 29022757 54020 115.923080 114.000000 54020 53906.000000 114.000000 130 125 104 81 82 134 118 100 124 141 143 107 93
29085431 29113142 51821 0.230769 0.153846 51821 51820.847656 0.153846 0 0 0 0 0 0 0 0 0 0 2 0 0
29124798 29153855 54343 0.153846 0.153846 54343 54342.847656 0.153846 0 0 0 0 0 0 0 0 1 1 0 0 0
29164077 29193219 54502 0.384615 0.230769 54502 54501.769531 0.230769 0 0 1 0 0 0 0 0 1 0 0 0 1
29204871 29232530 51741 0.692308 0.538462 51741 51740.460938 0.538462 1 0 0 1 0 1 1 0 1 0 0 2 0
29244189 29271909 51854 1.846154 1.692308 51854 51852.308594 1.692308 0 1 2 0 3 2 2 2 2 0 1 5 2
29283540 29312744 54616 4.538462 4.307693 54616 54611.691406 4.307693 9 5 3 3 8 4 1 2 3 7 4 6 1
29322884 29352006 54482 10.230769 9.923077 54482 54472.078125 9.923077 12 11 8 10 9 9 12 6 9 8 16 6 13
29363712 29391399 50450 18.692308 18.000000 50450 50432.000000 18.000000 20 14 14 19 21 22 27 20 18 15 18 13 13
29403052 29430658 50487 37.461540 36.769230 50487 50450.230469 36.769230 39 33 36 39 33 40 30 22 40 38 48 34 46
29443818 29471477 51703 47.538460 46.615383 51703 51656.382812 46.615383 78 51 43 50 72 74 53 53 0 0 0 80 52
29481691 29510893 54595 73.846153 72.384613 54595 54522.617188 72.384613 85 102 86 78 86 87 98 86 0 0 0 121 112
29523990 29553071 54387 86.307693 84.846153 54387 54302.152344 84.846153 136 111 93 89 110 118 119 103 0 0 0 127 97
29563249 29592421 54572 94.461540 92.461540 54572 54479.539062 92.461540 120 115 99 126 126 118 146 99 0 0 0 135 118
29604061 29631722 51742 83.307693 81.615387 51742 51660.382812 81.615387 108 91 104 87 99 105 130 98 0 0 1 120 118
29643371 29671070 51795 68.846153 67.461540 51795 51727.539062 67.461540 105 94 70 76 88 85 84 82 0 0 0 116 77
29682799 29711947 54513 48.230770 46.769230 54513 54466.230469 46.769230 74 62 50 50 60 61 69 53 0 0 0 65 64
29722081 29751224 54466 28.153847 27.615385 54466 54438.382812 27.615385 39 34 30 29 32 35 39 33 0 0 0 43 45
29762862 29790622 51872 17.153847 16.538462 51872 51855.460938 16.538462 30 19 25 15 24 19 22 14 0 0 0 25 22
29802216 29829947 51858 7.538462 7.230769 51858 51850.769531 7.230769 12 12 9 9 8 11 11 8 0 0 0 6 8
29841585 29870677 54408 4.076923 3.846154 54408 54404.152344 3.846154 2 6 3 6 2 4 7 2 0 0 0 8 10
29880897 29910007 54443 1.384615 1.307692 54443 54441.691406 1.307692 2 3 2 2 2 0 3 0 0 0 1 2 0
29921669 29949346 51774 0.692308 0.692308 51774 51773.308594 0.692308 0 0 0 1 2 0 0 3 0 0 0 0 3
29960993 29990197 54147 0.230769 0.153846 54147 54146.847656 0.153846 0 0 0 0 1 1 0 0 0 0 0 0 0
30000415 30029468 54350 0.076923 0.000000 54350 54350.000000 0.000000 0 0 0 0 0 0 0 0 0 0 0 0 0
30039676 30068823 54529 0.153846 0.153846 54529 54528.847656 0.153846 0 0 0 1 1 0 0 0 0 0 0 0 0
30131517 30159220 51822 101.923080 99.846153 51822 51722.152344 99.846153 135 152 65 64 73 90 94 78 75 94 89 157 132
