27 32
28993655 29022757 54023 131.000000 127.615387 54023 53895.382812 127.615387 136 123 113 108 114 150 153 128 117 132 149 135 101
29085431 29113142 51821 0.153846 0.076923 51821 51820.921875 0.076923 1 0 0 0 0 0 0 0 0 0 0 0 0
29124798 29153855 54343 0.076923 0.076923 54343 54342.921875 0.076923 0 0 0 0 0 0 0 0 0 1 0 0 0
29164077 29193219 54501 0.384615 0.307692 54501 54500.691406 0.307692 0 0 2 0 0 0 0 0 0 1 1 0 0
29204871 29232530 51740 0.692308 0.538462 51740 51739.460938 0.538462 0 0 0 1 1 0 0 0 1 1 1 0 2
29244189 29271909 51854 1.307692 1.307692 51854 51852.691406 1.307692 1 0 1 1 0 3 2 0 2 1 5 1 0
29283540 29312744 54616 4.230769 4.000000 54616 54612.000000 4.000000 3 1 3 4 4 5 6 3 5 2 5 8 3
29322884 29352006 54482 11.000000 10.769231 54482 54471.230469 10.769231 10 9 6 15 11 11 12 10 5 16 10 10 15
29363712 29391399 50447 18.769230 18.153847 50447 50428.847656 18.153847 17 18 18 19 16 17 19 15 27 12 18 23 17
29403052 29430658 50471 29.615385 28.461538 50471 50442.539062 28.461538 35 35 12 15 14 39 43 36 20 17 20 47 37
29443818 29471477 51703 39.461540 38.538460 51703 51664.460938 38.538460 93 69 0 1 0 0 1 1 61 68 74 72 61
29481691 29510893 54596 56.769230 55.846153 54596 54540.152344 55.846153 110 109 1 1 0 0 1 0 93 89 113 90 119
29523990 29553071 54386 74.307693 73.000000 54386 54313.000000 73.000000 138 147 0 0 1 0 0 0 123 133 154 133 120
29563249 29592421 54572 75.076920 73.076920 54572 54498.921875 73.076920 171 129 1 0 0 0 0 0 107 135 138 160 109
29604061 29631722 51742 66.384613 65.076920 51742 51676.921875 65.076920 148 120 0 0 0 0 0 0 104 115 119 121 119
29643371 29671070 51795 53.230770 52.076923 51795 51742.921875 52.076923 107 81 0 0 0 0 0 0 83 97 100 114 95
29682799 29711947 54513 40.615383 39.923077 54513 54473.078125 39.923077 84 64 0 0 0 0 0 0 65 75 92 70 69
29722081 29751224 54466 23.230770 22.538462 54466 54443.460938 22.538462 50 41 0 0 0 0 0 0 36 48 40 42 36
29762862 29790622 51871 12.615385 12.230769 51871 51858.769531 12.230769 26 26 0 0 0 0 0 0 17 22 18 26 24
29802216 29829947 51858 5.230769 4.923077 51858 51853.078125 4.923077 11 10 0 0 0 0 0 0 6 8 9 10 10
29841585 29870677 54408 2.615385 2.538461 54408 54405.460938 2.538461 6 6 0 0 0 0 0 0 4 3 8 2 4
29880897 29910007 54443 0.923077 0.846154 54443 54442.152344 0.846154 0 1 0 0 0 0 0 0 3 1 2 1 3
29921669 29949346 51774 0.769231 0.692308 51774 51773.308594 0.692308 0 1 0 0 0 0 0 0 1 2 2 2 1
29960993 29990197 54148 0.307692 0.153846 54148 54147.847656 0.153846 1 1 0 0 0 0 0 0 0 0 0 0 0
30000415 30029468 54350 0.384615 0.230769 54350 54349.769531 0.230769 0 0 0 0 1 0 1 0 0 0 1 0 0
30039676 30068823 54529 0.307692 0.153846 54529 54528.847656 0.153846 0 0 0 0 1 0 1 0 0 0 0 0 0
30131517 30159220 51822 112.461540 110.538460 51822 51711.460938 110.538460 118 112 91 87 102 96 109 96 124 124 128 140 110
