27 32
28993655 29022757 54026 105.076920 102.769234 54026 53923.230469 102.769234 135 102 98 98 95 53 67 55 107 124 146 145 111
29085431 29113142 51821 0.076923 0.076923 51821 51820.921875 0.076923 0 0 0 0 1 0 0 0 0 0 0 0 0
29124798 29153855 54343 0.230769 0.230769 54343 54342.769531 0.230769 0 0 0 1 0 0 0 1 0 0 0 1 0
29164077 29193219 54502 0.307692 0.230769 54502 54501.769531 0.230769 0 0 0 0 0 0 0 0 0 0 3 0 0
29204871 29232530 51740 0.461538 0.461538 51740 51739.539062 0.461538 1 2 0 0 1 0 0 0 0 0 0 1 1
29244189 29271909 51854 1.307692 1.230769 51854 51852.769531 1.230769 0 3 0 1 1 0 0 0 2 3 2 3 1
29283540 29312744 54616 3.153846 3.153846 54616 54612.847656 3.153846 5 4 2 3 3 0 0 0 2 10 4 4 4
29322884 29352006 54482 7.307693 6.846154 54482 54475.152344 6.846154 11 10 9 4 10 0 0 0 3 11 12 12 7
29363712 29391399 50445 16.153847 15.692307 50445 50429.308594 15.692307 21 21 8 17 26 7 6 5 15 18 27 15 18
29403052 29430658 50476 31.538462 30.769230 50476 50445.230469 30.769230 30 20 28 22 27 37 41 30 30 35 45 31 24
29443818 29471477 51703 57.769230 56.846153 51703 51646.152344 56.846153 79 86 67 59 66 59 58 63 64 68 69 0 1
29481691 29510893 54595 86.615387 84.846153 54595 54510.152344 84.846153 110 91 90 76 87 103 107 88 105 121 125 0 0
29523990 29553071 54387 101.538460 99.076920 54387 54287.921875 99.076920 163 125 112 112 101 136 110 115 100 101 112 1 0
29563249 29592421 54572 114.153847 111.538460 54572 54460.460938 111.538460 169 151 117 106 122 145 127 101 109 138 163 0 2
29604061 29631722 51742 98.230766 96.000000 51742 51646.000000 96.000000 132 148 94 96 99 123 125 93 107 121 109 1 0
29643371 29671070 51795 81.076920 78.769234 51795 51716.230469 78.769234 106 99 83 89 99 84 101 90 95 92 86 0 0
29682799 29711947 54513 59.000000 58.076923 54513 54454.921875 58.076923 75 68 48 56 72 78 80 66 68 71 73 0 0
29722081 29751224 54466 34.000000 33.230770 54466 54432.769531 33.230770 36 36 48 33 36 43 45 34 37 40 42 2 0
29762862 29790622 51872 19.923077 19.615385 51872 51852.382812 19.615385 30 17 24 20 20 22 21 16 26 25 34 0 0
29802216 29829947 51858 7.615385 7.461538 51858 51850.539062 7.461538 8 11 7 11 9 9 10 7 8 5 12 0 0
29841585 29870677 54408 3.538461 3.384615 54408 54404.617188 3.384615 5 3 4 6 3 6 1 4 3 4 5 0 0
29880897 29910007 54443 1.384615 1.307692 54443 54441.691406 1.307692 3 3 3 1 1 0 0 3 0 3 0 0 0
29921669 29949346 51774 0.923077 0.846154 51774 51773.152344 0.846154 2 0 1 2 0 0 1 1 1 2 1 0 0
29960993 29990197 54148 0.230769 0.076923 54148 54147.921875 0.076923 0 0 0 0 0 0 0 0 1 0 0 0 0
30000415 30029468 54350 0.384615 0.307692 54350 54349.691406 0.307692 0 0 0 1 1 0 0 0 0 2 0 0 0
30039676 30068823 54529 0.153846 0.076923 54529 54528.921875 0.076923 0 0 0 0 0 0 0 0 0 0 1 0 0
30131517 30159220 51822 87.307693 85.153847 51822 51736.847656 85.153847 115 85 96 92 101 95 106 100 95 101 121 0 0
