27 32
28993655 29022757 54010 107.076920 104.461540 54010 53905.539062 104.461540 120 97 110 114 109 114 116 86 73 68 73 142 136
29085431 29113142 51819 0.153846 0.076923 51819 51818.921875 0.076923 0 0 0 0 0 0 0 0 1 0 0 0 0
29124798 29153855 54341 0.230769 0.076923 54341 54340.921875 0.076923 0 0 0 0 0 0 0 0 0 0 1 0 0
29164077 29193219 54502 0.076923 0.000000 54502 54502.000000 0.000000 0 0 0 0 0 0 0 0 0 0 0 0 0
29204871 29232530 51739 0.769231 0.692308 51739 51738.308594 0.692308 1 1 0 0 0 0 3 0 0 0 1 3 0
29244189 29271909 51853 1.846154 1.846154 51853 51851.152344 1.846154 2 0 3 2 1 2 3 2 3 0 3 3 0
29283540 29312744 54617 4.000000 3.923077 54617 54613.078125 3.923077 1 6 2 3 4 6 6 6 2 5 2 6 2
29322884 29352006 54481 11.692307 11.384615 54481 54469.617188 11.384615 10 13 8 9 14 13 12 8 6 11 14 18 12
29363712 29391399 50431 19.230770 18.923077 50431 50412.078125 18.923077 17 16 15 16 20 16 19 20 20 30 10 21 26
29403052 29430658 50517 37.461540 36.384617 50517 50480.617188 36.384617 49 35 17 36 40 32 47 25 37 41 42 41 31
29443818 29471477 51701 68.538460 67.384613 51701 51633.617188 67.384613 61 54 56 56 53 80 90 72 67 70 73 71 73
29481691 29510893 54596 102.230766 99.615387 54596 54496.382812 99.615387 102 74 77 102 106 105 130 87 87 112 107 109 97
29523990 29553071 54385 132.307693 129.846161 54385 54255.152344 129.846161 122 104 133 107 125 144 160 117 114 157 143 140 122
29563249 29592421 54573 136.615387 133.769226 54573 54439.230469 133.769226 104 102 130 143 136 162 160 119 112 157 139 145 130
29604061 29631722 51742 119.153847 117.538460 51742 51624.460938 117.538460 105 111 101 136 113 150 134 107 92 118 118 138 105
29643371 29671070 51795 99.153847 97.461540 51795 51697.539062 97.461540 82 88 99 85 90 118 101 112 95 103 112 91 91
29682799 29711947 54514 68.307693 67.153847 54514 54446.847656 67.153847 69 52 63 63 59 78 67 63 69 78 74 85 53
29722081 29751224 54465 42.307693 41.615383 54465 54423.382812 41.615383 39 34 38 42 44 25 50 37 43 49 53 46 41
29762862 29790622 51872 20.846153 20.384615 51872 51851.617188 20.384615 21 17 20 18 21 23 17 23 20 23 27 18 17
29802216 29829947 51857 11.076923 10.769231 51857 51846.230469 10.769231 14 6 11 6 5 12 9 8 12 18 16 14 9
29841585 29870677 54409 5.153846 5.076923 54409 54403.921875 5.076923 4 10 4 0 7 8 2 8 2 4 7 4 6
29880897 29910007 54441 1.076923 1.000000 54441 54440.000000 1.000000 1 0 0 1 2 0 1 2 1 0 1 1 3
29921669 29949346 51770 1.000000 1.000000 51770 51769.000000 1.000000 3 0 1 0 2 1 2 1 1 1 1 0 0
29960993 29990197 54149 0.538462 0.384615 54149 54148.617188 0.384615 1 0 0 0 0 0 0 0 0 2 0 1 1
30000415 30029468 54349 0.076923 0.000000 54349 54349.000000 0.000000 0 0 0 0 0 0 0 0 0 0 0 0 0
30039676 30068823 54527 0.153846 0.076923 54527 54526.921875 0.076923 0 0 0 0 0 0 0 0 0 0 0 0 1
30131517 30159220 51821 128.000000 125.307693 51821 51695.691406 125.307693 137 128 130 103 107 123 132 109 116 152 159 125 108
