27 32
28993655 29022757 54018 106.538460 104.000000 54018 53914.000000 104.000000 98 92 97 82 115 106 115 103 107 104 141 111 81
29085431 29113142 51820 0.384615 0.307692 51820 51819.691406 0.307692 0 0 0 1 0 0 1 1 1 0 0 0 0
29124798 29153855 54342 0.538462 0.384615 54342 54341.617188 0.384615 1 0 0 1 0 1 0 0 0 0 0 2 0
29164077 29193219 54502 0.230769 0.230769 54502 54501.769531 0.230769 0 0 0 0 0 0 0 0 2 0 0 1 0
29204871 29232530 51739 0.846154 0.692308 51739 51738.308594 0.692308 0 0 0 1 2 0 0 1 1 1 2 0 1
29244189 29271909 51854 1.846154 1.692308 51854 51852.308594 1.692308 0 2 4 1 0 3 2 0 1 1 3 3 2
29283540 29312744 54617 4.384615 4.307693 54617 54612.691406 4.307693 7 7 7 5 2 3 4 2 3 4 3 6 3
29322884 29352006 54481 9.461538 9.153846 54481 54471.847656 9.153846 4 5 13 9 11 10 6 12 6 10 14 11 8
29363712 29391399 50424 17.923077 17.384615 50424 50406.617188 17.384615 23 14 16 10 14 15 25 15 17 23 18 17 19
29403052 29430658 50495 38.538460 37.461540 50495 50457.539062 37.461540 41 28 38 36 27 47 34 23 27 50 53 41 42
29443818 29471477 51700 59.307693 57.769230 51700 51642.230469 57.769230 67 51 49 47 67 51 43 60 70 61 75 61 49
29481691 29510893 54596 89.538460 88.307693 54596 54507.691406 88.307693 96 78 74 65 65 92 91 68 97 117 113 99 93
29523990 29553071 54385 108.846153 107.076920 54385 54277.921875 107.076920 105 114 93 85 97 104 91 85 118 137 132 126 105
29563249 29592421 54573 117.384613 115.384613 54573 54457.617188 115.384613 128 127 101 84 86 123 102 110 124 120 149 134 112
29604061 29631722 51743 104.384613 102.615387 51743 51640.382812 102.615387 114 113 84 69 98 87 100 81 109 145 115 108 111
29643371 29671070 51796 80.307693 78.615387 51796 51717.382812 78.615387 74 72 60 47 72 65 92 70 94 110 109 76 81
29682799 29711947 54514 61.769230 60.615383 54514 54453.382812 60.615383 68 58 44 59 53 66 62 49 48 72 80 66 63
29722081 29751224 54466 38.000000 37.384617 54466 54428.617188 37.384617 34 30 29 37 33 40 34 24 38 55 42 50 40
29762862 29790622 51871 20.307692 19.692308 51871 51851.308594 19.692308 23 22 24 18 12 26 13 13 20 19 26 23 17
29802216 29829947 51858 10.384615 9.923077 51858 51848.078125 9.923077 13 10 13 9 8 10 10 9 6 11 8 14 8
29841585 29870677 54409 3.692308 3.615385 54409 54405.382812 3.615385 3 3 2 5 7 1 3 5 2 5 6 3 2
29880897 29910007 54442 1.307692 1.230769 54442 54440.769531 1.230769 1 2 0 2 2 1 1 0 1 1 2 2 1
29921669 29949346 51774 0.461538 0.461538 51774 51773.539062 0.461538 0 1 1 0 2 0 1 0 1 0 0 0 0
29960993 29990197 54148 0.307692 0.153846 54148 54147.847656 0.153846 0 1 0 0 0 0 0 0 0 0 0 1 0
30000415 30029468 54349 0.307692 0.230769 54349 54348.769531 0.230769 0 2 0 0 0 1 0 0 0 0 0 0 0
30039676 30068823 54529 0.076923 0.076923 54529 54528.921875 0.076923 0 0 0 0 0 0 1 0 0 0 0 0 0
30131517 30159220 51822 36.461540 35.538460 51822 51786.460938 35.538460 104 113 0 0 2 0 0 0 0 0 0 129 114
