27 32
28993655 29022757 54022 104.000000 102.000000 54022 53920.000000 102.000000 137 105 102 102 104 121 124 92 45 59 52 161 122
29085431 29113142 51820 0.230769 0.076923 51820 51819.921875 0.076923 1 0 0 0 0 0 0 0 0 0 0 0 0
29124798 29153855 54343 0.230769 0.000000 54343 54343.000000 0.000000 0 0 0 0 0 0 0 0 0 0 0 0 0
29164077 29193219 54501 0.153846 0.153846 54501 54500.847656 0.153846 0 0 0 0 0 1 1 0 0 0 0 0 0
29204871 29232530 51740 0.769231 0.692308 51740 51739.308594 0.692308 1 0 2 0 0 1 2 2 0 0 0 0 1
29244189 29271909 51854 1.538462 1.461538 51854 51852.539062 1.461538 2 1 3 0 4 1 2 2 0 0 0 2 2
29283540 29312744 54616 2.923077 2.769231 54616 54613.230469 2.769231 3 4 2 2 5 3 6 1 0 0 0 6 4
29322884 29352006 54482 7.384615 7.153846 54482 54474.847656 7.153846 7 9 11 10 6 15 11 8 0 0 0 10 6
29363712 29391399 50440 15.307693 15.000000 50440 50425.000000 15.000000 11 25 8 14 16 30 21 14 3 10 6 14 23
29403052 29430658 50469 35.461540 34.307693 50469 50434.691406 34.307693 44 40 24 27 29 33 49 24 39 43 39 36 19
29443818 29471477 51703 37.230770 36.461540 51703 51666.539062 36.461540 1 0 49 47 48 61 61 55 0 0 0 79 73
29481691 29510893 54596 55.923077 54.307693 54596 54541.691406 54.307693 1 0 78 77 75 95 92 58 0 1 1 122 106
29523990 29553071 54386 67.153847 65.846153 54386 54320.152344 65.846153 0 1 83 75 106 105 126 83 1 0 0 145 131
29563249 29592421 54572 72.769234 70.769234 54572 54501.230469 70.769234 0 0 94 94 106 117 119 102 1 1 1 159 126
29604061 29631722 51742 60.461540 59.153847 51742 51682.847656 59.153847 0 1 78 68 92 95 112 79 0 0 0 133 111
29643371 29671070 51795 51.076923 50.384617 51795 51744.617188 50.384617 0 0 61 67 81 82 73 62 0 0 0 118 111
29682799 29711947 54513 36.153847 35.076923 54513 54477.921875 35.076923 1 0 40 48 57 50 61 53 0 2 1 74 69
29722081 29751224 54466 25.538462 25.153847 54466 54440.847656 25.153847 1 0 29 36 29 46 57 36 1 0 0 59 33
29762862 29790622 51871 12.923077 12.615385 51871 51858.382812 12.615385 0 0 20 17 25 25 20 17 0 0 0 19 21
29802216 29829947 51858 5.538462 5.384615 51858 51852.617188 5.384615 0 0 8 11 9 6 6 11 0 0 0 9 10
29841585 29870677 54408 2.384615 2.230769 54408 54405.769531 2.230769 0 0 2 4 3 1 4 9 0 0 0 3 3
29880897 29910007 54443 1.000000 0.923077 54443 54442.078125 0.923077 0 0 1 1 2 0 4 1 0 0 0 1 2
29921669 29949346 51774 0.461538 0.461538 51774 51773.539062 0.461538 0 0 2 1 0 3 0 0 0 0 0 0 0
29960993 29990197 54148 0.153846 0.153846 54148 54147.847656 0.153846 0 0 0 0 0 0 0 1 0 0 0 0 1
30000415 30029468 54350 0.000000 0.000000 54350 54350.000000 0.000000 0 0 0 0 0 0 0 0 0 0 0 0 0
30039676 30068823 54529 0.076923 0.000000 54529 54529.000000 0.000000 0 0 0 0 0 0 0 0 0 0 0 0 0
30131517 30159220 51822 37.076923 36.461540 51822 51785.539062 36.461540 105 98 1 0 0 0 0 0 0 0 0 139 131
