27 32
28993655 29022757 54020 120.153847 117.615387 54020 53902.382812 117.615387 138 119 83 104 94 126 98 89 122 138 166 142 110
29085431 29113142 51821 0.153846 0.153846 51821 51820.847656 0.153846 0 0 1 0 0 0 0 0 1 0 0 0 0
29124798 29153855 54343 0.384615 0.307692 54343 54342.691406 0.307692 1 1 0 0 0 0 0 0 0 2 0 0 0
29164077 29193219 54503 0.307692 0.153846 54503 54502.847656 0.153846 0 0 0 0 0 0 1 0 0 0 0 1 0
29204871 29232530 51741 0.615385 0.615385 51741 51740.382812 0.615385 0 2 1 0 1 0 1 1 0 0 2 0 0
29244189 29271909 51854 1.538462 1.538462 51854 51852.460938 1.538462 4 0 0 1 2 0 1 3 3 0 1 3 2
29283540 29312744 54616 5.307693 4.846154 54616 54611.152344 4.846154 8 7 4 2 5 6 4 1 7 1 10 5 3
29322884 29352006 54482 10.538462 10.307693 54482 54471.691406 10.307693 14 14 7 7 15 10 7 9 12 11 15 4 9
29363712 29391399 50445 19.923077 19.615385 50445 50425.382812 19.615385 21 12 14 15 15 21 22 15 22 28 36 22 12
29403052 29430658 50494 31.076923 30.307692 50494 50463.691406 30.307692 34 34 25 24 31 25 16 23 31 48 43 27 33
29443818 29471477 51704 64.307693 62.846153 51704 51641.152344 62.846153 56 46 54 55 68 73 88 51 68 66 71 59 62
29481691 29510893 54595 96.615387 94.769234 54595 54500.230469 94.769234 80 75 70 93 101 90 113 102 93 133 92 90 100
29523990 29553071 54388 123.153847 120.153847 54388 54267.847656 120.153847 104 101 97 118 115 124 146 111 118 134 144 135 115
29563249 29592421 54572 134.076920 131.538467 54572 54440.460938 131.538467 115 110 118 106 131 154 146 124 129 153 144 153 127
29604061 29631722 51744 116.615387 114.692307 51744 51629.308594 114.692307 116 88 101 115 112 103 127 111 108 137 140 142 91
29643371 29671070 51796 93.230766 90.769234 51796 51705.230469 90.769234 89 73 80 90 86 96 103 85 84 97 119 100 78
29682799 29711947 54513 74.076920 72.000000 54513 54441.000000 72.000000 69 54 62 76 77 76 96 61 67 65 78 91 64
29722081 29751224 54466 41.153847 40.153847 54466 54425.847656 40.153847 45 28 23 45 39 33 39 40 42 50 49 48 41
29762862 29790622 51874 22.000000 21.384615 51874 51852.617188 21.384615 20 23 20 15 23 27 24 16 19 23 27 20 21
29802216 29829947 51858 9.692307 9.384615 51858 51848.617188 9.384615 11 7 10 15 4 7 11 13 7 6 12 11 8
29841585 29870677 54409 4.846154 4.692307 54409 54404.308594 4.692307 4 1 5 3 7 3 5 4 10 7 4 4 4
29880897 29910007 54443 1.153846 1.000000 54443 54442.000000 1.000000 2 1 0 0 0 1 3 0 0 2 2 1 1
29921669 29949346 51774 0.846154 0.615385 51774 51773.382812 0.615385 2 1 0 0 0 0 0 1 2 0 0 2 0
29960993 29990197 54148 0.307692 0.230769 54148 54147.769531 0.230769 0 1 0 0 0 1 0 0 0 1 0 0 0
30000415 30029468 54350 0.230769 0.153846 54350 54349.847656 0.153846 1 0 0 0 0 0 0 0 0 0 0 1 0
30039676 30068823 54529 0.307692 0.230769 54529 54528.769531 0.230769 1 0 0 0 0 0 1 0 0 1 0 0 0
30131517 30159220 51822 112.538460 110.230766 51822 51711.769531 110.230766 98 84 99 74 92 114 156 78 130 133 129 121 125
