27 32
28993655 29022757 54033 117.307693 114.384613 54033 53918.617188 114.384613 112 111 109 96 121 94 101 83 126 118 130 156 130
29085431 29113142 51820 0.153846 0.076923 51820 51819.921875 0.076923 0 0 0 0 0 1 0 0 0 0 0 0 0
29124798 29153855 54343 0.230769 0.076923 54343 54342.921875 0.076923 0 0 0 0 0 0 0 0 1 0 0 0 0
29164077 29193219 54504 0.153846 0.000000 54504 54504.000000 0.000000 0 0 0 0 0 0 0 0 0 0 0 0 0
29204871 29232530 51741 0.461538 0.230769 51741 51740.769531 0.230769 0 0 0 0 1 0 0 0 1 0 1 0 0
29244189 29271909 51855 1.153846 1.076923 51855 51853.921875 1.076923 1 1 0 1 0 1 1 0 2 2 0 4 1
29283540 29312744 54616 3.923077 3.769231 54616 54612.230469 3.769231 3 1 2 1 0 3 6 5 2 6 8 5 7
29322884 29352006 54483 9.461538 9.076923 54483 54473.921875 9.076923 7 13 8 6 8 6 4 5 12 12 13 17 7
29363712 29391399 50446 19.230770 18.769230 50446 50427.230469 18.769230 20 16 13 20 13 18 18 11 21 21 21 35 17
29403052 29430658 50504 33.538460 33.000000 50504 50471.000000 33.000000 30 23 41 26 28 22 28 25 38 40 51 35 42
29443818 29471477 51704 60.769230 59.923077 51704 51644.078125 59.923077 69 61 38 51 62 72 65 61 54 71 63 62 50
29481691 29510893 54595 90.538460 88.846153 54595 54506.152344 88.846153 104 71 85 75 82 98 92 82 88 98 103 85 92
29523990 29553071 54388 105.230766 103.384613 54388 54284.617188 103.384613 122 103 85 77 89 121 121 99 90 107 127 95 108
29563249 29592421 54573 115.076920 112.307693 54573 54460.691406 112.307693 124 121 92 86 124 114 114 103 97 117 107 166 95
29604061 29631722 51744 101.384613 99.230766 51744 51644.769531 99.230766 116 96 85 98 87 102 110 105 84 102 110 111 84
29643371 29671070 51797 82.000000 80.230766 51797 51716.769531 80.230766 104 98 65 63 73 86 90 78 59 91 80 86 70
29682799 29711947 54513 67.000000 65.307693 54513 54447.691406 65.307693 73 70 44 61 63 53 70 64 64 65 72 87 63
29722081 29751224 54467 43.615383 42.692307 54467 54424.308594 42.692307 44 37 33 44 34 54 37 37 44 51 45 43 52
29762862 29790622 51874 23.153847 22.769230 51874 51851.230469 22.769230 30 26 22 15 25 25 20 17 15 33 25 24 19
29802216 29829947 51857 9.000000 8.538462 51857 51848.460938 8.538462 8 9 11 4 9 5 13 9 3 13 11 8 8
29841585 29870677 54409 4.615385 4.307693 54409 54404.691406 4.307693 8 2 2 4 3 3 9 3 5 7 3 6 1
29880897 29910007 54444 1.923077 1.692308 54444 54442.308594 1.692308 4 1 0 2 1 3 2 0 0 2 4 2 1
29921669 29949346 51774 0.769231 0.692308 51774 51773.308594 0.692308 1 0 0 0 0 1 2 1 0 2 1 1 0
29960993 29990197 54149 0.384615 0.384615 54149 54148.617188 0.384615 1 0 0 0 1 0 0 1 1 0 1 0 0
30000415 30029468 54351 0.076923 0.076923 54351 54350.921875 0.076923 0 0 0 0 0 0 0 0 0 0 0 1 0
30039676 30068823 54529 0.153846 0.153846 54529 54528.847656 0.153846 0 0 0 1 0 0 0 0 0 0 0 0 1
30131517 30159220 51822 137.076920 134.846161 51822 51687.152344 134.846161 129 125 127 101 142 187 147 126 112 192 161 105 99
