27 32
28993655 29022757 54011 105.461540 103.230766 54011 53907.769531 103.230766 118 114 64 64 81 108 110 79 109 136 139 112 108
29085431 29113142 51818 0.230769 0.153846 51818 51817.847656 0.153846 0 0 1 0 0 0 0 0 0 0 1 0 0
29124798 29153855 54341 0.153846 0.000000 54341 54341.000000 0.000000 0 0 0 0 0 0 0 0 0 0 0 0 0
29164077 29193219 54501 0.307692 0.307692 54501 54500.691406 0.307692 0 0 1 0 1 0 0 1 0 0 1 0 0
29204871 29232530 51738 0.538462 0.384615 51738 51737.617188 0.384615 1 0 0 0 1 0 1 1 1 0 0 0 0
29244189 29271909 51854 1.769231 1.538462 51854 51852.460938 1.538462 4 2 1 1 0 1 1 0 2 2 4 1 1
29283540 29312744 54616 4.692307 4.615385 54616 54611.382812 4.615385 11 5 3 4 4 2 9 6 4 4 2 3 3
29322884 29352006 54480 10.307693 9.769231 54480 54470.230469 9.769231 14 10 7 11 6 7 11 8 10 16 10 4 13
29363712 29391399 50424 17.230770 16.923077 50424 50407.078125 16.923077 17 17 16 11 19 18 15 14 15 20 22 20 16
29403052 29430658 50522 29.461538 28.538462 50522 50493.460938 28.538462 31 25 29 18 27 25 43 27 25 21 31 33 36
29443818 29471477 51700 29.846153 29.000000 51700 51671.000000 29.000000 78 43 0 0 0 0 0 0 84 79 93 0 0
29481691 29510893 54595 42.615383 41.538460 54595 54553.460938 41.538460 100 92 0 0 0 1 0 1 100 116 130 0 0
29523990 29553071 54383 52.846153 51.615383 54383 54331.382812 51.615383 115 98 0 0 0 0 0 0 124 162 172 0 0
29563249 29592421 54571 57.923077 56.923077 54571 54514.078125 56.923077 127 118 0 0 0 0 1 1 138 179 175 1 0
29604061 29631722 51740 50.461540 49.307693 51740 51690.691406 49.307693 130 95 0 0 0 0 0 1 122 137 156 0 0
29643371 29671070 51795 46.692307 45.692307 51795 51749.308594 45.692307 107 96 0 0 0 0 0 1 111 141 137 1 0
29682799 29711947 54511 33.076923 32.615383 54511 54478.382812 32.615383 71 83 0 0 0 0 0 0 76 79 115 0 0
29722081 29751224 54464 19.000000 18.230770 54464 54445.769531 18.230770 33 40 0 0 0 1 0 1 39 56 67 0 0
29762862 29790622 51872 9.846154 9.384615 51872 51862.617188 9.384615 22 21 0 0 0 0 0 0 21 34 24 0 0
29802216 29829947 51856 4.538462 4.307693 51856 51851.691406 4.307693 6 7 0 0 0 0 0 0 13 12 18 0 0
29841585 29870677 54407 2.230769 2.153846 54407 54404.847656 2.153846 5 2 0 0 0 0 0 0 6 9 6 0 0
29880897 29910007 54440 0.923077 0.846154 54440 54439.152344 0.846154 2 2 0 0 0 0 0 0 2 3 2 0 0
29921669 29949346 51770 0.384615 0.384615 51770 51769.617188 0.384615 0 2 0 0 0 0 0 0 0 1 2 0 0
29960993 29990197 54146 0.230769 0.153846 54146 54145.847656 0.153846 0 0 0 1 0 1 0 0 0 0 0 0 0
30000415 30029468 54347 0.384615 0.230769 54347 54346.769531 0.230769 0 1 0 0 0 0 1 0 0 1 0 0 0
30039676 30068823 54527 0.230769 0.000000 54527 54527.000000 0.000000 0 0 0 0 0 0 0 0 0 0 0 0 0
30131517 30159220 51819 89.000000 87.846153 51819 51731.152344 87.846153 121 99 75 84 94 118 101 88 103 122 137 0 0
