27 32
28993655 29022757 54006 99.307693 97.769234 54006 53908.230469 97.769234 115 108 97 110 129 72 78 70 67 84 78 143 120
29085431 29113142 51817 0.230769 0.153846 51817 51816.847656 0.153846 0 0 0 0 0 1 0 0 0 0 1 0 0
29124798 29153855 54341 0.461538 0.230769 54341 54340.769531 0.230769 0 1 0 0 0 1 0 1 0 0 0 0 0
29164077 29193219 54501 0.153846 0.153846 54501 54500.847656 0.153846 0 1 0 1 0 0 0 0 0 0 0 0 0
29204871 29232530 51738 0.769231 0.692308 51738 51737.308594 0.692308 0 1 0 0 3 0 2 0 0 0 1 1 1
29244189 29271909 51853 1.230769 1.000000 51853 51852.000000 1.000000 0 0 1 0 0 2 3 0 1 1 0 3 2
29283540 29312744 54615 4.615385 4.307693 54615 54610.691406 4.307693 5 7 3 3 5 2 4 1 8 1 5 7 5
29322884 29352006 54480 9.307693 9.153846 54480 54470.847656 9.153846 9 7 12 7 2 7 12 10 7 13 10 13 10
29363712 29391399 50419 15.692307 15.384615 50419 50403.617188 15.384615 16 16 8 20 19 10 14 10 13 14 26 14 20
29403052 29430658 50517 35.461540 34.692307 50517 50482.308594 34.692307 16 15 25 28 46 35 42 36 43 39 54 31 41
29443818 29471477 51700 46.000000 45.153847 51700 51654.847656 45.153847 77 57 61 54 56 51 57 45 1 0 0 64 64
29481691 29510893 54595 72.307693 70.307693 54595 54524.691406 70.307693 105 104 87 94 79 93 99 71 0 0 0 98 84
29523990 29553071 54383 89.769234 87.230766 54383 54295.769531 87.230766 130 121 91 98 104 129 108 105 2 1 1 136 108
29563249 29592421 54571 96.000000 93.846153 54571 54477.152344 93.846153 156 142 108 107 98 132 119 98 0 1 2 137 120
29604061 29631722 51739 82.230766 81.230766 51739 51657.769531 81.230766 124 117 101 81 101 101 111 95 0 0 1 115 109
29643371 29671070 51795 65.923080 64.923080 51795 51730.078125 64.923080 98 79 78 74 72 73 94 88 1 0 0 114 73
29682799 29711947 54511 49.076923 47.846153 54511 54463.152344 47.846153 71 64 57 52 54 70 60 61 1 0 1 77 54
29722081 29751224 54464 30.615385 30.000000 54464 54434.000000 30.000000 47 42 31 22 38 39 43 34 0 0 0 47 47
29762862 29790622 51872 14.615385 13.923077 51872 51858.078125 13.923077 26 12 11 10 17 18 20 18 0 1 0 28 20
29802216 29829947 51856 7.000000 6.769231 51856 51849.230469 6.769231 12 12 6 6 6 11 13 8 0 1 0 6 7
29841585 29870677 54407 2.538461 2.461539 54407 54404.539062 2.461539 5 2 3 5 2 3 2 1 0 0 0 4 5
29880897 29910007 54440 0.923077 0.846154 54440 54439.152344 0.846154 0 0 0 2 2 2 0 1 0 0 0 2 2
29921669 29949346 51770 0.384615 0.384615 51770 51769.617188 0.384615 1 0 0 0 1 3 0 0 0 0 0 0 0
29960993 29990197 54146 0.076923 0.076923 54146 54145.921875 0.076923 0 0 0 0 0 0 0 0 0 0 0 0 1
30000415 30029468 54347 0.384615 0.230769 54347 54346.769531 0.230769 0 0 0 1 0 0 0 0 0 1 1 0 0
30039676 30068823 54527 0.153846 0.153846 54527 54526.847656 0.153846 0 0 0 0 0 1 0 0 0 0 0 1 0
30131517 30159220 51819 92.846153 91.076920 51819 51727.921875 91.076920 0 1 88 80 94 104 122 100 121 115 122 118 119
