27 32
28993655 29022757 54022 92.615387 90.615387 54022 53931.382812 90.615387 92 75 108 99 92 108 104 90 58 67 56 131 98
29085431 29113142 51821 0.076923 0.000000 51821 51821.000000 0.000000 0 0 0 0 0 0 0 0 0 0 0 0 0
29124798 29153855 54343 0.307692 0.076923 54343 54342.921875 0.076923 0 0 0 0 0 0 0 1 0 0 0 0 0
29164077 29193219 54502 0.307692 0.153846 54502 54501.847656 0.153846 0 0 0 0 0 0 2 0 0 0 0 0 0
29204871 29232530 51741 0.461538 0.461538 51741 51740.539062 0.461538 1 2 1 0 1 0 0 1 0 0 0 0 0
29244189 29271909 51854 0.923077 0.923077 51854 51853.078125 0.923077 2 0 1 0 2 2 0 0 0 0 0 0 5
29283540 29312744 54616 3.461539 3.307692 54616 54612.691406 3.307692 3 8 6 4 1 2 3 3 0 0 0 8 5
29322884 29352006 54482 7.076923 6.769231 54482 54475.230469 6.769231 8 8 8 6 11 8 11 7 0 0 0 11 10
29363712 29391399 50441 16.538462 16.076923 50441 50424.921875 16.076923 19 19 14 12 15 16 13 27 7 8 9 21 29
29403052 29430658 50475 30.384615 29.692308 50475 50445.308594 29.692308 42 40 31 28 19 27 32 21 42 39 33 20 12
29443818 29471477 51703 62.153847 61.153847 51703 51641.847656 61.153847 62 67 45 49 58 50 59 44 65 72 77 91 56
29481691 29510893 54595 98.461540 96.384613 54595 54498.617188 96.384613 88 89 84 80 81 99 100 83 99 107 109 118 116
29523990 29553071 54387 119.076920 116.692307 54387 54270.308594 116.692307 121 100 91 94 86 108 124 109 103 135 160 152 134
29563249 29592421 54572 129.153839 126.230766 54572 54445.769531 126.230766 149 109 89 109 109 116 125 97 131 125 166 159 157
29604061 29631722 51742 116.461540 112.846153 51742 51629.152344 112.846153 102 108 80 105 107 94 114 101 121 127 123 147 138
29643371 29671070 51795 92.153847 90.076920 51795 51704.921875 90.076920 86 92 69 66 84 70 79 76 93 100 104 128 124
29682799 29711947 54513 70.846153 68.923080 54513 54444.078125 68.923080 70 63 60 57 53 67 63 60 67 77 88 98 73
29722081 29751224 54466 43.769230 42.461540 54466 54423.539062 42.461540 47 35 31 24 39 29 46 41 26 67 61 62 44
29762862 29790622 51872 23.230770 22.923077 51872 51849.078125 22.923077 28 32 21 20 16 21 27 25 24 15 25 22 22
29802216 29829947 51858 9.461538 9.307693 51858 51848.691406 9.307693 16 8 3 8 5 13 9 5 6 12 17 7 12
29841585 29870677 54408 4.307693 4.153846 54408 54403.847656 4.153846 3 3 3 4 1 4 3 5 5 5 5 5 8
29880897 29910007 54443 1.230769 1.076923 54443 54441.921875 1.076923 1 1 1 0 0 1 3 1 1 0 3 1 1
29921669 29949346 51774 0.692308 0.615385 51774 51773.382812 0.615385 3 1 0 0 0 0 1 0 1 2 0 0 0
29960993 29990197 54147 0.615385 0.461538 54147 54146.539062 0.461538 1 0 0 0 0 0 0 0 0 0 1 2 2
30000415 30029468 54350 0.307692 0.153846 54350 54349.847656 0.153846 0 0 1 0 0 0 0 0 0 0 0 1 0
30039676 30068823 54529 0.384615 0.230769 54529 54528.769531 0.230769 1 0 1 0 0 0 0 0 0 0 1 0 0
30131517 30159220 51822 135.230774 132.384613 51822 51689.617188 132.384613 151 134 107 123 114 140 131 111 153 141 134 151 131
