27 32
28993655 29022757 54027 87.000000 85.692307 54027 53941.308594 85.692307 68 51 93 110 108 124 134 101 59 51 54 73 88
29085431 29113142 51820 0.000000 0.000000 51820 51820.000000 0.000000 0 0 0 0 0 0 0 0 0 0 0 0 0
29124798 29153855 54343 0.153846 0.153846 54343 54342.847656 0.153846 0 0 0 0 2 0 0 0 0 0 0 0 0
29164077 29193219 54501 0.230769 0.076923 54501 54500.921875 0.076923 0 0 0 1 0 0 0 0 0 0 0 0 0
29204871 29232530 51740 0.538462 0.538462 51740 51739.460938 0.538462 0 0 2 0 1 2 1 1 0 0 0 0 0
29244189 29271909 51854 1.384615 1.307692 51854 51852.691406 1.307692 0 0 2 2 2 1 3 2 0 0 0 3 2
29283540 29312744 54617 2.461539 2.307692 54617 54614.691406 2.307692 0 0 1 5 2 5 5 2 0 0 0 5 5
29322884 29352006 54481 6.846154 6.769231 54481 54474.230469 6.769231 0 0 12 7 10 8 16 7 0 0 0 17 11
29363712 29391399 50436 13.307693 13.076923 50436 50422.921875 13.076923 4 4 13 17 16 16 26 16 5 6 7 24 16
29403052 29430658 50485 35.307693 34.692307 50485 50450.308594 34.692307 37 21 37 39 27 32 37 38 39 46 37 38 23
29443818 29471477 51701 68.461540 66.538460 51701 51634.460938 66.538460 42 36 55 57 68 68 78 63 69 88 95 78 68
29481691 29510893 54596 100.846153 98.769234 54596 54497.230469 98.769234 73 73 85 109 94 99 131 92 100 123 119 99 87
29523990 29553071 54386 121.384613 118.846153 54386 54267.152344 118.846153 84 67 121 102 117 119 160 105 122 138 174 136 100
29563249 29592421 54572 130.692307 128.384613 54572 54443.617188 128.384613 95 78 124 126 129 158 144 127 131 138 180 127 112
29604061 29631722 51743 121.230766 118.769234 51743 51624.230469 118.769234 102 75 139 113 130 134 139 102 116 141 125 123 105
29643371 29671070 51796 89.846153 88.307693 51796 51707.691406 88.307693 57 54 71 89 86 120 96 93 105 104 116 100 57
29682799 29711947 54513 71.846153 70.153847 54513 54442.847656 70.153847 45 51 68 74 66 70 82 55 70 108 100 70 53
29722081 29751224 54466 45.000000 43.923077 54466 54422.078125 43.923077 32 38 27 43 37 49 50 53 58 62 55 37 30
29762862 29790622 51871 22.153847 21.384615 51871 51849.617188 21.384615 27 19 20 13 26 17 25 21 21 26 26 18 19
29802216 29829947 51858 11.153846 10.923077 51858 51847.078125 10.923077 6 8 12 9 8 17 13 6 16 13 13 13 8
29841585 29870677 54408 4.923077 4.615385 54408 54403.382812 4.615385 4 1 6 3 1 3 4 5 9 7 7 6 4
29880897 29910007 54443 2.000000 2.000000 54443 54441.000000 2.000000 0 2 1 3 0 2 4 1 3 4 4 2 0
29921669 29949346 51774 0.846154 0.692308 51774 51773.308594 0.692308 0 1 1 0 1 0 2 1 1 1 0 0 1
29960993 29990197 54148 0.153846 0.153846 54148 54147.847656 0.153846 1 0 0 0 0 1 0 0 0 0 0 0 0
30000415 30029468 54350 0.153846 0.076923 54350 54349.921875 0.076923 1 0 0 0 0 0 0 0 0 0 0 0 0
30039676 30068823 54529 0.153846 0.000000 54529 54529.000000 0.000000 0 0 0 0 0 0 0 0 0 0 0 0 0
30131517 30159220 51822 36.307693 35.846153 51822 51786.152344 35.846153 131 120 0 0 1 1 0 0 1 0 0 105 107
