27 32
28993655 29022757 54025 87.230766 85.538460 54025 53939.460938 85.538460 115 126 46 44 43 88 104 73 104 115 134 62 58
29085431 29113142 51820 0.000000 0.000000 51820 51820.000000 0.000000 0 0 0 0 0 0 0 0 0 0 0 0 0
29124798 29153855 54343 0.153846 0.153846 54343 54342.847656 0.153846 0 1 0 1 0 0 0 0 0 0 0 0 0
29164077 29193219 54501 0.230769 0.153846 54501 54500.847656 0.153846 0 0 0 0 0 0 0 2 0 0 0 0 0
29204871 29232530 51740 0.384615 0.384615 51740 51739.617188 0.384615 0 1 1 0 0 0 1 1 0 1 0 0 0
29244189 29271909 51854 1.692308 1.384615 51854 51852.617188 1.384615 3 1 0 0 0 3 2 3 1 3 2 0 0
29283540 29312744 54617 3.461539 3.153846 54617 54613.847656 3.153846 1 7 0 0 1 5 6 4 5 7 5 0 0
29322884 29352006 54481 7.230769 7.076923 54481 54473.921875 7.076923 10 14 0 0 0 18 14 9 4 9 14 0 0
29363712 29391399 50439 15.461538 15.076923 50439 50423.921875 15.076923 16 28 3 1 5 16 21 13 19 31 27 7 9
29403052 29430658 50481 33.538460 32.846153 50481 50448.152344 32.846153 51 37 38 30 42 14 22 14 38 33 37 33 38
29443818 29471477 51701 63.615383 62.923077 51701 51638.078125 62.923077 65 58 50 60 54 63 65 82 43 62 70 73 73
29481691 29510893 54596 92.615387 91.307693 54596 54504.691406 91.307693 100 101 77 91 79 80 104 68 86 90 97 105 109
29523990 29553071 54386 112.692307 110.461540 54386 54275.539062 110.461540 120 112 110 96 102 113 126 96 89 83 118 143 128
29563249 29592421 54572 117.000000 114.384613 54572 54457.617188 114.384613 146 107 101 101 99 129 129 97 93 120 118 130 117
29604061 29631722 51742 107.769234 105.384613 51742 51636.617188 105.384613 119 106 86 105 91 103 116 80 105 99 108 142 110
29643371 29671070 51795 88.000000 85.846153 51795 51709.152344 85.846153 99 93 53 72 72 84 92 76 80 89 105 113 88
29682799 29711947 54513 66.307693 64.923080 54513 54448.078125 64.923080 69 62 62 61 55 66 79 63 53 69 88 66 51
29722081 29751224 54466 42.538460 41.615383 54466 54424.382812 41.615383 37 33 44 49 41 34 45 35 38 44 36 56 49
29762862 29790622 51871 23.384615 22.923077 51871 51848.078125 22.923077 19 23 22 23 20 22 24 22 22 23 24 31 23
29802216 29829947 51858 11.153846 10.923077 51858 51847.078125 10.923077 7 12 8 8 7 9 12 10 12 11 12 17 17
29841585 29870677 54408 4.384615 4.076923 54408 54403.921875 4.076923 4 6 3 4 6 5 6 0 4 2 5 5 3
29880897 29910007 54443 2.230769 2.153846 54443 54440.847656 2.153846 3 3 0 2 1 2 3 3 1 0 5 1 4
29921669 29949346 51774 1.000000 0.692308 51774 51773.308594 0.692308 0 0 0 0 1 2 0 1 1 1 1 0 2
29960993 29990197 54148 0.538462 0.230769 54148 54147.769531 0.230769 0 0 0 0 0 0 0 1 0 0 2 0 0
30000415 30029468 54350 0.230769 0.230769 54350 54349.769531 0.230769 0 0 0 1 1 0 1 0 0 0 0 0 0
30039676 30068823 54529 0.230769 0.153846 54529 54528.847656 0.153846 0 0 1 0 0 0 1 0 0 0 0 0 0
30131517 30159220 51822 117.461540 114.538460 51822 51707.460938 114.538460 150 98 79 95 98 115 112 90 104 123 134 154 137
