27 32
28993655 29022757 54028 121.153847 118.692307 54028 53909.308594 118.692307 138 111 81 79 99 131 128 98 125 153 150 126 124
29085431 29113142 51821 0.000000 0.000000 51821 51821.000000 0.000000 0 0 0 0 0 0 0 0 0 0 0 0 0
29124798 29153855 54343 0.307692 0.230769 54343 54342.769531 0.230769 0 0 0 0 0 0 0 1 0 1 0 1 0
29164077 29193219 54504 0.384615 0.307692 54504 54503.691406 0.307692 1 1 0 0 0 0 1 0 1 0 0 0 0
29204871 29232530 51741 1.076923 0.846154 51741 51740.152344 0.846154 0 0 0 2 2 1 0 0 2 1 0 3 0
29244189 29271909 51856 1.615385 1.461538 51856 51854.539062 1.461538 1 2 2 0 1 0 2 1 2 2 3 3 0
29283540 29312744 54618 4.230769 4.076923 54618 54613.921875 4.076923 5 3 4 1 0 3 3 5 6 7 6 5 5
29322884 29352006 54483 9.615385 9.384615 54483 54473.617188 9.384615 13 10 5 6 9 3 11 14 14 10 14 5 8
29363712 29391399 50440 20.461538 20.000000 50440 50420.000000 20.000000 23 17 14 17 21 21 22 20 23 29 26 10 17
29403052 29430658 50518 28.615385 28.153847 50518 50489.847656 28.153847 17 22 27 23 32 35 34 26 21 25 21 53 30
29443818 29471477 51705 33.538460 33.076923 51705 51671.921875 33.076923 52 62 0 0 0 1 0 1 54 65 61 71 63
29481691 29510893 54595 53.230770 52.230770 54595 54542.769531 52.230770 74 73 0 0 0 0 1 0 99 99 128 113 92
29523990 29553071 54388 61.076923 60.153847 54388 54327.847656 60.153847 114 96 0 0 0 0 1 1 97 99 139 129 106
29563249 29592421 54573 71.230766 69.769234 54573 54503.230469 69.769234 115 102 0 0 0 0 0 0 126 123 138 176 127
29604061 29631722 51744 60.307693 58.615383 51744 51685.382812 58.615383 97 104 1 0 0 0 0 1 102 99 116 142 100
29643371 29671070 51797 52.384617 51.000000 51797 51746.000000 51.000000 83 88 0 0 0 0 0 1 102 92 101 106 90
29682799 29711947 54513 38.153847 37.153847 54513 54475.847656 37.153847 81 62 1 0 0 0 0 1 58 78 73 60 69
29722081 29751224 54470 24.615385 24.153847 54470 54445.847656 24.153847 39 31 0 0 0 0 0 1 45 40 55 51 52
29762862 29790622 51875 12.000000 11.846154 51875 51863.152344 11.846154 24 20 0 0 0 0 1 0 18 18 26 29 18
29802216 29829947 51859 6.307693 6.153846 51859 51852.847656 6.153846 9 13 0 0 0 0 0 0 13 15 8 13 9
29841585 29870677 54409 3.307692 3.230769 54409 54405.769531 3.230769 5 6 0 0 0 0 0 0 8 5 7 5 6
29880897 29910007 54444 0.769231 0.769231 54444 54443.230469 0.769231 3 1 0 0 0 0 0 0 0 1 0 3 2
29921669 29949346 51774 0.461538 0.384615 51774 51773.617188 0.384615 1 2 0 0 0 0 0 0 1 1 0 0 0
29960993 29990197 54150 0.307692 0.307692 54150 54149.691406 0.307692 1 0 2 0 0 0 1 0 0 0 0 0 0
30000415 30029468 54351 0.538462 0.230769 54351 54350.769531 0.230769 0 0 0 0 0 0 1 0 0 1 0 1 0
30039676 30068823 54529 0.307692 0.230769 54529 54528.769531 0.230769 0 1 0 0 0 0 0 0 0 0 0 2 0
30131517 30159220 51823 107.076920 104.615387 51823 51718.382812 104.615387 0 0 86 108 119 116 125 106 128 143 151 161 117
