27 32
28993655 29022757 54022 101.384613 98.769234 54022 53923.230469 98.769234 125 118 85 98 91 61 57 33 121 123 125 123 124
29085431 29113142 51821 0.307692 0.076923 51821 51820.921875 0.076923 0 0 0 0 0 0 0 0 0 0 0 0 1
29124798 29153855 54343 0.153846 0.153846 54343 54342.847656 0.153846 0 1 0 0 0 0 0 0 0 0 0 1 0
29164077 29193219 54503 0.846154 0.615385 54503 54502.382812 0.615385 1 1 0 0 2 0 0 0 0 1 0 1 2
29204871 29232530 51741 0.692308 0.461538 51741 51740.539062 0.461538 1 0 0 0 0 0 0 0 3 1 1 0 0
29244189 29271909 51854 1.307692 1.230769 51854 51852.769531 1.230769 2 1 0 1 2 0 0 0 1 3 1 3 2
29283540 29312744 54616 3.615385 3.461539 54616 54612.539062 3.461539 6 5 3 8 2 0 0 0 3 3 6 3 6
29322884 29352006 54482 8.923077 8.923077 54482 54473.078125 8.923077 14 12 10 4 11 0 0 0 15 12 11 14 13
29363712 29391399 50451 14.692307 14.230769 50451 50436.769531 14.230769 15 19 13 12 18 8 9 2 15 18 16 20 20
29403052 29430658 50491 33.846153 33.307693 50491 50457.691406 33.307693 31 25 34 24 41 32 22 26 32 43 36 43 44
29443818 29471477 51704 62.615383 61.230770 51704 51642.769531 61.230770 63 53 64 38 57 53 54 53 71 75 77 76 62
29481691 29510893 54595 96.000000 94.076920 54595 54500.921875 94.076920 109 82 77 77 69 91 92 70 108 103 127 118 100
29523990 29553071 54387 120.846153 118.769234 54387 54268.230469 118.769234 114 104 84 111 114 96 133 102 128 148 179 120 111
29563249 29592421 54572 133.230774 130.769226 54572 54441.230469 130.769226 135 123 78 105 120 128 110 95 160 183 180 147 136
29604061 29631722 51743 112.846153 110.461540 51743 51632.539062 110.461540 112 92 101 95 82 92 111 77 142 138 151 130 113
29643371 29671070 51796 89.769234 87.846153 51796 51708.152344 87.846153 107 77 73 83 80 75 81 71 92 116 109 94 84
29682799 29711947 54513 65.769234 64.461540 54513 54448.539062 64.461540 69 66 48 42 60 56 63 63 74 79 82 70 66
29722081 29751224 54466 44.846153 43.846153 54466 54422.152344 43.846153 52 24 36 40 34 44 62 40 40 46 63 53 36
29762862 29790622 51873 21.769230 21.153847 51873 51851.847656 21.153847 27 20 21 11 15 20 20 22 25 30 26 14 24
29802216 29829947 51858 9.769231 9.307693 51858 51848.691406 9.307693 13 10 9 3 8 4 8 11 11 10 11 15 8
29841585 29870677 54408 5.230769 5.230769 54408 54402.769531 5.230769 3 2 3 5 11 6 10 7 3 3 6 4 5
29880897 29910007 54443 1.769231 1.615385 54443 54441.382812 1.615385 3 3 1 2 4 2 0 0 1 0 1 2 2
29921669 29949346 51774 0.923077 0.769231 51774 51773.230469 0.769231 1 2 0 0 1 2 0 2 1 0 0 1 0
29960993 29990197 54147 0.846154 0.769231 54147 54146.230469 0.769231 0 0 1 0 1 2 1 0 0 0 0 3 2
30000415 30029468 54350 0.384615 0.153846 54350 54349.847656 0.153846 1 0 1 0 0 0 0 0 0 0 0 0 0
30039676 30068823 54529 0.230769 0.076923 54529 54528.921875 0.076923 0 0 0 0 0 0 0 0 0 0 0 0 1
30131517 30159220 51822 120.000000 118.307693 51822 51703.691406 118.307693 114 96 122 101 117 94 124 109 133 134 139 132 123
