27 32
28993655 29022757 54028 95.076920 93.846153 54028 53934.152344 93.846153 101 113 36 35 35 133 133 99 110 130 159 65 71
29085431 29113142 51821 0.230769 0.230769 51821 51820.769531 0.230769 0 0 0 0 0 1 0 0 0 0 1 1 0
29124798 29153855 54343 0.153846 0.153846 54343 54342.847656 0.153846 0 0 0 0 0 0 0 1 0 0 0 1 0
29164077 29193219 54504 0.230769 0.230769 54504 54503.769531 0.230769 0 2 0 0 0 0 0 0 0 1 0 0 0
29204871 29232530 51741 0.846154 0.769231 51741 51740.230469 0.769231 2 0 0 0 0 0 0 0 2 0 5 1 0
29244189 29271909 51856 0.692308 0.692308 51856 51855.308594 0.692308 2 1 0 0 0 2 0 1 0 1 1 0 1
29283540 29312744 54618 2.846154 2.615385 54618 54615.382812 2.615385 5 8 0 0 0 2 4 1 8 3 3 0 0
29322884 29352006 54482 6.230769 5.692307 54482 54476.308594 5.692307 6 9 0 0 0 8 10 8 11 11 11 0 0
29363712 29391399 50452 14.615385 14.307693 50452 50437.691406 14.307693 27 20 7 2 4 14 25 12 24 24 19 7 1
29403052 29430658 50522 28.153847 27.615385 50522 50494.382812 27.615385 45 32 28 26 36 19 13 12 31 28 45 17 27
29443818 29471477 51705 49.615383 48.230770 51705 51656.769531 48.230770 0 0 55 47 47 50 62 46 59 67 67 66 61
29481691 29510893 54595 75.846153 74.538460 54595 54520.460938 74.538460 0 0 73 78 87 81 79 85 73 109 107 105 92
29523990 29553071 54387 95.076920 93.538460 54387 54293.460938 93.538460 0 0 100 101 98 111 105 91 115 123 123 139 110
29563249 29592421 54573 95.461540 93.923080 54573 54479.078125 93.923080 0 0 94 87 109 96 113 97 106 140 131 120 128
29604061 29631722 51744 88.538460 87.076920 51744 51656.921875 87.076920 0 0 84 105 76 97 119 82 99 119 115 132 104
29643371 29671070 51798 76.307693 74.538460 51798 51723.460938 74.538460 0 0 83 73 71 90 89 88 81 98 98 102 96
29682799 29711947 54513 55.230770 54.076923 54513 54458.921875 54.076923 0 0 58 53 52 56 54 61 64 68 80 88 69
29722081 29751224 54470 32.846153 31.923077 54470 54438.078125 31.923077 0 0 34 22 43 31 48 37 28 31 52 52 37
29762862 29790622 51875 19.153847 18.692308 51875 51856.308594 18.692308 0 0 15 13 30 27 17 18 26 22 25 27 23
29802216 29829947 51859 8.692307 8.538462 51859 51850.460938 8.538462 0 0 16 7 14 13 9 4 8 10 8 13 9
29841585 29870677 54409 4.307693 4.307693 54409 54404.691406 4.307693 0 0 5 1 7 4 4 3 6 3 9 4 10
29880897 29910007 54443 1.076923 1.000000 54443 54442.000000 1.000000 0 0 0 1 3 0 0 2 1 1 0 4 1
29921669 29949346 51774 0.538462 0.461538 51774 51773.539062 0.461538 0 0 0 0 2 1 1 1 0 0 0 0 1
29960993 29990197 54151 0.461538 0.384615 54151 54150.617188 0.384615 0 0 0 0 0 1 0 0 1 0 1 1 1
30000415 30029468 54351 0.153846 0.076923 54351 54350.921875 0.076923 0 0 0 0 0 0 0 0 0 0 1 0 0
30039676 30068823 54530 0.076923 0.000000 54530 54530.000000 0.000000 0 0 0 0 0 0 0 0 0 0 0 0 0
30131517 30159220 51824 101.692307 98.846153 51824 51725.152344 98.846153 124 102 85 73 72 87 113 77 103 107 105 120 117
