27 32
28993655 29022757 54017 98.846153 96.923080 54017 53920.078125 96.923080 63 47 89 82 78 118 132 94 123 141 156 78 59
29085431 29113142 51817 0.076923 0.076923 51817 51816.921875 0.076923 0 0 0 0 0 0 0 1 0 0 0 0 0
29124798 29153855 54340 0.153846 0.076923 54340 54339.921875 0.076923 0 0 0 0 1 0 0 0 0 0 0 0 0
29164077 29193219 54500 0.307692 0.307692 54500 54499.691406 0.307692 0 0 0 0 0 1 0 1 0 0 1 0 1
29204871 29232530 51735 0.615385 0.615385 51735 51734.382812 0.615385 0 0 1 1 1 1 1 0 1 0 1 0 1
29244189 29271909 51852 1.230769 1.230769 51852 51850.769531 1.230769 0 0 0 0 2 1 2 2 0 3 4 1 1
29283540 29312744 54614 3.692308 3.538461 54614 54610.460938 3.538461 0 0 1 5 3 2 6 3 6 7 5 4 4
29322884 29352006 54480 7.076923 6.846154 54480 54473.152344 6.846154 0 0 9 5 8 10 7 12 5 8 8 10 7
29363712 29391399 50436 16.923077 16.615385 50436 50419.382812 16.615385 7 5 15 17 10 14 23 21 19 20 21 27 17
29403052 29430658 50517 35.923077 35.153847 50517 50481.847656 35.153847 36 22 25 32 29 44 34 28 57 46 36 33 35
29443818 29471477 51698 58.230770 57.153847 51698 51640.847656 57.153847 0 1 68 67 58 72 77 68 58 63 80 64 67
29481691 29510893 54591 88.076920 86.230766 54591 54504.769531 86.230766 0 0 95 98 101 114 102 83 97 113 112 119 87
29523990 29553071 54382 108.615387 106.615387 54382 54275.382812 106.615387 1 0 120 114 136 128 127 120 110 137 136 133 124
29563249 29592421 54570 117.846153 115.692307 54570 54454.308594 115.692307 1 0 141 135 130 164 161 132 120 139 126 137 118
29604061 29631722 51739 101.692307 100.153847 51739 51638.847656 100.153847 0 0 98 103 111 138 138 120 95 137 140 125 97
29643371 29671070 51794 85.846153 83.846153 51794 51710.152344 83.846153 1 1 93 99 90 105 127 89 91 95 92 112 95
29682799 29711947 54509 60.615383 58.846153 54509 54450.152344 58.846153 0 0 64 75 74 65 79 65 63 67 78 77 58
29722081 29751224 54464 36.769230 36.076923 54464 54427.921875 36.076923 0 0 39 33 45 46 45 48 34 44 46 42 47
29762862 29790622 51871 19.153847 18.615385 51871 51852.382812 18.615385 1 0 17 23 12 19 17 20 20 29 34 35 15
29802216 29829947 51854 8.923077 8.769231 51854 51845.230469 8.769231 1 0 14 10 8 13 15 6 8 7 9 12 11
29841585 29870677 54404 3.307692 3.076923 54404 54400.921875 3.076923 0 0 3 5 4 1 1 5 4 4 4 6 3
29880897 29910007 54439 1.615385 1.538462 54439 54437.460938 1.538462 0 0 1 3 2 1 6 1 1 2 1 2 0
29921669 29949346 51769 0.615385 0.615385 51769 51768.382812 0.615385 0 0 0 1 0 1 2 0 2 1 0 1 0
29960993 29990197 54144 0.538462 0.153846 54144 54143.847656 0.153846 0 0 0 1 0 1 0 0 0 0 0 0 0
30000415 30029468 54345 0.153846 0.076923 54345 54344.921875 0.076923 0 0 0 0 0 0 1 0 0 0 0 0 0
30039676 30068823 54525 0.230769 0.230769 54525 54524.769531 0.230769 1 1 0 0 0 1 0 0 0 0 0 0 0
30131517 30159220 51819 133.307693 131.307693 51819 51687.691406 131.307693 115 98 120 127 137 124 130 110 141 142 171 156 136
