27 32
28993655 29022757 54007 115.846153 113.461540 54007 53893.539062 113.461540 120 110 88 82 92 141 111 115 125 131 149 109 102
29085431 29113142 51817 0.076923 0.076923 51817 51816.921875 0.076923 0 0 0 0 1 0 0 0 0 0 0 0 0
29124798 29153855 54341 0.153846 0.076923 54341 54340.921875 0.076923 0 0 0 0 1 0 0 0 0 0 0 0 0
29164077 29193219 54501 0.230769 0.153846 54501 54500.847656 0.153846 0 0 0 0 0 0 0 0 0 0 0 2 0
29204871 29232530 51735 0.846154 0.692308 51735 51734.308594 0.692308 0 1 0 2 0 0 0 2 1 1 0 1 1
29244189 29271909 51853 1.384615 1.230769 51853 51851.769531 1.230769 1 1 0 0 0 1 1 2 4 2 2 1 1
29283540 29312744 54614 4.846154 4.769231 54614 54609.230469 4.769231 4 3 4 2 4 7 5 7 4 5 7 6 4
29322884 29352006 54480 11.000000 10.923077 54480 54469.078125 10.923077 10 9 7 11 12 14 12 11 9 14 10 14 9
29363712 29391399 50431 19.307692 18.923077 50431 50412.078125 18.923077 14 21 16 14 14 19 23 15 16 25 25 16 28
29403052 29430658 50521 30.769230 30.153847 50521 50490.847656 30.153847 34 42 23 22 31 20 19 19 36 49 35 28 34
29443818 29471477 51698 59.384617 57.615383 51698 51640.382812 57.615383 69 62 58 44 43 62 73 55 54 60 50 56 63
29481691 29510893 54594 89.769234 87.923080 54594 54506.078125 87.923080 93 79 84 89 72 88 98 79 83 99 102 94 83
29523990 29553071 54382 116.307693 113.692307 54382 54268.308594 113.692307 124 108 118 78 120 120 141 97 117 115 122 124 94
29563249 29592421 54571 121.846153 119.692307 54571 54451.308594 119.692307 126 115 100 112 120 112 137 105 115 136 145 132 101
29604061 29631722 51739 108.538460 105.692307 51739 51633.308594 105.692307 112 79 114 93 104 124 121 83 106 114 128 113 83
29643371 29671070 51795 89.384613 87.846153 51795 51707.152344 87.846153 95 77 82 70 84 84 109 76 92 81 115 97 80
29682799 29711947 54510 64.538460 63.384617 54510 54446.617188 63.384617 62 65 74 47 58 65 72 49 60 71 74 76 51
29722081 29751224 54464 40.692307 39.538460 54464 54424.460938 39.538460 35 44 32 38 41 50 46 40 32 47 46 27 36
29762862 29790622 51872 20.307692 19.692308 51872 51852.308594 19.692308 23 23 19 17 15 17 22 26 14 17 22 19 22
29802216 29829947 51856 10.076923 9.769231 51856 51846.230469 9.769231 9 10 11 4 13 10 13 5 12 10 12 14 4
29841585 29870677 54405 4.538462 4.230769 54405 54400.769531 4.230769 3 8 3 3 5 3 5 4 6 5 4 3 3
29880897 29910007 54439 1.615385 1.307692 54439 54437.691406 1.307692 0 2 2 2 1 0 1 2 0 2 2 1 2
29921669 29949346 51769 0.692308 0.538462 51769 51768.460938 0.538462 1 1 0 0 0 0 0 0 2 1 2 0 0
29960993 29990197 54144 0.307692 0.153846 54144 54143.847656 0.153846 0 0 1 0 0 0 0 0 0 0 1 0 0
30000415 30029468 54345 0.307692 0.076923 54345 54344.921875 0.076923 0 0 0 1 0 0 0 0 0 0 0 0 0
30039676 30068823 54526 0.384615 0.153846 54526 54525.847656 0.153846 0 0 0 0 0 0 0 0 0 0 0 0 2
30131517 30159220 51819 116.692307 114.615387 51819 51704.382812 114.615387 102 82 116 87 116 121 113 99 118 136 148 137 115
