27 32
28993655 29022757 54026 94.076920 92.461540 54026 53933.539062 92.461540 50 49 119 108 112 51 58 55 119 137 140 114 90
29085431 29113142 51823 0.230769 0.076923 51823 51822.921875 0.076923 0 0 0 0 0 0 0 0 0 0 0 1 0
29124798 29153855 54344 0.230769 0.076923 54344 54343.921875 0.076923 0 0 0 0 0 0 0 0 0 0 0 1 0
29164077 29193219 54504 0.307692 0.230769 54504 54503.769531 0.230769 0 0 0 0 0 0 0 0 0 0 0 0 3
29204871 29232530 51741 0.769231 0.692308 51741 51740.308594 0.692308 0 0 0 0 1 0 0 0 2 1 1 3 1
29244189 29271909 51856 0.846154 0.769231 51856 51855.230469 0.769231 0 0 3 0 1 0 0 0 2 0 3 0 1
29283540 29312744 54619 2.076923 2.000000 54619 54617.000000 2.000000 0 0 6 4 5 0 0 0 1 1 3 4 2
29322884 29352006 54483 7.000000 6.692307 54483 54476.308594 6.692307 0 0 12 4 9 0 0 0 10 10 12 16 14
29363712 29391399 50442 13.615385 13.307693 50442 50428.691406 13.307693 2 4 14 28 18 3 1 9 13 24 21 13 23
29403052 29430658 50522 37.307693 36.615383 50522 50485.382812 36.615383 37 28 26 38 33 41 46 36 32 28 48 53 30
29443818 29471477 51705 58.230770 57.230770 51705 51647.769531 57.230770 57 50 53 55 60 54 69 60 53 60 56 59 58
29481691 29510893 54596 83.846153 81.769234 54596 54514.230469 81.769234 80 81 69 60 85 84 92 74 77 87 99 103 72
29523990 29553071 54387 105.538460 103.769234 54387 54283.230469 103.769234 107 113 85 93 93 105 91 95 112 122 135 98 100
29563249 29592421 54575 110.692307 108.769234 54575 54466.230469 108.769234 127 137 78 89 102 105 112 113 106 98 137 115 95
29604061 29631722 51744 106.153847 104.461540 51744 51639.539062 104.461540 128 98 103 96 102 94 103 66 112 113 116 124 103
29643371 29671070 51798 80.769234 78.769234 51798 51719.230469 78.769234 98 95 48 57 96 89 71 57 76 75 95 93 74
29682799 29711947 54514 59.230770 57.846153 54514 54456.152344 57.846153 61 50 51 40 63 45 72 42 53 70 76 71 58
29722081 29751224 54472 34.384617 33.846153 54472 54438.152344 33.846153 30 25 34 33 38 34 39 26 32 35 47 33 34
29762862 29790622 51875 18.461538 17.846153 51875 51857.152344 17.846153 21 18 20 19 13 17 24 13 15 25 14 17 16
29802216 29829947 51859 10.538462 10.153846 51859 51848.847656 10.153846 13 5 8 9 6 7 14 10 11 12 13 9 15
29841585 29870677 54409 5.153846 5.000000 54409 54404.000000 5.000000 6 3 3 4 6 6 3 6 7 7 6 6 2
29880897 29910007 54443 1.692308 1.615385 54443 54441.382812 1.615385 0 2 0 1 0 2 0 1 2 3 4 3 3
29921669 29949346 51774 0.615385 0.615385 51774 51773.382812 0.615385 0 1 0 1 1 1 0 0 0 0 1 1 2
29960993 29990197 54151 0.230769 0.230769 54151 54150.769531 0.230769 0 0 0 0 0 1 0 0 0 0 2 0 0
30000415 30029468 54351 0.461538 0.307692 54351 54350.691406 0.307692 0 0 0 0 0 1 0 1 0 0 2 0 0
30039676 30068823 54530 0.230769 0.076923 54530 54529.921875 0.076923 0 0 0 0 0 1 0 0 0 0 0 0 0
30131517 30159220 51824 119.384613 116.692307 51824 51707.308594 116.692307 143 132 115 101 97 102 111 91 108 147 146 127 97
