27 32
28993655 29022757 54026 114.384613 111.769234 54026 53914.230469 111.769234 116 94 91 120 98 141 145 106 76 92 117 136 121
29085431 29113142 51823 0.153846 0.153846 51823 51822.847656 0.153846 0 0 0 0 0 0 0 0 0 0 0 1 1
29124798 29153855 54347 0.461538 0.461538 54347 54346.539062 0.461538 0 0 0 0 0 1 2 0 1 0 1 1 0
29164077 29193219 54505 0.230769 0.153846 54505 54504.847656 0.153846 0 1 0 0 0 1 0 0 0 0 0 0 0
29204871 29232530 51741 0.615385 0.461538 51741 51740.539062 0.461538 0 1 0 1 0 1 0 0 3 0 0 0 0
29244189 29271909 51856 2.461539 2.076923 51856 51853.921875 2.076923 1 3 1 0 2 3 3 4 1 2 4 0 3
29283540 29312744 54619 4.230769 4.000000 54619 54615.000000 4.000000 8 3 4 1 3 4 3 5 3 6 5 3 4
29322884 29352006 54485 11.000000 10.461538 54485 54474.539062 10.461538 16 9 7 7 12 13 13 7 5 12 9 16 10
29363712 29391399 50436 21.230770 20.461538 50436 50415.539062 20.461538 22 17 17 18 13 25 26 20 15 25 25 22 21
29403052 29430658 50517 36.538460 36.153847 50517 50480.847656 36.153847 38 38 31 34 40 35 39 20 41 48 43 36 27
29443818 29471477 51705 61.461540 60.692307 51705 51644.308594 60.692307 57 54 55 48 65 65 65 25 68 102 65 70 50
29481691 29510893 54598 90.769234 89.076920 54598 54508.921875 89.076920 101 100 65 80 80 72 86 71 113 106 122 80 82
29523990 29553071 54387 112.692307 110.461540 54387 54276.539062 110.461540 130 115 86 76 90 101 127 98 113 140 145 116 99
29563249 29592421 54575 124.076920 121.538460 54575 54453.460938 121.538460 139 123 81 91 100 125 126 109 134 158 157 129 108
29604061 29631722 51745 112.692307 110.769234 51745 51634.230469 110.769234 111 133 96 88 95 108 92 77 112 138 168 134 88
29643371 29671070 51798 87.615387 85.769234 51798 51712.230469 85.769234 124 82 69 61 80 72 78 66 97 97 102 84 103
29682799 29711947 54515 65.461540 64.307693 54515 54450.691406 64.307693 59 77 45 53 43 80 58 68 59 69 84 78 63
29722081 29751224 54472 40.615383 39.846153 54472 54432.152344 39.846153 48 43 26 36 34 29 53 26 57 49 51 30 36
29762862 29790622 51875 22.153847 21.846153 51875 51853.152344 21.846153 22 16 22 19 15 32 24 13 19 40 23 24 15
29802216 29829947 51859 9.615385 9.384615 51859 51849.617188 9.384615 10 8 13 9 8 5 9 9 6 14 12 10 9
29841585 29870677 54411 5.000000 4.846154 54411 54406.152344 4.846154 6 4 5 3 3 5 7 8 1 7 4 6 4
29880897 29910007 54445 1.384615 1.230769 54445 54443.769531 1.230769 0 1 1 0 3 1 0 1 1 1 0 4 3
29921669 29949346 51775 0.846154 0.692308 51775 51774.308594 0.692308 2 1 0 1 0 1 0 0 0 1 0 0 3
29960993 29990197 54150 0.230769 0.153846 54150 54149.847656 0.153846 1 0 0 0 0 0 0 0 0 0 1 0 0
30000415 30029468 54351 0.153846 0.153846 54351 54350.847656 0.153846 0 0 0 0 1 0 0 0 1 0 0 0 0
30039676 30068823 54530 0.000000 0.000000 54530 54530.000000 0.000000 0 0 0 0 0 0 0 0 0 0 0 0 0
30131517 30159220 51825 111.000000 109.307693 51825 51715.691406 109.307693 152 112 78 77 109 119 106 112 102 115 121 108 110
