27 32
28993655 29022757 54032 99.461540 97.461540 54032 53934.539062 97.461540 126 121 100 111 110 95 113 81 45 44 63 134 124
29085431 29113142 51820 0.000000 0.000000 51820 51820.000000 0.000000 0 0 0 0 0 0 0 0 0 0 0 0 0
29124798 29153855 54343 0.153846 0.153846 54343 54342.847656 0.153846 0 0 0 0 1 0 0 0 1 0 0 0 0
29164077 29193219 54504 0.153846 0.153846 54504 54503.847656 0.153846 0 1 0 1 0 0 0 0 0 0 0 0 0
29204871 29232530 51741 0.769231 0.692308 51741 51740.308594 0.692308 3 0 1 1 0 1 2 0 0 0 0 1 0
29244189 29271909 51856 1.230769 1.076923 51856 51854.921875 1.076923 2 3 0 1 1 1 1 4 0 0 0 0 1
29283540 29312744 54617 2.384615 2.230769 54617 54614.769531 2.230769 5 2 3 2 2 2 1 3 0 1 0 4 4
29322884 29352006 54483 8.615385 8.461538 54483 54474.539062 8.461538 14 16 7 14 8 13 9 11 0 0 0 9 9
29363712 29391399 50448 17.230770 16.846153 50448 50431.152344 16.846153 21 26 15 17 20 13 25 17 3 5 4 29 24
29403052 29430658 50510 39.923077 39.153847 50510 50470.847656 39.153847 36 29 35 29 31 50 42 39 36 49 50 44 39
29443818 29471477 51704 43.153847 42.076923 51704 51661.921875 42.076923 51 46 51 48 51 56 64 42 0 0 0 77 61
29481691 29510893 54595 62.230770 60.461540 54595 54534.539062 60.461540 80 80 53 68 68 78 80 54 0 0 1 124 100
29523990 29553071 54388 80.923080 79.000000 54388 54309.000000 79.000000 102 90 80 76 99 98 116 66 0 0 0 162 138
29563249 29592421 54573 82.692307 81.384613 54573 54491.617188 81.384613 108 109 85 69 77 94 104 91 1 0 0 177 143
29604061 29631722 51744 77.153847 75.307693 51744 51668.691406 75.307693 110 91 72 84 71 86 88 80 1 0 0 157 139
29643371 29671070 51797 62.538460 61.153847 51797 51735.847656 61.153847 89 75 71 63 76 63 84 65 0 0 0 117 92
29682799 29711947 54513 45.846153 44.461540 54513 54468.539062 44.461540 51 52 56 55 53 53 68 49 0 1 0 70 70
29722081 29751224 54467 28.000000 27.000000 54467 54440.000000 27.000000 43 27 34 33 34 29 43 21 0 0 0 52 35
29762862 29790622 51875 16.615385 16.153847 51875 51858.847656 16.153847 14 18 18 17 24 24 22 18 0 0 0 29 26
29802216 29829947 51857 6.384615 6.153846 51857 51850.847656 6.153846 8 5 5 6 3 12 2 11 0 0 0 13 15
29841585 29870677 54409 3.615385 3.461539 54409 54405.539062 3.461539 4 0 5 3 6 5 8 9 0 0 0 2 3
29880897 29910007 54444 1.923077 1.846154 54444 54442.152344 1.846154 2 2 6 1 0 4 4 3 0 0 0 0 2
29921669 29949346 51775 0.384615 0.307692 51775 51774.691406 0.307692 0 0 0 1 1 2 0 0 0 0 0 0 0
29960993 29990197 54150 0.307692 0.307692 54150 54149.691406 0.307692 0 1 0 1 0 0 0 0 1 1 0 0 0
30000415 30029468 54351 0.153846 0.076923 54351 54350.921875 0.076923 0 0 0 0 0 0 0 0 0 0 0 0 1
30039676 30068823 54529 0.076923 0.076923 54529 54528.921875 0.076923 0 0 1 0 0 0 0 0 0 0 0 0 0
30131517 30159220 51822 122.846153 120.692307 51822 51701.308594 120.692307 134 99 122 103 119 127 105 109 120 128 139 129 135
