27 32
28993655 29022757 54023 112.538460 111.076920 54023 53911.921875 111.076920 75 78 93 91 87 126 150 116 113 139 138 122 116
29085431 29113142 51824 0.076923 0.076923 51824 51823.921875 0.076923 0 0 0 0 0 0 0 0 1 0 0 0 0
29124798 29153855 54347 0.461538 0.153846 54347 54346.847656 0.153846 0 0 0 0 0 0 1 0 1 0 0 0 0
29164077 29193219 54507 0.230769 0.153846 54507 54506.847656 0.153846 1 0 0 0 0 1 0 0 0 0 0 0 0
29204871 29232530 51741 0.461538 0.384615 51741 51740.617188 0.384615 1 1 0 1 1 1 0 0 0 0 0 0 0
29244189 29271909 51857 1.076923 1.000000 51857 51856.000000 1.000000 2 0 2 1 0 0 0 1 0 0 1 3 3
29283540 29312744 54620 4.846154 4.692307 54620 54615.308594 4.692307 6 5 5 4 5 2 2 6 4 7 8 3 4
29322884 29352006 54486 9.923077 9.692307 54486 54476.308594 9.692307 6 12 8 8 12 12 16 7 11 8 8 9 9
29363712 29391399 50432 20.153847 19.384615 50432 50412.617188 19.384615 25 15 21 16 12 28 16 12 11 29 21 19 27
29403052 29430658 50515 23.692308 23.307692 50515 50491.691406 23.307692 29 28 12 22 22 37 46 25 19 23 28 8 4
29443818 29471477 51705 57.461540 56.000000 51705 51649.000000 56.000000 63 58 36 41 41 47 50 42 67 83 70 74 56
29481691 29510893 54598 91.538460 89.307693 54598 54508.691406 89.307693 97 94 60 51 60 72 85 61 97 143 139 103 99
29523990 29553071 54388 107.923080 105.846153 54388 54282.152344 105.846153 145 107 88 64 70 70 93 63 129 143 150 129 125
29563249 29592421 54576 121.384613 119.384613 54576 54456.617188 119.384613 134 103 81 73 84 91 99 96 157 176 169 162 127
29604061 29631722 51745 102.230766 100.000000 51745 51645.000000 100.000000 106 110 57 57 71 73 84 63 131 154 181 117 96
29643371 29671070 51800 79.923080 78.307693 51800 51721.691406 78.307693 68 86 66 55 69 58 58 48 96 117 123 91 83
29682799 29711947 54516 58.615383 57.153847 54516 54458.847656 57.153847 61 60 35 30 45 45 51 50 70 92 82 64 58
29722081 29751224 54471 37.076923 36.384617 54471 54434.617188 36.384617 43 35 34 25 23 37 26 21 40 46 47 53 43
29762862 29790622 51878 21.461538 21.076923 51878 51856.921875 21.076923 20 26 16 11 15 15 22 16 24 36 30 26 17
29802216 29829947 51860 10.076923 9.692307 51860 51850.308594 9.692307 11 7 2 10 5 6 9 7 16 17 11 14 11
29841585 29870677 54411 5.076923 4.769231 54411 54406.230469 4.769231 2 4 6 2 7 6 5 4 3 3 9 4 7
29880897 29910007 54446 1.538462 1.538462 54446 54444.460938 1.538462 1 1 4 3 1 0 1 0 1 2 3 3 0
29921669 29949346 51775 0.538462 0.461538 51775 51774.539062 0.461538 1 0 0 0 0 1 1 0 0 1 0 0 2
29960993 29990197 54150 0.230769 0.230769 54150 54149.769531 0.230769 1 1 0 0 0 0 0 0 0 0 0 0 1
30000415 30029468 54351 0.461538 0.384615 54351 54350.617188 0.384615 0 0 0 0 0 0 0 0 1 1 1 0 2
30039676 30068823 54531 0.076923 0.000000 54531 54531.000000 0.000000 0 0 0 0 0 0 0 0 0 0 0 0 0
30131517 30159220 51825 131.538467 127.923080 51825 51697.078125 127.923080 126 100 111 93 140 147 152 92 142 143 181 131 105
